4.486123621463775635e-01 4.425746798515319824e-01 -4.331173747777938843e-02 -1.345857325941324234e-02 -6.456605529785156250e+01 -3.556594467163085938e+01 -2.672646194696426392e-02 -4.035446792840957642e-02 2.360000000000000000e+02 1.860000000000000000e+02
4.486123621463775635e-01 4.453302621841430664e-01 -3.655582666397094727e-02 -7.316115777939558029e-03 -6.139346313476562500e+01 -3.239334869384765625e+01 -2.541320025920867920e-02 -3.675471991300582886e-02 2.280000000000000000e+02 1.780000000000000000e+02
4.486123621463775635e-01 4.466521441936492920e-01 -3.385298326611518860e-02 -4.369514063000679016e-03 -6.121272659301757812e+01 -3.221261215209960938e+01 -2.533838525414466858e-02 -3.654965013265609741e-02 2.270000000000000000e+02 1.770000000000000000e+02
4.486123621463775635e-01 4.454884231090545654e-01 -3.603801131248474121e-02 -6.963559892028570175e-03 -6.074767684936523438e+01 -3.174756240844726562e+01 -2.514588274061679840e-02 -3.602198883891105652e-02 2.250000000000000000e+02 1.750000000000000000e+02
4.486123621463775635e-01 4.461337327957153320e-01 -3.456310555338859558e-02 -5.525102838873863220e-03 -5.950646972656250000e+01 -3.050635528564453125e+01 -2.463209815323352814e-02 -3.461366519331932068e-02 2.230000000000000000e+02 1.730000000000000000e+02
4.486123621463775635e-01 4.483294188976287842e-01 -3.071139194071292877e-02 -6.307076546363532543e-04 -5.783486557006835938e+01 -2.883475494384765625e+01 -2.394015341997146606e-02 -3.271700441837310791e-02 2.190000000000000000e+02 1.690000000000000000e+02
4.486123621463775635e-01 4.508258700370788574e-01 -2.560676075518131256e-02 4.934121388942003250e-03 -5.711037445068359375e+01 -2.811026382446289062e+01 -2.364025823771953583e-02 -3.189497068524360657e-02 2.170000000000000000e+02 1.670000000000000000e+02
4.486123621463775635e-01 4.508099257946014404e-01 -2.564290165901184082e-02 4.898580256849527359e-03 -5.611370849609375000e+01 -2.711359405517578125e+01 -2.322769910097122192e-02 -3.076411224901676178e-02 2.160000000000000000e+02 1.660000000000000000e+02
4.486123621463775635e-01 4.489984810352325439e-01 -2.963388338685035706e-02 8.606960764154791832e-04 -5.532281112670898438e+01 -2.632270050048828125e+01 -2.290031500160694122e-02 -2.986673451960086823e-02 2.130000000000000000e+02 1.630000000000000000e+02
4.486123621463775635e-01 4.489984810352325439e-01 -2.963388338685035706e-02 8.606960764154791832e-04 -5.532281112670898438e+01 -2.632270050048828125e+01 -2.290031500160694122e-02 -2.986673451960086823e-02 2.130000000000000000e+02 1.630000000000000000e+02
4.486123621463775635e-01 4.469032883644104004e-01 -3.401010483503341675e-02 -3.809689544141292572e-03 -5.474141693115234375e+01 -2.574130439758300781e+01 -2.265965193510055542e-02 -2.920706011354923248e-02 2.110000000000000000e+02 1.610000000000000000e+02
4.486123621463775635e-01 4.497218132019042969e-01 -2.723184600472450256e-02 2.473072847351431847e-03 -5.161820983886718750e+01 -2.261809921264648438e+01 -2.136683277785778046e-02 -2.566335350275039673e-02 2.030000000000000000e+02 1.530000000000000000e+02
4.486123621463775635e-01 4.480421245098114014e-01 -3.073895350098609924e-02 -1.271114451810717583e-03 -4.983795547485351562e+01 -2.083784484863281250e+01 -2.062991447746753693e-02 -2.364340797066688538e-02 1.960000000000000000e+02 1.460000000000000000e+02
4.486123621463775635e-01 4.570939540863037109e-01 -1.081093400716781616e-02 1.890628226101398468e-02 -4.729740905761718750e+01 -1.829729652404785156e+01 -1.957828179001808167e-02 -2.076080627739429474e-02 1.900000000000000000e+02 1.400000000000000000e+02
4.486123621463775635e-01 4.615711867809295654e-01 -1.390330726280808449e-03 2.888646349310874939e-02 -4.629642486572265625e+01 -1.729631423950195312e+01 -1.916393451392650604e-02 -1.962505280971527100e-02 1.860000000000000000e+02 1.360000000000000000e+02
4.486123621463775635e-01 4.587875306606292725e-01 -8.199984207749366760e-03 2.268142625689506531e-02 -4.354041290283203125e+01 -1.454030132293701172e+01 -1.802311092615127563e-02 -1.649797707796096802e-02 1.780000000000000000e+02 1.280000000000000000e+02
4.486123621463775635e-01 4.549199044704437256e-01 -1.627930626273155212e-02 1.406011730432510376e-02 -4.159683227539062500e+01 -1.259672069549560547e+01 -1.721858605742454529e-02 -1.429271697998046875e-02 1.690000000000000000e+02 1.190000000000000000e+02
4.486123621463775635e-01 4.527919590473175049e-01 -2.007221803069114685e-02 9.316722862422466278e-03 -4.046934890747070312e+01 -1.146923828125000000e+01 -1.675187610089778900e-02 -1.301343273371458054e-02 1.660000000000000000e+02 1.160000000000000000e+02
4.486123621463775635e-01 4.566735625267028809e-01 -1.158990431576967239e-02 1.796918921172618866e-02 -3.957248687744140625e+01 -1.057237815856933594e+01 -1.638062857091426849e-02 -1.199582125991582870e-02 1.610000000000000000e+02 1.110000000000000000e+02
4.486123621463775635e-01 4.564450085163116455e-01 -1.200020126998424530e-02 1.745972037315368652e-02 -3.934934997558593750e+01 -1.034923839569091797e+01 -1.628826372325420380e-02 -1.174263842403888702e-02 1.600000000000000000e+02 1.100000000000000000e+02
4.486123621463775635e-01 4.512017369270324707e-01 -2.009301818907260895e-02 5.771964788436889648e-03 -3.536096954345703125e+01 -6.360860824584960938e+00 -1.463731378316879272e-02 -7.217273581773042679e-03 1.360000000000000000e+02 8.600000000000000000e+01
4.486123621463775635e-01 4.616072773933410645e-01 8.002662216313183308e-04 2.896691299974918365e-02 -3.381879425048828125e+01 -4.818681716918945312e+00 -1.399894617497920990e-02 -5.467459093779325485e-03 1.230000000000000000e+02 7.300000000000000000e+01
4.486123621463775635e-01 4.655383825302124023e-01 7.859819568693637848e-03 3.772972524166107178e-02 -3.252728652954101562e+01 -3.527176856994628906e+00 -1.346433907747268677e-02 -4.002068657428026199e-03 1.140000000000000000e+02 6.400000000000000000e+01
4.486123621463775635e-01 4.596787989139556885e-01 -4.009515978395938873e-03 2.466814965009689331e-02 -3.173053359985351562e+01 -2.730421304702758789e+00 -1.313453167676925659e-02 -3.098039422184228897e-03 1.050000000000000000e+02 5.500000000000000000e+01
4.486123621463775635e-01 4.511286020278930664e-01 -2.152534946799278259e-02 5.608940031379461288e-03 -3.155017471313476562e+01 -2.550064325332641602e+00 -1.305987406522035599e-02 -2.893399680033326149e-03 1.020000000000000000e+02 5.200000000000000000e+01
4.486123621463775635e-01 4.417719841003417969e-01 -4.124290868639945984e-02 -1.524785906076431274e-02 -3.089812088012695312e+01 -1.898008823394775391e+00 -1.278996281325817108e-02 -2.153552835807204247e-03 9.700000000000000000e+01 4.700000000000000000e+01
4.486123621463775635e-01 4.377011060714721680e-01 -4.966060444712638855e-02 -2.432223595678806305e-02 -3.059706878662109375e+01 -1.596956491470336914e+00 -1.266534533351659775e-02 -1.811967347748577595e-03 9.200000000000000000e+01 4.200000000000000000e+01
4.486123621463775635e-01 4.356580674648284912e-01 -5.338099226355552673e-02 -2.887636609375476837e-02 -3.056841087341308594e+01 -1.568299531936645508e+00 -1.265348307788372040e-02 -1.779452082701027393e-03 9.100000000000000000e+01 4.100000000000000000e+01
4.486123621463775635e-01 4.294776022434234619e-01 -6.858515739440917969e-02 -4.265321418642997742e-02 -3.026375961303710938e+01 -1.263647556304931641e+00 -1.252737548202276230e-02 -1.433782395906746387e-03 8.600000000000000000e+01 3.600000000000000000e+01
4.486123621463775635e-01 4.161136150360107422e-01 -9.758596122264862061e-02 -7.244282215833663940e-02 -2.981470108032226562e+01 -8.145880103111267090e-01 -1.234149187803268433e-02 -9.242624510079622269e-04 7.500000000000000000e+01 2.500000000000000000e+01
4.486123621463775635e-01 4.036751985549926758e-01 -1.214434057474136353e-01 -1.001692488789558411e-01 -2.943135070800781250e+01 -4.312386512756347656e-01 -1.218280848115682602e-02 -4.892997094430029392e-04 6.500000000000000000e+01 1.500000000000000000e+01
4.486123621463775635e-01 4.031921327114105225e-01 -1.241856813430786133e-01 -1.012460514903068542e-01 -2.921326637268066406e+01 -2.131533026695251465e-01 -1.209253445267677307e-02 -2.418518124613910913e-04 6.000000000000000000e+01 1.000000000000000000e+01
4.486123621463775635e-01 4.005166292190551758e-01 -1.296027153730392456e-01 -1.072100028395652771e-01 -2.916545867919921875e+01 -1.653468608856201172e-01 -1.207274477928876877e-02 -1.876088208518922329e-04 5.700000000000000000e+01 7.000000000000000000e+00
4.486123621463775635e-01 3.917814493179321289e-01 -1.456273496150970459e-01 -1.266815513372421265e-01 -2.911402511596679688e+01 -1.139138340950012207e-01 -1.205145474523305893e-02 -1.292509550694376230e-04 5.400000000000000000e+01 4.000000000000000000e+00
4.486123621463775635e-01 3.929423391819000244e-01 -1.434625089168548584e-01 -1.240938231348991394e-01 -2.908593750000000000e+01 -8.582639694213867188e-02 -1.203982811421155930e-02 -9.738188236951828003e-05 5.300000000000000000e+01 3.000000000000000000e+00
4.486123621463775635e-01 3.929423391819000244e-01 -1.434625089168548584e-01 -1.240938231348991394e-01 -2.908593750000000000e+01 -8.582639694213867188e-02 -1.203982811421155930e-02 -9.738188236951828003e-05 5.300000000000000000e+01 3.000000000000000000e+00
4.486123621463775635e-01 3.848748803138732910e-01 -1.581948101520538330e-01 -1.420769691467285156e-01 -2.904087638854980469e+01 -4.076504707336425781e-02 -1.202117558568716049e-02 -4.625356814358383417e-05 5.200000000000000000e+01 2.000000000000000000e+00
4.486123621463775635e-01 3.848748803138732910e-01 -1.581948101520538330e-01 -1.420769691467285156e-01 -2.904087638854980469e+01 -4.076504707336425781e-02 -1.202117558568716049e-02 -4.625356814358383417e-05 5.200000000000000000e+01 2.000000000000000000e+00
4.486123621463775635e-01 3.677907586097717285e-01 -1.920742392539978027e-01 -1.801591068506240845e-01 -2.900011062622070312e+01 0.000000000000000000e+00 -1.200430095195770264e-02 0.000000000000000000e+00 5.000000000000000000e+01 0.000000000000000000e+00
4.486123621463775635e-01 3.677907586097717285e-01 -1.920742392539978027e-01 -1.801591068506240845e-01 -2.900011062622070312e+01 0.000000000000000000e+00 -1.200430095195770264e-02 0.000000000000000000e+00 5.000000000000000000e+01 0.000000000000000000e+00
4.486123621463775635e-01 3.677907586097717285e-01 -1.920742392539978027e-01 -1.801591068506240845e-01 -2.900011062622070312e+01 0.000000000000000000e+00 -1.200430095195770264e-02 0.000000000000000000e+00 5.000000000000000000e+01 0.000000000000000000e+00
4.486123621463775635e-01 3.677907586097717285e-01 -1.920742392539978027e-01 -1.801591068506240845e-01 -2.900011062622070312e+01 0.000000000000000000e+00 -1.200430095195770264e-02 0.000000000000000000e+00 5.000000000000000000e+01 0.000000000000000000e+00
4.486123621463775635e-01 3.677907586097717285e-01 -1.920742392539978027e-01 -1.801591068506240845e-01 -2.900011062622070312e+01 0.000000000000000000e+00 -1.200430095195770264e-02 0.000000000000000000e+00 5.000000000000000000e+01 0.000000000000000000e+00
4.486123621463775635e-01 3.677907586097717285e-01 -1.920742392539978027e-01 -1.801591068506240845e-01 -2.900011062622070312e+01 0.000000000000000000e+00 -1.200430095195770264e-02 0.000000000000000000e+00 5.000000000000000000e+01 0.000000000000000000e+00
4.486123621463775635e-01 3.677907586097717285e-01 -1.920742392539978027e-01 -1.801591068506240845e-01 -2.900011062622070312e+01 0.000000000000000000e+00 -1.200430095195770264e-02 0.000000000000000000e+00 5.000000000000000000e+01 0.000000000000000000e+00
4.486123621463775635e-01 3.677907586097717285e-01 -1.920742392539978027e-01 -1.801591068506240845e-01 -2.900011062622070312e+01 0.000000000000000000e+00 -1.200430095195770264e-02 0.000000000000000000e+00 5.000000000000000000e+01 0.000000000000000000e+00
4.486123621463775635e-01 3.677907586097717285e-01 -1.920742392539978027e-01 -1.801591068506240845e-01 -2.900011062622070312e+01 0.000000000000000000e+00 -1.200430095195770264e-02 0.000000000000000000e+00 5.000000000000000000e+01 0.000000000000000000e+00
4.486123621463775635e-01 3.677907586097717285e-01 -1.920742392539978027e-01 -1.801591068506240845e-01 -2.900011062622070312e+01 0.000000000000000000e+00 -1.200430095195770264e-02 0.000000000000000000e+00 5.000000000000000000e+01 0.000000000000000000e+00
4.486123621463775635e-01 3.677907586097717285e-01 -1.920742392539978027e-01 -1.801591068506240845e-01 -2.900011062622070312e+01 0.000000000000000000e+00 -1.200430095195770264e-02 0.000000000000000000e+00 5.000000000000000000e+01 0.000000000000000000e+00
4.486123621463775635e-01 3.677907586097717285e-01 -1.920742392539978027e-01 -1.801591068506240845e-01 -2.900011062622070312e+01 0.000000000000000000e+00 -1.200430095195770264e-02 0.000000000000000000e+00 5.000000000000000000e+01 0.000000000000000000e+00
4.486123621463775635e-01 3.677907586097717285e-01 -1.920742392539978027e-01 -1.801591068506240845e-01 -2.900011062622070312e+01 0.000000000000000000e+00 -1.200430095195770264e-02 0.000000000000000000e+00 5.000000000000000000e+01 0.000000000000000000e+00
4.486123621463775635e-01 3.677907586097717285e-01 -1.920742392539978027e-01 -1.801591068506240845e-01 -2.900011062622070312e+01 0.000000000000000000e+00 -1.200430095195770264e-02 0.000000000000000000e+00 5.000000000000000000e+01 0.000000000000000000e+00
4.486123621463775635e-01 3.677907586097717285e-01 -1.920742392539978027e-01 -1.801591068506240845e-01 -2.900011062622070312e+01 0.000000000000000000e+00 -1.200430095195770264e-02 0.000000000000000000e+00 5.000000000000000000e+01 0.000000000000000000e+00
4.486123621463775635e-01 3.677907586097717285e-01 -1.920742392539978027e-01 -1.801591068506240845e-01 -2.900011062622070312e+01 0.000000000000000000e+00 -1.200430095195770264e-02 0.000000000000000000e+00 5.000000000000000000e+01 0.000000000000000000e+00
4.486123621463775635e-01 3.677907586097717285e-01 -1.920742392539978027e-01 -1.801591068506240845e-01 -2.900011062622070312e+01 0.000000000000000000e+00 -1.200430095195770264e-02 0.000000000000000000e+00 5.000000000000000000e+01 0.000000000000000000e+00
4.486123621463775635e-01 3.677907586097717285e-01 -1.920742392539978027e-01 -1.801591068506240845e-01 -2.900011062622070312e+01 0.000000000000000000e+00 -1.200430095195770264e-02 0.000000000000000000e+00 5.000000000000000000e+01 0.000000000000000000e+00
4.486123621463775635e-01 3.677907586097717285e-01 -1.920742392539978027e-01 -1.801591068506240845e-01 -2.900011062622070312e+01 0.000000000000000000e+00 -1.200430095195770264e-02 0.000000000000000000e+00 5.000000000000000000e+01 0.000000000000000000e+00
4.486123621463775635e-01 3.677907586097717285e-01 -1.920742392539978027e-01 -1.801591068506240845e-01 -2.900011062622070312e+01 0.000000000000000000e+00 -1.200430095195770264e-02 0.000000000000000000e+00 5.000000000000000000e+01 0.000000000000000000e+00
4.486123621463775635e-01 3.677907586097717285e-01 -1.920742392539978027e-01 -1.801591068506240845e-01 -2.900011062622070312e+01 0.000000000000000000e+00 -1.200430095195770264e-02 0.000000000000000000e+00 5.000000000000000000e+01 0.000000000000000000e+00
4.486123621463775635e-01 3.677907586097717285e-01 -1.920742392539978027e-01 -1.801591068506240845e-01 -2.900011062622070312e+01 0.000000000000000000e+00 -1.200430095195770264e-02 0.000000000000000000e+00 5.000000000000000000e+01 0.000000000000000000e+00
4.486123621463775635e-01 3.677907586097717285e-01 -1.920742392539978027e-01 -1.801591068506240845e-01 -2.900011062622070312e+01 0.000000000000000000e+00 -1.200430095195770264e-02 0.000000000000000000e+00 5.000000000000000000e+01 0.000000000000000000e+00
4.486123621463775635e-01 3.677907586097717285e-01 -1.920742392539978027e-01 -1.801591068506240845e-01 -2.900011062622070312e+01 0.000000000000000000e+00 -1.200430095195770264e-02 0.000000000000000000e+00 5.000000000000000000e+01 0.000000000000000000e+00
4.486123621463775635e-01 3.677907586097717285e-01 -1.920742392539978027e-01 -1.801591068506240845e-01 -2.900011062622070312e+01 0.000000000000000000e+00 -1.200430095195770264e-02 0.000000000000000000e+00 5.000000000000000000e+01 0.000000000000000000e+00
4.486123621463775635e-01 3.677907586097717285e-01 -1.920742392539978027e-01 -1.801591068506240845e-01 -2.900011062622070312e+01 0.000000000000000000e+00 -1.200430095195770264e-02 0.000000000000000000e+00 5.000000000000000000e+01 0.000000000000000000e+00
4.486123621463775635e-01 3.677907586097717285e-01 -1.920742392539978027e-01 -1.801591068506240845e-01 -2.900011062622070312e+01 0.000000000000000000e+00 -1.200430095195770264e-02 0.000000000000000000e+00 5.000000000000000000e+01 0.000000000000000000e+00
4.486123621463775635e-01 3.677907586097717285e-01 -1.920742392539978027e-01 -1.801591068506240845e-01 -2.900011062622070312e+01 0.000000000000000000e+00 -1.200430095195770264e-02 0.000000000000000000e+00 5.000000000000000000e+01 0.000000000000000000e+00
4.486123621463775635e-01 3.677907586097717285e-01 -1.920742392539978027e-01 -1.801591068506240845e-01 -2.900011062622070312e+01 0.000000000000000000e+00 -1.200430095195770264e-02 0.000000000000000000e+00 5.000000000000000000e+01 0.000000000000000000e+00
4.486123621463775635e-01 3.677907586097717285e-01 -1.920742392539978027e-01 -1.801591068506240845e-01 -2.900011062622070312e+01 0.000000000000000000e+00 -1.200430095195770264e-02 0.000000000000000000e+00 5.000000000000000000e+01 0.000000000000000000e+00
4.486123621463775635e-01 3.677907586097717285e-01 -1.920742392539978027e-01 -1.801591068506240845e-01 -2.900011062622070312e+01 0.000000000000000000e+00 -1.200430095195770264e-02 0.000000000000000000e+00 5.000000000000000000e+01 0.000000000000000000e+00
4.486123621463775635e-01 3.677907586097717285e-01 -1.920742392539978027e-01 -1.801591068506240845e-01 -2.900011062622070312e+01 0.000000000000000000e+00 -1.200430095195770264e-02 0.000000000000000000e+00 5.000000000000000000e+01 0.000000000000000000e+00
4.486123621463775635e-01 3.677907586097717285e-01 -1.920742392539978027e-01 -1.801591068506240845e-01 -2.900011062622070312e+01 0.000000000000000000e+00 -1.200430095195770264e-02 0.000000000000000000e+00 5.000000000000000000e+01 0.000000000000000000e+00
4.486123621463775635e-01 3.677907586097717285e-01 -1.920742392539978027e-01 -1.801591068506240845e-01 -2.900011062622070312e+01 0.000000000000000000e+00 -1.200430095195770264e-02 0.000000000000000000e+00 5.000000000000000000e+01 0.000000000000000000e+00
4.486123621463775635e-01 3.677907586097717285e-01 -1.920742392539978027e-01 -1.801591068506240845e-01 -2.900011062622070312e+01 0.000000000000000000e+00 -1.200430095195770264e-02 0.000000000000000000e+00 5.000000000000000000e+01 0.000000000000000000e+00
4.486123621463775635e-01 3.677907586097717285e-01 -1.920742392539978027e-01 -1.801591068506240845e-01 -2.900011062622070312e+01 0.000000000000000000e+00 -1.200430095195770264e-02 0.000000000000000000e+00 5.000000000000000000e+01 0.000000000000000000e+00
4.486123621463775635e-01 3.677907586097717285e-01 -1.920742392539978027e-01 -1.801591068506240845e-01 -2.900011062622070312e+01 0.000000000000000000e+00 -1.200430095195770264e-02 0.000000000000000000e+00 5.000000000000000000e+01 0.000000000000000000e+00
4.486123621463775635e-01 3.677907586097717285e-01 -1.920742392539978027e-01 -1.801591068506240845e-01 -2.900011062622070312e+01 0.000000000000000000e+00 -1.200430095195770264e-02 0.000000000000000000e+00 5.000000000000000000e+01 0.000000000000000000e+00
4.486123621463775635e-01 3.677907586097717285e-01 -1.920742392539978027e-01 -1.801591068506240845e-01 -2.900011062622070312e+01 0.000000000000000000e+00 -1.200430095195770264e-02 0.000000000000000000e+00 5.000000000000000000e+01 0.000000000000000000e+00
4.486123621463775635e-01 3.677907586097717285e-01 -1.920742392539978027e-01 -1.801591068506240845e-01 -2.900011062622070312e+01 0.000000000000000000e+00 -1.200430095195770264e-02 0.000000000000000000e+00 5.000000000000000000e+01 0.000000000000000000e+00
4.486123621463775635e-01 3.677907586097717285e-01 -1.920742392539978027e-01 -1.801591068506240845e-01 -2.900011062622070312e+01 0.000000000000000000e+00 -1.200430095195770264e-02 0.000000000000000000e+00 5.000000000000000000e+01 0.000000000000000000e+00
4.486123621463775635e-01 3.677907586097717285e-01 -1.920742392539978027e-01 -1.801591068506240845e-01 -2.900011062622070312e+01 0.000000000000000000e+00 -1.200430095195770264e-02 0.000000000000000000e+00 5.000000000000000000e+01 0.000000000000000000e+00
4.486123621463775635e-01 3.677907586097717285e-01 -1.920742392539978027e-01 -1.801591068506240845e-01 -2.900011062622070312e+01 0.000000000000000000e+00 -1.200430095195770264e-02 0.000000000000000000e+00 5.000000000000000000e+01 0.000000000000000000e+00
4.486123621463775635e-01 3.677907586097717285e-01 -1.920742392539978027e-01 -1.801591068506240845e-01 -2.900011062622070312e+01 0.000000000000000000e+00 -1.200430095195770264e-02 0.000000000000000000e+00 5.000000000000000000e+01 0.000000000000000000e+00
4.486123621463775635e-01 3.677907586097717285e-01 -1.920742392539978027e-01 -1.801591068506240845e-01 -2.900011062622070312e+01 0.000000000000000000e+00 -1.200430095195770264e-02 0.000000000000000000e+00 5.000000000000000000e+01 0.000000000000000000e+00
4.486123621463775635e-01 3.677907586097717285e-01 -1.920742392539978027e-01 -1.801591068506240845e-01 -2.900011062622070312e+01 0.000000000000000000e+00 -1.200430095195770264e-02 0.000000000000000000e+00 5.000000000000000000e+01 0.000000000000000000e+00
4.486123621463775635e-01 3.677907586097717285e-01 -1.920742392539978027e-01 -1.801591068506240845e-01 -2.900011062622070312e+01 0.000000000000000000e+00 -1.200430095195770264e-02 0.000000000000000000e+00 5.000000000000000000e+01 0.000000000000000000e+00
4.486123621463775635e-01 3.677907586097717285e-01 -1.920742392539978027e-01 -1.801591068506240845e-01 -2.900011062622070312e+01 0.000000000000000000e+00 -1.200430095195770264e-02 0.000000000000000000e+00 5.000000000000000000e+01 0.000000000000000000e+00
4.486123621463775635e-01 3.677907586097717285e-01 -1.920742392539978027e-01 -1.801591068506240845e-01 -2.900011062622070312e+01 0.000000000000000000e+00 -1.200430095195770264e-02 0.000000000000000000e+00 5.000000000000000000e+01 0.000000000000000000e+00
4.486123621463775635e-01 3.677907586097717285e-01 -1.920742392539978027e-01 -1.801591068506240845e-01 -2.900011062622070312e+01 0.000000000000000000e+00 -1.200430095195770264e-02 0.000000000000000000e+00 5.000000000000000000e+01 0.000000000000000000e+00
4.486123621463775635e-01 3.677907586097717285e-01 -1.920742392539978027e-01 -1.801591068506240845e-01 -2.900011062622070312e+01 0.000000000000000000e+00 -1.200430095195770264e-02 0.000000000000000000e+00 5.000000000000000000e+01 0.000000000000000000e+00
4.486123621463775635e-01 3.677907586097717285e-01 -1.920742392539978027e-01 -1.801591068506240845e-01 -2.900011062622070312e+01 0.000000000000000000e+00 -1.200430095195770264e-02 0.000000000000000000e+00 5.000000000000000000e+01 0.000000000000000000e+00
4.486123621463775635e-01 3.677907586097717285e-01 -1.920742392539978027e-01 -1.801591068506240845e-01 -2.900011062622070312e+01 0.000000000000000000e+00 -1.200430095195770264e-02 0.000000000000000000e+00 5.000000000000000000e+01 0.000000000000000000e+00
