4.274564981460571289e-01 3.242638409137725830e-01 -2.405426353216171265e-01 -2.414108961820602417e-01 -4.281173706054687500e+01 -6.334044456481933594e+00 -1.772148348391056061e-02 -5.930961575359106064e-03 6.800000000000000000e+01 1.800000000000000000e+01
4.274564981460571289e-01 3.250887095928192139e-01 -2.387596815824508667e-01 -2.394811809062957764e-01 -4.116596603393554688e+01 -4.688275337219238281e+00 -1.704023219645023346e-02 -4.389924928545951843e-03 6.400000000000000000e+01 1.400000000000000000e+01
4.274564981460571289e-01 3.307642340660095215e-01 -2.252036780118942261e-01 -2.262037545442581177e-01 -3.971546936035156250e+01 -3.237777233123779297e+00 -1.643981412053108215e-02 -3.031732980161905289e-03 6.100000000000000000e+01 1.100000000000000000e+01
4.274564981460571289e-01 3.334559500217437744e-01 -2.190763950347900391e-01 -2.199067026376724243e-01 -3.888221740722656250e+01 -2.404527187347412109e+00 -1.609489880502223969e-02 -2.251508878543972969e-03 5.800000000000000000e+01 8.000000000000000000e+00
4.274564981460571289e-01 3.340867161750793457e-01 -2.175569236278533936e-01 -2.184310704469680786e-01 -3.869123077392578125e+01 -2.213537693023681641e+00 -1.601584069430828094e-02 -2.072673523798584938e-03 5.700000000000000000e+01 7.000000000000000000e+00
4.274564981460571289e-01 3.355266451835632324e-01 -2.137804031372070312e-01 -2.150624692440032959e-01 -3.846935272216796875e+01 -1.991662979125976562e+00 -1.592399738729000092e-02 -1.864918391220271587e-03 5.600000000000000000e+01 6.000000000000000000e+00
4.274564981460571289e-01 3.355266451835632324e-01 -2.137804031372070312e-01 -2.150624692440032959e-01 -3.846935272216796875e+01 -1.991662979125976562e+00 -1.592399738729000092e-02 -1.864918391220271587e-03 5.600000000000000000e+01 6.000000000000000000e+00
4.274564981460571289e-01 3.355266451835632324e-01 -2.137804031372070312e-01 -2.150624692440032959e-01 -3.846935272216796875e+01 -1.991662979125976562e+00 -1.592399738729000092e-02 -1.864918391220271587e-03 5.600000000000000000e+01 6.000000000000000000e+00
4.274564981460571289e-01 3.355266451835632324e-01 -2.137804031372070312e-01 -2.150624692440032959e-01 -3.846935272216796875e+01 -1.991662979125976562e+00 -1.592399738729000092e-02 -1.864918391220271587e-03 5.600000000000000000e+01 6.000000000000000000e+00
4.274564981460571289e-01 3.376517295837402344e-01 -2.082066684961318970e-01 -2.100910097360610962e-01 -3.801351547241210938e+01 -1.535824418067932129e+00 -1.573530770838260651e-02 -1.438088249415159225e-03 5.500000000000000000e+01 5.000000000000000000e+00
4.274564981460571289e-01 3.376517295837402344e-01 -2.082066684961318970e-01 -2.100910097360610962e-01 -3.801351547241210938e+01 -1.535824418067932129e+00 -1.573530770838260651e-02 -1.438088249415159225e-03 5.500000000000000000e+01 5.000000000000000000e+00
4.274564981460571289e-01 3.381307125091552734e-01 -2.071793377399444580e-01 -2.089704722166061401e-01 -3.792949295043945312e+01 -1.451802134513854980e+00 -1.570052839815616608e-02 -1.359413028694689274e-03 5.400000000000000000e+01 4.000000000000000000e+00
4.274564981460571289e-01 3.381307125091552734e-01 -2.071793377399444580e-01 -2.089704722166061401e-01 -3.792949295043945312e+01 -1.451802134513854980e+00 -1.570052839815616608e-02 -1.359413028694689274e-03 5.400000000000000000e+01 4.000000000000000000e+00
4.274564981460571289e-01 3.522111475467681885e-01 -1.785245835781097412e-01 -1.760304272174835205e-01 -3.657768249511718750e+01 -9.999430179595947266e-02 -1.514095999300479889e-02 -9.363090794067829847e-05 5.100000000000000000e+01 1.000000000000000000e+00
4.274564981460571289e-01 3.522111475467681885e-01 -1.785245835781097412e-01 -1.760304272174835205e-01 -3.657768249511718750e+01 -9.999430179595947266e-02 -1.514095999300479889e-02 -9.363090794067829847e-05 5.100000000000000000e+01 1.000000000000000000e+00
4.274564981460571289e-01 3.522111475467681885e-01 -1.785245835781097412e-01 -1.760304272174835205e-01 -3.657768249511718750e+01 -9.999430179595947266e-02 -1.514095999300479889e-02 -9.363090794067829847e-05 5.100000000000000000e+01 1.000000000000000000e+00
4.274564981460571289e-01 3.522111475467681885e-01 -1.785245835781097412e-01 -1.760304272174835205e-01 -3.657768249511718750e+01 -9.999430179595947266e-02 -1.514095999300479889e-02 -9.363090794067829847e-05 5.100000000000000000e+01 1.000000000000000000e+00
4.274564981460571289e-01 3.522111475467681885e-01 -1.785245835781097412e-01 -1.760304272174835205e-01 -3.657768249511718750e+01 -9.999430179595947266e-02 -1.514095999300479889e-02 -9.363090794067829847e-05 5.100000000000000000e+01 1.000000000000000000e+00
4.274564981460571289e-01 3.522111475467681885e-01 -1.785245835781097412e-01 -1.760304272174835205e-01 -3.657768249511718750e+01 -9.999430179595947266e-02 -1.514095999300479889e-02 -9.363090794067829847e-05 5.100000000000000000e+01 1.000000000000000000e+00
4.274564981460571289e-01 3.522111475467681885e-01 -1.785245835781097412e-01 -1.760304272174835205e-01 -3.657768249511718750e+01 -9.999430179595947266e-02 -1.514095999300479889e-02 -9.363090794067829847e-05 5.100000000000000000e+01 1.000000000000000000e+00
4.274564981460571289e-01 3.514329493045806885e-01 -1.804156452417373657e-01 -1.778509616851806641e-01 -3.647768783569335938e+01 0.000000000000000000e+00 -1.509956736117601395e-02 0.000000000000000000e+00 5.000000000000000000e+01 0.000000000000000000e+00
4.274564981460571289e-01 3.514329493045806885e-01 -1.804156452417373657e-01 -1.778509616851806641e-01 -3.647768783569335938e+01 0.000000000000000000e+00 -1.509956736117601395e-02 0.000000000000000000e+00 5.000000000000000000e+01 0.000000000000000000e+00
4.274564981460571289e-01 3.514329493045806885e-01 -1.804156452417373657e-01 -1.778509616851806641e-01 -3.647768783569335938e+01 0.000000000000000000e+00 -1.509956736117601395e-02 0.000000000000000000e+00 5.000000000000000000e+01 0.000000000000000000e+00
4.274564981460571289e-01 3.514329493045806885e-01 -1.804156452417373657e-01 -1.778509616851806641e-01 -3.647768783569335938e+01 0.000000000000000000e+00 -1.509956736117601395e-02 0.000000000000000000e+00 5.000000000000000000e+01 0.000000000000000000e+00
4.274564981460571289e-01 3.514329493045806885e-01 -1.804156452417373657e-01 -1.778509616851806641e-01 -3.647768783569335938e+01 0.000000000000000000e+00 -1.509956736117601395e-02 0.000000000000000000e+00 5.000000000000000000e+01 0.000000000000000000e+00
4.274564981460571289e-01 3.514329493045806885e-01 -1.804156452417373657e-01 -1.778509616851806641e-01 -3.647768783569335938e+01 0.000000000000000000e+00 -1.509956736117601395e-02 0.000000000000000000e+00 5.000000000000000000e+01 0.000000000000000000e+00
4.274564981460571289e-01 3.514329493045806885e-01 -1.804156452417373657e-01 -1.778509616851806641e-01 -3.647768783569335938e+01 0.000000000000000000e+00 -1.509956736117601395e-02 0.000000000000000000e+00 5.000000000000000000e+01 0.000000000000000000e+00
4.274564981460571289e-01 3.514329493045806885e-01 -1.804156452417373657e-01 -1.778509616851806641e-01 -3.647768783569335938e+01 0.000000000000000000e+00 -1.509956736117601395e-02 0.000000000000000000e+00 5.000000000000000000e+01 0.000000000000000000e+00
4.274564981460571289e-01 3.514329493045806885e-01 -1.804156452417373657e-01 -1.778509616851806641e-01 -3.647768783569335938e+01 0.000000000000000000e+00 -1.509956736117601395e-02 0.000000000000000000e+00 5.000000000000000000e+01 0.000000000000000000e+00
4.274564981460571289e-01 3.514329493045806885e-01 -1.804156452417373657e-01 -1.778509616851806641e-01 -3.647768783569335938e+01 0.000000000000000000e+00 -1.509956736117601395e-02 0.000000000000000000e+00 5.000000000000000000e+01 0.000000000000000000e+00
4.274564981460571289e-01 3.514329493045806885e-01 -1.804156452417373657e-01 -1.778509616851806641e-01 -3.647768783569335938e+01 0.000000000000000000e+00 -1.509956736117601395e-02 0.000000000000000000e+00 5.000000000000000000e+01 0.000000000000000000e+00
4.274564981460571289e-01 3.514329493045806885e-01 -1.804156452417373657e-01 -1.778509616851806641e-01 -3.647768783569335938e+01 0.000000000000000000e+00 -1.509956736117601395e-02 0.000000000000000000e+00 5.000000000000000000e+01 0.000000000000000000e+00
4.274564981460571289e-01 3.514329493045806885e-01 -1.804156452417373657e-01 -1.778509616851806641e-01 -3.647768783569335938e+01 0.000000000000000000e+00 -1.509956736117601395e-02 0.000000000000000000e+00 5.000000000000000000e+01 0.000000000000000000e+00
4.274564981460571289e-01 3.514329493045806885e-01 -1.804156452417373657e-01 -1.778509616851806641e-01 -3.647768783569335938e+01 0.000000000000000000e+00 -1.509956736117601395e-02 0.000000000000000000e+00 5.000000000000000000e+01 0.000000000000000000e+00
4.274564981460571289e-01 3.514329493045806885e-01 -1.804156452417373657e-01 -1.778509616851806641e-01 -3.647768783569335938e+01 0.000000000000000000e+00 -1.509956736117601395e-02 0.000000000000000000e+00 5.000000000000000000e+01 0.000000000000000000e+00
4.274564981460571289e-01 3.514329493045806885e-01 -1.804156452417373657e-01 -1.778509616851806641e-01 -3.647768783569335938e+01 0.000000000000000000e+00 -1.509956736117601395e-02 0.000000000000000000e+00 5.000000000000000000e+01 0.000000000000000000e+00
4.274564981460571289e-01 3.514329493045806885e-01 -1.804156452417373657e-01 -1.778509616851806641e-01 -3.647768783569335938e+01 0.000000000000000000e+00 -1.509956736117601395e-02 0.000000000000000000e+00 5.000000000000000000e+01 0.000000000000000000e+00
4.274564981460571289e-01 3.514329493045806885e-01 -1.804156452417373657e-01 -1.778509616851806641e-01 -3.647768783569335938e+01 0.000000000000000000e+00 -1.509956736117601395e-02 0.000000000000000000e+00 5.000000000000000000e+01 0.000000000000000000e+00
4.274564981460571289e-01 3.514329493045806885e-01 -1.804156452417373657e-01 -1.778509616851806641e-01 -3.647768783569335938e+01 0.000000000000000000e+00 -1.509956736117601395e-02 0.000000000000000000e+00 5.000000000000000000e+01 0.000000000000000000e+00
4.274564981460571289e-01 3.514329493045806885e-01 -1.804156452417373657e-01 -1.778509616851806641e-01 -3.647768783569335938e+01 0.000000000000000000e+00 -1.509956736117601395e-02 0.000000000000000000e+00 5.000000000000000000e+01 0.000000000000000000e+00
4.274564981460571289e-01 3.514329493045806885e-01 -1.804156452417373657e-01 -1.778509616851806641e-01 -3.647768783569335938e+01 0.000000000000000000e+00 -1.509956736117601395e-02 0.000000000000000000e+00 5.000000000000000000e+01 0.000000000000000000e+00
4.274564981460571289e-01 3.514329493045806885e-01 -1.804156452417373657e-01 -1.778509616851806641e-01 -3.647768783569335938e+01 0.000000000000000000e+00 -1.509956736117601395e-02 0.000000000000000000e+00 5.000000000000000000e+01 0.000000000000000000e+00
4.274564981460571289e-01 3.514329493045806885e-01 -1.804156452417373657e-01 -1.778509616851806641e-01 -3.647768783569335938e+01 0.000000000000000000e+00 -1.509956736117601395e-02 0.000000000000000000e+00 5.000000000000000000e+01 0.000000000000000000e+00
4.274564981460571289e-01 3.514329493045806885e-01 -1.804156452417373657e-01 -1.778509616851806641e-01 -3.647768783569335938e+01 0.000000000000000000e+00 -1.509956736117601395e-02 0.000000000000000000e+00 5.000000000000000000e+01 0.000000000000000000e+00
4.274564981460571289e-01 3.514329493045806885e-01 -1.804156452417373657e-01 -1.778509616851806641e-01 -3.647768783569335938e+01 0.000000000000000000e+00 -1.509956736117601395e-02 0.000000000000000000e+00 5.000000000000000000e+01 0.000000000000000000e+00
4.274564981460571289e-01 3.514329493045806885e-01 -1.804156452417373657e-01 -1.778509616851806641e-01 -3.647768783569335938e+01 0.000000000000000000e+00 -1.509956736117601395e-02 0.000000000000000000e+00 5.000000000000000000e+01 0.000000000000000000e+00
4.274564981460571289e-01 3.514329493045806885e-01 -1.804156452417373657e-01 -1.778509616851806641e-01 -3.647768783569335938e+01 0.000000000000000000e+00 -1.509956736117601395e-02 0.000000000000000000e+00 5.000000000000000000e+01 0.000000000000000000e+00
4.274564981460571289e-01 3.514329493045806885e-01 -1.804156452417373657e-01 -1.778509616851806641e-01 -3.647768783569335938e+01 0.000000000000000000e+00 -1.509956736117601395e-02 0.000000000000000000e+00 5.000000000000000000e+01 0.000000000000000000e+00
4.274564981460571289e-01 3.514329493045806885e-01 -1.804156452417373657e-01 -1.778509616851806641e-01 -3.647768783569335938e+01 0.000000000000000000e+00 -1.509956736117601395e-02 0.000000000000000000e+00 5.000000000000000000e+01 0.000000000000000000e+00
4.274564981460571289e-01 3.514329493045806885e-01 -1.804156452417373657e-01 -1.778509616851806641e-01 -3.647768783569335938e+01 0.000000000000000000e+00 -1.509956736117601395e-02 0.000000000000000000e+00 5.000000000000000000e+01 0.000000000000000000e+00
4.274564981460571289e-01 3.514329493045806885e-01 -1.804156452417373657e-01 -1.778509616851806641e-01 -3.647768783569335938e+01 0.000000000000000000e+00 -1.509956736117601395e-02 0.000000000000000000e+00 5.000000000000000000e+01 0.000000000000000000e+00
4.274564981460571289e-01 3.514329493045806885e-01 -1.804156452417373657e-01 -1.778509616851806641e-01 -3.647768783569335938e+01 0.000000000000000000e+00 -1.509956736117601395e-02 0.000000000000000000e+00 5.000000000000000000e+01 0.000000000000000000e+00
4.274564981460571289e-01 3.514329493045806885e-01 -1.804156452417373657e-01 -1.778509616851806641e-01 -3.647768783569335938e+01 0.000000000000000000e+00 -1.509956736117601395e-02 0.000000000000000000e+00 5.000000000000000000e+01 0.000000000000000000e+00
4.274564981460571289e-01 3.514329493045806885e-01 -1.804156452417373657e-01 -1.778509616851806641e-01 -3.647768783569335938e+01 0.000000000000000000e+00 -1.509956736117601395e-02 0.000000000000000000e+00 5.000000000000000000e+01 0.000000000000000000e+00
4.274564981460571289e-01 3.514329493045806885e-01 -1.804156452417373657e-01 -1.778509616851806641e-01 -3.647768783569335938e+01 0.000000000000000000e+00 -1.509956736117601395e-02 0.000000000000000000e+00 5.000000000000000000e+01 0.000000000000000000e+00
4.274564981460571289e-01 3.514329493045806885e-01 -1.804156452417373657e-01 -1.778509616851806641e-01 -3.647768783569335938e+01 0.000000000000000000e+00 -1.509956736117601395e-02 0.000000000000000000e+00 5.000000000000000000e+01 0.000000000000000000e+00
4.274564981460571289e-01 3.514329493045806885e-01 -1.804156452417373657e-01 -1.778509616851806641e-01 -3.647768783569335938e+01 0.000000000000000000e+00 -1.509956736117601395e-02 0.000000000000000000e+00 5.000000000000000000e+01 0.000000000000000000e+00
4.274564981460571289e-01 3.514329493045806885e-01 -1.804156452417373657e-01 -1.778509616851806641e-01 -3.647768783569335938e+01 0.000000000000000000e+00 -1.509956736117601395e-02 0.000000000000000000e+00 5.000000000000000000e+01 0.000000000000000000e+00
4.274564981460571289e-01 3.514329493045806885e-01 -1.804156452417373657e-01 -1.778509616851806641e-01 -3.647768783569335938e+01 0.000000000000000000e+00 -1.509956736117601395e-02 0.000000000000000000e+00 5.000000000000000000e+01 0.000000000000000000e+00
4.274564981460571289e-01 3.514329493045806885e-01 -1.804156452417373657e-01 -1.778509616851806641e-01 -3.647768783569335938e+01 0.000000000000000000e+00 -1.509956736117601395e-02 0.000000000000000000e+00 5.000000000000000000e+01 0.000000000000000000e+00
4.274564981460571289e-01 3.514329493045806885e-01 -1.804156452417373657e-01 -1.778509616851806641e-01 -3.647768783569335938e+01 0.000000000000000000e+00 -1.509956736117601395e-02 0.000000000000000000e+00 5.000000000000000000e+01 0.000000000000000000e+00
4.274564981460571289e-01 3.514329493045806885e-01 -1.804156452417373657e-01 -1.778509616851806641e-01 -3.647768783569335938e+01 0.000000000000000000e+00 -1.509956736117601395e-02 0.000000000000000000e+00 5.000000000000000000e+01 0.000000000000000000e+00
4.274564981460571289e-01 3.514329493045806885e-01 -1.804156452417373657e-01 -1.778509616851806641e-01 -3.647768783569335938e+01 0.000000000000000000e+00 -1.509956736117601395e-02 0.000000000000000000e+00 5.000000000000000000e+01 0.000000000000000000e+00
4.274564981460571289e-01 3.514329493045806885e-01 -1.804156452417373657e-01 -1.778509616851806641e-01 -3.647768783569335938e+01 0.000000000000000000e+00 -1.509956736117601395e-02 0.000000000000000000e+00 5.000000000000000000e+01 0.000000000000000000e+00
4.274564981460571289e-01 3.514329493045806885e-01 -1.804156452417373657e-01 -1.778509616851806641e-01 -3.647768783569335938e+01 0.000000000000000000e+00 -1.509956736117601395e-02 0.000000000000000000e+00 5.000000000000000000e+01 0.000000000000000000e+00
4.274564981460571289e-01 3.514329493045806885e-01 -1.804156452417373657e-01 -1.778509616851806641e-01 -3.647768783569335938e+01 0.000000000000000000e+00 -1.509956736117601395e-02 0.000000000000000000e+00 5.000000000000000000e+01 0.000000000000000000e+00
4.274564981460571289e-01 3.514329493045806885e-01 -1.804156452417373657e-01 -1.778509616851806641e-01 -3.647768783569335938e+01 0.000000000000000000e+00 -1.509956736117601395e-02 0.000000000000000000e+00 5.000000000000000000e+01 0.000000000000000000e+00
4.274564981460571289e-01 3.514329493045806885e-01 -1.804156452417373657e-01 -1.778509616851806641e-01 -3.647768783569335938e+01 0.000000000000000000e+00 -1.509956736117601395e-02 0.000000000000000000e+00 5.000000000000000000e+01 0.000000000000000000e+00
4.274564981460571289e-01 3.514329493045806885e-01 -1.804156452417373657e-01 -1.778509616851806641e-01 -3.647768783569335938e+01 0.000000000000000000e+00 -1.509956736117601395e-02 0.000000000000000000e+00 5.000000000000000000e+01 0.000000000000000000e+00
4.274564981460571289e-01 3.514329493045806885e-01 -1.804156452417373657e-01 -1.778509616851806641e-01 -3.647768783569335938e+01 0.000000000000000000e+00 -1.509956736117601395e-02 0.000000000000000000e+00 5.000000000000000000e+01 0.000000000000000000e+00
4.274564981460571289e-01 3.514329493045806885e-01 -1.804156452417373657e-01 -1.778509616851806641e-01 -3.647768783569335938e+01 0.000000000000000000e+00 -1.509956736117601395e-02 0.000000000000000000e+00 5.000000000000000000e+01 0.000000000000000000e+00
4.274564981460571289e-01 3.514329493045806885e-01 -1.804156452417373657e-01 -1.778509616851806641e-01 -3.647768783569335938e+01 0.000000000000000000e+00 -1.509956736117601395e-02 0.000000000000000000e+00 5.000000000000000000e+01 0.000000000000000000e+00
4.274564981460571289e-01 3.514329493045806885e-01 -1.804156452417373657e-01 -1.778509616851806641e-01 -3.647768783569335938e+01 0.000000000000000000e+00 -1.509956736117601395e-02 0.000000000000000000e+00 5.000000000000000000e+01 0.000000000000000000e+00
4.274564981460571289e-01 3.514329493045806885e-01 -1.804156452417373657e-01 -1.778509616851806641e-01 -3.647768783569335938e+01 0.000000000000000000e+00 -1.509956736117601395e-02 0.000000000000000000e+00 5.000000000000000000e+01 0.000000000000000000e+00
4.274564981460571289e-01 3.514329493045806885e-01 -1.804156452417373657e-01 -1.778509616851806641e-01 -3.647768783569335938e+01 0.000000000000000000e+00 -1.509956736117601395e-02 0.000000000000000000e+00 5.000000000000000000e+01 0.000000000000000000e+00
4.274564981460571289e-01 3.514329493045806885e-01 -1.804156452417373657e-01 -1.778509616851806641e-01 -3.647768783569335938e+01 0.000000000000000000e+00 -1.509956736117601395e-02 0.000000000000000000e+00 5.000000000000000000e+01 0.000000000000000000e+00
4.274564981460571289e-01 3.514329493045806885e-01 -1.804156452417373657e-01 -1.778509616851806641e-01 -3.647768783569335938e+01 0.000000000000000000e+00 -1.509956736117601395e-02 0.000000000000000000e+00 5.000000000000000000e+01 0.000000000000000000e+00
4.274564981460571289e-01 3.514329493045806885e-01 -1.804156452417373657e-01 -1.778509616851806641e-01 -3.647768783569335938e+01 0.000000000000000000e+00 -1.509956736117601395e-02 0.000000000000000000e+00 5.000000000000000000e+01 0.000000000000000000e+00
4.274564981460571289e-01 3.514329493045806885e-01 -1.804156452417373657e-01 -1.778509616851806641e-01 -3.647768783569335938e+01 0.000000000000000000e+00 -1.509956736117601395e-02 0.000000000000000000e+00 5.000000000000000000e+01 0.000000000000000000e+00
4.274564981460571289e-01 3.514329493045806885e-01 -1.804156452417373657e-01 -1.778509616851806641e-01 -3.647768783569335938e+01 0.000000000000000000e+00 -1.509956736117601395e-02 0.000000000000000000e+00 5.000000000000000000e+01 0.000000000000000000e+00
4.274564981460571289e-01 3.514329493045806885e-01 -1.804156452417373657e-01 -1.778509616851806641e-01 -3.647768783569335938e+01 0.000000000000000000e+00 -1.509956736117601395e-02 0.000000000000000000e+00 5.000000000000000000e+01 0.000000000000000000e+00
4.274564981460571289e-01 3.514329493045806885e-01 -1.804156452417373657e-01 -1.778509616851806641e-01 -3.647768783569335938e+01 0.000000000000000000e+00 -1.509956736117601395e-02 0.000000000000000000e+00 5.000000000000000000e+01 0.000000000000000000e+00
4.274564981460571289e-01 3.514329493045806885e-01 -1.804156452417373657e-01 -1.778509616851806641e-01 -3.647768783569335938e+01 0.000000000000000000e+00 -1.509956736117601395e-02 0.000000000000000000e+00 5.000000000000000000e+01 0.000000000000000000e+00
4.274564981460571289e-01 3.514329493045806885e-01 -1.804156452417373657e-01 -1.778509616851806641e-01 -3.647768783569335938e+01 0.000000000000000000e+00 -1.509956736117601395e-02 0.000000000000000000e+00 5.000000000000000000e+01 0.000000000000000000e+00
4.274564981460571289e-01 3.514329493045806885e-01 -1.804156452417373657e-01 -1.778509616851806641e-01 -3.647768783569335938e+01 0.000000000000000000e+00 -1.509956736117601395e-02 0.000000000000000000e+00 5.000000000000000000e+01 0.000000000000000000e+00
4.274564981460571289e-01 3.514329493045806885e-01 -1.804156452417373657e-01 -1.778509616851806641e-01 -3.647768783569335938e+01 0.000000000000000000e+00 -1.509956736117601395e-02 0.000000000000000000e+00 5.000000000000000000e+01 0.000000000000000000e+00
4.274564981460571289e-01 3.514329493045806885e-01 -1.804156452417373657e-01 -1.778509616851806641e-01 -3.647768783569335938e+01 0.000000000000000000e+00 -1.509956736117601395e-02 0.000000000000000000e+00 5.000000000000000000e+01 0.000000000000000000e+00
4.274564981460571289e-01 3.514329493045806885e-01 -1.804156452417373657e-01 -1.778509616851806641e-01 -3.647768783569335938e+01 0.000000000000000000e+00 -1.509956736117601395e-02 0.000000000000000000e+00 5.000000000000000000e+01 0.000000000000000000e+00
4.274564981460571289e-01 3.514329493045806885e-01 -1.804156452417373657e-01 -1.778509616851806641e-01 -3.647768783569335938e+01 0.000000000000000000e+00 -1.509956736117601395e-02 0.000000000000000000e+00 5.000000000000000000e+01 0.000000000000000000e+00
4.274564981460571289e-01 3.514329493045806885e-01 -1.804156452417373657e-01 -1.778509616851806641e-01 -3.647768783569335938e+01 0.000000000000000000e+00 -1.509956736117601395e-02 0.000000000000000000e+00 5.000000000000000000e+01 0.000000000000000000e+00
4.274564981460571289e-01 3.514329493045806885e-01 -1.804156452417373657e-01 -1.778509616851806641e-01 -3.647768783569335938e+01 0.000000000000000000e+00 -1.509956736117601395e-02 0.000000000000000000e+00 5.000000000000000000e+01 0.000000000000000000e+00
