4.690118432044982910e-01 6.290270090103149414e-01 3.398222625255584717e-01 3.411751091480255127e-01 -5.032936096191406250e+01 -2.315398025512695312e+01 -2.083332650363445282e-02 -3.500518947839736938e-02 1.500000000000000000e+02 1.010000000000000000e+02
4.690118432044982910e-01 6.243570446968078613e-01 3.303515613079071045e-01 3.312180638313293457e-01 -4.712372970581054688e+01 -1.994834899902343750e+01 -1.950638927519321442e-02 -3.015877678990364075e-02 1.430000000000000000e+02 9.400000000000000000e+01
4.690118432044982910e-01 6.276576519012451172e-01 3.381913602352142334e-01 3.382554352283477783e-01 -4.544329071044921875e+01 -1.826791381835937500e+01 -1.881078816950321198e-02 -2.761822380125522614e-02 1.380000000000000000e+02 8.900000000000000000e+01
4.690118432044982910e-01 6.276546120643615723e-01 3.381850421428680420e-01 3.382489681243896484e-01 -4.413736724853515625e+01 -1.696198654174804688e+01 -1.827021501958370209e-02 -2.564386650919914246e-02 1.350000000000000000e+02 8.600000000000000000e+01
4.690118432044982910e-01 6.266653537750244141e-01 3.373766243457794189e-01 3.361397087574005127e-01 -4.157333755493164062e+01 -1.439795875549316406e+01 -1.720885932445526123e-02 -2.176745794713497162e-02 1.270000000000000000e+02 7.800000000000000000e+01
4.690118432044982910e-01 6.237039566040039062e-01 3.308185636997222900e-01 3.298256099224090576e-01 -3.996499252319335938e+01 -1.278961181640625000e+01 -1.654310151934623718e-02 -1.933588832616806030e-02 1.230000000000000000e+02 7.400000000000000000e+01
4.690118432044982910e-01 6.237039566040039062e-01 3.308185636997222900e-01 3.298256099224090576e-01 -3.996499252319335938e+01 -1.278961181640625000e+01 -1.654310151934623718e-02 -1.933588832616806030e-02 1.230000000000000000e+02 7.400000000000000000e+01
4.690118432044982910e-01 6.249904036521911621e-01 3.333116471767425537e-01 3.325684964656829834e-01 -3.899033355712890625e+01 -1.181495094299316406e+01 -1.613965258002281189e-02 -1.786235347390174866e-02 1.200000000000000000e+02 7.100000000000000000e+01
4.690118432044982910e-01 6.249904036521911621e-01 3.333116471767425537e-01 3.325684964656829834e-01 -3.899033355712890625e+01 -1.181495094299316406e+01 -1.613965258002281189e-02 -1.786235347390174866e-02 1.200000000000000000e+02 7.100000000000000000e+01
4.690118432044982910e-01 6.249904036521911621e-01 3.333116471767425537e-01 3.325684964656829834e-01 -3.899033355712890625e+01 -1.181495094299316406e+01 -1.613965258002281189e-02 -1.786235347390174866e-02 1.200000000000000000e+02 7.100000000000000000e+01
4.690118432044982910e-01 6.249766945838928223e-01 3.332830667495727539e-01 3.325392603874206543e-01 -3.869454956054687500e+01 -1.151916694641113281e+01 -1.601721532642841339e-02 -1.741517521440982819e-02 1.190000000000000000e+02 7.000000000000000000e+01
4.690118432044982910e-01 6.059702634811401367e-01 2.934383451938629150e-01 2.920148372650146484e-01 -3.651972961425781250e+01 -9.344349861145019531e+00 -1.511697098612785339e-02 -1.412719301879405975e-02 1.130000000000000000e+02 6.400000000000000000e+01
4.690118432044982910e-01 6.033232808113098145e-01 2.882861196994781494e-01 2.863711118698120117e-01 -3.528385543823242188e+01 -8.108476638793945312e+00 -1.460539270192384720e-02 -1.225874572992324829e-02 1.080000000000000000e+02 5.900000000000000000e+01
4.690118432044982910e-01 5.919558405876159668e-01 2.658395767211914062e-01 2.621341049671173096e-01 -3.317624282836914062e+01 -6.000864982604980469e+00 -1.373296789824962616e-02 -9.072367101907730103e-03 1.020000000000000000e+02 5.300000000000000000e+01
4.690118432044982910e-01 5.967070460319519043e-01 2.750167250633239746e-01 2.722643315792083740e-01 -3.293750381469726562e+01 -5.762124061584472656e+00 -1.363414432853460312e-02 -8.711428381502628326e-03 1.000000000000000000e+02 5.100000000000000000e+01
4.690118432044982910e-01 5.919845700263977051e-01 2.655100822448730469e-01 2.621953487396240234e-01 -3.238223266601562500e+01 -5.206852912902832031e+00 -1.340429577976465225e-02 -7.871945388615131378e-03 9.800000000000000000e+01 4.900000000000000000e+01
4.690118432044982910e-01 5.871824622154235840e-01 2.547105252742767334e-01 2.519565820693969727e-01 -3.202162933349609375e+01 -4.846251964569091797e+00 -1.325502805411815643e-02 -7.326773367822170258e-03 9.600000000000000000e+01 4.700000000000000000e+01
4.690118432044982910e-01 5.856695175170898438e-01 2.515605390071868896e-01 2.487307637929916382e-01 -3.189336776733398438e+01 -4.717988967895507812e+00 -1.320193521678447723e-02 -7.132859900593757629e-03 9.300000000000000000e+01 4.400000000000000000e+01
4.690118432044982910e-01 5.856695175170898438e-01 2.515605390071868896e-01 2.487307637929916382e-01 -3.189336776733398438e+01 -4.717988967895507812e+00 -1.320193521678447723e-02 -7.132859900593757629e-03 9.300000000000000000e+01 4.400000000000000000e+01
4.690118432044982910e-01 5.845662951469421387e-01 2.493677437305450439e-01 2.463785409927368164e-01 -3.188417434692382812e+01 -4.708794593811035156e+00 -1.319812983274459839e-02 -7.118959445506334305e-03 9.200000000000000000e+01 4.300000000000000000e+01
4.690118432044982910e-01 5.783386230468750000e-01 2.354669123888015747e-01 2.331002503633499146e-01 -3.124209213256835938e+01 -4.066710472106933594e+00 -1.293234620243310928e-02 -6.148228887468576431e-03 8.400000000000000000e+01 3.500000000000000000e+01
4.690118432044982910e-01 5.785035490989685059e-01 2.357942014932632446e-01 2.334519028663635254e-01 -3.067469215393066406e+01 -3.499310493469238281e+00 -1.269747689366340637e-02 -5.290409084409475327e-03 8.000000000000000000e+01 3.100000000000000000e+01
4.690118432044982910e-01 5.793511271476745605e-01 2.375425696372985840e-01 2.352590560913085938e-01 -3.031605720520019531e+01 -3.140676975250244141e+00 -1.254902314394712448e-02 -4.748211242258548737e-03 7.900000000000000000e+01 3.000000000000000000e+01
4.690118432044982910e-01 5.761488676071166992e-01 2.305916398763656616e-01 2.284313887357711792e-01 -3.001477241516113281e+01 -2.839390277862548828e+00 -1.242430973798036575e-02 -4.292713012546300888e-03 7.800000000000000000e+01 2.900000000000000000e+01
4.690118432044982910e-01 5.749610662460327148e-01 2.280203998088836670e-01 2.258988171815872192e-01 -2.991962051391601562e+01 -2.744241237640380859e+00 -1.238492224365472794e-02 -4.148862790316343307e-03 7.600000000000000000e+01 2.700000000000000000e+01
4.690118432044982910e-01 5.749610662460327148e-01 2.280203998088836670e-01 2.258988171815872192e-01 -2.991962051391601562e+01 -2.744241237640380859e+00 -1.238492224365472794e-02 -4.148862790316343307e-03 7.600000000000000000e+01 2.700000000000000000e+01
4.690118432044982910e-01 5.754134058952331543e-01 2.289136052131652832e-01 2.268632799386978149e-01 -2.955451583862304688e+01 -2.379136085510253906e+00 -1.223379094153642654e-02 -3.596880938857793808e-03 7.400000000000000000e+01 2.500000000000000000e+01
4.690118432044982910e-01 5.792382955551147461e-01 2.372559905052185059e-01 2.350184768438339233e-01 -2.881174850463867188e+01 -1.636367559432983398e+00 -1.192633062601089478e-02 -2.473931293934583664e-03 7.200000000000000000e+01 2.300000000000000000e+01
4.690118432044982910e-01 5.792382955551147461e-01 2.372559905052185059e-01 2.350184768438339233e-01 -2.881174850463867188e+01 -1.636367559432983398e+00 -1.192633062601089478e-02 -2.473931293934583664e-03 7.200000000000000000e+01 2.300000000000000000e+01
4.690118432044982910e-01 5.335969328880310059e-01 1.376857310533523560e-01 1.377045959234237671e-01 -2.769033050537109375e+01 -5.149505734443664551e-01 -1.146213058382272720e-02 -7.785245543345808983e-04 6.300000000000000000e+01 1.400000000000000000e+01
4.690118432044982910e-01 5.117179751396179199e-01 9.113182872533798218e-02 9.105554968118667603e-02 -2.745550537109375000e+01 -2.801268696784973145e-01 -1.136492751538753510e-02 -4.235079395584762096e-04 5.900000000000000000e+01 1.000000000000000000e+01
4.690118432044982910e-01 5.048593282699584961e-01 7.590665668249130249e-02 7.643193751573562622e-02 -2.741645431518554688e+01 -2.410742044448852539e-01 -1.134876254945993423e-02 -3.644664247985929251e-04 5.800000000000000000e+01 9.000000000000000000e+00
4.690118432044982910e-01 4.980398416519165039e-01 6.187851727008819580e-02 6.189182400703430176e-02 -2.731455230712890625e+01 -1.391711831092834473e-01 -1.130658108741044998e-02 -2.104050217894837260e-04 5.500000000000000000e+01 6.000000000000000000e+00
4.690118432044982910e-01 4.961604177951812744e-01 5.838157609105110168e-02 5.788462609052658081e-02 -2.725513076782226562e+01 -7.974970340728759766e-02 -1.128198392689228058e-02 -1.205690568895079195e-04 5.400000000000000000e+01 5.000000000000000000e+00
4.690118432044982910e-01 4.961604177951812744e-01 5.838157609105110168e-02 5.788462609052658081e-02 -2.725513076782226562e+01 -7.974970340728759766e-02 -1.128198392689228058e-02 -1.205690568895079195e-04 5.400000000000000000e+01 5.000000000000000000e+00
4.690118432044982910e-01 4.961604177951812744e-01 5.838157609105110168e-02 5.788462609052658081e-02 -2.725513076782226562e+01 -7.974970340728759766e-02 -1.128198392689228058e-02 -1.205690568895079195e-04 5.400000000000000000e+01 5.000000000000000000e+00
4.690118432044982910e-01 4.961604177951812744e-01 5.838157609105110168e-02 5.788462609052658081e-02 -2.725513076782226562e+01 -7.974970340728759766e-02 -1.128198392689228058e-02 -1.205690568895079195e-04 5.400000000000000000e+01 5.000000000000000000e+00
4.690118432044982910e-01 4.961604177951812744e-01 5.838157609105110168e-02 5.788462609052658081e-02 -2.725513076782226562e+01 -7.974970340728759766e-02 -1.128198392689228058e-02 -1.205690568895079195e-04 5.400000000000000000e+01 5.000000000000000000e+00
4.690118432044982910e-01 4.661095440387725830e-01 -8.966035209596157074e-03 -6.188115105032920837e-03 -2.718210983276367188e+01 -6.730973720550537109e-03 -1.125175785273313522e-02 -1.017617705656448379e-05 5.000000000000000000e+01 1.000000000000000000e+00
4.690118432044982910e-01 4.661095440387725830e-01 -8.966035209596157074e-03 -6.188115105032920837e-03 -2.718210983276367188e+01 -6.730973720550537109e-03 -1.125175785273313522e-02 -1.017617705656448379e-05 5.000000000000000000e+01 1.000000000000000000e+00
4.690118432044982910e-01 4.661095440387725830e-01 -8.966035209596157074e-03 -6.188115105032920837e-03 -2.718210983276367188e+01 -6.730973720550537109e-03 -1.125175785273313522e-02 -1.017617705656448379e-05 5.000000000000000000e+01 1.000000000000000000e+00
4.690118432044982910e-01 4.661095440387725830e-01 -8.966035209596157074e-03 -6.188115105032920837e-03 -2.718210983276367188e+01 -6.730973720550537109e-03 -1.125175785273313522e-02 -1.017617705656448379e-05 5.000000000000000000e+01 1.000000000000000000e+00
4.690118432044982910e-01 4.661095440387725830e-01 -8.966035209596157074e-03 -6.188115105032920837e-03 -2.718210983276367188e+01 -6.730973720550537109e-03 -1.125175785273313522e-02 -1.017617705656448379e-05 5.000000000000000000e+01 1.000000000000000000e+00
4.690118432044982910e-01 4.661095440387725830e-01 -8.966035209596157074e-03 -6.188115105032920837e-03 -2.718210983276367188e+01 -6.730973720550537109e-03 -1.125175785273313522e-02 -1.017617705656448379e-05 5.000000000000000000e+01 1.000000000000000000e+00
4.690118432044982910e-01 4.583539366722106934e-01 -2.408684603869915009e-02 -2.272417396306991577e-02 -2.717538070678710938e+01 0.000000000000000000e+00 -1.124897226691246033e-02 0.000000000000000000e+00 4.900000000000000000e+01 0.000000000000000000e+00
4.690118432044982910e-01 4.583539366722106934e-01 -2.408684603869915009e-02 -2.272417396306991577e-02 -2.717538070678710938e+01 0.000000000000000000e+00 -1.124897226691246033e-02 0.000000000000000000e+00 4.900000000000000000e+01 0.000000000000000000e+00
4.690118432044982910e-01 4.583539366722106934e-01 -2.408684603869915009e-02 -2.272417396306991577e-02 -2.717538070678710938e+01 0.000000000000000000e+00 -1.124897226691246033e-02 0.000000000000000000e+00 4.900000000000000000e+01 0.000000000000000000e+00
4.690118432044982910e-01 4.583539366722106934e-01 -2.408684603869915009e-02 -2.272417396306991577e-02 -2.717538070678710938e+01 0.000000000000000000e+00 -1.124897226691246033e-02 0.000000000000000000e+00 4.900000000000000000e+01 0.000000000000000000e+00
4.690118432044982910e-01 4.583539366722106934e-01 -2.408684603869915009e-02 -2.272417396306991577e-02 -2.717538070678710938e+01 0.000000000000000000e+00 -1.124897226691246033e-02 0.000000000000000000e+00 4.900000000000000000e+01 0.000000000000000000e+00
4.690118432044982910e-01 4.583539366722106934e-01 -2.408684603869915009e-02 -2.272417396306991577e-02 -2.717538070678710938e+01 0.000000000000000000e+00 -1.124897226691246033e-02 0.000000000000000000e+00 4.900000000000000000e+01 0.000000000000000000e+00
4.690118432044982910e-01 4.583539366722106934e-01 -2.408684603869915009e-02 -2.272417396306991577e-02 -2.717538070678710938e+01 0.000000000000000000e+00 -1.124897226691246033e-02 0.000000000000000000e+00 4.900000000000000000e+01 0.000000000000000000e+00
4.690118432044982910e-01 4.583539366722106934e-01 -2.408684603869915009e-02 -2.272417396306991577e-02 -2.717538070678710938e+01 0.000000000000000000e+00 -1.124897226691246033e-02 0.000000000000000000e+00 4.900000000000000000e+01 0.000000000000000000e+00
4.690118432044982910e-01 4.583539366722106934e-01 -2.408684603869915009e-02 -2.272417396306991577e-02 -2.717538070678710938e+01 0.000000000000000000e+00 -1.124897226691246033e-02 0.000000000000000000e+00 4.900000000000000000e+01 0.000000000000000000e+00
4.690118432044982910e-01 4.583539366722106934e-01 -2.408684603869915009e-02 -2.272417396306991577e-02 -2.717538070678710938e+01 0.000000000000000000e+00 -1.124897226691246033e-02 0.000000000000000000e+00 4.900000000000000000e+01 0.000000000000000000e+00
4.690118432044982910e-01 4.583539366722106934e-01 -2.408684603869915009e-02 -2.272417396306991577e-02 -2.717538070678710938e+01 0.000000000000000000e+00 -1.124897226691246033e-02 0.000000000000000000e+00 4.900000000000000000e+01 0.000000000000000000e+00
4.690118432044982910e-01 4.583539366722106934e-01 -2.408684603869915009e-02 -2.272417396306991577e-02 -2.717538070678710938e+01 0.000000000000000000e+00 -1.124897226691246033e-02 0.000000000000000000e+00 4.900000000000000000e+01 0.000000000000000000e+00
4.690118432044982910e-01 4.583539366722106934e-01 -2.408684603869915009e-02 -2.272417396306991577e-02 -2.717538070678710938e+01 0.000000000000000000e+00 -1.124897226691246033e-02 0.000000000000000000e+00 4.900000000000000000e+01 0.000000000000000000e+00
4.690118432044982910e-01 4.583539366722106934e-01 -2.408684603869915009e-02 -2.272417396306991577e-02 -2.717538070678710938e+01 0.000000000000000000e+00 -1.124897226691246033e-02 0.000000000000000000e+00 4.900000000000000000e+01 0.000000000000000000e+00
4.690118432044982910e-01 4.583539366722106934e-01 -2.408684603869915009e-02 -2.272417396306991577e-02 -2.717538070678710938e+01 0.000000000000000000e+00 -1.124897226691246033e-02 0.000000000000000000e+00 4.900000000000000000e+01 0.000000000000000000e+00
4.690118432044982910e-01 4.583539366722106934e-01 -2.408684603869915009e-02 -2.272417396306991577e-02 -2.717538070678710938e+01 0.000000000000000000e+00 -1.124897226691246033e-02 0.000000000000000000e+00 4.900000000000000000e+01 0.000000000000000000e+00
4.690118432044982910e-01 4.583539366722106934e-01 -2.408684603869915009e-02 -2.272417396306991577e-02 -2.717538070678710938e+01 0.000000000000000000e+00 -1.124897226691246033e-02 0.000000000000000000e+00 4.900000000000000000e+01 0.000000000000000000e+00
4.690118432044982910e-01 4.583539366722106934e-01 -2.408684603869915009e-02 -2.272417396306991577e-02 -2.717538070678710938e+01 0.000000000000000000e+00 -1.124897226691246033e-02 0.000000000000000000e+00 4.900000000000000000e+01 0.000000000000000000e+00
4.690118432044982910e-01 4.583539366722106934e-01 -2.408684603869915009e-02 -2.272417396306991577e-02 -2.717538070678710938e+01 0.000000000000000000e+00 -1.124897226691246033e-02 0.000000000000000000e+00 4.900000000000000000e+01 0.000000000000000000e+00
4.690118432044982910e-01 4.583539366722106934e-01 -2.408684603869915009e-02 -2.272417396306991577e-02 -2.717538070678710938e+01 0.000000000000000000e+00 -1.124897226691246033e-02 0.000000000000000000e+00 4.900000000000000000e+01 0.000000000000000000e+00
4.690118432044982910e-01 4.583539366722106934e-01 -2.408684603869915009e-02 -2.272417396306991577e-02 -2.717538070678710938e+01 0.000000000000000000e+00 -1.124897226691246033e-02 0.000000000000000000e+00 4.900000000000000000e+01 0.000000000000000000e+00
4.690118432044982910e-01 4.583539366722106934e-01 -2.408684603869915009e-02 -2.272417396306991577e-02 -2.717538070678710938e+01 0.000000000000000000e+00 -1.124897226691246033e-02 0.000000000000000000e+00 4.900000000000000000e+01 0.000000000000000000e+00
4.690118432044982910e-01 4.583539366722106934e-01 -2.408684603869915009e-02 -2.272417396306991577e-02 -2.717538070678710938e+01 0.000000000000000000e+00 -1.124897226691246033e-02 0.000000000000000000e+00 4.900000000000000000e+01 0.000000000000000000e+00
4.690118432044982910e-01 4.583539366722106934e-01 -2.408684603869915009e-02 -2.272417396306991577e-02 -2.717538070678710938e+01 0.000000000000000000e+00 -1.124897226691246033e-02 0.000000000000000000e+00 4.900000000000000000e+01 0.000000000000000000e+00
4.690118432044982910e-01 4.583539366722106934e-01 -2.408684603869915009e-02 -2.272417396306991577e-02 -2.717538070678710938e+01 0.000000000000000000e+00 -1.124897226691246033e-02 0.000000000000000000e+00 4.900000000000000000e+01 0.000000000000000000e+00
4.690118432044982910e-01 4.583539366722106934e-01 -2.408684603869915009e-02 -2.272417396306991577e-02 -2.717538070678710938e+01 0.000000000000000000e+00 -1.124897226691246033e-02 0.000000000000000000e+00 4.900000000000000000e+01 0.000000000000000000e+00
4.690118432044982910e-01 4.583539366722106934e-01 -2.408684603869915009e-02 -2.272417396306991577e-02 -2.717538070678710938e+01 0.000000000000000000e+00 -1.124897226691246033e-02 0.000000000000000000e+00 4.900000000000000000e+01 0.000000000000000000e+00
4.690118432044982910e-01 4.583539366722106934e-01 -2.408684603869915009e-02 -2.272417396306991577e-02 -2.717538070678710938e+01 0.000000000000000000e+00 -1.124897226691246033e-02 0.000000000000000000e+00 4.900000000000000000e+01 0.000000000000000000e+00
4.690118432044982910e-01 4.583539366722106934e-01 -2.408684603869915009e-02 -2.272417396306991577e-02 -2.717538070678710938e+01 0.000000000000000000e+00 -1.124897226691246033e-02 0.000000000000000000e+00 4.900000000000000000e+01 0.000000000000000000e+00
4.690118432044982910e-01 4.583539366722106934e-01 -2.408684603869915009e-02 -2.272417396306991577e-02 -2.717538070678710938e+01 0.000000000000000000e+00 -1.124897226691246033e-02 0.000000000000000000e+00 4.900000000000000000e+01 0.000000000000000000e+00
4.690118432044982910e-01 4.583539366722106934e-01 -2.408684603869915009e-02 -2.272417396306991577e-02 -2.717538070678710938e+01 0.000000000000000000e+00 -1.124897226691246033e-02 0.000000000000000000e+00 4.900000000000000000e+01 0.000000000000000000e+00
4.690118432044982910e-01 4.583539366722106934e-01 -2.408684603869915009e-02 -2.272417396306991577e-02 -2.717538070678710938e+01 0.000000000000000000e+00 -1.124897226691246033e-02 0.000000000000000000e+00 4.900000000000000000e+01 0.000000000000000000e+00
4.690118432044982910e-01 4.583539366722106934e-01 -2.408684603869915009e-02 -2.272417396306991577e-02 -2.717538070678710938e+01 0.000000000000000000e+00 -1.124897226691246033e-02 0.000000000000000000e+00 4.900000000000000000e+01 0.000000000000000000e+00
4.690118432044982910e-01 4.583539366722106934e-01 -2.408684603869915009e-02 -2.272417396306991577e-02 -2.717538070678710938e+01 0.000000000000000000e+00 -1.124897226691246033e-02 0.000000000000000000e+00 4.900000000000000000e+01 0.000000000000000000e+00
4.690118432044982910e-01 4.583539366722106934e-01 -2.408684603869915009e-02 -2.272417396306991577e-02 -2.717538070678710938e+01 0.000000000000000000e+00 -1.124897226691246033e-02 0.000000000000000000e+00 4.900000000000000000e+01 0.000000000000000000e+00
4.690118432044982910e-01 4.583539366722106934e-01 -2.408684603869915009e-02 -2.272417396306991577e-02 -2.717538070678710938e+01 0.000000000000000000e+00 -1.124897226691246033e-02 0.000000000000000000e+00 4.900000000000000000e+01 0.000000000000000000e+00
4.690118432044982910e-01 4.583539366722106934e-01 -2.408684603869915009e-02 -2.272417396306991577e-02 -2.717538070678710938e+01 0.000000000000000000e+00 -1.124897226691246033e-02 0.000000000000000000e+00 4.900000000000000000e+01 0.000000000000000000e+00
4.690118432044982910e-01 4.583539366722106934e-01 -2.408684603869915009e-02 -2.272417396306991577e-02 -2.717538070678710938e+01 0.000000000000000000e+00 -1.124897226691246033e-02 0.000000000000000000e+00 4.900000000000000000e+01 0.000000000000000000e+00
4.690118432044982910e-01 4.583539366722106934e-01 -2.408684603869915009e-02 -2.272417396306991577e-02 -2.717538070678710938e+01 0.000000000000000000e+00 -1.124897226691246033e-02 0.000000000000000000e+00 4.900000000000000000e+01 0.000000000000000000e+00
4.690118432044982910e-01 4.583539366722106934e-01 -2.408684603869915009e-02 -2.272417396306991577e-02 -2.717538070678710938e+01 0.000000000000000000e+00 -1.124897226691246033e-02 0.000000000000000000e+00 4.900000000000000000e+01 0.000000000000000000e+00
4.690118432044982910e-01 4.583539366722106934e-01 -2.408684603869915009e-02 -2.272417396306991577e-02 -2.717538070678710938e+01 0.000000000000000000e+00 -1.124897226691246033e-02 0.000000000000000000e+00 4.900000000000000000e+01 0.000000000000000000e+00
4.690118432044982910e-01 4.583539366722106934e-01 -2.408684603869915009e-02 -2.272417396306991577e-02 -2.717538070678710938e+01 0.000000000000000000e+00 -1.124897226691246033e-02 0.000000000000000000e+00 4.900000000000000000e+01 0.000000000000000000e+00
4.690118432044982910e-01 4.583539366722106934e-01 -2.408684603869915009e-02 -2.272417396306991577e-02 -2.717538070678710938e+01 0.000000000000000000e+00 -1.124897226691246033e-02 0.000000000000000000e+00 4.900000000000000000e+01 0.000000000000000000e+00
4.690118432044982910e-01 4.583539366722106934e-01 -2.408684603869915009e-02 -2.272417396306991577e-02 -2.717538070678710938e+01 0.000000000000000000e+00 -1.124897226691246033e-02 0.000000000000000000e+00 4.900000000000000000e+01 0.000000000000000000e+00
4.690118432044982910e-01 4.583539366722106934e-01 -2.408684603869915009e-02 -2.272417396306991577e-02 -2.717538070678710938e+01 0.000000000000000000e+00 -1.124897226691246033e-02 0.000000000000000000e+00 4.900000000000000000e+01 0.000000000000000000e+00
4.690118432044982910e-01 4.583539366722106934e-01 -2.408684603869915009e-02 -2.272417396306991577e-02 -2.717538070678710938e+01 0.000000000000000000e+00 -1.124897226691246033e-02 0.000000000000000000e+00 4.900000000000000000e+01 0.000000000000000000e+00
4.690118432044982910e-01 4.583539366722106934e-01 -2.408684603869915009e-02 -2.272417396306991577e-02 -2.717538070678710938e+01 0.000000000000000000e+00 -1.124897226691246033e-02 0.000000000000000000e+00 4.900000000000000000e+01 0.000000000000000000e+00
