4.848766326904296875e-01 7.388948798179626465e-01 5.081488490104675293e-01 5.238822102546691895e-01 -1.440669860839843750e+02 -1.323480987548828125e+02 -5.963506177067756653e-02 -1.983282715082168579e-01 7.260000000000000000e+02 6.760000000000000000e+02
4.848766326904296875e-01 7.389472126960754395e-01 5.082721114158630371e-01 5.239901542663574219e-01 -1.434950561523437500e+02 -1.317761840820312500e+02 -5.939831957221031189e-02 -1.974712461233139038e-01 7.250000000000000000e+02 6.750000000000000000e+02
4.848766326904296875e-01 7.397433519363403320e-01 5.097783803939819336e-01 5.256320834159851074e-01 -1.428673248291015625e+02 -1.311484375000000000e+02 -5.913847684860229492e-02 -1.965305358171463013e-01 7.240000000000000000e+02 6.740000000000000000e+02
4.848766326904296875e-01 7.397433519363403320e-01 5.097783803939819336e-01 5.256320834159851074e-01 -1.425167236328125000e+02 -1.307978363037109375e+02 -5.899334698915481567e-02 -1.960051506757736206e-01 7.230000000000000000e+02 6.730000000000000000e+02
4.848766326904296875e-01 7.397433519363403320e-01 5.097783803939819336e-01 5.256320834159851074e-01 -1.412197875976562500e+02 -1.295009155273437500e+02 -5.845649540424346924e-02 -1.940616667270660400e-01 7.210000000000000000e+02 6.710000000000000000e+02
4.848766326904296875e-01 7.397433519363403320e-01 5.097783803939819336e-01 5.256320834159851074e-01 -1.404822998046875000e+02 -1.287634277343750000e+02 -5.815121904015541077e-02 -1.929565221071243286e-01 7.200000000000000000e+02 6.700000000000000000e+02
4.848766326904296875e-01 7.397433519363403320e-01 5.097783803939819336e-01 5.256320834159851074e-01 -1.404822998046875000e+02 -1.287634277343750000e+02 -5.815121904015541077e-02 -1.929565221071243286e-01 7.200000000000000000e+02 6.700000000000000000e+02
4.848766326904296875e-01 7.397433519363403320e-01 5.097783803939819336e-01 5.256320834159851074e-01 -1.404822998046875000e+02 -1.287634277343750000e+02 -5.815121904015541077e-02 -1.929565221071243286e-01 7.200000000000000000e+02 6.700000000000000000e+02
4.848766326904296875e-01 7.413643598556518555e-01 5.128454566001892090e-01 5.289752483367919922e-01 -1.392108917236328125e+02 -1.274920120239257812e+02 -5.762493237853050232e-02 -1.910512596368789673e-01 7.180000000000000000e+02 6.680000000000000000e+02
4.848766326904296875e-01 7.404398322105407715e-01 5.114383697509765625e-01 5.270684957504272461e-01 -1.368885498046875000e+02 -1.251696777343750000e+02 -5.666362121701240540e-02 -1.875711530447006226e-01 7.150000000000000000e+02 6.650000000000000000e+02
4.848766326904296875e-01 7.402256131172180176e-01 5.110329985618591309e-01 5.266267061233520508e-01 -1.361117706298828125e+02 -1.243928909301757812e+02 -5.634208396077156067e-02 -1.864071190357208252e-01 7.140000000000000000e+02 6.640000000000000000e+02
4.848766326904296875e-01 7.502164244651794434e-01 5.321300625801086426e-01 5.472315549850463867e-01 -1.158461303710937500e+02 -1.041272583007812500e+02 -4.795332625508308411e-02 -1.560383588075637817e-01 6.790000000000000000e+02 6.290000000000000000e+02
4.848766326904296875e-01 7.549526691436767578e-01 5.417930483818054199e-01 5.569995045661926270e-01 -9.821345520019531250e+01 -8.649457550048828125e+01 -4.065446183085441589e-02 -1.296151578426361084e-01 6.450000000000000000e+02 5.950000000000000000e+02
4.848766326904296875e-01 7.574291229248046875e-01 5.466700792312622070e-01 5.621069073677062988e-01 -8.798753356933593750e+01 -7.626864624023437500e+01 -3.642154484987258911e-02 -1.142912432551383972e-01 6.220000000000000000e+02 5.720000000000000000e+02
4.848766326904296875e-01 7.618125677108764648e-01 5.575595498085021973e-01 5.711472034454345703e-01 -7.779965972900390625e+01 -6.608078002929687500e+01 -3.220437839627265930e-02 -9.902437031269073486e-02 6.010000000000000000e+02 5.510000000000000000e+02
4.848766326904296875e-01 7.631790041923522949e-01 5.606229305267333984e-01 5.739653110504150391e-01 -7.226290893554687500e+01 -6.054403686523437500e+01 -2.991249598562717438e-02 -9.072736650705337524e-02 5.850000000000000000e+02 5.350000000000000000e+02
4.848766326904296875e-01 7.665697932243347168e-01 5.705739259719848633e-01 5.809584259986877441e-01 -6.337148666381835938e+01 -5.165261077880859375e+01 -2.623198181390762329e-02 -7.740325480699539185e-02 5.650000000000000000e+02 5.150000000000000000e+02
4.848766326904296875e-01 7.752631902694702148e-01 5.885574817657470703e-01 5.988875031471252441e-01 -5.857442474365234375e+01 -4.685554504394531250e+01 -2.424628660082817078e-02 -7.021468132734298706e-02 5.500000000000000000e+02 5.000000000000000000e+02
4.848766326904296875e-01 7.851541042327880859e-01 6.136263012886047363e-01 6.192863583564758301e-01 -5.300607299804687500e+01 -4.128719711303710938e+01 -2.194132469594478607e-02 -6.187031418085098267e-02 5.320000000000000000e+02 4.820000000000000000e+02
4.848766326904296875e-01 7.885578274726867676e-01 6.205466389656066895e-01 6.263061165809631348e-01 -5.078590393066406250e+01 -3.906703186035156250e+01 -2.102230861783027649e-02 -5.854332074522972107e-02 5.170000000000000000e+02 4.670000000000000000e+02
4.848766326904296875e-01 7.902916073799133301e-01 6.199969649314880371e-01 6.298817992210388184e-01 -3.808651733398437500e+01 -2.636764144897460938e+01 -1.576552726328372955e-02 -3.951283544301986694e-02 4.260000000000000000e+02 3.760000000000000000e+02
4.848766326904296875e-01 7.799882292747497559e-01 5.984794497489929199e-01 6.086323261260986328e-01 -3.261297607421875000e+01 -2.089410400390625000e+01 -1.349980942904949188e-02 -3.131054714322090149e-02 3.680000000000000000e+02 3.180000000000000000e+02
4.848766326904296875e-01 7.785194516181945801e-01 6.004369854927062988e-01 6.056031584739685059e-01 -2.692064666748046875e+01 -1.520177078247070312e+01 -1.114352792501449585e-02 -2.278038673102855682e-02 3.180000000000000000e+02 2.680000000000000000e+02
4.848766326904296875e-01 7.813709974288940430e-01 6.068815588951110840e-01 6.114841103553771973e-01 -2.380422973632812500e+01 -1.208535385131835938e+01 -9.853518567979335785e-03 -1.811032742261886597e-02 2.780000000000000000e+02 2.280000000000000000e+02
4.848766326904296875e-01 7.738472819328308105e-01 5.935913920402526855e-01 5.959673523902893066e-01 -2.150346755981445312e+01 -9.784593582153320312e+00 -8.901141583919525146e-03 -1.466255728155374527e-02 2.540000000000000000e+02 2.040000000000000000e+02
4.848766326904296875e-01 7.726824879646301270e-01 5.916160345077514648e-01 5.935651063919067383e-01 -1.977126884460449219e+01 -8.052392959594726562e+00 -8.184115402400493622e-03 -1.206679362803697586e-02 2.330000000000000000e+02 1.830000000000000000e+02
4.848766326904296875e-01 7.748517394065856934e-01 6.001238226890563965e-01 5.980389118194580078e-01 -1.876722908020019531e+01 -7.048353672027587891e+00 -7.768503390252590179e-03 -1.056220568716526031e-02 2.200000000000000000e+02 1.700000000000000000e+02
4.848766326904296875e-01 7.668648958206176758e-01 5.833398103713989258e-01 5.815670490264892578e-01 -1.789384078979492188e+01 -6.174965858459472656e+00 -7.406973280012607574e-03 -9.253403171896934509e-03 2.050000000000000000e+02 1.550000000000000000e+02
4.848766326904296875e-01 7.605057954788208008e-01 5.702161788940429688e-01 5.684521198272705078e-01 -1.707624626159667969e+01 -5.357370376586914062e+00 -7.068538572639226913e-03 -8.028207346796989441e-03 1.900000000000000000e+02 1.400000000000000000e+02
4.848766326904296875e-01 6.914524435997009277e-01 4.223439395427703857e-01 4.260378777980804443e-01 -1.380582141876220703e+01 -2.086946487426757812e+00 -5.714779254049062729e-03 -3.127362579107284546e-03 1.160000000000000000e+02 6.600000000000000000e+01
4.848766326904296875e-01 6.405730247497558594e-01 3.192948400974273682e-01 3.211051523685455322e-01 -1.281464576721191406e+01 -1.095769882202148438e+00 -5.304492078721523285e-03 -1.642049639485776424e-03 8.800000000000000000e+01 3.800000000000000000e+01
4.848766326904296875e-01 6.064913272857666016e-01 2.521299719810485840e-01 2.508157491683959961e-01 -1.227168941497802734e+01 -5.528135895729064941e-01 -5.079741124063730240e-03 -8.284105570055544376e-04 7.600000000000000000e+01 2.600000000000000000e+01
4.848766326904296875e-01 5.941334962844848633e-01 2.245707213878631592e-01 2.253292053937911987e-01 -1.212991237640380859e+01 -4.110370874404907227e-01 -5.021053832024335861e-03 -6.159535259939730167e-04 7.200000000000000000e+01 2.200000000000000000e+01
4.848766326904296875e-01 5.757901668548583984e-01 1.874457001686096191e-01 1.874982863664627075e-01 -1.198828792572021484e+01 -2.694129347801208496e-01 -4.962429869920015335e-03 -4.037247563246637583e-04 6.800000000000000000e+01 1.800000000000000000e+01
4.848766326904296875e-01 5.680371522903442383e-01 1.707546263933181763e-01 1.715086102485656738e-01 -1.194600105285644531e+01 -2.271255850791931152e-01 -4.944925662130117416e-03 -3.403556765988469124e-04 6.500000000000000000e+01 1.500000000000000000e+01
4.848766326904296875e-01 5.592850446701049805e-01 1.533062160015106201e-01 1.534584462642669678e-01 -1.184973716735839844e+01 -1.308619976043701172e-01 -4.905078094452619553e-03 -1.961013040272518992e-04 6.100000000000000000e+01 1.100000000000000000e+01
4.848766326904296875e-01 5.592850446701049805e-01 1.533062160015106201e-01 1.534584462642669678e-01 -1.184973716735839844e+01 -1.308619976043701172e-01 -4.905078094452619553e-03 -1.961013040272518992e-04 6.100000000000000000e+01 1.100000000000000000e+01
4.848766326904296875e-01 5.592850446701049805e-01 1.533062160015106201e-01 1.534584462642669678e-01 -1.184973716735839844e+01 -1.308619976043701172e-01 -4.905078094452619553e-03 -1.961013040272518992e-04 6.100000000000000000e+01 1.100000000000000000e+01
4.848766326904296875e-01 5.306268334388732910e-01 9.670865535736083984e-02 9.435430914163589478e-02 -1.174936866760253906e+01 -3.049349784851074219e-02 -4.863531794399023056e-03 -4.569557859213091433e-05 5.500000000000000000e+01 5.000000000000000000e+00
4.848766326904296875e-01 5.066935420036315918e-01 4.929339140653610229e-02 4.499476402997970581e-02 -1.173103523254394531e+01 -1.215970516204833984e-02 -4.855942912399768829e-03 -1.822174453991465271e-05 5.100000000000000000e+01 1.000000000000000000e+00
4.848766326904296875e-01 4.948396086692810059e-01 2.247050777077674866e-02 2.054744586348533630e-02 -1.171887588500976562e+01 0.000000000000000000e+00 -4.850909579545259476e-03 0.000000000000000000e+00 5.000000000000000000e+01 0.000000000000000000e+00
4.848766326904296875e-01 4.948396086692810059e-01 2.247050777077674866e-02 2.054744586348533630e-02 -1.171887588500976562e+01 0.000000000000000000e+00 -4.850909579545259476e-03 0.000000000000000000e+00 5.000000000000000000e+01 0.000000000000000000e+00
4.848766326904296875e-01 4.948396086692810059e-01 2.247050777077674866e-02 2.054744586348533630e-02 -1.171887588500976562e+01 0.000000000000000000e+00 -4.850909579545259476e-03 0.000000000000000000e+00 5.000000000000000000e+01 0.000000000000000000e+00
4.848766326904296875e-01 4.948396086692810059e-01 2.247050777077674866e-02 2.054744586348533630e-02 -1.171887588500976562e+01 0.000000000000000000e+00 -4.850909579545259476e-03 0.000000000000000000e+00 5.000000000000000000e+01 0.000000000000000000e+00
4.848766326904296875e-01 4.948396086692810059e-01 2.247050777077674866e-02 2.054744586348533630e-02 -1.171887588500976562e+01 0.000000000000000000e+00 -4.850909579545259476e-03 0.000000000000000000e+00 5.000000000000000000e+01 0.000000000000000000e+00
4.848766326904296875e-01 4.948396086692810059e-01 2.247050777077674866e-02 2.054744586348533630e-02 -1.171887588500976562e+01 0.000000000000000000e+00 -4.850909579545259476e-03 0.000000000000000000e+00 5.000000000000000000e+01 0.000000000000000000e+00
4.848766326904296875e-01 4.948396086692810059e-01 2.247050777077674866e-02 2.054744586348533630e-02 -1.171887588500976562e+01 0.000000000000000000e+00 -4.850909579545259476e-03 0.000000000000000000e+00 5.000000000000000000e+01 0.000000000000000000e+00
4.848766326904296875e-01 4.948396086692810059e-01 2.247050777077674866e-02 2.054744586348533630e-02 -1.171887588500976562e+01 0.000000000000000000e+00 -4.850909579545259476e-03 0.000000000000000000e+00 5.000000000000000000e+01 0.000000000000000000e+00
4.848766326904296875e-01 4.948396086692810059e-01 2.247050777077674866e-02 2.054744586348533630e-02 -1.171887588500976562e+01 0.000000000000000000e+00 -4.850909579545259476e-03 0.000000000000000000e+00 5.000000000000000000e+01 0.000000000000000000e+00
4.848766326904296875e-01 4.948396086692810059e-01 2.247050777077674866e-02 2.054744586348533630e-02 -1.171887588500976562e+01 0.000000000000000000e+00 -4.850909579545259476e-03 0.000000000000000000e+00 5.000000000000000000e+01 0.000000000000000000e+00
4.848766326904296875e-01 4.948396086692810059e-01 2.247050777077674866e-02 2.054744586348533630e-02 -1.171887588500976562e+01 0.000000000000000000e+00 -4.850909579545259476e-03 0.000000000000000000e+00 5.000000000000000000e+01 0.000000000000000000e+00
4.848766326904296875e-01 4.948396086692810059e-01 2.247050777077674866e-02 2.054744586348533630e-02 -1.171887588500976562e+01 0.000000000000000000e+00 -4.850909579545259476e-03 0.000000000000000000e+00 5.000000000000000000e+01 0.000000000000000000e+00
4.848766326904296875e-01 4.948396086692810059e-01 2.247050777077674866e-02 2.054744586348533630e-02 -1.171887588500976562e+01 0.000000000000000000e+00 -4.850909579545259476e-03 0.000000000000000000e+00 5.000000000000000000e+01 0.000000000000000000e+00
4.848766326904296875e-01 4.948396086692810059e-01 2.247050777077674866e-02 2.054744586348533630e-02 -1.171887588500976562e+01 0.000000000000000000e+00 -4.850909579545259476e-03 0.000000000000000000e+00 5.000000000000000000e+01 0.000000000000000000e+00
4.848766326904296875e-01 4.948396086692810059e-01 2.247050777077674866e-02 2.054744586348533630e-02 -1.171887588500976562e+01 0.000000000000000000e+00 -4.850909579545259476e-03 0.000000000000000000e+00 5.000000000000000000e+01 0.000000000000000000e+00
4.848766326904296875e-01 4.948396086692810059e-01 2.247050777077674866e-02 2.054744586348533630e-02 -1.171887588500976562e+01 0.000000000000000000e+00 -4.850909579545259476e-03 0.000000000000000000e+00 5.000000000000000000e+01 0.000000000000000000e+00
4.848766326904296875e-01 4.948396086692810059e-01 2.247050777077674866e-02 2.054744586348533630e-02 -1.171887588500976562e+01 0.000000000000000000e+00 -4.850909579545259476e-03 0.000000000000000000e+00 5.000000000000000000e+01 0.000000000000000000e+00
4.848766326904296875e-01 4.948396086692810059e-01 2.247050777077674866e-02 2.054744586348533630e-02 -1.171887588500976562e+01 0.000000000000000000e+00 -4.850909579545259476e-03 0.000000000000000000e+00 5.000000000000000000e+01 0.000000000000000000e+00
4.848766326904296875e-01 4.948396086692810059e-01 2.247050777077674866e-02 2.054744586348533630e-02 -1.171887588500976562e+01 0.000000000000000000e+00 -4.850909579545259476e-03 0.000000000000000000e+00 5.000000000000000000e+01 0.000000000000000000e+00
4.848766326904296875e-01 4.948396086692810059e-01 2.247050777077674866e-02 2.054744586348533630e-02 -1.171887588500976562e+01 0.000000000000000000e+00 -4.850909579545259476e-03 0.000000000000000000e+00 5.000000000000000000e+01 0.000000000000000000e+00
4.848766326904296875e-01 4.948396086692810059e-01 2.247050777077674866e-02 2.054744586348533630e-02 -1.171887588500976562e+01 0.000000000000000000e+00 -4.850909579545259476e-03 0.000000000000000000e+00 5.000000000000000000e+01 0.000000000000000000e+00
4.848766326904296875e-01 4.948396086692810059e-01 2.247050777077674866e-02 2.054744586348533630e-02 -1.171887588500976562e+01 0.000000000000000000e+00 -4.850909579545259476e-03 0.000000000000000000e+00 5.000000000000000000e+01 0.000000000000000000e+00
4.848766326904296875e-01 4.948396086692810059e-01 2.247050777077674866e-02 2.054744586348533630e-02 -1.171887588500976562e+01 0.000000000000000000e+00 -4.850909579545259476e-03 0.000000000000000000e+00 5.000000000000000000e+01 0.000000000000000000e+00
4.848766326904296875e-01 4.948396086692810059e-01 2.247050777077674866e-02 2.054744586348533630e-02 -1.171887588500976562e+01 0.000000000000000000e+00 -4.850909579545259476e-03 0.000000000000000000e+00 5.000000000000000000e+01 0.000000000000000000e+00
4.848766326904296875e-01 4.948396086692810059e-01 2.247050777077674866e-02 2.054744586348533630e-02 -1.171887588500976562e+01 0.000000000000000000e+00 -4.850909579545259476e-03 0.000000000000000000e+00 5.000000000000000000e+01 0.000000000000000000e+00
4.848766326904296875e-01 4.948396086692810059e-01 2.247050777077674866e-02 2.054744586348533630e-02 -1.171887588500976562e+01 0.000000000000000000e+00 -4.850909579545259476e-03 0.000000000000000000e+00 5.000000000000000000e+01 0.000000000000000000e+00
4.848766326904296875e-01 4.948396086692810059e-01 2.247050777077674866e-02 2.054744586348533630e-02 -1.171887588500976562e+01 0.000000000000000000e+00 -4.850909579545259476e-03 0.000000000000000000e+00 5.000000000000000000e+01 0.000000000000000000e+00
4.848766326904296875e-01 4.948396086692810059e-01 2.247050777077674866e-02 2.054744586348533630e-02 -1.171887588500976562e+01 0.000000000000000000e+00 -4.850909579545259476e-03 0.000000000000000000e+00 5.000000000000000000e+01 0.000000000000000000e+00
4.848766326904296875e-01 4.948396086692810059e-01 2.247050777077674866e-02 2.054744586348533630e-02 -1.171887588500976562e+01 0.000000000000000000e+00 -4.850909579545259476e-03 0.000000000000000000e+00 5.000000000000000000e+01 0.000000000000000000e+00
4.848766326904296875e-01 4.948396086692810059e-01 2.247050777077674866e-02 2.054744586348533630e-02 -1.171887588500976562e+01 0.000000000000000000e+00 -4.850909579545259476e-03 0.000000000000000000e+00 5.000000000000000000e+01 0.000000000000000000e+00
4.848766326904296875e-01 4.948396086692810059e-01 2.247050777077674866e-02 2.054744586348533630e-02 -1.171887588500976562e+01 0.000000000000000000e+00 -4.850909579545259476e-03 0.000000000000000000e+00 5.000000000000000000e+01 0.000000000000000000e+00
4.848766326904296875e-01 4.948396086692810059e-01 2.247050777077674866e-02 2.054744586348533630e-02 -1.171887588500976562e+01 0.000000000000000000e+00 -4.850909579545259476e-03 0.000000000000000000e+00 5.000000000000000000e+01 0.000000000000000000e+00
4.848766326904296875e-01 4.948396086692810059e-01 2.247050777077674866e-02 2.054744586348533630e-02 -1.171887588500976562e+01 0.000000000000000000e+00 -4.850909579545259476e-03 0.000000000000000000e+00 5.000000000000000000e+01 0.000000000000000000e+00
4.848766326904296875e-01 4.948396086692810059e-01 2.247050777077674866e-02 2.054744586348533630e-02 -1.171887588500976562e+01 0.000000000000000000e+00 -4.850909579545259476e-03 0.000000000000000000e+00 5.000000000000000000e+01 0.000000000000000000e+00
4.848766326904296875e-01 4.948396086692810059e-01 2.247050777077674866e-02 2.054744586348533630e-02 -1.171887588500976562e+01 0.000000000000000000e+00 -4.850909579545259476e-03 0.000000000000000000e+00 5.000000000000000000e+01 0.000000000000000000e+00
4.848766326904296875e-01 4.948396086692810059e-01 2.247050777077674866e-02 2.054744586348533630e-02 -1.171887588500976562e+01 0.000000000000000000e+00 -4.850909579545259476e-03 0.000000000000000000e+00 5.000000000000000000e+01 0.000000000000000000e+00
4.848766326904296875e-01 4.948396086692810059e-01 2.247050777077674866e-02 2.054744586348533630e-02 -1.171887588500976562e+01 0.000000000000000000e+00 -4.850909579545259476e-03 0.000000000000000000e+00 5.000000000000000000e+01 0.000000000000000000e+00
4.848766326904296875e-01 4.948396086692810059e-01 2.247050777077674866e-02 2.054744586348533630e-02 -1.171887588500976562e+01 0.000000000000000000e+00 -4.850909579545259476e-03 0.000000000000000000e+00 5.000000000000000000e+01 0.000000000000000000e+00
4.848766326904296875e-01 4.948396086692810059e-01 2.247050777077674866e-02 2.054744586348533630e-02 -1.171887588500976562e+01 0.000000000000000000e+00 -4.850909579545259476e-03 0.000000000000000000e+00 5.000000000000000000e+01 0.000000000000000000e+00
4.848766326904296875e-01 4.948396086692810059e-01 2.247050777077674866e-02 2.054744586348533630e-02 -1.171887588500976562e+01 0.000000000000000000e+00 -4.850909579545259476e-03 0.000000000000000000e+00 5.000000000000000000e+01 0.000000000000000000e+00
4.848766326904296875e-01 4.948396086692810059e-01 2.247050777077674866e-02 2.054744586348533630e-02 -1.171887588500976562e+01 0.000000000000000000e+00 -4.850909579545259476e-03 0.000000000000000000e+00 5.000000000000000000e+01 0.000000000000000000e+00
4.848766326904296875e-01 4.948396086692810059e-01 2.247050777077674866e-02 2.054744586348533630e-02 -1.171887588500976562e+01 0.000000000000000000e+00 -4.850909579545259476e-03 0.000000000000000000e+00 5.000000000000000000e+01 0.000000000000000000e+00
4.848766326904296875e-01 4.948396086692810059e-01 2.247050777077674866e-02 2.054744586348533630e-02 -1.171887588500976562e+01 0.000000000000000000e+00 -4.850909579545259476e-03 0.000000000000000000e+00 5.000000000000000000e+01 0.000000000000000000e+00
4.848766326904296875e-01 4.948396086692810059e-01 2.247050777077674866e-02 2.054744586348533630e-02 -1.171887588500976562e+01 0.000000000000000000e+00 -4.850909579545259476e-03 0.000000000000000000e+00 5.000000000000000000e+01 0.000000000000000000e+00
4.848766326904296875e-01 4.948396086692810059e-01 2.247050777077674866e-02 2.054744586348533630e-02 -1.171887588500976562e+01 0.000000000000000000e+00 -4.850909579545259476e-03 0.000000000000000000e+00 5.000000000000000000e+01 0.000000000000000000e+00
4.848766326904296875e-01 4.948396086692810059e-01 2.247050777077674866e-02 2.054744586348533630e-02 -1.171887588500976562e+01 0.000000000000000000e+00 -4.850909579545259476e-03 0.000000000000000000e+00 5.000000000000000000e+01 0.000000000000000000e+00
4.848766326904296875e-01 4.948396086692810059e-01 2.247050777077674866e-02 2.054744586348533630e-02 -1.171887588500976562e+01 0.000000000000000000e+00 -4.850909579545259476e-03 0.000000000000000000e+00 5.000000000000000000e+01 0.000000000000000000e+00
4.848766326904296875e-01 4.948396086692810059e-01 2.247050777077674866e-02 2.054744586348533630e-02 -1.171887588500976562e+01 0.000000000000000000e+00 -4.850909579545259476e-03 0.000000000000000000e+00 5.000000000000000000e+01 0.000000000000000000e+00
4.848766326904296875e-01 4.948396086692810059e-01 2.247050777077674866e-02 2.054744586348533630e-02 -1.171887588500976562e+01 0.000000000000000000e+00 -4.850909579545259476e-03 0.000000000000000000e+00 5.000000000000000000e+01 0.000000000000000000e+00
4.848766326904296875e-01 4.948396086692810059e-01 2.247050777077674866e-02 2.054744586348533630e-02 -1.171887588500976562e+01 0.000000000000000000e+00 -4.850909579545259476e-03 0.000000000000000000e+00 5.000000000000000000e+01 0.000000000000000000e+00
4.848766326904296875e-01 4.948396086692810059e-01 2.247050777077674866e-02 2.054744586348533630e-02 -1.171887588500976562e+01 0.000000000000000000e+00 -4.850909579545259476e-03 0.000000000000000000e+00 5.000000000000000000e+01 0.000000000000000000e+00
