4.061360955238342285e-01 2.389681935310363770e-01 -4.060370922088623047e-01 -4.116056263446807861e-01 -4.275588226318359375e+01 -7.613790035247802734e-01 -1.769836246967315674e-02 -6.163189536891877651e-04 5.500000000000000000e+01 5.000000000000000000e+00
4.061360955238342285e-01 2.397184073925018311e-01 -4.044023752212524414e-01 -4.097584187984466553e-01 -4.265718078613281250e+01 -6.626771688461303711e-01 -1.765750534832477570e-02 -5.364220705814659595e-04 5.400000000000000000e+01 4.000000000000000000e+00
4.061360955238342285e-01 2.412028461694717407e-01 -4.004598259925842285e-01 -4.061034023761749268e-01 -4.216981506347656250e+01 -1.753113865852355957e-01 -1.745576597750186920e-02 -1.419105683453381062e-04 5.200000000000000000e+01 2.000000000000000000e+00
4.061360955238342285e-01 2.412028461694717407e-01 -4.004598259925842285e-01 -4.061034023761749268e-01 -4.216981506347656250e+01 -1.753113865852355957e-01 -1.745576597750186920e-02 -1.419105683453381062e-04 5.200000000000000000e+01 2.000000000000000000e+00
4.061360955238342285e-01 2.412028461694717407e-01 -4.004598259925842285e-01 -4.061034023761749268e-01 -4.216981506347656250e+01 -1.753113865852355957e-01 -1.745576597750186920e-02 -1.419105683453381062e-04 5.200000000000000000e+01 2.000000000000000000e+00
4.061360955238342285e-01 2.412028461694717407e-01 -4.004598259925842285e-01 -4.061034023761749268e-01 -4.216981506347656250e+01 -1.753113865852355957e-01 -1.745576597750186920e-02 -1.419105683453381062e-04 5.200000000000000000e+01 2.000000000000000000e+00
4.061360955238342285e-01 2.412028461694717407e-01 -4.004598259925842285e-01 -4.061034023761749268e-01 -4.216981506347656250e+01 -1.753113865852355957e-01 -1.745576597750186920e-02 -1.419105683453381062e-04 5.200000000000000000e+01 2.000000000000000000e+00
4.061360955238342285e-01 2.412028461694717407e-01 -4.004598259925842285e-01 -4.061034023761749268e-01 -4.216981506347656250e+01 -1.753113865852355957e-01 -1.745576597750186920e-02 -1.419105683453381062e-04 5.200000000000000000e+01 2.000000000000000000e+00
4.061360955238342285e-01 2.422188520431518555e-01 -3.978301584720611572e-01 -4.036017656326293945e-01 -4.204280853271484375e+01 -4.830682277679443359e-02 -1.740319281816482544e-02 -3.910327359335497022e-05 5.100000000000000000e+01 1.000000000000000000e+00
4.061360955238342285e-01 2.422188520431518555e-01 -3.978301584720611572e-01 -4.036017656326293945e-01 -4.204280853271484375e+01 -4.830682277679443359e-02 -1.740319281816482544e-02 -3.910327359335497022e-05 5.100000000000000000e+01 1.000000000000000000e+00
4.061360955238342285e-01 2.422188520431518555e-01 -3.978301584720611572e-01 -4.036017656326293945e-01 -4.204280853271484375e+01 -4.830682277679443359e-02 -1.740319281816482544e-02 -3.910327359335497022e-05 5.100000000000000000e+01 1.000000000000000000e+00
4.061360955238342285e-01 2.436610311269760132e-01 -3.940974771976470947e-01 -4.000507891178131104e-01 -4.199450683593750000e+01 0.000000000000000000e+00 -1.738319918513298035e-02 0.000000000000000000e+00 5.000000000000000000e+01 0.000000000000000000e+00
4.061360955238342285e-01 2.436610311269760132e-01 -3.940974771976470947e-01 -4.000507891178131104e-01 -4.199450683593750000e+01 0.000000000000000000e+00 -1.738319918513298035e-02 0.000000000000000000e+00 5.000000000000000000e+01 0.000000000000000000e+00
4.061360955238342285e-01 2.436610311269760132e-01 -3.940974771976470947e-01 -4.000507891178131104e-01 -4.199450683593750000e+01 0.000000000000000000e+00 -1.738319918513298035e-02 0.000000000000000000e+00 5.000000000000000000e+01 0.000000000000000000e+00
4.061360955238342285e-01 2.436610311269760132e-01 -3.940974771976470947e-01 -4.000507891178131104e-01 -4.199450683593750000e+01 0.000000000000000000e+00 -1.738319918513298035e-02 0.000000000000000000e+00 5.000000000000000000e+01 0.000000000000000000e+00
4.061360955238342285e-01 2.436610311269760132e-01 -3.940974771976470947e-01 -4.000507891178131104e-01 -4.199450683593750000e+01 0.000000000000000000e+00 -1.738319918513298035e-02 0.000000000000000000e+00 5.000000000000000000e+01 0.000000000000000000e+00
4.061360955238342285e-01 2.436610311269760132e-01 -3.940974771976470947e-01 -4.000507891178131104e-01 -4.199450683593750000e+01 0.000000000000000000e+00 -1.738319918513298035e-02 0.000000000000000000e+00 5.000000000000000000e+01 0.000000000000000000e+00
4.061360955238342285e-01 2.436610311269760132e-01 -3.940974771976470947e-01 -4.000507891178131104e-01 -4.199450683593750000e+01 0.000000000000000000e+00 -1.738319918513298035e-02 0.000000000000000000e+00 5.000000000000000000e+01 0.000000000000000000e+00
4.061360955238342285e-01 2.436610311269760132e-01 -3.940974771976470947e-01 -4.000507891178131104e-01 -4.199450683593750000e+01 0.000000000000000000e+00 -1.738319918513298035e-02 0.000000000000000000e+00 5.000000000000000000e+01 0.000000000000000000e+00
4.061360955238342285e-01 2.436610311269760132e-01 -3.940974771976470947e-01 -4.000507891178131104e-01 -4.199450683593750000e+01 0.000000000000000000e+00 -1.738319918513298035e-02 0.000000000000000000e+00 5.000000000000000000e+01 0.000000000000000000e+00
4.061360955238342285e-01 2.436610311269760132e-01 -3.940974771976470947e-01 -4.000507891178131104e-01 -4.199450683593750000e+01 0.000000000000000000e+00 -1.738319918513298035e-02 0.000000000000000000e+00 5.000000000000000000e+01 0.000000000000000000e+00
4.061360955238342285e-01 2.436610311269760132e-01 -3.940974771976470947e-01 -4.000507891178131104e-01 -4.199450683593750000e+01 0.000000000000000000e+00 -1.738319918513298035e-02 0.000000000000000000e+00 5.000000000000000000e+01 0.000000000000000000e+00
4.061360955238342285e-01 2.436610311269760132e-01 -3.940974771976470947e-01 -4.000507891178131104e-01 -4.199450683593750000e+01 0.000000000000000000e+00 -1.738319918513298035e-02 0.000000000000000000e+00 5.000000000000000000e+01 0.000000000000000000e+00
4.061360955238342285e-01 2.436610311269760132e-01 -3.940974771976470947e-01 -4.000507891178131104e-01 -4.199450683593750000e+01 0.000000000000000000e+00 -1.738319918513298035e-02 0.000000000000000000e+00 5.000000000000000000e+01 0.000000000000000000e+00
4.061360955238342285e-01 2.436610311269760132e-01 -3.940974771976470947e-01 -4.000507891178131104e-01 -4.199450683593750000e+01 0.000000000000000000e+00 -1.738319918513298035e-02 0.000000000000000000e+00 5.000000000000000000e+01 0.000000000000000000e+00
4.061360955238342285e-01 2.436610311269760132e-01 -3.940974771976470947e-01 -4.000507891178131104e-01 -4.199450683593750000e+01 0.000000000000000000e+00 -1.738319918513298035e-02 0.000000000000000000e+00 5.000000000000000000e+01 0.000000000000000000e+00
4.061360955238342285e-01 2.436610311269760132e-01 -3.940974771976470947e-01 -4.000507891178131104e-01 -4.199450683593750000e+01 0.000000000000000000e+00 -1.738319918513298035e-02 0.000000000000000000e+00 5.000000000000000000e+01 0.000000000000000000e+00
4.061360955238342285e-01 2.436610311269760132e-01 -3.940974771976470947e-01 -4.000507891178131104e-01 -4.199450683593750000e+01 0.000000000000000000e+00 -1.738319918513298035e-02 0.000000000000000000e+00 5.000000000000000000e+01 0.000000000000000000e+00
4.061360955238342285e-01 2.436610311269760132e-01 -3.940974771976470947e-01 -4.000507891178131104e-01 -4.199450683593750000e+01 0.000000000000000000e+00 -1.738319918513298035e-02 0.000000000000000000e+00 5.000000000000000000e+01 0.000000000000000000e+00
4.061360955238342285e-01 2.436610311269760132e-01 -3.940974771976470947e-01 -4.000507891178131104e-01 -4.199450683593750000e+01 0.000000000000000000e+00 -1.738319918513298035e-02 0.000000000000000000e+00 5.000000000000000000e+01 0.000000000000000000e+00
4.061360955238342285e-01 2.436610311269760132e-01 -3.940974771976470947e-01 -4.000507891178131104e-01 -4.199450683593750000e+01 0.000000000000000000e+00 -1.738319918513298035e-02 0.000000000000000000e+00 5.000000000000000000e+01 0.000000000000000000e+00
4.061360955238342285e-01 2.436610311269760132e-01 -3.940974771976470947e-01 -4.000507891178131104e-01 -4.199450683593750000e+01 0.000000000000000000e+00 -1.738319918513298035e-02 0.000000000000000000e+00 5.000000000000000000e+01 0.000000000000000000e+00
4.061360955238342285e-01 2.436610311269760132e-01 -3.940974771976470947e-01 -4.000507891178131104e-01 -4.199450683593750000e+01 0.000000000000000000e+00 -1.738319918513298035e-02 0.000000000000000000e+00 5.000000000000000000e+01 0.000000000000000000e+00
4.061360955238342285e-01 2.436610311269760132e-01 -3.940974771976470947e-01 -4.000507891178131104e-01 -4.199450683593750000e+01 0.000000000000000000e+00 -1.738319918513298035e-02 0.000000000000000000e+00 5.000000000000000000e+01 0.000000000000000000e+00
4.061360955238342285e-01 2.436610311269760132e-01 -3.940974771976470947e-01 -4.000507891178131104e-01 -4.199450683593750000e+01 0.000000000000000000e+00 -1.738319918513298035e-02 0.000000000000000000e+00 5.000000000000000000e+01 0.000000000000000000e+00
4.061360955238342285e-01 2.436610311269760132e-01 -3.940974771976470947e-01 -4.000507891178131104e-01 -4.199450683593750000e+01 0.000000000000000000e+00 -1.738319918513298035e-02 0.000000000000000000e+00 5.000000000000000000e+01 0.000000000000000000e+00
4.061360955238342285e-01 2.436610311269760132e-01 -3.940974771976470947e-01 -4.000507891178131104e-01 -4.199450683593750000e+01 0.000000000000000000e+00 -1.738319918513298035e-02 0.000000000000000000e+00 5.000000000000000000e+01 0.000000000000000000e+00
4.061360955238342285e-01 2.436610311269760132e-01 -3.940974771976470947e-01 -4.000507891178131104e-01 -4.199450683593750000e+01 0.000000000000000000e+00 -1.738319918513298035e-02 0.000000000000000000e+00 5.000000000000000000e+01 0.000000000000000000e+00
4.061360955238342285e-01 2.436610311269760132e-01 -3.940974771976470947e-01 -4.000507891178131104e-01 -4.199450683593750000e+01 0.000000000000000000e+00 -1.738319918513298035e-02 0.000000000000000000e+00 5.000000000000000000e+01 0.000000000000000000e+00
4.061360955238342285e-01 2.436610311269760132e-01 -3.940974771976470947e-01 -4.000507891178131104e-01 -4.199450683593750000e+01 0.000000000000000000e+00 -1.738319918513298035e-02 0.000000000000000000e+00 5.000000000000000000e+01 0.000000000000000000e+00
4.061360955238342285e-01 2.436610311269760132e-01 -3.940974771976470947e-01 -4.000507891178131104e-01 -4.199450683593750000e+01 0.000000000000000000e+00 -1.738319918513298035e-02 0.000000000000000000e+00 5.000000000000000000e+01 0.000000000000000000e+00
4.061360955238342285e-01 2.436610311269760132e-01 -3.940974771976470947e-01 -4.000507891178131104e-01 -4.199450683593750000e+01 0.000000000000000000e+00 -1.738319918513298035e-02 0.000000000000000000e+00 5.000000000000000000e+01 0.000000000000000000e+00
4.061360955238342285e-01 2.436610311269760132e-01 -3.940974771976470947e-01 -4.000507891178131104e-01 -4.199450683593750000e+01 0.000000000000000000e+00 -1.738319918513298035e-02 0.000000000000000000e+00 5.000000000000000000e+01 0.000000000000000000e+00
4.061360955238342285e-01 2.436610311269760132e-01 -3.940974771976470947e-01 -4.000507891178131104e-01 -4.199450683593750000e+01 0.000000000000000000e+00 -1.738319918513298035e-02 0.000000000000000000e+00 5.000000000000000000e+01 0.000000000000000000e+00
4.061360955238342285e-01 2.436610311269760132e-01 -3.940974771976470947e-01 -4.000507891178131104e-01 -4.199450683593750000e+01 0.000000000000000000e+00 -1.738319918513298035e-02 0.000000000000000000e+00 5.000000000000000000e+01 0.000000000000000000e+00
4.061360955238342285e-01 2.436610311269760132e-01 -3.940974771976470947e-01 -4.000507891178131104e-01 -4.199450683593750000e+01 0.000000000000000000e+00 -1.738319918513298035e-02 0.000000000000000000e+00 5.000000000000000000e+01 0.000000000000000000e+00
4.061360955238342285e-01 2.436610311269760132e-01 -3.940974771976470947e-01 -4.000507891178131104e-01 -4.199450683593750000e+01 0.000000000000000000e+00 -1.738319918513298035e-02 0.000000000000000000e+00 5.000000000000000000e+01 0.000000000000000000e+00
4.061360955238342285e-01 2.436610311269760132e-01 -3.940974771976470947e-01 -4.000507891178131104e-01 -4.199450683593750000e+01 0.000000000000000000e+00 -1.738319918513298035e-02 0.000000000000000000e+00 5.000000000000000000e+01 0.000000000000000000e+00
4.061360955238342285e-01 2.436610311269760132e-01 -3.940974771976470947e-01 -4.000507891178131104e-01 -4.199450683593750000e+01 0.000000000000000000e+00 -1.738319918513298035e-02 0.000000000000000000e+00 5.000000000000000000e+01 0.000000000000000000e+00
4.061360955238342285e-01 2.436610311269760132e-01 -3.940974771976470947e-01 -4.000507891178131104e-01 -4.199450683593750000e+01 0.000000000000000000e+00 -1.738319918513298035e-02 0.000000000000000000e+00 5.000000000000000000e+01 0.000000000000000000e+00
4.061360955238342285e-01 2.436610311269760132e-01 -3.940974771976470947e-01 -4.000507891178131104e-01 -4.199450683593750000e+01 0.000000000000000000e+00 -1.738319918513298035e-02 0.000000000000000000e+00 5.000000000000000000e+01 0.000000000000000000e+00
4.061360955238342285e-01 2.436610311269760132e-01 -3.940974771976470947e-01 -4.000507891178131104e-01 -4.199450683593750000e+01 0.000000000000000000e+00 -1.738319918513298035e-02 0.000000000000000000e+00 5.000000000000000000e+01 0.000000000000000000e+00
4.061360955238342285e-01 2.436610311269760132e-01 -3.940974771976470947e-01 -4.000507891178131104e-01 -4.199450683593750000e+01 0.000000000000000000e+00 -1.738319918513298035e-02 0.000000000000000000e+00 5.000000000000000000e+01 0.000000000000000000e+00
4.061360955238342285e-01 2.436610311269760132e-01 -3.940974771976470947e-01 -4.000507891178131104e-01 -4.199450683593750000e+01 0.000000000000000000e+00 -1.738319918513298035e-02 0.000000000000000000e+00 5.000000000000000000e+01 0.000000000000000000e+00
4.061360955238342285e-01 2.436610311269760132e-01 -3.940974771976470947e-01 -4.000507891178131104e-01 -4.199450683593750000e+01 0.000000000000000000e+00 -1.738319918513298035e-02 0.000000000000000000e+00 5.000000000000000000e+01 0.000000000000000000e+00
4.061360955238342285e-01 2.436610311269760132e-01 -3.940974771976470947e-01 -4.000507891178131104e-01 -4.199450683593750000e+01 0.000000000000000000e+00 -1.738319918513298035e-02 0.000000000000000000e+00 5.000000000000000000e+01 0.000000000000000000e+00
4.061360955238342285e-01 2.436610311269760132e-01 -3.940974771976470947e-01 -4.000507891178131104e-01 -4.199450683593750000e+01 0.000000000000000000e+00 -1.738319918513298035e-02 0.000000000000000000e+00 5.000000000000000000e+01 0.000000000000000000e+00
4.061360955238342285e-01 2.436610311269760132e-01 -3.940974771976470947e-01 -4.000507891178131104e-01 -4.199450683593750000e+01 0.000000000000000000e+00 -1.738319918513298035e-02 0.000000000000000000e+00 5.000000000000000000e+01 0.000000000000000000e+00
4.061360955238342285e-01 2.436610311269760132e-01 -3.940974771976470947e-01 -4.000507891178131104e-01 -4.199450683593750000e+01 0.000000000000000000e+00 -1.738319918513298035e-02 0.000000000000000000e+00 5.000000000000000000e+01 0.000000000000000000e+00
4.061360955238342285e-01 2.436610311269760132e-01 -3.940974771976470947e-01 -4.000507891178131104e-01 -4.199450683593750000e+01 0.000000000000000000e+00 -1.738319918513298035e-02 0.000000000000000000e+00 5.000000000000000000e+01 0.000000000000000000e+00
4.061360955238342285e-01 2.436610311269760132e-01 -3.940974771976470947e-01 -4.000507891178131104e-01 -4.199450683593750000e+01 0.000000000000000000e+00 -1.738319918513298035e-02 0.000000000000000000e+00 5.000000000000000000e+01 0.000000000000000000e+00
4.061360955238342285e-01 2.436610311269760132e-01 -3.940974771976470947e-01 -4.000507891178131104e-01 -4.199450683593750000e+01 0.000000000000000000e+00 -1.738319918513298035e-02 0.000000000000000000e+00 5.000000000000000000e+01 0.000000000000000000e+00
4.061360955238342285e-01 2.436610311269760132e-01 -3.940974771976470947e-01 -4.000507891178131104e-01 -4.199450683593750000e+01 0.000000000000000000e+00 -1.738319918513298035e-02 0.000000000000000000e+00 5.000000000000000000e+01 0.000000000000000000e+00
4.061360955238342285e-01 2.436610311269760132e-01 -3.940974771976470947e-01 -4.000507891178131104e-01 -4.199450683593750000e+01 0.000000000000000000e+00 -1.738319918513298035e-02 0.000000000000000000e+00 5.000000000000000000e+01 0.000000000000000000e+00
4.061360955238342285e-01 2.436610311269760132e-01 -3.940974771976470947e-01 -4.000507891178131104e-01 -4.199450683593750000e+01 0.000000000000000000e+00 -1.738319918513298035e-02 0.000000000000000000e+00 5.000000000000000000e+01 0.000000000000000000e+00
4.061360955238342285e-01 2.436610311269760132e-01 -3.940974771976470947e-01 -4.000507891178131104e-01 -4.199450683593750000e+01 0.000000000000000000e+00 -1.738319918513298035e-02 0.000000000000000000e+00 5.000000000000000000e+01 0.000000000000000000e+00
4.061360955238342285e-01 2.436610311269760132e-01 -3.940974771976470947e-01 -4.000507891178131104e-01 -4.199450683593750000e+01 0.000000000000000000e+00 -1.738319918513298035e-02 0.000000000000000000e+00 5.000000000000000000e+01 0.000000000000000000e+00
4.061360955238342285e-01 2.436610311269760132e-01 -3.940974771976470947e-01 -4.000507891178131104e-01 -4.199450683593750000e+01 0.000000000000000000e+00 -1.738319918513298035e-02 0.000000000000000000e+00 5.000000000000000000e+01 0.000000000000000000e+00
4.061360955238342285e-01 2.436610311269760132e-01 -3.940974771976470947e-01 -4.000507891178131104e-01 -4.199450683593750000e+01 0.000000000000000000e+00 -1.738319918513298035e-02 0.000000000000000000e+00 5.000000000000000000e+01 0.000000000000000000e+00
4.061360955238342285e-01 2.436610311269760132e-01 -3.940974771976470947e-01 -4.000507891178131104e-01 -4.199450683593750000e+01 0.000000000000000000e+00 -1.738319918513298035e-02 0.000000000000000000e+00 5.000000000000000000e+01 0.000000000000000000e+00
4.061360955238342285e-01 2.436610311269760132e-01 -3.940974771976470947e-01 -4.000507891178131104e-01 -4.199450683593750000e+01 0.000000000000000000e+00 -1.738319918513298035e-02 0.000000000000000000e+00 5.000000000000000000e+01 0.000000000000000000e+00
4.061360955238342285e-01 2.436610311269760132e-01 -3.940974771976470947e-01 -4.000507891178131104e-01 -4.199450683593750000e+01 0.000000000000000000e+00 -1.738319918513298035e-02 0.000000000000000000e+00 5.000000000000000000e+01 0.000000000000000000e+00
4.061360955238342285e-01 2.436610311269760132e-01 -3.940974771976470947e-01 -4.000507891178131104e-01 -4.199450683593750000e+01 0.000000000000000000e+00 -1.738319918513298035e-02 0.000000000000000000e+00 5.000000000000000000e+01 0.000000000000000000e+00
4.061360955238342285e-01 2.436610311269760132e-01 -3.940974771976470947e-01 -4.000507891178131104e-01 -4.199450683593750000e+01 0.000000000000000000e+00 -1.738319918513298035e-02 0.000000000000000000e+00 5.000000000000000000e+01 0.000000000000000000e+00
4.061360955238342285e-01 2.436610311269760132e-01 -3.940974771976470947e-01 -4.000507891178131104e-01 -4.199450683593750000e+01 0.000000000000000000e+00 -1.738319918513298035e-02 0.000000000000000000e+00 5.000000000000000000e+01 0.000000000000000000e+00
4.061360955238342285e-01 2.436610311269760132e-01 -3.940974771976470947e-01 -4.000507891178131104e-01 -4.199450683593750000e+01 0.000000000000000000e+00 -1.738319918513298035e-02 0.000000000000000000e+00 5.000000000000000000e+01 0.000000000000000000e+00
4.061360955238342285e-01 2.436610311269760132e-01 -3.940974771976470947e-01 -4.000507891178131104e-01 -4.199450683593750000e+01 0.000000000000000000e+00 -1.738319918513298035e-02 0.000000000000000000e+00 5.000000000000000000e+01 0.000000000000000000e+00
4.061360955238342285e-01 2.436610311269760132e-01 -3.940974771976470947e-01 -4.000507891178131104e-01 -4.199450683593750000e+01 0.000000000000000000e+00 -1.738319918513298035e-02 0.000000000000000000e+00 5.000000000000000000e+01 0.000000000000000000e+00
4.061360955238342285e-01 2.436610311269760132e-01 -3.940974771976470947e-01 -4.000507891178131104e-01 -4.199450683593750000e+01 0.000000000000000000e+00 -1.738319918513298035e-02 0.000000000000000000e+00 5.000000000000000000e+01 0.000000000000000000e+00
4.061360955238342285e-01 2.436610311269760132e-01 -3.940974771976470947e-01 -4.000507891178131104e-01 -4.199450683593750000e+01 0.000000000000000000e+00 -1.738319918513298035e-02 0.000000000000000000e+00 5.000000000000000000e+01 0.000000000000000000e+00
4.061360955238342285e-01 2.436610311269760132e-01 -3.940974771976470947e-01 -4.000507891178131104e-01 -4.199450683593750000e+01 0.000000000000000000e+00 -1.738319918513298035e-02 0.000000000000000000e+00 5.000000000000000000e+01 0.000000000000000000e+00
4.061360955238342285e-01 2.436610311269760132e-01 -3.940974771976470947e-01 -4.000507891178131104e-01 -4.199450683593750000e+01 0.000000000000000000e+00 -1.738319918513298035e-02 0.000000000000000000e+00 5.000000000000000000e+01 0.000000000000000000e+00
4.061360955238342285e-01 2.436610311269760132e-01 -3.940974771976470947e-01 -4.000507891178131104e-01 -4.199450683593750000e+01 0.000000000000000000e+00 -1.738319918513298035e-02 0.000000000000000000e+00 5.000000000000000000e+01 0.000000000000000000e+00
4.061360955238342285e-01 2.436610311269760132e-01 -3.940974771976470947e-01 -4.000507891178131104e-01 -4.199450683593750000e+01 0.000000000000000000e+00 -1.738319918513298035e-02 0.000000000000000000e+00 5.000000000000000000e+01 0.000000000000000000e+00
4.061360955238342285e-01 2.436610311269760132e-01 -3.940974771976470947e-01 -4.000507891178131104e-01 -4.199450683593750000e+01 0.000000000000000000e+00 -1.738319918513298035e-02 0.000000000000000000e+00 5.000000000000000000e+01 0.000000000000000000e+00
4.061360955238342285e-01 2.436610311269760132e-01 -3.940974771976470947e-01 -4.000507891178131104e-01 -4.199450683593750000e+01 0.000000000000000000e+00 -1.738319918513298035e-02 0.000000000000000000e+00 5.000000000000000000e+01 0.000000000000000000e+00
4.061360955238342285e-01 2.436610311269760132e-01 -3.940974771976470947e-01 -4.000507891178131104e-01 -4.199450683593750000e+01 0.000000000000000000e+00 -1.738319918513298035e-02 0.000000000000000000e+00 5.000000000000000000e+01 0.000000000000000000e+00
4.061360955238342285e-01 2.436610311269760132e-01 -3.940974771976470947e-01 -4.000507891178131104e-01 -4.199450683593750000e+01 0.000000000000000000e+00 -1.738319918513298035e-02 0.000000000000000000e+00 5.000000000000000000e+01 0.000000000000000000e+00
4.061360955238342285e-01 2.436610311269760132e-01 -3.940974771976470947e-01 -4.000507891178131104e-01 -4.199450683593750000e+01 0.000000000000000000e+00 -1.738319918513298035e-02 0.000000000000000000e+00 5.000000000000000000e+01 0.000000000000000000e+00
4.061360955238342285e-01 2.436610311269760132e-01 -3.940974771976470947e-01 -4.000507891178131104e-01 -4.199450683593750000e+01 0.000000000000000000e+00 -1.738319918513298035e-02 0.000000000000000000e+00 5.000000000000000000e+01 0.000000000000000000e+00
4.061360955238342285e-01 2.436610311269760132e-01 -3.940974771976470947e-01 -4.000507891178131104e-01 -4.199450683593750000e+01 0.000000000000000000e+00 -1.738319918513298035e-02 0.000000000000000000e+00 5.000000000000000000e+01 0.000000000000000000e+00
