4.887485504150390625e-01 8.208650946617126465e-01 6.860780119895935059e-01 6.795243620872497559e-01 -8.955908203125000000e+01 -7.921092224121093750e+01 -3.707206994295120239e-02 -1.389710307121276855e-01 6.350000000000000000e+02 5.850000000000000000e+02
4.887485504150390625e-01 8.208650946617126465e-01 6.860780119895935059e-01 6.795243620872497559e-01 -8.955908203125000000e+01 -7.921092224121093750e+01 -3.707206994295120239e-02 -1.389710307121276855e-01 6.350000000000000000e+02 5.850000000000000000e+02
4.887485504150390625e-01 8.208649754524230957e-01 6.860778927803039551e-01 6.795241236686706543e-01 -8.885889434814453125e+01 -7.851074218750000000e+01 -3.678223490715026855e-02 -1.377425938844680786e-01 6.330000000000000000e+02 5.830000000000000000e+02
4.887485504150390625e-01 8.208649754524230957e-01 6.860778927803039551e-01 6.795241236686706543e-01 -8.885889434814453125e+01 -7.851074218750000000e+01 -3.678223490715026855e-02 -1.377425938844680786e-01 6.330000000000000000e+02 5.830000000000000000e+02
4.887485504150390625e-01 8.213564753532409668e-01 6.869608759880065918e-01 6.805297136306762695e-01 -8.731765747070312500e+01 -7.696949768066406250e+01 -3.614425659179687500e-02 -1.350385695695877075e-01 6.310000000000000000e+02 5.810000000000000000e+02
4.887485504150390625e-01 8.216574192047119141e-01 6.876603364944458008e-01 6.811454892158508301e-01 -8.478501892089843750e+01 -7.443685913085937500e+01 -3.509589657187461853e-02 -1.305952072143554688e-01 6.280000000000000000e+02 5.780000000000000000e+02
4.887485504150390625e-01 8.216574192047119141e-01 6.876603364944458008e-01 6.811454892158508301e-01 -8.478501892089843750e+01 -7.443685913085937500e+01 -3.509589657187461853e-02 -1.305952072143554688e-01 6.280000000000000000e+02 5.780000000000000000e+02
4.887485504150390625e-01 8.229759931564331055e-01 6.900294423103332520e-01 6.838433146476745605e-01 -8.358483886718750000e+01 -7.323667907714843750e+01 -3.459909558296203613e-02 -1.284895539283752441e-01 6.260000000000000000e+02 5.760000000000000000e+02
4.887485504150390625e-01 8.229758739471435547e-01 6.900292634963989258e-01 6.838430762290954590e-01 -8.245367431640625000e+01 -7.210550689697265625e+01 -3.413086012005805969e-02 -1.265049874782562256e-01 6.240000000000000000e+02 5.740000000000000000e+02
4.887485504150390625e-01 8.229758739471435547e-01 6.900292634963989258e-01 6.838430762290954590e-01 -8.245367431640625000e+01 -7.210550689697265625e+01 -3.413086012005805969e-02 -1.265049874782562256e-01 6.240000000000000000e+02 5.740000000000000000e+02
4.887485504150390625e-01 8.229766488075256348e-01 6.900305151939392090e-01 6.838446855545043945e-01 -8.189901733398437500e+01 -7.155085754394531250e+01 -3.390126675367355347e-02 -1.255318820476531982e-01 6.230000000000000000e+02 5.730000000000000000e+02
4.887485504150390625e-01 8.225632309913635254e-01 6.893305778503417969e-01 6.829988360404968262e-01 -6.690287780761718750e+01 -5.655471038818359375e+01 -2.769376523792743683e-02 -9.922199696302413940e-02 6.020000000000000000e+02 5.520000000000000000e+02
4.887485504150390625e-01 8.243014216423034668e-01 6.924550533294677734e-01 6.865552067756652832e-01 -6.156656646728515625e+01 -5.121840286254882812e+01 -2.548485435545444489e-02 -8.985975384712219238e-02 5.910000000000000000e+02 5.410000000000000000e+02
4.887485504150390625e-01 8.254261612892150879e-01 6.940940022468566895e-01 6.888564825057983398e-01 -5.606853485107421875e+01 -4.572037124633789062e+01 -2.320900000631809235e-02 -8.021377027034759521e-02 5.770000000000000000e+02 5.270000000000000000e+02
4.887485504150390625e-01 8.254825472831726074e-01 6.941978335380554199e-01 6.889718770980834961e-01 -5.259416198730468750e+01 -4.224600219726562500e+01 -2.177081815898418427e-02 -7.411818951368331909e-02 5.660000000000000000e+02 5.160000000000000000e+02
4.887485504150390625e-01 8.254846930503845215e-01 6.942003965377807617e-01 6.889762282371520996e-01 -5.197573089599609375e+01 -4.162756729125976562e+01 -2.151482552289962769e-02 -7.303318381309509277e-02 5.610000000000000000e+02 5.110000000000000000e+02
4.887485504150390625e-01 8.145719170570373535e-01 6.706644892692565918e-01 6.666482686996459961e-01 -4.965701675415039062e+01 -3.930885314941406250e+01 -2.055501751601696014e-02 -6.896512955427169800e-02 5.530000000000000000e+02 5.030000000000000000e+02
4.887485504150390625e-01 8.154338002204895020e-01 6.723560690879821777e-01 6.684116721153259277e-01 -4.813422012329101562e+01 -3.778605651855468750e+01 -1.992467045783996582e-02 -6.629347056150436401e-02 5.470000000000000000e+02 4.970000000000000000e+02
4.887485504150390625e-01 8.151159286499023438e-01 6.722793579101562500e-01 6.677613258361816406e-01 -4.327535629272460938e+01 -3.292719268798828125e+01 -1.791339367628097534e-02 -5.776887387037277222e-02 5.330000000000000000e+02 4.830000000000000000e+02
4.887485504150390625e-01 8.110738396644592285e-01 6.626693606376647949e-01 6.594910621643066406e-01 -4.008583831787109375e+01 -2.973767662048339844e+01 -1.659312471747398376e-02 -5.217304825782775879e-02 5.180000000000000000e+02 4.680000000000000000e+02
4.887485504150390625e-01 8.183864355087280273e-01 6.797559261322021484e-01 6.744529008865356445e-01 -3.082919502258300781e+01 -2.048103141784667969e+01 -1.276143174618482590e-02 -3.593279421329498291e-02 4.430000000000000000e+02 3.930000000000000000e+02
4.887485504150390625e-01 8.172354698181152344e-01 6.770750284194946289e-01 6.720979809761047363e-01 -2.511672401428222656e+01 -1.476856040954589844e+01 -1.039681211113929749e-02 -2.591059356927871704e-02 3.910000000000000000e+02 3.410000000000000000e+02
4.887485504150390625e-01 8.033949732780456543e-01 6.489719152450561523e-01 6.437797546386718750e-01 -2.132952499389648438e+01 -1.098136234283447266e+01 -8.829140104353427887e-03 -1.926617138087749481e-02 3.530000000000000000e+02 3.030000000000000000e+02
4.887485504150390625e-01 7.948129177093505859e-01 6.296127438545227051e-01 6.262205243110656738e-01 -1.976328659057617188e+01 -9.415122985839843750e+00 -8.180811069905757904e-03 -1.651829294860363007e-02 3.150000000000000000e+02 2.650000000000000000e+02
4.887485504150390625e-01 8.017274141311645508e-01 6.434316635131835938e-01 6.403678655624389648e-01 -1.836231613159179688e+01 -8.014152526855468750e+00 -7.600894197821617126e-03 -1.406037155538797379e-02 2.860000000000000000e+02 2.360000000000000000e+02
4.887485504150390625e-01 8.082538247108459473e-01 6.599894762039184570e-01 6.537211537361145020e-01 -1.675385665893554688e+01 -6.405694007873535156e+00 -6.935088429600000381e-03 -1.123842317610979080e-02 2.670000000000000000e+02 2.170000000000000000e+02
4.887485504150390625e-01 8.063876628875732422e-01 6.569377183914184570e-01 6.499029397964477539e-01 -1.603694152832031250e+01 -5.688778877258300781e+00 -6.638329010456800461e-03 -9.980636648833751678e-03 2.470000000000000000e+02 1.970000000000000000e+02
4.887485504150390625e-01 8.069625496864318848e-01 6.563816666603088379e-01 6.510791778564453125e-01 -1.551894378662109375e+01 -5.170781135559082031e+00 -6.423908751457929611e-03 -9.071839042007923126e-03 2.350000000000000000e+02 1.850000000000000000e+02
4.887485504150390625e-01 7.948205471038818359e-01 6.284117698669433594e-01 6.262361407279968262e-01 -1.474740409851074219e+01 -4.399241447448730469e+00 -6.104537751525640488e-03 -7.718217093497514725e-03 2.220000000000000000e+02 1.720000000000000000e+02
4.887485504150390625e-01 7.674831151962280273e-01 5.753980278968811035e-01 5.703026056289672852e-01 -1.239745140075683594e+01 -2.049288749694824219e+00 -5.131798796355724335e-03 -3.595359623432159424e-03 1.590000000000000000e+02 1.090000000000000000e+02
4.887485504150390625e-01 7.554834485054016113e-01 5.459159612655639648e-01 5.457507967948913574e-01 -1.135817718505859375e+01 -1.010014772415161133e+00 -4.701601807028055191e-03 -1.772013027220964432e-03 1.290000000000000000e+02 7.900000000000000000e+01
4.887485504150390625e-01 7.399104833602905273e-01 5.109536647796630859e-01 5.138878226280212402e-01 -1.111380004882812500e+01 -7.656376957893371582e-01 -4.600444342941045761e-03 -1.343267504125833511e-03 1.170000000000000000e+02 6.700000000000000000e+01
4.887485504150390625e-01 6.987177133560180664e-01 4.253702461719512939e-01 4.296056926250457764e-01 -1.076684570312500000e+01 -4.186833500862121582e-01 -4.456826485693454742e-03 -7.345559424720704556e-04 9.900000000000000000e+01 4.900000000000000000e+01
4.887485504150390625e-01 6.854572892189025879e-01 3.973976075649261475e-01 4.024743139743804932e-01 -1.066716861724853516e+01 -3.190062642097473145e-01 -4.415566101670265198e-03 -5.596781847998499870e-04 9.100000000000000000e+01 4.100000000000000000e+01
4.887485504150390625e-01 6.622410416603088379e-01 3.459189832210540771e-01 3.549728989601135254e-01 -1.059491729736328125e+01 -2.467547655105590820e-01 -4.385658074170351028e-03 -4.329170915298163891e-04 8.600000000000000000e+01 3.600000000000000000e+01
4.887485504150390625e-01 6.384376883506774902e-01 2.965028584003448486e-01 3.062702417373657227e-01 -1.054009342193603516e+01 -1.919314861297607422e-01 -4.362964536994695663e-03 -3.367328026797622442e-04 8.000000000000000000e+01 3.000000000000000000e+01
4.887485504150390625e-01 6.301332116127014160e-01 2.804546356201171875e-01 2.892789244651794434e-01 -1.052830791473388672e+01 -1.801453828811645508e-01 -4.358085803687572479e-03 -3.160547639708966017e-04 7.800000000000000000e+01 2.800000000000000000e+01
4.887485504150390625e-01 6.203716993331909180e-01 2.579504251480102539e-01 2.693064808845520020e-01 -1.050330638885498047e+01 -1.551439762115478516e-01 -4.347736947238445282e-03 -2.721912169363349676e-04 7.500000000000000000e+01 2.500000000000000000e+01
4.887485504150390625e-01 5.584149360656738281e-01 1.317834854125976562e-01 1.425403356552124023e-01 -1.041220664978027344e+01 -6.404393911361694336e-02 -4.310027230530977249e-03 -1.123614201787859201e-04 6.300000000000000000e+01 1.300000000000000000e+01
4.887485504150390625e-01 5.442681908607482910e-01 1.057428047060966492e-01 1.135955080389976501e-01 -1.038672256469726562e+01 -3.856086730957031250e-02 -4.299478139728307724e-03 -6.765282887499779463e-05 6.000000000000000000e+01 1.000000000000000000e+01
4.887485504150390625e-01 5.093188285827636719e-01 3.729911521077156067e-02 4.208765178918838501e-02 -1.035814666748046875e+01 -9.984731674194335938e-03 -4.287649411708116531e-03 -1.751763920765370131e-05 5.600000000000000000e+01 6.000000000000000000e+00
4.887485504150390625e-01 5.018817782402038574e-01 2.232189849019050598e-02 2.687113359570503235e-02 -1.035465812683105469e+01 -6.495952606201171875e-03 -4.286205396056175232e-03 -1.139677624450996518e-05 5.500000000000000000e+01 5.000000000000000000e+00
4.887485504150390625e-01 4.955398440361022949e-01 9.544178843498229980e-03 1.389527134597301483e-02 -1.035191440582275391e+01 -3.751575946807861328e-03 -4.285069648176431656e-03 -6.581924935744609684e-06 5.400000000000000000e+01 4.000000000000000000e+00
4.887485504150390625e-01 4.955398440361022949e-01 9.544178843498229980e-03 1.389527134597301483e-02 -1.035191440582275391e+01 -3.751575946807861328e-03 -4.285069648176431656e-03 -6.581924935744609684e-06 5.400000000000000000e+01 4.000000000000000000e+00
4.887485504150390625e-01 4.940381050109863281e-01 6.577310618013143539e-03 1.082265004515647888e-02 -1.034903240203857422e+01 -8.697509765625000000e-04 -4.283876623958349228e-03 -1.525928269074938726e-06 5.300000000000000000e+01 3.000000000000000000e+00
4.887485504150390625e-01 4.817677438259124756e-01 -1.824774220585823059e-02 -1.428302284330129623e-02 -1.034816932678222656e+01 -7.212162017822265625e-06 -4.283519461750984192e-03 -1.265332461031221101e-08 5.100000000000000000e+01 1.000000000000000000e+00
4.887485504150390625e-01 4.817677438259124756e-01 -1.824774220585823059e-02 -1.428302284330129623e-02 -1.034816932678222656e+01 -7.212162017822265625e-06 -4.283519461750984192e-03 -1.265332461031221101e-08 5.100000000000000000e+01 1.000000000000000000e+00
4.887485504150390625e-01 4.817677438259124756e-01 -1.824774220585823059e-02 -1.428302284330129623e-02 -1.034816932678222656e+01 -7.212162017822265625e-06 -4.283519461750984192e-03 -1.265332461031221101e-08 5.100000000000000000e+01 1.000000000000000000e+00
4.887485504150390625e-01 4.817677438259124756e-01 -1.824774220585823059e-02 -1.428302284330129623e-02 -1.034816932678222656e+01 -7.212162017822265625e-06 -4.283519461750984192e-03 -1.265332461031221101e-08 5.100000000000000000e+01 1.000000000000000000e+00
4.887485504150390625e-01 4.817677438259124756e-01 -1.824774220585823059e-02 -1.428302284330129623e-02 -1.034816932678222656e+01 -7.212162017822265625e-06 -4.283519461750984192e-03 -1.265332461031221101e-08 5.100000000000000000e+01 1.000000000000000000e+00
4.887485504150390625e-01 4.817677438259124756e-01 -1.824774220585823059e-02 -1.428302284330129623e-02 -1.034816932678222656e+01 -7.212162017822265625e-06 -4.283519461750984192e-03 -1.265332461031221101e-08 5.100000000000000000e+01 1.000000000000000000e+00
4.887485504150390625e-01 4.817677438259124756e-01 -1.824774220585823059e-02 -1.428302284330129623e-02 -1.034816932678222656e+01 -7.212162017822265625e-06 -4.283519461750984192e-03 -1.265332461031221101e-08 5.100000000000000000e+01 1.000000000000000000e+00
4.887485504150390625e-01 4.817677438259124756e-01 -1.824774220585823059e-02 -1.428302284330129623e-02 -1.034816932678222656e+01 -7.212162017822265625e-06 -4.283519461750984192e-03 -1.265332461031221101e-08 5.100000000000000000e+01 1.000000000000000000e+00
4.887485504150390625e-01 4.817677438259124756e-01 -1.824774220585823059e-02 -1.428302284330129623e-02 -1.034816932678222656e+01 -7.212162017822265625e-06 -4.283519461750984192e-03 -1.265332461031221101e-08 5.100000000000000000e+01 1.000000000000000000e+00
4.887485504150390625e-01 4.817677438259124756e-01 -1.824774220585823059e-02 -1.428302284330129623e-02 -1.034816932678222656e+01 -7.212162017822265625e-06 -4.283519461750984192e-03 -1.265332461031221101e-08 5.100000000000000000e+01 1.000000000000000000e+00
4.887485504150390625e-01 4.817677438259124756e-01 -1.824774220585823059e-02 -1.428302284330129623e-02 -1.034816932678222656e+01 -7.212162017822265625e-06 -4.283519461750984192e-03 -1.265332461031221101e-08 5.100000000000000000e+01 1.000000000000000000e+00
4.887485504150390625e-01 4.817677438259124756e-01 -1.824774220585823059e-02 -1.428302284330129623e-02 -1.034816932678222656e+01 -7.212162017822265625e-06 -4.283519461750984192e-03 -1.265332461031221101e-08 5.100000000000000000e+01 1.000000000000000000e+00
4.887485504150390625e-01 4.817677438259124756e-01 -1.824774220585823059e-02 -1.428302284330129623e-02 -1.034816932678222656e+01 -7.212162017822265625e-06 -4.283519461750984192e-03 -1.265332461031221101e-08 5.100000000000000000e+01 1.000000000000000000e+00
4.887485504150390625e-01 4.817677438259124756e-01 -1.824774220585823059e-02 -1.428302284330129623e-02 -1.034816932678222656e+01 -7.212162017822265625e-06 -4.283519461750984192e-03 -1.265332461031221101e-08 5.100000000000000000e+01 1.000000000000000000e+00
4.887485504150390625e-01 4.817677438259124756e-01 -1.824774220585823059e-02 -1.428302284330129623e-02 -1.034816932678222656e+01 -7.212162017822265625e-06 -4.283519461750984192e-03 -1.265332461031221101e-08 5.100000000000000000e+01 1.000000000000000000e+00
4.887485504150390625e-01 4.780278801918029785e-01 -2.776186913251876831e-02 -2.193493954837322235e-02 -1.034816265106201172e+01 0.000000000000000000e+00 -4.283516667783260345e-03 0.000000000000000000e+00 5.000000000000000000e+01 0.000000000000000000e+00
4.887485504150390625e-01 4.780278801918029785e-01 -2.776186913251876831e-02 -2.193493954837322235e-02 -1.034816265106201172e+01 0.000000000000000000e+00 -4.283516667783260345e-03 0.000000000000000000e+00 5.000000000000000000e+01 0.000000000000000000e+00
4.887485504150390625e-01 4.780278801918029785e-01 -2.776186913251876831e-02 -2.193493954837322235e-02 -1.034816265106201172e+01 0.000000000000000000e+00 -4.283516667783260345e-03 0.000000000000000000e+00 5.000000000000000000e+01 0.000000000000000000e+00
4.887485504150390625e-01 4.780278801918029785e-01 -2.776186913251876831e-02 -2.193493954837322235e-02 -1.034816265106201172e+01 0.000000000000000000e+00 -4.283516667783260345e-03 0.000000000000000000e+00 5.000000000000000000e+01 0.000000000000000000e+00
4.887485504150390625e-01 4.780278801918029785e-01 -2.776186913251876831e-02 -2.193493954837322235e-02 -1.034816265106201172e+01 0.000000000000000000e+00 -4.283516667783260345e-03 0.000000000000000000e+00 5.000000000000000000e+01 0.000000000000000000e+00
4.887485504150390625e-01 4.780278801918029785e-01 -2.776186913251876831e-02 -2.193493954837322235e-02 -1.034816265106201172e+01 0.000000000000000000e+00 -4.283516667783260345e-03 0.000000000000000000e+00 5.000000000000000000e+01 0.000000000000000000e+00
4.887485504150390625e-01 4.780278801918029785e-01 -2.776186913251876831e-02 -2.193493954837322235e-02 -1.034816265106201172e+01 0.000000000000000000e+00 -4.283516667783260345e-03 0.000000000000000000e+00 5.000000000000000000e+01 0.000000000000000000e+00
4.887485504150390625e-01 4.780278801918029785e-01 -2.776186913251876831e-02 -2.193493954837322235e-02 -1.034816265106201172e+01 0.000000000000000000e+00 -4.283516667783260345e-03 0.000000000000000000e+00 5.000000000000000000e+01 0.000000000000000000e+00
4.887485504150390625e-01 4.780278801918029785e-01 -2.776186913251876831e-02 -2.193493954837322235e-02 -1.034816265106201172e+01 0.000000000000000000e+00 -4.283516667783260345e-03 0.000000000000000000e+00 5.000000000000000000e+01 0.000000000000000000e+00
4.887485504150390625e-01 4.780278801918029785e-01 -2.776186913251876831e-02 -2.193493954837322235e-02 -1.034816265106201172e+01 0.000000000000000000e+00 -4.283516667783260345e-03 0.000000000000000000e+00 5.000000000000000000e+01 0.000000000000000000e+00
4.887485504150390625e-01 4.780278801918029785e-01 -2.776186913251876831e-02 -2.193493954837322235e-02 -1.034816265106201172e+01 0.000000000000000000e+00 -4.283516667783260345e-03 0.000000000000000000e+00 5.000000000000000000e+01 0.000000000000000000e+00
4.887485504150390625e-01 4.780278801918029785e-01 -2.776186913251876831e-02 -2.193493954837322235e-02 -1.034816265106201172e+01 0.000000000000000000e+00 -4.283516667783260345e-03 0.000000000000000000e+00 5.000000000000000000e+01 0.000000000000000000e+00
4.887485504150390625e-01 4.780278801918029785e-01 -2.776186913251876831e-02 -2.193493954837322235e-02 -1.034816265106201172e+01 0.000000000000000000e+00 -4.283516667783260345e-03 0.000000000000000000e+00 5.000000000000000000e+01 0.000000000000000000e+00
4.887485504150390625e-01 4.780278801918029785e-01 -2.776186913251876831e-02 -2.193493954837322235e-02 -1.034816265106201172e+01 0.000000000000000000e+00 -4.283516667783260345e-03 0.000000000000000000e+00 5.000000000000000000e+01 0.000000000000000000e+00
4.887485504150390625e-01 4.780278801918029785e-01 -2.776186913251876831e-02 -2.193493954837322235e-02 -1.034816265106201172e+01 0.000000000000000000e+00 -4.283516667783260345e-03 0.000000000000000000e+00 5.000000000000000000e+01 0.000000000000000000e+00
4.887485504150390625e-01 4.780278801918029785e-01 -2.776186913251876831e-02 -2.193493954837322235e-02 -1.034816265106201172e+01 0.000000000000000000e+00 -4.283516667783260345e-03 0.000000000000000000e+00 5.000000000000000000e+01 0.000000000000000000e+00
4.887485504150390625e-01 4.780278801918029785e-01 -2.776186913251876831e-02 -2.193493954837322235e-02 -1.034816265106201172e+01 0.000000000000000000e+00 -4.283516667783260345e-03 0.000000000000000000e+00 5.000000000000000000e+01 0.000000000000000000e+00
4.887485504150390625e-01 4.780278801918029785e-01 -2.776186913251876831e-02 -2.193493954837322235e-02 -1.034816265106201172e+01 0.000000000000000000e+00 -4.283516667783260345e-03 0.000000000000000000e+00 5.000000000000000000e+01 0.000000000000000000e+00
4.887485504150390625e-01 4.780278801918029785e-01 -2.776186913251876831e-02 -2.193493954837322235e-02 -1.034816265106201172e+01 0.000000000000000000e+00 -4.283516667783260345e-03 0.000000000000000000e+00 5.000000000000000000e+01 0.000000000000000000e+00
4.887485504150390625e-01 4.780278801918029785e-01 -2.776186913251876831e-02 -2.193493954837322235e-02 -1.034816265106201172e+01 0.000000000000000000e+00 -4.283516667783260345e-03 0.000000000000000000e+00 5.000000000000000000e+01 0.000000000000000000e+00
4.887485504150390625e-01 4.780278801918029785e-01 -2.776186913251876831e-02 -2.193493954837322235e-02 -1.034816265106201172e+01 0.000000000000000000e+00 -4.283516667783260345e-03 0.000000000000000000e+00 5.000000000000000000e+01 0.000000000000000000e+00
4.887485504150390625e-01 4.780278801918029785e-01 -2.776186913251876831e-02 -2.193493954837322235e-02 -1.034816265106201172e+01 0.000000000000000000e+00 -4.283516667783260345e-03 0.000000000000000000e+00 5.000000000000000000e+01 0.000000000000000000e+00
4.887485504150390625e-01 4.780278801918029785e-01 -2.776186913251876831e-02 -2.193493954837322235e-02 -1.034816265106201172e+01 0.000000000000000000e+00 -4.283516667783260345e-03 0.000000000000000000e+00 5.000000000000000000e+01 0.000000000000000000e+00
4.887485504150390625e-01 4.780278801918029785e-01 -2.776186913251876831e-02 -2.193493954837322235e-02 -1.034816265106201172e+01 0.000000000000000000e+00 -4.283516667783260345e-03 0.000000000000000000e+00 5.000000000000000000e+01 0.000000000000000000e+00
4.887485504150390625e-01 4.780278801918029785e-01 -2.776186913251876831e-02 -2.193493954837322235e-02 -1.034816265106201172e+01 0.000000000000000000e+00 -4.283516667783260345e-03 0.000000000000000000e+00 5.000000000000000000e+01 0.000000000000000000e+00
4.887485504150390625e-01 4.780278801918029785e-01 -2.776186913251876831e-02 -2.193493954837322235e-02 -1.034816265106201172e+01 0.000000000000000000e+00 -4.283516667783260345e-03 0.000000000000000000e+00 5.000000000000000000e+01 0.000000000000000000e+00
4.887485504150390625e-01 4.780278801918029785e-01 -2.776186913251876831e-02 -2.193493954837322235e-02 -1.034816265106201172e+01 0.000000000000000000e+00 -4.283516667783260345e-03 0.000000000000000000e+00 5.000000000000000000e+01 0.000000000000000000e+00
4.887485504150390625e-01 4.780278801918029785e-01 -2.776186913251876831e-02 -2.193493954837322235e-02 -1.034816265106201172e+01 0.000000000000000000e+00 -4.283516667783260345e-03 0.000000000000000000e+00 5.000000000000000000e+01 0.000000000000000000e+00
4.887485504150390625e-01 4.780278801918029785e-01 -2.776186913251876831e-02 -2.193493954837322235e-02 -1.034816265106201172e+01 0.000000000000000000e+00 -4.283516667783260345e-03 0.000000000000000000e+00 5.000000000000000000e+01 0.000000000000000000e+00
4.887485504150390625e-01 4.780278801918029785e-01 -2.776186913251876831e-02 -2.193493954837322235e-02 -1.034816265106201172e+01 0.000000000000000000e+00 -4.283516667783260345e-03 0.000000000000000000e+00 5.000000000000000000e+01 0.000000000000000000e+00
4.887485504150390625e-01 4.780278801918029785e-01 -2.776186913251876831e-02 -2.193493954837322235e-02 -1.034816265106201172e+01 0.000000000000000000e+00 -4.283516667783260345e-03 0.000000000000000000e+00 5.000000000000000000e+01 0.000000000000000000e+00
