4.701512157917022705e-01 5.854038596153259277e-01 2.175812125205993652e-01 2.451395243406295776e-01 -9.028189849853515625e+01 -6.090649414062500000e+01 -3.737127408385276794e-02 -7.749847322702407837e-02 2.770000000000000000e+02 2.290000000000000000e+02
4.701512157917022705e-01 5.907533168792724609e-01 2.292602062225341797e-01 2.565176784992218018e-01 -8.602230834960937500e+01 -5.664690399169921875e+01 -3.560806065797805786e-02 -7.207849621772766113e-02 2.710000000000000000e+02 2.230000000000000000e+02
4.701512157917022705e-01 5.925682187080383301e-01 2.332619428634643555e-01 2.603779435157775879e-01 -8.330979919433593750e+01 -5.393438720703125000e+01 -3.448524326086044312e-02 -6.862704455852508545e-02 2.670000000000000000e+02 2.190000000000000000e+02
4.701512157917022705e-01 5.957503914833068848e-01 2.398281395435333252e-01 2.671463489532470703e-01 -8.019641113281250000e+01 -5.082100677490234375e+01 -3.319649025797843933e-02 -6.466552615165710449e-02 2.620000000000000000e+02 2.140000000000000000e+02
4.701512157917022705e-01 5.957503914833068848e-01 2.398281395435333252e-01 2.671463489532470703e-01 -8.019641113281250000e+01 -5.082100677490234375e+01 -3.319649025797843933e-02 -6.466552615165710449e-02 2.620000000000000000e+02 2.140000000000000000e+02
4.701512157917022705e-01 5.953350067138671875e-01 2.389694750308990479e-01 2.662628293037414551e-01 -7.863072967529296875e+01 -4.925532531738281250e+01 -3.254839032888412476e-02 -6.267332285642623901e-02 2.590000000000000000e+02 2.110000000000000000e+02
4.701512157917022705e-01 6.009107828140258789e-01 2.523446977138519287e-01 2.781223654747009277e-01 -7.408860778808593750e+01 -4.471320343017578125e+01 -3.066822513937950134e-02 -5.689384788274765015e-02 2.500000000000000000e+02 2.020000000000000000e+02
4.701512157917022705e-01 6.012936234474182129e-01 2.531140744686126709e-01 2.789366543292999268e-01 -7.114796447753906250e+01 -4.177256393432617188e+01 -2.945097535848617554e-02 -5.315212905406951904e-02 2.450000000000000000e+02 1.970000000000000000e+02
4.701512157917022705e-01 6.010200381278991699e-01 2.525577247142791748e-01 2.783547341823577881e-01 -6.633169555664062500e+01 -3.695628738403320312e+01 -2.745733037590980530e-02 -4.702381417155265808e-02 2.390000000000000000e+02 1.910000000000000000e+02
4.701512157917022705e-01 6.004132032394409180e-01 2.513383030891418457e-01 2.770640254020690918e-01 -6.521823883056640625e+01 -3.584283447265625000e+01 -2.699642628431320190e-02 -4.560703784227371216e-02 2.370000000000000000e+02 1.890000000000000000e+02
4.701512157917022705e-01 6.004132032394409180e-01 2.513383030891418457e-01 2.770640254020690918e-01 -6.441889953613281250e+01 -3.504349136352539062e+01 -2.666554786264896393e-02 -4.458994045853614807e-02 2.340000000000000000e+02 1.860000000000000000e+02
4.701512157917022705e-01 6.031302213668823242e-01 2.566765844821929932e-01 2.828430533409118652e-01 -5.426567840576171875e+01 -2.489027214050292969e+01 -2.246272563934326172e-02 -3.167080879211425781e-02 2.140000000000000000e+02 1.660000000000000000e+02
4.701512157917022705e-01 5.999556779861450195e-01 2.490755766630172729e-01 2.760908901691436768e-01 -5.145270538330078125e+01 -2.207729721069335938e+01 -2.129832468926906586e-02 -2.809153310954570770e-02 2.070000000000000000e+02 1.590000000000000000e+02
4.701512157917022705e-01 5.974673032760620117e-01 2.432715594768524170e-01 2.707981765270233154e-01 -4.782693481445312500e+01 -1.845153045654296875e+01 -1.979747228324413300e-02 -2.347804419696331024e-02 1.950000000000000000e+02 1.470000000000000000e+02
4.701512157917022705e-01 5.964125394821166992e-01 2.410945892333984375e-01 2.685547173023223877e-01 -4.629043197631835938e+01 -1.691502571105957031e+01 -1.916145347058773041e-02 -2.152296900749206543e-02 1.900000000000000000e+02 1.420000000000000000e+02
4.701512157917022705e-01 5.972998142242431641e-01 2.427276968955993652e-01 2.704419195652008057e-01 -4.471831512451171875e+01 -1.534290504455566406e+01 -1.851069182157516479e-02 -1.952257566154003143e-02 1.850000000000000000e+02 1.370000000000000000e+02
4.701512157917022705e-01 5.938869118690490723e-01 2.359951883554458618e-01 2.631827592849731445e-01 -4.209696960449218750e+01 -1.272156238555908203e+01 -1.742561161518096924e-02 -1.618713513016700745e-02 1.780000000000000000e+02 1.300000000000000000e+02
4.701512157917022705e-01 5.875132083892822266e-01 2.212068885564804077e-01 2.496260553598403931e-01 -4.163368988037109375e+01 -1.225828266143798828e+01 -1.723384298384189606e-02 -1.559764984995126724e-02 1.730000000000000000e+02 1.250000000000000000e+02
4.701512157917022705e-01 5.819956660270690918e-01 2.100150585174560547e-01 2.378903776407241821e-01 -4.063739013671875000e+01 -1.126198291778564453e+01 -1.682143472135066986e-02 -1.432994101196527481e-02 1.690000000000000000e+02 1.210000000000000000e+02
4.701512157917022705e-01 5.819956660270690918e-01 2.100150436162948608e-01 2.378903776407241821e-01 -4.056967163085937500e+01 -1.119426536560058594e+01 -1.679340377449989319e-02 -1.424377597868442535e-02 1.680000000000000000e+02 1.200000000000000000e+02
4.701512157917022705e-01 5.610715150833129883e-01 1.664823144674301147e-01 1.933852285146713257e-01 -3.678325653076171875e+01 -7.407850742340087891e+00 -1.522605493664741516e-02 -9.425876662135124207e-03 1.420000000000000000e+02 9.400000000000000000e+01
4.701512157917022705e-01 5.572624206542968750e-01 1.573888361454010010e-01 1.852833777666091919e-01 -3.355713653564453125e+01 -4.181732177734375000e+00 -1.389063522219657898e-02 -5.320908036082983017e-03 1.200000000000000000e+02 7.200000000000000000e+01
4.701512157917022705e-01 5.523412823677062988e-01 1.472600549459457397e-01 1.748162358999252319e-01 -3.313696670532226562e+01 -3.761560440063476562e+00 -1.371671073138713837e-02 -4.786273930221796036e-03 1.100000000000000000e+02 6.200000000000000000e+01
4.701512157917022705e-01 5.500760674476623535e-01 1.426552981138229370e-01 1.699981838464736938e-01 -3.278993988037109375e+01 -3.414533376693725586e+00 -1.357306167483329773e-02 -4.344711080193519592e-03 1.020000000000000000e+02 5.400000000000000000e+01
4.701512157917022705e-01 5.581030249595642090e-01 1.578865647315979004e-01 1.870713233947753906e-01 -3.204210662841796875e+01 -2.666696071624755859e+00 -1.326350402086973190e-02 -3.393149934709072113e-03 9.600000000000000000e+01 4.800000000000000000e+01
4.701512157917022705e-01 5.583797097206115723e-01 1.584627479314804077e-01 1.876598298549652100e-01 -3.187405967712402344e+01 -2.498653411865234375e+00 -1.319394260644912720e-02 -3.179329447448253632e-03 9.300000000000000000e+01 4.500000000000000000e+01
4.701512157917022705e-01 5.582311749458312988e-01 1.581714302301406860e-01 1.873438954353332520e-01 -3.183676147460937500e+01 -2.461354732513427734e+00 -1.317850314080715179e-02 -3.131870180368423462e-03 9.200000000000000000e+01 4.400000000000000000e+01
4.701512157917022705e-01 5.582311749458312988e-01 1.581714302301406860e-01 1.873438954353332520e-01 -3.183676147460937500e+01 -2.461354732513427734e+00 -1.317850314080715179e-02 -3.131870180368423462e-03 9.200000000000000000e+01 4.400000000000000000e+01
4.701512157917022705e-01 5.549221038818359375e-01 1.519281119108200073e-01 1.803055852651596069e-01 -3.150368690490722656e+01 -2.128280401229858398e+00 -1.304063107818365097e-02 -2.708060666918754578e-03 8.900000000000000000e+01 4.100000000000000000e+01
4.701512157917022705e-01 5.481718182563781738e-01 1.384523510932922363e-01 1.659478843212127686e-01 -3.032725524902343750e+01 -9.518486261367797852e-01 -1.255365926772356033e-02 -1.211148570291697979e-03 7.700000000000000000e+01 2.900000000000000000e+01
4.701512157917022705e-01 5.179408788681030273e-01 7.657408714294433594e-02 1.016474291682243347e-01 -2.978689765930175781e+01 -4.114925265312194824e-01 -1.232998352497816086e-02 -5.235901917330920696e-04 6.800000000000000000e+01 2.000000000000000000e+01
4.701512157917022705e-01 5.083371400833129883e-01 5.711516365408897400e-02 8.122051507234573364e-02 -2.969049072265625000e+01 -3.150850534439086914e-01 -1.229007635265588760e-02 -4.009196418337523937e-04 6.500000000000000000e+01 1.700000000000000000e+01
4.701512157917022705e-01 5.064037442207336426e-01 5.328921228647232056e-02 7.710823416709899902e-02 -2.966813659667968750e+01 -2.927322387695312500e-01 -1.228082366287708282e-02 -3.724775451701134443e-04 6.300000000000000000e+01 1.500000000000000000e+01
4.701512157917022705e-01 5.064037442207336426e-01 5.328921228647232056e-02 7.710823416709899902e-02 -2.966813659667968750e+01 -2.927322387695312500e-01 -1.228082366287708282e-02 -3.724775451701134443e-04 6.300000000000000000e+01 1.500000000000000000e+01
4.701512157917022705e-01 4.710732996463775635e-01 -1.915255561470985413e-02 1.961249625310301781e-03 -2.949509048461914062e+01 -1.196842789649963379e-01 -1.220919284969568253e-02 -1.522883394500240684e-04 5.800000000000000000e+01 1.000000000000000000e+01
4.701512157917022705e-01 4.710732996463775635e-01 -1.915255561470985413e-02 1.961249625310301781e-03 -2.949509048461914062e+01 -1.196842789649963379e-01 -1.220919284969568253e-02 -1.522883394500240684e-04 5.800000000000000000e+01 1.000000000000000000e+01
4.701512157917022705e-01 4.648060798645019531e-01 -3.128950670361518860e-02 -1.136897224932909012e-02 -2.945977973937988281e+01 -8.437263965606689453e-02 -1.219457574188709259e-02 -1.073571984306909144e-04 5.500000000000000000e+01 7.000000000000000000e+00
4.701512157917022705e-01 4.609375596046447754e-01 -3.908198326826095581e-02 -1.959721930325031281e-02 -2.943787384033203125e+01 -6.246715784072875977e-02 -1.218550838530063629e-02 -7.948428537929430604e-05 5.300000000000000000e+01 5.000000000000000000e+00
4.701512157917022705e-01 4.539059698581695557e-01 -5.226137116551399231e-02 -3.455323725938796997e-02 -2.940564918518066406e+01 -3.024125099182128906e-02 -1.217216905206441879e-02 -3.847948755719698966e-05 5.100000000000000000e+01 3.000000000000000000e+00
4.701512157917022705e-01 4.365779161453247070e-01 -8.713579922914505005e-02 -7.140957564115524292e-02 -2.937890434265136719e+01 -3.497004508972167969e-03 -1.216109842061996460e-02 -4.449648713489295915e-06 4.900000000000000000e+01 1.000000000000000000e+00
4.701512157917022705e-01 4.365779161453247070e-01 -8.713579922914505005e-02 -7.140957564115524292e-02 -2.937890434265136719e+01 -3.497004508972167969e-03 -1.216109842061996460e-02 -4.449648713489295915e-06 4.900000000000000000e+01 1.000000000000000000e+00
4.701512157917022705e-01 4.365779161453247070e-01 -8.713579177856445312e-02 -7.140957564115524292e-02 -2.937890434265136719e+01 -3.497004508972167969e-03 -1.216109842061996460e-02 -4.449648713489295915e-06 4.900000000000000000e+01 1.000000000000000000e+00
4.701512157917022705e-01 4.365779161453247070e-01 -8.713579922914505005e-02 -7.140957564115524292e-02 -2.937890434265136719e+01 -3.497004508972167969e-03 -1.216109842061996460e-02 -4.449648713489295915e-06 4.900000000000000000e+01 1.000000000000000000e+00
4.701512157917022705e-01 4.365779161453247070e-01 -8.713579922914505005e-02 -7.140957564115524292e-02 -2.937890434265136719e+01 -3.497004508972167969e-03 -1.216109842061996460e-02 -4.449648713489295915e-06 4.900000000000000000e+01 1.000000000000000000e+00
4.701512157917022705e-01 4.365779161453247070e-01 -8.713579922914505005e-02 -7.140957564115524292e-02 -2.937890434265136719e+01 -3.497004508972167969e-03 -1.216109842061996460e-02 -4.449648713489295915e-06 4.900000000000000000e+01 1.000000000000000000e+00
4.701512157917022705e-01 4.365779161453247070e-01 -8.713579177856445312e-02 -7.140957564115524292e-02 -2.937890434265136719e+01 -3.497004508972167969e-03 -1.216109842061996460e-02 -4.449648713489295915e-06 4.900000000000000000e+01 1.000000000000000000e+00
4.701512157917022705e-01 4.275113642215728760e-01 -1.043596938252449036e-01 -9.069390594959259033e-02 -2.937540626525878906e+01 0.000000000000000000e+00 -1.215965021401643753e-02 0.000000000000000000e+00 4.800000000000000000e+01 0.000000000000000000e+00
4.701512157917022705e-01 4.275113642215728760e-01 -1.043596938252449036e-01 -9.069390594959259033e-02 -2.937540626525878906e+01 0.000000000000000000e+00 -1.215965021401643753e-02 0.000000000000000000e+00 4.800000000000000000e+01 0.000000000000000000e+00
4.701512157917022705e-01 4.275113642215728760e-01 -1.043596938252449036e-01 -9.069390594959259033e-02 -2.937540626525878906e+01 0.000000000000000000e+00 -1.215965021401643753e-02 0.000000000000000000e+00 4.800000000000000000e+01 0.000000000000000000e+00
4.701512157917022705e-01 4.275113642215728760e-01 -1.043596938252449036e-01 -9.069390594959259033e-02 -2.937540626525878906e+01 0.000000000000000000e+00 -1.215965021401643753e-02 0.000000000000000000e+00 4.800000000000000000e+01 0.000000000000000000e+00
4.701512157917022705e-01 4.275113642215728760e-01 -1.043596938252449036e-01 -9.069390594959259033e-02 -2.937540626525878906e+01 0.000000000000000000e+00 -1.215965021401643753e-02 0.000000000000000000e+00 4.800000000000000000e+01 0.000000000000000000e+00
4.701512157917022705e-01 4.275113642215728760e-01 -1.043596938252449036e-01 -9.069390594959259033e-02 -2.937540626525878906e+01 0.000000000000000000e+00 -1.215965021401643753e-02 0.000000000000000000e+00 4.800000000000000000e+01 0.000000000000000000e+00
4.701512157917022705e-01 4.275113642215728760e-01 -1.043596938252449036e-01 -9.069390594959259033e-02 -2.937540626525878906e+01 0.000000000000000000e+00 -1.215965021401643753e-02 0.000000000000000000e+00 4.800000000000000000e+01 0.000000000000000000e+00
4.701512157917022705e-01 4.275113642215728760e-01 -1.043596938252449036e-01 -9.069390594959259033e-02 -2.937540626525878906e+01 0.000000000000000000e+00 -1.215965021401643753e-02 0.000000000000000000e+00 4.800000000000000000e+01 0.000000000000000000e+00
4.701512157917022705e-01 4.275113642215728760e-01 -1.043596938252449036e-01 -9.069390594959259033e-02 -2.937540626525878906e+01 0.000000000000000000e+00 -1.215965021401643753e-02 0.000000000000000000e+00 4.800000000000000000e+01 0.000000000000000000e+00
4.701512157917022705e-01 4.275113642215728760e-01 -1.043596938252449036e-01 -9.069390594959259033e-02 -2.937540626525878906e+01 0.000000000000000000e+00 -1.215965021401643753e-02 0.000000000000000000e+00 4.800000000000000000e+01 0.000000000000000000e+00
4.701512157917022705e-01 4.275113642215728760e-01 -1.043596938252449036e-01 -9.069390594959259033e-02 -2.937540626525878906e+01 0.000000000000000000e+00 -1.215965021401643753e-02 0.000000000000000000e+00 4.800000000000000000e+01 0.000000000000000000e+00
4.701512157917022705e-01 4.275113642215728760e-01 -1.043596938252449036e-01 -9.069390594959259033e-02 -2.937540626525878906e+01 0.000000000000000000e+00 -1.215965021401643753e-02 0.000000000000000000e+00 4.800000000000000000e+01 0.000000000000000000e+00
4.701512157917022705e-01 4.275113642215728760e-01 -1.043596938252449036e-01 -9.069390594959259033e-02 -2.937540626525878906e+01 0.000000000000000000e+00 -1.215965021401643753e-02 0.000000000000000000e+00 4.800000000000000000e+01 0.000000000000000000e+00
4.701512157917022705e-01 4.275113642215728760e-01 -1.043596938252449036e-01 -9.069390594959259033e-02 -2.937540626525878906e+01 0.000000000000000000e+00 -1.215965021401643753e-02 0.000000000000000000e+00 4.800000000000000000e+01 0.000000000000000000e+00
4.701512157917022705e-01 4.275113642215728760e-01 -1.043596938252449036e-01 -9.069390594959259033e-02 -2.937540626525878906e+01 0.000000000000000000e+00 -1.215965021401643753e-02 0.000000000000000000e+00 4.800000000000000000e+01 0.000000000000000000e+00
4.701512157917022705e-01 4.275113642215728760e-01 -1.043596938252449036e-01 -9.069390594959259033e-02 -2.937540626525878906e+01 0.000000000000000000e+00 -1.215965021401643753e-02 0.000000000000000000e+00 4.800000000000000000e+01 0.000000000000000000e+00
4.701512157917022705e-01 4.275113642215728760e-01 -1.043596938252449036e-01 -9.069390594959259033e-02 -2.937540626525878906e+01 0.000000000000000000e+00 -1.215965021401643753e-02 0.000000000000000000e+00 4.800000000000000000e+01 0.000000000000000000e+00
4.701512157917022705e-01 4.275113642215728760e-01 -1.043596938252449036e-01 -9.069390594959259033e-02 -2.937540626525878906e+01 0.000000000000000000e+00 -1.215965021401643753e-02 0.000000000000000000e+00 4.800000000000000000e+01 0.000000000000000000e+00
4.701512157917022705e-01 4.275113642215728760e-01 -1.043596938252449036e-01 -9.069390594959259033e-02 -2.937540626525878906e+01 0.000000000000000000e+00 -1.215965021401643753e-02 0.000000000000000000e+00 4.800000000000000000e+01 0.000000000000000000e+00
4.701512157917022705e-01 4.275113642215728760e-01 -1.043596938252449036e-01 -9.069390594959259033e-02 -2.937540626525878906e+01 0.000000000000000000e+00 -1.215965021401643753e-02 0.000000000000000000e+00 4.800000000000000000e+01 0.000000000000000000e+00
4.701512157917022705e-01 4.275113642215728760e-01 -1.043596938252449036e-01 -9.069390594959259033e-02 -2.937540626525878906e+01 0.000000000000000000e+00 -1.215965021401643753e-02 0.000000000000000000e+00 4.800000000000000000e+01 0.000000000000000000e+00
4.701512157917022705e-01 4.275113642215728760e-01 -1.043596938252449036e-01 -9.069390594959259033e-02 -2.937540626525878906e+01 0.000000000000000000e+00 -1.215965021401643753e-02 0.000000000000000000e+00 4.800000000000000000e+01 0.000000000000000000e+00
4.701512157917022705e-01 4.275113642215728760e-01 -1.043596938252449036e-01 -9.069390594959259033e-02 -2.937540626525878906e+01 0.000000000000000000e+00 -1.215965021401643753e-02 0.000000000000000000e+00 4.800000000000000000e+01 0.000000000000000000e+00
4.701512157917022705e-01 4.275113642215728760e-01 -1.043596938252449036e-01 -9.069390594959259033e-02 -2.937540626525878906e+01 0.000000000000000000e+00 -1.215965021401643753e-02 0.000000000000000000e+00 4.800000000000000000e+01 0.000000000000000000e+00
4.701512157917022705e-01 4.275113642215728760e-01 -1.043596938252449036e-01 -9.069390594959259033e-02 -2.937540626525878906e+01 0.000000000000000000e+00 -1.215965021401643753e-02 0.000000000000000000e+00 4.800000000000000000e+01 0.000000000000000000e+00
4.701512157917022705e-01 4.275113642215728760e-01 -1.043596938252449036e-01 -9.069390594959259033e-02 -2.937540626525878906e+01 0.000000000000000000e+00 -1.215965021401643753e-02 0.000000000000000000e+00 4.800000000000000000e+01 0.000000000000000000e+00
4.701512157917022705e-01 4.275113642215728760e-01 -1.043596938252449036e-01 -9.069390594959259033e-02 -2.937540626525878906e+01 0.000000000000000000e+00 -1.215965021401643753e-02 0.000000000000000000e+00 4.800000000000000000e+01 0.000000000000000000e+00
4.701512157917022705e-01 4.275113642215728760e-01 -1.043596938252449036e-01 -9.069390594959259033e-02 -2.937540626525878906e+01 0.000000000000000000e+00 -1.215965021401643753e-02 0.000000000000000000e+00 4.800000000000000000e+01 0.000000000000000000e+00
4.701512157917022705e-01 4.275113642215728760e-01 -1.043596938252449036e-01 -9.069390594959259033e-02 -2.937540626525878906e+01 0.000000000000000000e+00 -1.215965021401643753e-02 0.000000000000000000e+00 4.800000000000000000e+01 0.000000000000000000e+00
4.701512157917022705e-01 4.275113642215728760e-01 -1.043596938252449036e-01 -9.069390594959259033e-02 -2.937540626525878906e+01 0.000000000000000000e+00 -1.215965021401643753e-02 0.000000000000000000e+00 4.800000000000000000e+01 0.000000000000000000e+00
4.701512157917022705e-01 4.275113642215728760e-01 -1.043596938252449036e-01 -9.069390594959259033e-02 -2.937540626525878906e+01 0.000000000000000000e+00 -1.215965021401643753e-02 0.000000000000000000e+00 4.800000000000000000e+01 0.000000000000000000e+00
4.701512157917022705e-01 4.275113642215728760e-01 -1.043596938252449036e-01 -9.069390594959259033e-02 -2.937540626525878906e+01 0.000000000000000000e+00 -1.215965021401643753e-02 0.000000000000000000e+00 4.800000000000000000e+01 0.000000000000000000e+00
4.701512157917022705e-01 4.275113642215728760e-01 -1.043596938252449036e-01 -9.069390594959259033e-02 -2.937540626525878906e+01 0.000000000000000000e+00 -1.215965021401643753e-02 0.000000000000000000e+00 4.800000000000000000e+01 0.000000000000000000e+00
4.701512157917022705e-01 4.275113642215728760e-01 -1.043596938252449036e-01 -9.069390594959259033e-02 -2.937540626525878906e+01 0.000000000000000000e+00 -1.215965021401643753e-02 0.000000000000000000e+00 4.800000000000000000e+01 0.000000000000000000e+00
4.701512157917022705e-01 4.275113642215728760e-01 -1.043596938252449036e-01 -9.069390594959259033e-02 -2.937540626525878906e+01 0.000000000000000000e+00 -1.215965021401643753e-02 0.000000000000000000e+00 4.800000000000000000e+01 0.000000000000000000e+00
4.701512157917022705e-01 4.275113642215728760e-01 -1.043596938252449036e-01 -9.069390594959259033e-02 -2.937540626525878906e+01 0.000000000000000000e+00 -1.215965021401643753e-02 0.000000000000000000e+00 4.800000000000000000e+01 0.000000000000000000e+00
4.701512157917022705e-01 4.275113642215728760e-01 -1.043596938252449036e-01 -9.069390594959259033e-02 -2.937540626525878906e+01 0.000000000000000000e+00 -1.215965021401643753e-02 0.000000000000000000e+00 4.800000000000000000e+01 0.000000000000000000e+00
4.701512157917022705e-01 4.275113642215728760e-01 -1.043596938252449036e-01 -9.069390594959259033e-02 -2.937540626525878906e+01 0.000000000000000000e+00 -1.215965021401643753e-02 0.000000000000000000e+00 4.800000000000000000e+01 0.000000000000000000e+00
4.701512157917022705e-01 4.275113642215728760e-01 -1.043596938252449036e-01 -9.069390594959259033e-02 -2.937540626525878906e+01 0.000000000000000000e+00 -1.215965021401643753e-02 0.000000000000000000e+00 4.800000000000000000e+01 0.000000000000000000e+00
4.701512157917022705e-01 4.275113642215728760e-01 -1.043596938252449036e-01 -9.069390594959259033e-02 -2.937540626525878906e+01 0.000000000000000000e+00 -1.215965021401643753e-02 0.000000000000000000e+00 4.800000000000000000e+01 0.000000000000000000e+00
4.701512157917022705e-01 4.275113642215728760e-01 -1.043596938252449036e-01 -9.069390594959259033e-02 -2.937540626525878906e+01 0.000000000000000000e+00 -1.215965021401643753e-02 0.000000000000000000e+00 4.800000000000000000e+01 0.000000000000000000e+00
4.701512157917022705e-01 4.275113642215728760e-01 -1.043596938252449036e-01 -9.069390594959259033e-02 -2.937540626525878906e+01 0.000000000000000000e+00 -1.215965021401643753e-02 0.000000000000000000e+00 4.800000000000000000e+01 0.000000000000000000e+00
4.701512157917022705e-01 4.275113642215728760e-01 -1.043596938252449036e-01 -9.069390594959259033e-02 -2.937540626525878906e+01 0.000000000000000000e+00 -1.215965021401643753e-02 0.000000000000000000e+00 4.800000000000000000e+01 0.000000000000000000e+00
4.701512157917022705e-01 4.275113642215728760e-01 -1.043596938252449036e-01 -9.069390594959259033e-02 -2.937540626525878906e+01 0.000000000000000000e+00 -1.215965021401643753e-02 0.000000000000000000e+00 4.800000000000000000e+01 0.000000000000000000e+00
4.701512157917022705e-01 4.275113642215728760e-01 -1.043596938252449036e-01 -9.069390594959259033e-02 -2.937540626525878906e+01 0.000000000000000000e+00 -1.215965021401643753e-02 0.000000000000000000e+00 4.800000000000000000e+01 0.000000000000000000e+00
