4.686008691787719727e-01 4.038507044315338135e-01 -1.792539358139038086e-01 -1.381776481866836548e-01 -3.033270263671875000e+02 -2.836351623535156250e+02 -1.255591362714767456e-01 -3.876585960388183594e-01 7.680000000000000000e+02 7.180000000000000000e+02
4.686008691787719727e-01 4.044331908226013184e-01 -1.783806383609771729e-01 -1.369346082210540771e-01 -2.912450561523437500e+02 -2.715531921386718750e+02 -1.205579265952110291e-01 -3.711455762386322021e-01 7.460000000000000000e+02 6.960000000000000000e+02
4.686008691787719727e-01 4.045268893241882324e-01 -1.781929582357406616e-01 -1.367346644401550293e-01 -2.734491577148437500e+02 -2.537572937011718750e+02 -1.131915003061294556e-01 -3.468230068683624268e-01 7.050000000000000000e+02 6.550000000000000000e+02
4.686008691787719727e-01 4.066722691059112549e-01 -1.739337295293807983e-01 -1.321563869714736938e-01 -2.480664672851562500e+02 -2.283746337890625000e+02 -1.026845872402191162e-01 -3.121312260627746582e-01 6.450000000000000000e+02 5.950000000000000000e+02
4.686008691787719727e-01 4.071907401084899902e-01 -1.735719591379165649e-01 -1.310499757528305054e-01 -2.312621765136718750e+02 -2.115703125000000000e+02 -9.572862833738327026e-02 -2.891639173030853271e-01 6.030000000000000000e+02 5.530000000000000000e+02
4.686008691787719727e-01 4.139606356620788574e-01 -1.586409807205200195e-01 -1.166029274463653564e-01 -2.206030426025390625e+02 -2.009111938476562500e+02 -9.131638705730438232e-02 -2.745955586433410645e-01 5.770000000000000000e+02 5.270000000000000000e+02
4.686008691787719727e-01 4.150903224945068359e-01 -1.560155898332595825e-01 -1.141921654343605042e-01 -2.102945556640625000e+02 -1.906027221679687500e+02 -8.704929053783416748e-02 -2.605064511299133301e-01 5.520000000000000000e+02 5.020000000000000000e+02
4.686008691787719727e-01 4.156253635883331299e-01 -1.541122645139694214e-01 -1.130503788590431213e-01 -2.012257385253906250e+02 -1.815338745117187500e+02 -8.329534530639648438e-02 -2.481115758419036865e-01 5.290000000000000000e+02 4.790000000000000000e+02
4.686008691787719727e-01 4.224115014076232910e-01 -1.401349008083343506e-01 -9.856867790222167969e-02 -1.901797180175781250e+02 -1.704878540039062500e+02 -7.872296124696731567e-02 -2.330144196748733521e-01 5.030000000000000000e+02 4.530000000000000000e+02
4.686008691787719727e-01 4.252343773841857910e-01 -1.304716318845748901e-01 -9.254462271928787231e-02 -1.842459411621093750e+02 -1.645540771484375000e+02 -7.626673579216003418e-02 -2.249044328927993774e-01 4.870000000000000000e+02 4.370000000000000000e+02
4.686008691787719727e-01 4.319041669368743896e-01 -1.148028448224067688e-01 -7.831121236085891724e-02 -1.732976074218750000e+02 -1.536057434082031250e+02 -7.173477858304977417e-02 -2.099407911300659180e-01 4.600000000000000000e+02 4.100000000000000000e+02
4.686008691787719727e-01 4.506049752235412598e-01 -7.213130593299865723e-02 -3.840345889329910278e-02 -1.117017745971679688e+02 -9.200991821289062500e+01 -4.623781517148017883e-02 -1.257546395063400269e-01 3.000000000000000000e+02 2.500000000000000000e+02
4.686008691787719727e-01 4.579338729381561279e-01 -4.921282827854156494e-02 -2.276349999010562897e-02 -8.482379150390625000e+01 -6.513193511962890625e+01 -3.511194512248039246e-02 -8.901912719011306763e-02 2.270000000000000000e+02 1.770000000000000000e+02
4.686008691787719727e-01 4.797101020812988281e-01 1.408958341926336288e-04 2.370723895728588104e-02 -7.103562927246093750e+01 -5.134377670288085938e+01 -2.940447628498077393e-02 -7.017415016889572144e-02 1.930000000000000000e+02 1.430000000000000000e+02
4.686008691787719727e-01 4.718648791313171387e-01 -1.620496064424514771e-02 6.965437438338994980e-03 -6.011914443969726562e+01 -4.042729187011718750e+01 -2.488570846617221832e-02 -5.525403842329978943e-02 1.660000000000000000e+02 1.160000000000000000e+02
4.686008691787719727e-01 4.826547205448150635e-01 6.401577033102512360e-03 2.999109029769897461e-02 -5.318837738037109375e+01 -3.349652099609375000e+01 -2.201678790152072906e-02 -4.578140005469322205e-02 1.480000000000000000e+02 9.800000000000000000e+01
4.686008691787719727e-01 5.031382441520690918e-01 5.655967444181442261e-02 7.370318472385406494e-02 -4.942339706420898438e+01 -2.973154449462890625e+01 -2.045831270515918732e-02 -4.063561558723449707e-02 1.370000000000000000e+02 8.700000000000000000e+01
4.686008691787719727e-01 5.156975388526916504e-01 8.923201262950897217e-02 1.005048677325248718e-01 -4.423330688476562500e+01 -2.454145240783691406e+01 -1.830992661416530609e-02 -3.354205191135406494e-02 1.250000000000000000e+02 7.500000000000000000e+01
4.686008691787719727e-01 5.413860082626342773e-01 1.459119915962219238e-01 1.553243845701217651e-01 -3.968903732299804688e+01 -1.999718475341796875e+01 -1.642887294292449951e-02 -2.733116969466209412e-02 1.140000000000000000e+02 6.400000000000000000e+01
4.686008691787719727e-01 5.529831647872924805e-01 1.742644459009170532e-01 1.800728589296340942e-01 -3.675590896606445312e+01 -1.706405258178710938e+01 -1.521473471075296402e-02 -2.332230843603610992e-02 1.060000000000000000e+02 5.600000000000000000e+01
4.686008691787719727e-01 5.322856307029724121e-01 1.369425356388092041e-01 1.359040588140487671e-01 -2.565932655334472656e+01 -5.967473030090332031e+00 -1.062141731381416321e-02 -8.156049065291881561e-03 7.300000000000000000e+01 2.300000000000000000e+01
4.686008691787719727e-01 5.155410170555114746e-01 1.007369458675384521e-01 1.001708507537841797e-01 -2.389366722106933594e+01 -4.201814174652099609e+00 -9.890540502965450287e-03 -5.742833018302917480e-03 6.600000000000000000e+01 1.600000000000000000e+01
4.686008691787719727e-01 5.004002451896667480e-01 6.315046548843383789e-02 6.786026060581207275e-02 -2.221277427673339844e+01 -2.520920515060424805e+00 -9.194752201437950134e-03 -3.445470239967107773e-03 6.000000000000000000e+01 1.000000000000000000e+01
4.686008691787719727e-01 4.983827769756317139e-01 5.918739363551139832e-02 6.355495750904083252e-02 -2.194045257568359375e+01 -2.248599052429199219e+00 -9.082026779651641846e-03 -3.073274623602628708e-03 5.900000000000000000e+01 9.000000000000000000e+00
4.686008691787719727e-01 4.879961907863616943e-01 3.754498809576034546e-02 4.138985276222229004e-02 -2.095938873291015625e+01 -1.267533779144287109e+00 -8.675925433635711670e-03 -1.732402946799993515e-03 5.500000000000000000e+01 5.000000000000000000e+00
4.686008691787719727e-01 4.827324450016021729e-01 2.654938586056232452e-02 3.015695698559284210e-02 -2.075704956054687500e+01 -1.065195798873901367e+00 -8.592169731855392456e-03 -1.455857302062213421e-03 5.400000000000000000e+01 4.000000000000000000e+00
4.686008691787719727e-01 4.827324450016021729e-01 2.654938586056232452e-02 3.015695698559284210e-02 -2.075704956054687500e+01 -1.065195798873901367e+00 -8.592169731855392456e-03 -1.455857302062213421e-03 5.400000000000000000e+01 4.000000000000000000e+00
4.686008691787719727e-01 4.637641012668609619e-01 -9.716689586639404297e-03 -1.032172236591577530e-02 -2.016504478454589844e+01 -4.731913208961486816e-01 -8.347115479409694672e-03 -6.467346684075891972e-04 5.200000000000000000e+01 2.000000000000000000e+00
4.686008691787719727e-01 4.534329771995544434e-01 -3.076732717454433441e-02 -3.236846625804901123e-02 -2.000261688232421875e+01 -3.107625246047973633e-01 -8.279879577457904816e-03 -4.247349570505321026e-04 5.100000000000000000e+01 1.000000000000000000e+00
4.686008691787719727e-01 4.367877840995788574e-01 -6.483684480190277100e-02 -6.788951158523559570e-02 -1.969185256958007812e+01 0.000000000000000000e+00 -8.151242509484291077e-03 0.000000000000000000e+00 5.000000000000000000e+01 0.000000000000000000e+00
4.686008691787719727e-01 4.367877840995788574e-01 -6.483684480190277100e-02 -6.788951158523559570e-02 -1.969185256958007812e+01 0.000000000000000000e+00 -8.151242509484291077e-03 0.000000000000000000e+00 5.000000000000000000e+01 0.000000000000000000e+00
4.686008691787719727e-01 4.367877840995788574e-01 -6.483684480190277100e-02 -6.788951158523559570e-02 -1.969185256958007812e+01 0.000000000000000000e+00 -8.151242509484291077e-03 0.000000000000000000e+00 5.000000000000000000e+01 0.000000000000000000e+00
4.686008691787719727e-01 4.367877840995788574e-01 -6.483684480190277100e-02 -6.788951158523559570e-02 -1.969185256958007812e+01 0.000000000000000000e+00 -8.151242509484291077e-03 0.000000000000000000e+00 5.000000000000000000e+01 0.000000000000000000e+00
4.686008691787719727e-01 4.367877840995788574e-01 -6.483684480190277100e-02 -6.788951158523559570e-02 -1.969185256958007812e+01 0.000000000000000000e+00 -8.151242509484291077e-03 0.000000000000000000e+00 5.000000000000000000e+01 0.000000000000000000e+00
4.686008691787719727e-01 4.367877840995788574e-01 -6.483684480190277100e-02 -6.788951158523559570e-02 -1.969185256958007812e+01 0.000000000000000000e+00 -8.151242509484291077e-03 0.000000000000000000e+00 5.000000000000000000e+01 0.000000000000000000e+00
4.686008691787719727e-01 4.367877840995788574e-01 -6.483684480190277100e-02 -6.788951158523559570e-02 -1.969185256958007812e+01 0.000000000000000000e+00 -8.151242509484291077e-03 0.000000000000000000e+00 5.000000000000000000e+01 0.000000000000000000e+00
4.686008691787719727e-01 4.367877840995788574e-01 -6.483684480190277100e-02 -6.788951158523559570e-02 -1.969185256958007812e+01 0.000000000000000000e+00 -8.151242509484291077e-03 0.000000000000000000e+00 5.000000000000000000e+01 0.000000000000000000e+00
4.686008691787719727e-01 4.367877840995788574e-01 -6.483684480190277100e-02 -6.788951158523559570e-02 -1.969185256958007812e+01 0.000000000000000000e+00 -8.151242509484291077e-03 0.000000000000000000e+00 5.000000000000000000e+01 0.000000000000000000e+00
4.686008691787719727e-01 4.367877840995788574e-01 -6.483684480190277100e-02 -6.788951158523559570e-02 -1.969185256958007812e+01 0.000000000000000000e+00 -8.151242509484291077e-03 0.000000000000000000e+00 5.000000000000000000e+01 0.000000000000000000e+00
4.686008691787719727e-01 4.367877840995788574e-01 -6.483684480190277100e-02 -6.788951158523559570e-02 -1.969185256958007812e+01 0.000000000000000000e+00 -8.151242509484291077e-03 0.000000000000000000e+00 5.000000000000000000e+01 0.000000000000000000e+00
4.686008691787719727e-01 4.367877840995788574e-01 -6.483684480190277100e-02 -6.788951158523559570e-02 -1.969185256958007812e+01 0.000000000000000000e+00 -8.151242509484291077e-03 0.000000000000000000e+00 5.000000000000000000e+01 0.000000000000000000e+00
4.686008691787719727e-01 4.367877840995788574e-01 -6.483684480190277100e-02 -6.788951158523559570e-02 -1.969185256958007812e+01 0.000000000000000000e+00 -8.151242509484291077e-03 0.000000000000000000e+00 5.000000000000000000e+01 0.000000000000000000e+00
4.686008691787719727e-01 4.367877840995788574e-01 -6.483684480190277100e-02 -6.788951158523559570e-02 -1.969185256958007812e+01 0.000000000000000000e+00 -8.151242509484291077e-03 0.000000000000000000e+00 5.000000000000000000e+01 0.000000000000000000e+00
4.686008691787719727e-01 4.367877840995788574e-01 -6.483684480190277100e-02 -6.788951158523559570e-02 -1.969185256958007812e+01 0.000000000000000000e+00 -8.151242509484291077e-03 0.000000000000000000e+00 5.000000000000000000e+01 0.000000000000000000e+00
4.686008691787719727e-01 4.367877840995788574e-01 -6.483684480190277100e-02 -6.788951158523559570e-02 -1.969185256958007812e+01 0.000000000000000000e+00 -8.151242509484291077e-03 0.000000000000000000e+00 5.000000000000000000e+01 0.000000000000000000e+00
4.686008691787719727e-01 4.367877840995788574e-01 -6.483684480190277100e-02 -6.788951158523559570e-02 -1.969185256958007812e+01 0.000000000000000000e+00 -8.151242509484291077e-03 0.000000000000000000e+00 5.000000000000000000e+01 0.000000000000000000e+00
4.686008691787719727e-01 4.367877840995788574e-01 -6.483684480190277100e-02 -6.788951158523559570e-02 -1.969185256958007812e+01 0.000000000000000000e+00 -8.151242509484291077e-03 0.000000000000000000e+00 5.000000000000000000e+01 0.000000000000000000e+00
4.686008691787719727e-01 4.367877840995788574e-01 -6.483684480190277100e-02 -6.788951158523559570e-02 -1.969185256958007812e+01 0.000000000000000000e+00 -8.151242509484291077e-03 0.000000000000000000e+00 5.000000000000000000e+01 0.000000000000000000e+00
4.686008691787719727e-01 4.367877840995788574e-01 -6.483684480190277100e-02 -6.788951158523559570e-02 -1.969185256958007812e+01 0.000000000000000000e+00 -8.151242509484291077e-03 0.000000000000000000e+00 5.000000000000000000e+01 0.000000000000000000e+00
4.686008691787719727e-01 4.367877840995788574e-01 -6.483684480190277100e-02 -6.788951158523559570e-02 -1.969185256958007812e+01 0.000000000000000000e+00 -8.151242509484291077e-03 0.000000000000000000e+00 5.000000000000000000e+01 0.000000000000000000e+00
4.686008691787719727e-01 4.367877840995788574e-01 -6.483684480190277100e-02 -6.788951158523559570e-02 -1.969185256958007812e+01 0.000000000000000000e+00 -8.151242509484291077e-03 0.000000000000000000e+00 5.000000000000000000e+01 0.000000000000000000e+00
4.686008691787719727e-01 4.367877840995788574e-01 -6.483684480190277100e-02 -6.788951158523559570e-02 -1.969185256958007812e+01 0.000000000000000000e+00 -8.151242509484291077e-03 0.000000000000000000e+00 5.000000000000000000e+01 0.000000000000000000e+00
4.686008691787719727e-01 4.367877840995788574e-01 -6.483684480190277100e-02 -6.788951158523559570e-02 -1.969185256958007812e+01 0.000000000000000000e+00 -8.151242509484291077e-03 0.000000000000000000e+00 5.000000000000000000e+01 0.000000000000000000e+00
4.686008691787719727e-01 4.367877840995788574e-01 -6.483684480190277100e-02 -6.788951158523559570e-02 -1.969185256958007812e+01 0.000000000000000000e+00 -8.151242509484291077e-03 0.000000000000000000e+00 5.000000000000000000e+01 0.000000000000000000e+00
4.686008691787719727e-01 4.367877840995788574e-01 -6.483684480190277100e-02 -6.788951158523559570e-02 -1.969185256958007812e+01 0.000000000000000000e+00 -8.151242509484291077e-03 0.000000000000000000e+00 5.000000000000000000e+01 0.000000000000000000e+00
4.686008691787719727e-01 4.367877840995788574e-01 -6.483684480190277100e-02 -6.788951158523559570e-02 -1.969185256958007812e+01 0.000000000000000000e+00 -8.151242509484291077e-03 0.000000000000000000e+00 5.000000000000000000e+01 0.000000000000000000e+00
4.686008691787719727e-01 4.367877840995788574e-01 -6.483684480190277100e-02 -6.788951158523559570e-02 -1.969185256958007812e+01 0.000000000000000000e+00 -8.151242509484291077e-03 0.000000000000000000e+00 5.000000000000000000e+01 0.000000000000000000e+00
4.686008691787719727e-01 4.367877840995788574e-01 -6.483684480190277100e-02 -6.788951158523559570e-02 -1.969185256958007812e+01 0.000000000000000000e+00 -8.151242509484291077e-03 0.000000000000000000e+00 5.000000000000000000e+01 0.000000000000000000e+00
4.686008691787719727e-01 4.367877840995788574e-01 -6.483684480190277100e-02 -6.788951158523559570e-02 -1.969185256958007812e+01 0.000000000000000000e+00 -8.151242509484291077e-03 0.000000000000000000e+00 5.000000000000000000e+01 0.000000000000000000e+00
4.686008691787719727e-01 4.367877840995788574e-01 -6.483684480190277100e-02 -6.788951158523559570e-02 -1.969185256958007812e+01 0.000000000000000000e+00 -8.151242509484291077e-03 0.000000000000000000e+00 5.000000000000000000e+01 0.000000000000000000e+00
4.686008691787719727e-01 4.367877840995788574e-01 -6.483684480190277100e-02 -6.788951158523559570e-02 -1.969185256958007812e+01 0.000000000000000000e+00 -8.151242509484291077e-03 0.000000000000000000e+00 5.000000000000000000e+01 0.000000000000000000e+00
4.686008691787719727e-01 4.367877840995788574e-01 -6.483684480190277100e-02 -6.788951158523559570e-02 -1.969185256958007812e+01 0.000000000000000000e+00 -8.151242509484291077e-03 0.000000000000000000e+00 5.000000000000000000e+01 0.000000000000000000e+00
4.686008691787719727e-01 4.367877840995788574e-01 -6.483684480190277100e-02 -6.788951158523559570e-02 -1.969185256958007812e+01 0.000000000000000000e+00 -8.151242509484291077e-03 0.000000000000000000e+00 5.000000000000000000e+01 0.000000000000000000e+00
4.686008691787719727e-01 4.367877840995788574e-01 -6.483684480190277100e-02 -6.788951158523559570e-02 -1.969185256958007812e+01 0.000000000000000000e+00 -8.151242509484291077e-03 0.000000000000000000e+00 5.000000000000000000e+01 0.000000000000000000e+00
4.686008691787719727e-01 4.367877840995788574e-01 -6.483684480190277100e-02 -6.788951158523559570e-02 -1.969185256958007812e+01 0.000000000000000000e+00 -8.151242509484291077e-03 0.000000000000000000e+00 5.000000000000000000e+01 0.000000000000000000e+00
4.686008691787719727e-01 4.367877840995788574e-01 -6.483684480190277100e-02 -6.788951158523559570e-02 -1.969185256958007812e+01 0.000000000000000000e+00 -8.151242509484291077e-03 0.000000000000000000e+00 5.000000000000000000e+01 0.000000000000000000e+00
4.686008691787719727e-01 4.367877840995788574e-01 -6.483684480190277100e-02 -6.788951158523559570e-02 -1.969185256958007812e+01 0.000000000000000000e+00 -8.151242509484291077e-03 0.000000000000000000e+00 5.000000000000000000e+01 0.000000000000000000e+00
4.686008691787719727e-01 4.367877840995788574e-01 -6.483684480190277100e-02 -6.788951158523559570e-02 -1.969185256958007812e+01 0.000000000000000000e+00 -8.151242509484291077e-03 0.000000000000000000e+00 5.000000000000000000e+01 0.000000000000000000e+00
4.686008691787719727e-01 4.367877840995788574e-01 -6.483684480190277100e-02 -6.788951158523559570e-02 -1.969185256958007812e+01 0.000000000000000000e+00 -8.151242509484291077e-03 0.000000000000000000e+00 5.000000000000000000e+01 0.000000000000000000e+00
4.686008691787719727e-01 4.367877840995788574e-01 -6.483684480190277100e-02 -6.788951158523559570e-02 -1.969185256958007812e+01 0.000000000000000000e+00 -8.151242509484291077e-03 0.000000000000000000e+00 5.000000000000000000e+01 0.000000000000000000e+00
4.686008691787719727e-01 4.367877840995788574e-01 -6.483684480190277100e-02 -6.788951158523559570e-02 -1.969185256958007812e+01 0.000000000000000000e+00 -8.151242509484291077e-03 0.000000000000000000e+00 5.000000000000000000e+01 0.000000000000000000e+00
4.686008691787719727e-01 4.367877840995788574e-01 -6.483684480190277100e-02 -6.788951158523559570e-02 -1.969185256958007812e+01 0.000000000000000000e+00 -8.151242509484291077e-03 0.000000000000000000e+00 5.000000000000000000e+01 0.000000000000000000e+00
4.686008691787719727e-01 4.367877840995788574e-01 -6.483684480190277100e-02 -6.788951158523559570e-02 -1.969185256958007812e+01 0.000000000000000000e+00 -8.151242509484291077e-03 0.000000000000000000e+00 5.000000000000000000e+01 0.000000000000000000e+00
4.686008691787719727e-01 4.367877840995788574e-01 -6.483684480190277100e-02 -6.788951158523559570e-02 -1.969185256958007812e+01 0.000000000000000000e+00 -8.151242509484291077e-03 0.000000000000000000e+00 5.000000000000000000e+01 0.000000000000000000e+00
4.686008691787719727e-01 4.367877840995788574e-01 -6.483684480190277100e-02 -6.788951158523559570e-02 -1.969185256958007812e+01 0.000000000000000000e+00 -8.151242509484291077e-03 0.000000000000000000e+00 5.000000000000000000e+01 0.000000000000000000e+00
4.686008691787719727e-01 4.367877840995788574e-01 -6.483684480190277100e-02 -6.788951158523559570e-02 -1.969185256958007812e+01 0.000000000000000000e+00 -8.151242509484291077e-03 0.000000000000000000e+00 5.000000000000000000e+01 0.000000000000000000e+00
4.686008691787719727e-01 4.367877840995788574e-01 -6.483684480190277100e-02 -6.788951158523559570e-02 -1.969185256958007812e+01 0.000000000000000000e+00 -8.151242509484291077e-03 0.000000000000000000e+00 5.000000000000000000e+01 0.000000000000000000e+00
4.686008691787719727e-01 4.367877840995788574e-01 -6.483684480190277100e-02 -6.788951158523559570e-02 -1.969185256958007812e+01 0.000000000000000000e+00 -8.151242509484291077e-03 0.000000000000000000e+00 5.000000000000000000e+01 0.000000000000000000e+00
4.686008691787719727e-01 4.367877840995788574e-01 -6.483684480190277100e-02 -6.788951158523559570e-02 -1.969185256958007812e+01 0.000000000000000000e+00 -8.151242509484291077e-03 0.000000000000000000e+00 5.000000000000000000e+01 0.000000000000000000e+00
4.686008691787719727e-01 4.367877840995788574e-01 -6.483684480190277100e-02 -6.788951158523559570e-02 -1.969185256958007812e+01 0.000000000000000000e+00 -8.151242509484291077e-03 0.000000000000000000e+00 5.000000000000000000e+01 0.000000000000000000e+00
4.686008691787719727e-01 4.367877840995788574e-01 -6.483684480190277100e-02 -6.788951158523559570e-02 -1.969185256958007812e+01 0.000000000000000000e+00 -8.151242509484291077e-03 0.000000000000000000e+00 5.000000000000000000e+01 0.000000000000000000e+00
4.686008691787719727e-01 4.367877840995788574e-01 -6.483684480190277100e-02 -6.788951158523559570e-02 -1.969185256958007812e+01 0.000000000000000000e+00 -8.151242509484291077e-03 0.000000000000000000e+00 5.000000000000000000e+01 0.000000000000000000e+00
4.686008691787719727e-01 4.367877840995788574e-01 -6.483684480190277100e-02 -6.788951158523559570e-02 -1.969185256958007812e+01 0.000000000000000000e+00 -8.151242509484291077e-03 0.000000000000000000e+00 5.000000000000000000e+01 0.000000000000000000e+00
4.686008691787719727e-01 4.367877840995788574e-01 -6.483684480190277100e-02 -6.788951158523559570e-02 -1.969185256958007812e+01 0.000000000000000000e+00 -8.151242509484291077e-03 0.000000000000000000e+00 5.000000000000000000e+01 0.000000000000000000e+00
4.686008691787719727e-01 4.367877840995788574e-01 -6.483684480190277100e-02 -6.788951158523559570e-02 -1.969185256958007812e+01 0.000000000000000000e+00 -8.151242509484291077e-03 0.000000000000000000e+00 5.000000000000000000e+01 0.000000000000000000e+00
4.686008691787719727e-01 4.367877840995788574e-01 -6.483684480190277100e-02 -6.788951158523559570e-02 -1.969185256958007812e+01 0.000000000000000000e+00 -8.151242509484291077e-03 0.000000000000000000e+00 5.000000000000000000e+01 0.000000000000000000e+00
4.686008691787719727e-01 4.367877840995788574e-01 -6.483684480190277100e-02 -6.788951158523559570e-02 -1.969185256958007812e+01 0.000000000000000000e+00 -8.151242509484291077e-03 0.000000000000000000e+00 5.000000000000000000e+01 0.000000000000000000e+00
4.686008691787719727e-01 4.367877840995788574e-01 -6.483684480190277100e-02 -6.788951158523559570e-02 -1.969185256958007812e+01 0.000000000000000000e+00 -8.151242509484291077e-03 0.000000000000000000e+00 5.000000000000000000e+01 0.000000000000000000e+00
4.686008691787719727e-01 4.367877840995788574e-01 -6.483684480190277100e-02 -6.788951158523559570e-02 -1.969185256958007812e+01 0.000000000000000000e+00 -8.151242509484291077e-03 0.000000000000000000e+00 5.000000000000000000e+01 0.000000000000000000e+00
4.686008691787719727e-01 4.367877840995788574e-01 -6.483684480190277100e-02 -6.788951158523559570e-02 -1.969185256958007812e+01 0.000000000000000000e+00 -8.151242509484291077e-03 0.000000000000000000e+00 5.000000000000000000e+01 0.000000000000000000e+00
4.686008691787719727e-01 4.367877840995788574e-01 -6.483684480190277100e-02 -6.788951158523559570e-02 -1.969185256958007812e+01 0.000000000000000000e+00 -8.151242509484291077e-03 0.000000000000000000e+00 5.000000000000000000e+01 0.000000000000000000e+00
