4.794813096523284912e-01 5.241189599037170410e-01 6.857906281948089600e-02 9.309570491313934326e-02 -2.076059875488281250e+02 -1.794584045410156250e+02 -8.593638986349105835e-02 -2.201511561870574951e-01 3.900000000000000000e+02 3.400000000000000000e+02
4.794813096523284912e-01 5.170200467109680176e-01 5.272900313138961792e-02 7.829030603170394897e-02 -1.802607727050781250e+02 -1.521131744384765625e+02 -7.461711019277572632e-02 -1.866053044795989990e-01 3.490000000000000000e+02 2.990000000000000000e+02
4.794813096523284912e-01 5.232008099555969238e-01 6.550984084606170654e-02 9.118082374334335327e-02 -1.617913208007812500e+02 -1.336437225341796875e+02 -6.697186827659606934e-02 -1.639478504657745361e-01 3.190000000000000000e+02 2.690000000000000000e+02
4.794813096523284912e-01 5.259717702865600586e-01 7.263735681772232056e-02 9.695990383625030518e-02 -1.466197509765625000e+02 -1.184721527099609375e+02 -6.069175526499748230e-02 -1.453360766172409058e-01 2.960000000000000000e+02 2.460000000000000000e+02
4.794813096523284912e-01 5.306701064109802246e-01 8.256866037845611572e-02 1.067586913704872131e-01 -1.307900085449218750e+02 -1.026424026489257812e+02 -5.413919314742088318e-02 -1.259168833494186401e-01 2.690000000000000000e+02 2.190000000000000000e+02
4.794813096523284912e-01 5.308480858802795410e-01 8.287766575813293457e-02 1.071298792958259583e-01 -1.212734069824218750e+02 -9.312580871582031250e+01 -5.019989237189292908e-02 -1.142423748970031738e-01 2.540000000000000000e+02 2.040000000000000000e+02
4.794813096523284912e-01 5.230343341827392578e-01 6.895775347948074341e-02 9.083362668752670288e-02 -1.122219238281250000e+02 -8.407432556152343750e+01 -4.645312204957008362e-02 -1.031384393572807312e-01 2.380000000000000000e+02 1.880000000000000000e+02
4.794813096523284912e-01 5.312108993530273438e-01 8.835095167160034180e-02 1.078865602612495422e-01 -1.034129028320312500e+02 -7.526530456542968750e+01 -4.280671849846839905e-02 -9.233194589614868164e-02 2.200000000000000000e+02 1.700000000000000000e+02
4.794813096523284912e-01 5.293851494789123535e-01 8.453385531902313232e-02 1.040787994861602783e-01 -9.848372650146484375e+01 -7.033612060546875000e+01 -4.076633602380752563e-02 -8.628505468368530273e-02 2.110000000000000000e+02 1.610000000000000000e+02
4.794813096523284912e-01 5.277139544486999512e-01 8.136537671089172363e-02 1.005933806300163269e-01 -9.323220825195312500e+01 -6.508460998535156250e+01 -3.859252482652664185e-02 -7.984274625778198242e-02 2.010000000000000000e+02 1.510000000000000000e+02
4.794813096523284912e-01 5.237832665443420410e-01 7.330154627561569214e-02 9.239558875560760498e-02 -8.847735595703125000e+01 -6.032975387573242188e+01 -3.662430122494697571e-02 -7.400970906019210815e-02 1.930000000000000000e+02 1.430000000000000000e+02
4.794813096523284912e-01 5.231251120567321777e-01 7.048138976097106934e-02 9.102294594049453735e-02 -6.280672454833984375e+01 -3.465912628173828125e+01 -2.599820494651794434e-02 -4.251819103956222534e-02 1.390000000000000000e+02 8.900000000000000000e+01
4.794813096523284912e-01 5.194562077522277832e-01 6.493476778268814087e-02 8.337113261222839355e-02 -5.205146026611328125e+01 -2.390385437011718750e+01 -2.154617197811603546e-02 -2.932412736117839813e-02 1.140000000000000000e+02 6.400000000000000000e+01
4.794813096523284912e-01 5.083172321319580078e-01 4.146569967269897461e-02 6.013982743024826050e-02 -4.677867889404296875e+01 -1.863107490539550781e+01 -1.936355791985988617e-02 -2.285572886466979980e-02 1.000000000000000000e+02 5.000000000000000000e+01
4.794813096523284912e-01 5.097098350524902344e-01 4.463678225874900818e-02 6.304422020912170410e-02 -4.537905120849609375e+01 -1.723144912719726562e+01 -1.878419704735279083e-02 -2.113873325288295746e-02 9.600000000000000000e+01 4.600000000000000000e+01
4.794813096523284912e-01 5.108311176300048828e-01 5.384576320648193359e-02 6.538275629281997681e-02 -4.300831222534179688e+01 -1.486071014404296875e+01 -1.780285313725471497e-02 -1.823042146861553192e-02 9.000000000000000000e+01 4.000000000000000000e+01
4.794813096523284912e-01 5.275959372520446777e-01 8.893125504255294800e-02 1.003472432494163513e-01 -4.087553405761718750e+01 -1.272793006896972656e+01 -1.692001149058341980e-02 -1.561402715742588043e-02 8.300000000000000000e+01 3.300000000000000000e+01
4.794813096523284912e-01 5.177977085113525391e-01 6.833992153406143188e-02 7.991218566894531250e-02 -4.041516494750976562e+01 -1.226756095886230469e+01 -1.672944612801074982e-02 -1.504926849156618118e-02 8.100000000000000000e+01 3.100000000000000000e+01
4.794813096523284912e-01 5.128406882286071777e-01 5.909477174282073975e-02 6.957388669252395630e-02 -3.853197860717773438e+01 -1.038437747955322266e+01 -1.594991981983184814e-02 -1.273906696587800980e-02 7.700000000000000000e+01 2.700000000000000000e+01
4.794813096523284912e-01 4.941383898258209229e-01 2.086056582629680634e-02 3.056861646473407745e-02 -3.716982269287109375e+01 -9.022217750549316406e+00 -1.538607012480497360e-02 -1.106803305447101593e-02 7.400000000000000000e+01 2.400000000000000000e+01
4.794813096523284912e-01 5.156688094139099121e-01 6.576546281576156616e-02 7.547218352556228638e-02 -3.134221649169921875e+01 -3.194613456726074219e+00 -1.297379191964864731e-02 -3.919001668691635132e-03 6.100000000000000000e+01 1.100000000000000000e+01
4.794813096523284912e-01 5.161845088005065918e-01 6.608162820339202881e-02 7.654771953821182251e-02 -2.961496353149414062e+01 -1.467360973358154297e+00 -1.225881278514862061e-02 -1.800089608877897263e-03 5.700000000000000000e+01 7.000000000000000000e+00
4.794813096523284912e-01 5.142983794212341309e-01 6.251730024814605713e-02 7.261402904987335205e-02 -2.910720443725585938e+01 -9.596022367477416992e-01 -1.204863097518682480e-02 -1.177194993942975998e-03 5.600000000000000000e+01 6.000000000000000000e+00
4.794813096523284912e-01 5.007460117340087891e-01 3.467157483100891113e-02 4.434938728809356689e-02 -2.868751335144042969e+01 -5.399107933044433594e-01 -1.187490392476320267e-02 -6.623372319154441357e-04 5.400000000000000000e+01 4.000000000000000000e+00
4.794813096523284912e-01 5.007460117340087891e-01 3.467157483100891113e-02 4.434938728809356689e-02 -2.868751335144042969e+01 -5.399107933044433594e-01 -1.187490392476320267e-02 -6.623372319154441357e-04 5.400000000000000000e+01 4.000000000000000000e+00
4.794813096523284912e-01 4.896841943264007568e-01 1.293622236698865891e-02 2.127900347113609314e-02 -2.835614585876464844e+01 -2.085432410240173340e-01 -1.173773780465126038e-02 -2.558310516178607941e-04 5.300000000000000000e+01 3.000000000000000000e+00
4.794813096523284912e-01 4.896841943264007568e-01 1.293622236698865891e-02 2.127900347113609314e-02 -2.835614585876464844e+01 -2.085432410240173340e-01 -1.173773780465126038e-02 -2.558310516178607941e-04 5.300000000000000000e+01 3.000000000000000000e+00
4.794813096523284912e-01 4.896841943264007568e-01 1.293622236698865891e-02 2.127900347113609314e-02 -2.835614585876464844e+01 -2.085432410240173340e-01 -1.173773780465126038e-02 -2.558310516178607941e-04 5.300000000000000000e+01 3.000000000000000000e+00
4.794813096523284912e-01 4.858761429786682129e-01 5.110306665301322937e-03 1.333698164671659470e-02 -2.826009178161621094e+01 -1.124889254570007324e-01 -1.169797778129577637e-02 -1.379961322527378798e-04 5.200000000000000000e+01 2.000000000000000000e+00
4.794813096523284912e-01 4.802483916282653809e-01 -6.455316208302974701e-03 1.599816256202757359e-03 -2.815962791442871094e+01 -1.202470064163208008e-02 -1.165639143437147141e-02 -1.475133831263519824e-05 5.100000000000000000e+01 1.000000000000000000e+00
4.794813096523284912e-01 4.802483916282653809e-01 -6.455316208302974701e-03 1.599816256202757359e-03 -2.815962791442871094e+01 -1.202470064163208008e-02 -1.165639143437147141e-02 -1.475133831263519824e-05 5.100000000000000000e+01 1.000000000000000000e+00
4.794813096523284912e-01 4.802483916282653809e-01 -6.455316208302974701e-03 1.599816256202757359e-03 -2.815962791442871094e+01 -1.202470064163208008e-02 -1.165639143437147141e-02 -1.475133831263519824e-05 5.100000000000000000e+01 1.000000000000000000e+00
4.794813096523284912e-01 4.802483916282653809e-01 -6.455316208302974701e-03 1.599816256202757359e-03 -2.815962791442871094e+01 -1.202470064163208008e-02 -1.165639143437147141e-02 -1.475133831263519824e-05 5.100000000000000000e+01 1.000000000000000000e+00
4.794813096523284912e-01 4.802483916282653809e-01 -6.455316208302974701e-03 1.599816256202757359e-03 -2.815962791442871094e+01 -1.202470064163208008e-02 -1.165639143437147141e-02 -1.475133831263519824e-05 5.100000000000000000e+01 1.000000000000000000e+00
4.794813096523284912e-01 4.802483916282653809e-01 -6.455316208302974701e-03 1.599816256202757359e-03 -2.815962791442871094e+01 -1.202470064163208008e-02 -1.165639143437147141e-02 -1.475133831263519824e-05 5.100000000000000000e+01 1.000000000000000000e+00
4.794813096523284912e-01 4.802483916282653809e-01 -6.455316208302974701e-03 1.599816256202757359e-03 -2.815962791442871094e+01 -1.202470064163208008e-02 -1.165639143437147141e-02 -1.475133831263519824e-05 5.100000000000000000e+01 1.000000000000000000e+00
4.794813096523284912e-01 4.802483916282653809e-01 -6.455316208302974701e-03 1.599816256202757359e-03 -2.815962791442871094e+01 -1.202470064163208008e-02 -1.165639143437147141e-02 -1.475133831263519824e-05 5.100000000000000000e+01 1.000000000000000000e+00
4.794813096523284912e-01 4.802483916282653809e-01 -6.455316208302974701e-03 1.599816256202757359e-03 -2.815962791442871094e+01 -1.202470064163208008e-02 -1.165639143437147141e-02 -1.475133831263519824e-05 5.100000000000000000e+01 1.000000000000000000e+00
4.794813096523284912e-01 4.802483916282653809e-01 -6.455316208302974701e-03 1.599816256202757359e-03 -2.815962791442871094e+01 -1.202470064163208008e-02 -1.165639143437147141e-02 -1.475133831263519824e-05 5.100000000000000000e+01 1.000000000000000000e+00
4.794813096523284912e-01 4.802483916282653809e-01 -6.455316208302974701e-03 1.599816256202757359e-03 -2.815962791442871094e+01 -1.202470064163208008e-02 -1.165639143437147141e-02 -1.475133831263519824e-05 5.100000000000000000e+01 1.000000000000000000e+00
4.794813096523284912e-01 4.744623601436614990e-01 -1.836101152002811432e-02 -1.046745572239160538e-02 -2.814760208129882812e+01 0.000000000000000000e+00 -1.165141351521015167e-02 0.000000000000000000e+00 5.000000000000000000e+01 0.000000000000000000e+00
4.794813096523284912e-01 4.744623601436614990e-01 -1.836101152002811432e-02 -1.046745572239160538e-02 -2.814760208129882812e+01 0.000000000000000000e+00 -1.165141351521015167e-02 0.000000000000000000e+00 5.000000000000000000e+01 0.000000000000000000e+00
4.794813096523284912e-01 4.744623601436614990e-01 -1.836101152002811432e-02 -1.046745572239160538e-02 -2.814760208129882812e+01 0.000000000000000000e+00 -1.165141351521015167e-02 0.000000000000000000e+00 5.000000000000000000e+01 0.000000000000000000e+00
4.794813096523284912e-01 4.744623601436614990e-01 -1.836101152002811432e-02 -1.046745572239160538e-02 -2.814760208129882812e+01 0.000000000000000000e+00 -1.165141351521015167e-02 0.000000000000000000e+00 5.000000000000000000e+01 0.000000000000000000e+00
4.794813096523284912e-01 4.744623601436614990e-01 -1.836101152002811432e-02 -1.046745572239160538e-02 -2.814760208129882812e+01 0.000000000000000000e+00 -1.165141351521015167e-02 0.000000000000000000e+00 5.000000000000000000e+01 0.000000000000000000e+00
4.794813096523284912e-01 4.744623601436614990e-01 -1.836101152002811432e-02 -1.046745572239160538e-02 -2.814760208129882812e+01 0.000000000000000000e+00 -1.165141351521015167e-02 0.000000000000000000e+00 5.000000000000000000e+01 0.000000000000000000e+00
4.794813096523284912e-01 4.744623601436614990e-01 -1.836101152002811432e-02 -1.046745572239160538e-02 -2.814760208129882812e+01 0.000000000000000000e+00 -1.165141351521015167e-02 0.000000000000000000e+00 5.000000000000000000e+01 0.000000000000000000e+00
4.794813096523284912e-01 4.744623601436614990e-01 -1.836101152002811432e-02 -1.046745572239160538e-02 -2.814760208129882812e+01 0.000000000000000000e+00 -1.165141351521015167e-02 0.000000000000000000e+00 5.000000000000000000e+01 0.000000000000000000e+00
4.794813096523284912e-01 4.744623601436614990e-01 -1.836101152002811432e-02 -1.046745572239160538e-02 -2.814760208129882812e+01 0.000000000000000000e+00 -1.165141351521015167e-02 0.000000000000000000e+00 5.000000000000000000e+01 0.000000000000000000e+00
4.794813096523284912e-01 4.744623601436614990e-01 -1.836101152002811432e-02 -1.046745572239160538e-02 -2.814760208129882812e+01 0.000000000000000000e+00 -1.165141351521015167e-02 0.000000000000000000e+00 5.000000000000000000e+01 0.000000000000000000e+00
4.794813096523284912e-01 4.744623601436614990e-01 -1.836101152002811432e-02 -1.046745572239160538e-02 -2.814760208129882812e+01 0.000000000000000000e+00 -1.165141351521015167e-02 0.000000000000000000e+00 5.000000000000000000e+01 0.000000000000000000e+00
4.794813096523284912e-01 4.744623601436614990e-01 -1.836101152002811432e-02 -1.046745572239160538e-02 -2.814760208129882812e+01 0.000000000000000000e+00 -1.165141351521015167e-02 0.000000000000000000e+00 5.000000000000000000e+01 0.000000000000000000e+00
4.794813096523284912e-01 4.744623601436614990e-01 -1.836101152002811432e-02 -1.046745572239160538e-02 -2.814760208129882812e+01 0.000000000000000000e+00 -1.165141351521015167e-02 0.000000000000000000e+00 5.000000000000000000e+01 0.000000000000000000e+00
4.794813096523284912e-01 4.744623601436614990e-01 -1.836101152002811432e-02 -1.046745572239160538e-02 -2.814760208129882812e+01 0.000000000000000000e+00 -1.165141351521015167e-02 0.000000000000000000e+00 5.000000000000000000e+01 0.000000000000000000e+00
4.794813096523284912e-01 4.744623601436614990e-01 -1.836101152002811432e-02 -1.046745572239160538e-02 -2.814760208129882812e+01 0.000000000000000000e+00 -1.165141351521015167e-02 0.000000000000000000e+00 5.000000000000000000e+01 0.000000000000000000e+00
4.794813096523284912e-01 4.744623601436614990e-01 -1.836101152002811432e-02 -1.046745572239160538e-02 -2.814760208129882812e+01 0.000000000000000000e+00 -1.165141351521015167e-02 0.000000000000000000e+00 5.000000000000000000e+01 0.000000000000000000e+00
4.794813096523284912e-01 4.744623601436614990e-01 -1.836101152002811432e-02 -1.046745572239160538e-02 -2.814760208129882812e+01 0.000000000000000000e+00 -1.165141351521015167e-02 0.000000000000000000e+00 5.000000000000000000e+01 0.000000000000000000e+00
4.794813096523284912e-01 4.744623601436614990e-01 -1.836101152002811432e-02 -1.046745572239160538e-02 -2.814760208129882812e+01 0.000000000000000000e+00 -1.165141351521015167e-02 0.000000000000000000e+00 5.000000000000000000e+01 0.000000000000000000e+00
4.794813096523284912e-01 4.744623601436614990e-01 -1.836101152002811432e-02 -1.046745572239160538e-02 -2.814760208129882812e+01 0.000000000000000000e+00 -1.165141351521015167e-02 0.000000000000000000e+00 5.000000000000000000e+01 0.000000000000000000e+00
4.794813096523284912e-01 4.744623601436614990e-01 -1.836101152002811432e-02 -1.046745572239160538e-02 -2.814760208129882812e+01 0.000000000000000000e+00 -1.165141351521015167e-02 0.000000000000000000e+00 5.000000000000000000e+01 0.000000000000000000e+00
4.794813096523284912e-01 4.744623601436614990e-01 -1.836101152002811432e-02 -1.046745572239160538e-02 -2.814760208129882812e+01 0.000000000000000000e+00 -1.165141351521015167e-02 0.000000000000000000e+00 5.000000000000000000e+01 0.000000000000000000e+00
4.794813096523284912e-01 4.744623601436614990e-01 -1.836101152002811432e-02 -1.046745572239160538e-02 -2.814760208129882812e+01 0.000000000000000000e+00 -1.165141351521015167e-02 0.000000000000000000e+00 5.000000000000000000e+01 0.000000000000000000e+00
4.794813096523284912e-01 4.744623601436614990e-01 -1.836101152002811432e-02 -1.046745572239160538e-02 -2.814760208129882812e+01 0.000000000000000000e+00 -1.165141351521015167e-02 0.000000000000000000e+00 5.000000000000000000e+01 0.000000000000000000e+00
4.794813096523284912e-01 4.744623601436614990e-01 -1.836101152002811432e-02 -1.046745572239160538e-02 -2.814760208129882812e+01 0.000000000000000000e+00 -1.165141351521015167e-02 0.000000000000000000e+00 5.000000000000000000e+01 0.000000000000000000e+00
4.794813096523284912e-01 4.744623601436614990e-01 -1.836101152002811432e-02 -1.046745572239160538e-02 -2.814760208129882812e+01 0.000000000000000000e+00 -1.165141351521015167e-02 0.000000000000000000e+00 5.000000000000000000e+01 0.000000000000000000e+00
4.794813096523284912e-01 4.744623601436614990e-01 -1.836101152002811432e-02 -1.046745572239160538e-02 -2.814760208129882812e+01 0.000000000000000000e+00 -1.165141351521015167e-02 0.000000000000000000e+00 5.000000000000000000e+01 0.000000000000000000e+00
4.794813096523284912e-01 4.744623601436614990e-01 -1.836101152002811432e-02 -1.046745572239160538e-02 -2.814760208129882812e+01 0.000000000000000000e+00 -1.165141351521015167e-02 0.000000000000000000e+00 5.000000000000000000e+01 0.000000000000000000e+00
4.794813096523284912e-01 4.744623601436614990e-01 -1.836101152002811432e-02 -1.046745572239160538e-02 -2.814760208129882812e+01 0.000000000000000000e+00 -1.165141351521015167e-02 0.000000000000000000e+00 5.000000000000000000e+01 0.000000000000000000e+00
4.794813096523284912e-01 4.744623601436614990e-01 -1.836101152002811432e-02 -1.046745572239160538e-02 -2.814760208129882812e+01 0.000000000000000000e+00 -1.165141351521015167e-02 0.000000000000000000e+00 5.000000000000000000e+01 0.000000000000000000e+00
4.794813096523284912e-01 4.744623601436614990e-01 -1.836101152002811432e-02 -1.046745572239160538e-02 -2.814760208129882812e+01 0.000000000000000000e+00 -1.165141351521015167e-02 0.000000000000000000e+00 5.000000000000000000e+01 0.000000000000000000e+00
4.794813096523284912e-01 4.744623601436614990e-01 -1.836101152002811432e-02 -1.046745572239160538e-02 -2.814760208129882812e+01 0.000000000000000000e+00 -1.165141351521015167e-02 0.000000000000000000e+00 5.000000000000000000e+01 0.000000000000000000e+00
4.794813096523284912e-01 4.744623601436614990e-01 -1.836101152002811432e-02 -1.046745572239160538e-02 -2.814760208129882812e+01 0.000000000000000000e+00 -1.165141351521015167e-02 0.000000000000000000e+00 5.000000000000000000e+01 0.000000000000000000e+00
4.794813096523284912e-01 4.744623601436614990e-01 -1.836101152002811432e-02 -1.046745572239160538e-02 -2.814760208129882812e+01 0.000000000000000000e+00 -1.165141351521015167e-02 0.000000000000000000e+00 5.000000000000000000e+01 0.000000000000000000e+00
4.794813096523284912e-01 4.744623601436614990e-01 -1.836101152002811432e-02 -1.046745572239160538e-02 -2.814760208129882812e+01 0.000000000000000000e+00 -1.165141351521015167e-02 0.000000000000000000e+00 5.000000000000000000e+01 0.000000000000000000e+00
4.794813096523284912e-01 4.744623601436614990e-01 -1.836101152002811432e-02 -1.046745572239160538e-02 -2.814760208129882812e+01 0.000000000000000000e+00 -1.165141351521015167e-02 0.000000000000000000e+00 5.000000000000000000e+01 0.000000000000000000e+00
4.794813096523284912e-01 4.744623601436614990e-01 -1.836101152002811432e-02 -1.046745572239160538e-02 -2.814760208129882812e+01 0.000000000000000000e+00 -1.165141351521015167e-02 0.000000000000000000e+00 5.000000000000000000e+01 0.000000000000000000e+00
4.794813096523284912e-01 4.744623601436614990e-01 -1.836101152002811432e-02 -1.046745572239160538e-02 -2.814760208129882812e+01 0.000000000000000000e+00 -1.165141351521015167e-02 0.000000000000000000e+00 5.000000000000000000e+01 0.000000000000000000e+00
4.794813096523284912e-01 4.744623601436614990e-01 -1.836101152002811432e-02 -1.046745572239160538e-02 -2.814760208129882812e+01 0.000000000000000000e+00 -1.165141351521015167e-02 0.000000000000000000e+00 5.000000000000000000e+01 0.000000000000000000e+00
4.794813096523284912e-01 4.744623601436614990e-01 -1.836101152002811432e-02 -1.046745572239160538e-02 -2.814760208129882812e+01 0.000000000000000000e+00 -1.165141351521015167e-02 0.000000000000000000e+00 5.000000000000000000e+01 0.000000000000000000e+00
4.794813096523284912e-01 4.744623601436614990e-01 -1.836101152002811432e-02 -1.046745572239160538e-02 -2.814760208129882812e+01 0.000000000000000000e+00 -1.165141351521015167e-02 0.000000000000000000e+00 5.000000000000000000e+01 0.000000000000000000e+00
4.794813096523284912e-01 4.744623601436614990e-01 -1.836101152002811432e-02 -1.046745572239160538e-02 -2.814760208129882812e+01 0.000000000000000000e+00 -1.165141351521015167e-02 0.000000000000000000e+00 5.000000000000000000e+01 0.000000000000000000e+00
4.794813096523284912e-01 4.744623601436614990e-01 -1.836101152002811432e-02 -1.046745572239160538e-02 -2.814760208129882812e+01 0.000000000000000000e+00 -1.165141351521015167e-02 0.000000000000000000e+00 5.000000000000000000e+01 0.000000000000000000e+00
4.794813096523284912e-01 4.744623601436614990e-01 -1.836101152002811432e-02 -1.046745572239160538e-02 -2.814760208129882812e+01 0.000000000000000000e+00 -1.165141351521015167e-02 0.000000000000000000e+00 5.000000000000000000e+01 0.000000000000000000e+00
4.794813096523284912e-01 4.744623601436614990e-01 -1.836101152002811432e-02 -1.046745572239160538e-02 -2.814760208129882812e+01 0.000000000000000000e+00 -1.165141351521015167e-02 0.000000000000000000e+00 5.000000000000000000e+01 0.000000000000000000e+00
4.794813096523284912e-01 4.744623601436614990e-01 -1.836101152002811432e-02 -1.046745572239160538e-02 -2.814760208129882812e+01 0.000000000000000000e+00 -1.165141351521015167e-02 0.000000000000000000e+00 5.000000000000000000e+01 0.000000000000000000e+00
4.794813096523284912e-01 4.744623601436614990e-01 -1.836101152002811432e-02 -1.046745572239160538e-02 -2.814760208129882812e+01 0.000000000000000000e+00 -1.165141351521015167e-02 0.000000000000000000e+00 5.000000000000000000e+01 0.000000000000000000e+00
4.794813096523284912e-01 4.744623601436614990e-01 -1.836101152002811432e-02 -1.046745572239160538e-02 -2.814760208129882812e+01 0.000000000000000000e+00 -1.165141351521015167e-02 0.000000000000000000e+00 5.000000000000000000e+01 0.000000000000000000e+00
4.794813096523284912e-01 4.744623601436614990e-01 -1.836101152002811432e-02 -1.046745572239160538e-02 -2.814760208129882812e+01 0.000000000000000000e+00 -1.165141351521015167e-02 0.000000000000000000e+00 5.000000000000000000e+01 0.000000000000000000e+00
4.794813096523284912e-01 4.744623601436614990e-01 -1.836101152002811432e-02 -1.046745572239160538e-02 -2.814760208129882812e+01 0.000000000000000000e+00 -1.165141351521015167e-02 0.000000000000000000e+00 5.000000000000000000e+01 0.000000000000000000e+00
4.794813096523284912e-01 4.744623601436614990e-01 -1.836101152002811432e-02 -1.046745572239160538e-02 -2.814760208129882812e+01 0.000000000000000000e+00 -1.165141351521015167e-02 0.000000000000000000e+00 5.000000000000000000e+01 0.000000000000000000e+00
4.794813096523284912e-01 4.744623601436614990e-01 -1.836101152002811432e-02 -1.046745572239160538e-02 -2.814760208129882812e+01 0.000000000000000000e+00 -1.165141351521015167e-02 0.000000000000000000e+00 5.000000000000000000e+01 0.000000000000000000e+00
