4.706211686134338379e-01 2.501271665096282959e-01 -4.717520773410797119e-01 -4.685169756412506104e-01 -2.173648681640625000e+02 -2.033212127685546875e+02 -8.997597545385360718e-02 -2.455535084009170532e-01 8.190000000000000000e+02 7.690000000000000000e+02
4.706211686134338379e-01 2.501243054866790771e-01 -4.717495739459991455e-01 -4.685230553150177002e-01 -2.086136169433593750e+02 -1.945699615478515625e+02 -8.635348826646804810e-02 -2.349845170974731445e-01 7.990000000000000000e+02 7.490000000000000000e+02
4.706211686134338379e-01 2.502887845039367676e-01 -4.714185297489166260e-01 -4.681735634803771973e-01 -2.016785583496093750e+02 -1.876349029541015625e+02 -8.348278701305389404e-02 -2.266089618206024170e-01 7.790000000000000000e+02 7.290000000000000000e+02
4.706211686134338379e-01 2.502557635307312012e-01 -4.714632928371429443e-01 -4.682437181472778320e-01 -1.947662200927734375e+02 -1.807225646972656250e+02 -8.062149584293365479e-02 -2.182608395814895630e-01 7.620000000000000000e+02 7.120000000000000000e+02
4.706211686134338379e-01 2.551648616790771484e-01 -4.603209197521209717e-01 -4.578126072883605957e-01 -1.890134887695312500e+02 -1.749698486328125000e+02 -7.824020832777023315e-02 -2.113132178783416748e-01 7.470000000000000000e+02 6.970000000000000000e+02
4.706211686134338379e-01 2.552108466625213623e-01 -4.602455794811248779e-01 -4.577149152755737305e-01 -1.807868652343750000e+02 -1.667432250976562500e+02 -7.483488321304321289e-02 -2.013778239488601685e-01 7.220000000000000000e+02 6.720000000000000000e+02
4.706211686134338379e-01 2.550697028636932373e-01 -4.603386521339416504e-01 -4.580148160457611084e-01 -1.742730407714843750e+02 -1.602293701171875000e+02 -7.213855534791946411e-02 -1.935109645128250122e-01 6.990000000000000000e+02 6.490000000000000000e+02
4.706211686134338379e-01 2.575885057449340820e-01 -4.553561806678771973e-01 -4.526627361774444580e-01 -1.704361724853515625e+02 -1.563925323486328125e+02 -7.055032253265380859e-02 -1.888771653175354004e-01 6.860000000000000000e+02 6.360000000000000000e+02
4.706211686134338379e-01 2.578132450580596924e-01 -4.548799097537994385e-01 -4.521851837635040283e-01 -1.665874633789062500e+02 -1.525438079833984375e+02 -6.895718723535537720e-02 -1.842290163040161133e-01 6.740000000000000000e+02 6.240000000000000000e+02
4.706211686134338379e-01 2.604388296604156494e-01 -4.495035409927368164e-01 -4.466062188148498535e-01 -1.581965026855468750e+02 -1.441528472900390625e+02 -6.548383086919784546e-02 -1.740951538085937500e-01 6.490000000000000000e+02 5.990000000000000000e+02
4.706211686134338379e-01 2.642632722854614258e-01 -4.419374465942382812e-01 -4.384798407554626465e-01 -1.528652496337890625e+02 -1.388215942382812500e+02 -6.327701359987258911e-02 -1.676565259695053101e-01 6.310000000000000000e+02 5.810000000000000000e+02
4.706211686134338379e-01 2.753924429416656494e-01 -4.168431460857391357e-01 -4.148319959640502930e-01 -1.178831634521484375e+02 -1.038395080566406250e+02 -4.879653453826904297e-02 -1.254082471132278442e-01 5.150000000000000000e+02 4.650000000000000000e+02
4.706211686134338379e-01 2.989626526832580566e-01 -3.644215166568756104e-01 -3.647488057613372803e-01 -9.809483337402343750e+01 -8.405118560791015625e+01 -4.060535877943038940e-02 -1.015096455812454224e-01 4.390000000000000000e+02 3.890000000000000000e+02
4.706211686134338379e-01 3.205469846725463867e-01 -3.136093914508819580e-01 -3.188853263854980469e-01 -8.826383972167968750e+01 -7.422018432617187500e+01 -3.653591871261596680e-02 -8.963662385940551758e-02 3.980000000000000000e+02 3.480000000000000000e+02
4.706211686134338379e-01 3.320541977882385254e-01 -2.884813249111175537e-01 -2.944342195987701416e-01 -7.914351654052734375e+01 -6.509986114501953125e+01 -3.276065364480018616e-02 -7.862189412117004395e-02 3.620000000000000000e+02 3.120000000000000000e+02
4.706211686134338379e-01 3.411985635757446289e-01 -2.714718282222747803e-01 -2.750037908554077148e-01 -6.884002685546875000e+01 -5.479637908935546875e+01 -2.849562838673591614e-02 -6.617825478315353394e-02 3.230000000000000000e+02 2.730000000000000000e+02
4.706211686134338379e-01 3.361912071704864502e-01 -2.854074537754058838e-01 -2.856436669826507568e-01 -6.286961364746093750e+01 -4.882596588134765625e+01 -2.602423727512359619e-02 -5.896771326661109924e-02 2.910000000000000000e+02 2.410000000000000000e+02
4.706211686134338379e-01 3.390747010707855225e-01 -2.802110910415649414e-01 -2.795166671276092529e-01 -5.802782058715820312e+01 -4.398417282104492188e+01 -2.402002550661563873e-02 -5.312022194266319275e-02 2.690000000000000000e+02 2.190000000000000000e+02
4.706211686134338379e-01 3.498802185058593750e-01 -2.580876052379608154e-01 -2.565565705299377441e-01 -5.249868774414062500e+01 -3.845504379272460938e+01 -2.173129841685295105e-02 -4.644262418150901794e-02 2.510000000000000000e+02 2.010000000000000000e+02
4.706211686134338379e-01 3.581035435199737549e-01 -2.424276620149612427e-01 -2.390832155942916870e-01 -4.911315155029296875e+01 -3.506950378417968750e+01 -2.032988891005516052e-02 -4.235386848449707031e-02 2.340000000000000000e+02 1.840000000000000000e+02
4.706211686134338379e-01 4.048092663288116455e-01 -1.410163938999176025e-01 -1.398404985666275024e-01 -3.104092407226562500e+01 -1.699727821350097656e+01 -1.284907478839159012e-02 -2.052782103419303894e-02 1.420000000000000000e+02 9.200000000000000000e+01
4.706211686134338379e-01 4.458975493907928467e-01 -4.414073005318641663e-02 -5.253401398658752441e-02 -2.455871582031250000e+01 -1.051506996154785156e+01 -1.016583014279603958e-02 -1.269917842000722885e-02 1.090000000000000000e+02 5.900000000000000000e+01
4.706211686134338379e-01 4.515180587768554688e-01 -3.540068864822387695e-02 -4.059126600623130798e-02 -2.190993118286132812e+01 -7.866283416748046875e+00 -9.069393388926982880e-03 -9.500206448137760162e-03 9.500000000000000000e+01 4.500000000000000000e+01
4.706211686134338379e-01 4.601727128028869629e-01 -1.057812385261058807e-02 -2.220141515135765076e-02 -1.941358757019042969e+01 -5.369939804077148438e+00 -8.036057464778423309e-03 -6.485341582447290421e-03 8.300000000000000000e+01 3.300000000000000000e+01
4.706211686134338379e-01 4.707422256469726562e-01 9.375822730362415314e-03 2.572281809989362955e-04 -1.806490707397460938e+01 -4.021258354187011719e+00 -7.477784529328346252e-03 -4.856522660702466965e-03 7.500000000000000000e+01 2.500000000000000000e+01
4.706211686134338379e-01 4.634084105491638184e-01 -4.320782143622636795e-03 -1.532603800296783447e-02 -1.725820541381835938e+01 -3.214558362960815430e+00 -7.143858354538679123e-03 -3.882261458784341812e-03 7.000000000000000000e+01 2.000000000000000000e+01
4.706211686134338379e-01 4.678564369678497314e-01 3.676831722259521484e-03 -5.874643567949533463e-03 -1.641028976440429688e+01 -2.366641998291015625e+00 -6.792872678488492966e-03 -2.858222462236881256e-03 6.500000000000000000e+01 1.500000000000000000e+01
4.706211686134338379e-01 4.802985191345214844e-01 2.794296666979789734e-02 2.056293003261089325e-02 -1.587611865997314453e+01 -1.832471609115600586e+00 -6.571757607161998749e-03 -2.213098341599106789e-03 6.200000000000000000e+01 1.200000000000000000e+01
4.706211686134338379e-01 4.802985191345214844e-01 2.794296666979789734e-02 2.056293003261089325e-02 -1.587611865997314453e+01 -1.832471609115600586e+00 -6.571757607161998749e-03 -2.213098341599106789e-03 6.200000000000000000e+01 1.200000000000000000e+01
4.706211686134338379e-01 4.453347027301788330e-01 -5.159750953316688538e-02 -5.372998118400573730e-02 -1.418859672546386719e+01 -1.449483633041381836e-01 -5.873225163668394089e-03 -1.750559022184461355e-04 5.100000000000000000e+01 1.000000000000000000e+00
4.706211686134338379e-01 4.379255175590515137e-01 -6.591831147670745850e-02 -6.947339326143264771e-02 -1.404364776611328125e+01 0.000000000000000000e+00 -5.813225172460079193e-03 0.000000000000000000e+00 5.000000000000000000e+01 0.000000000000000000e+00
4.706211686134338379e-01 4.379255175590515137e-01 -6.591831147670745850e-02 -6.947339326143264771e-02 -1.404364776611328125e+01 0.000000000000000000e+00 -5.813225172460079193e-03 0.000000000000000000e+00 5.000000000000000000e+01 0.000000000000000000e+00
4.706211686134338379e-01 4.379255175590515137e-01 -6.591831147670745850e-02 -6.947339326143264771e-02 -1.404364776611328125e+01 0.000000000000000000e+00 -5.813225172460079193e-03 0.000000000000000000e+00 5.000000000000000000e+01 0.000000000000000000e+00
4.706211686134338379e-01 4.379255175590515137e-01 -6.591831147670745850e-02 -6.947339326143264771e-02 -1.404364776611328125e+01 0.000000000000000000e+00 -5.813225172460079193e-03 0.000000000000000000e+00 5.000000000000000000e+01 0.000000000000000000e+00
4.706211686134338379e-01 4.379255175590515137e-01 -6.591831147670745850e-02 -6.947339326143264771e-02 -1.404364776611328125e+01 0.000000000000000000e+00 -5.813225172460079193e-03 0.000000000000000000e+00 5.000000000000000000e+01 0.000000000000000000e+00
4.706211686134338379e-01 4.379255175590515137e-01 -6.591831147670745850e-02 -6.947339326143264771e-02 -1.404364776611328125e+01 0.000000000000000000e+00 -5.813225172460079193e-03 0.000000000000000000e+00 5.000000000000000000e+01 0.000000000000000000e+00
4.706211686134338379e-01 4.379255175590515137e-01 -6.591831147670745850e-02 -6.947339326143264771e-02 -1.404364776611328125e+01 0.000000000000000000e+00 -5.813225172460079193e-03 0.000000000000000000e+00 5.000000000000000000e+01 0.000000000000000000e+00
4.706211686134338379e-01 4.379255175590515137e-01 -6.591831147670745850e-02 -6.947339326143264771e-02 -1.404364776611328125e+01 0.000000000000000000e+00 -5.813225172460079193e-03 0.000000000000000000e+00 5.000000000000000000e+01 0.000000000000000000e+00
4.706211686134338379e-01 4.379255175590515137e-01 -6.591831147670745850e-02 -6.947339326143264771e-02 -1.404364776611328125e+01 0.000000000000000000e+00 -5.813225172460079193e-03 0.000000000000000000e+00 5.000000000000000000e+01 0.000000000000000000e+00
4.706211686134338379e-01 4.379255175590515137e-01 -6.591831147670745850e-02 -6.947339326143264771e-02 -1.404364776611328125e+01 0.000000000000000000e+00 -5.813225172460079193e-03 0.000000000000000000e+00 5.000000000000000000e+01 0.000000000000000000e+00
4.706211686134338379e-01 4.379255175590515137e-01 -6.591831147670745850e-02 -6.947339326143264771e-02 -1.404364776611328125e+01 0.000000000000000000e+00 -5.813225172460079193e-03 0.000000000000000000e+00 5.000000000000000000e+01 0.000000000000000000e+00
4.706211686134338379e-01 4.379255175590515137e-01 -6.591831147670745850e-02 -6.947339326143264771e-02 -1.404364776611328125e+01 0.000000000000000000e+00 -5.813225172460079193e-03 0.000000000000000000e+00 5.000000000000000000e+01 0.000000000000000000e+00
4.706211686134338379e-01 4.379255175590515137e-01 -6.591831147670745850e-02 -6.947339326143264771e-02 -1.404364776611328125e+01 0.000000000000000000e+00 -5.813225172460079193e-03 0.000000000000000000e+00 5.000000000000000000e+01 0.000000000000000000e+00
4.706211686134338379e-01 4.379255175590515137e-01 -6.591831147670745850e-02 -6.947339326143264771e-02 -1.404364776611328125e+01 0.000000000000000000e+00 -5.813225172460079193e-03 0.000000000000000000e+00 5.000000000000000000e+01 0.000000000000000000e+00
4.706211686134338379e-01 4.379255175590515137e-01 -6.591831147670745850e-02 -6.947339326143264771e-02 -1.404364776611328125e+01 0.000000000000000000e+00 -5.813225172460079193e-03 0.000000000000000000e+00 5.000000000000000000e+01 0.000000000000000000e+00
4.706211686134338379e-01 4.379255175590515137e-01 -6.591831147670745850e-02 -6.947339326143264771e-02 -1.404364776611328125e+01 0.000000000000000000e+00 -5.813225172460079193e-03 0.000000000000000000e+00 5.000000000000000000e+01 0.000000000000000000e+00
4.706211686134338379e-01 4.379255175590515137e-01 -6.591831147670745850e-02 -6.947339326143264771e-02 -1.404364776611328125e+01 0.000000000000000000e+00 -5.813225172460079193e-03 0.000000000000000000e+00 5.000000000000000000e+01 0.000000000000000000e+00
4.706211686134338379e-01 4.379255175590515137e-01 -6.591831147670745850e-02 -6.947339326143264771e-02 -1.404364776611328125e+01 0.000000000000000000e+00 -5.813225172460079193e-03 0.000000000000000000e+00 5.000000000000000000e+01 0.000000000000000000e+00
4.706211686134338379e-01 4.379255175590515137e-01 -6.591831147670745850e-02 -6.947339326143264771e-02 -1.404364776611328125e+01 0.000000000000000000e+00 -5.813225172460079193e-03 0.000000000000000000e+00 5.000000000000000000e+01 0.000000000000000000e+00
4.706211686134338379e-01 4.379255175590515137e-01 -6.591831147670745850e-02 -6.947339326143264771e-02 -1.404364776611328125e+01 0.000000000000000000e+00 -5.813225172460079193e-03 0.000000000000000000e+00 5.000000000000000000e+01 0.000000000000000000e+00
4.706211686134338379e-01 4.379255175590515137e-01 -6.591831147670745850e-02 -6.947339326143264771e-02 -1.404364776611328125e+01 0.000000000000000000e+00 -5.813225172460079193e-03 0.000000000000000000e+00 5.000000000000000000e+01 0.000000000000000000e+00
4.706211686134338379e-01 4.379255175590515137e-01 -6.591831147670745850e-02 -6.947339326143264771e-02 -1.404364776611328125e+01 0.000000000000000000e+00 -5.813225172460079193e-03 0.000000000000000000e+00 5.000000000000000000e+01 0.000000000000000000e+00
4.706211686134338379e-01 4.379255175590515137e-01 -6.591831147670745850e-02 -6.947339326143264771e-02 -1.404364776611328125e+01 0.000000000000000000e+00 -5.813225172460079193e-03 0.000000000000000000e+00 5.000000000000000000e+01 0.000000000000000000e+00
4.706211686134338379e-01 4.379255175590515137e-01 -6.591831147670745850e-02 -6.947339326143264771e-02 -1.404364776611328125e+01 0.000000000000000000e+00 -5.813225172460079193e-03 0.000000000000000000e+00 5.000000000000000000e+01 0.000000000000000000e+00
4.706211686134338379e-01 4.379255175590515137e-01 -6.591831147670745850e-02 -6.947339326143264771e-02 -1.404364776611328125e+01 0.000000000000000000e+00 -5.813225172460079193e-03 0.000000000000000000e+00 5.000000000000000000e+01 0.000000000000000000e+00
4.706211686134338379e-01 4.379255175590515137e-01 -6.591831147670745850e-02 -6.947339326143264771e-02 -1.404364776611328125e+01 0.000000000000000000e+00 -5.813225172460079193e-03 0.000000000000000000e+00 5.000000000000000000e+01 0.000000000000000000e+00
4.706211686134338379e-01 4.379255175590515137e-01 -6.591831147670745850e-02 -6.947339326143264771e-02 -1.404364776611328125e+01 0.000000000000000000e+00 -5.813225172460079193e-03 0.000000000000000000e+00 5.000000000000000000e+01 0.000000000000000000e+00
4.706211686134338379e-01 4.379255175590515137e-01 -6.591831147670745850e-02 -6.947339326143264771e-02 -1.404364776611328125e+01 0.000000000000000000e+00 -5.813225172460079193e-03 0.000000000000000000e+00 5.000000000000000000e+01 0.000000000000000000e+00
4.706211686134338379e-01 4.379255175590515137e-01 -6.591831147670745850e-02 -6.947339326143264771e-02 -1.404364776611328125e+01 0.000000000000000000e+00 -5.813225172460079193e-03 0.000000000000000000e+00 5.000000000000000000e+01 0.000000000000000000e+00
4.706211686134338379e-01 4.379255175590515137e-01 -6.591831147670745850e-02 -6.947339326143264771e-02 -1.404364776611328125e+01 0.000000000000000000e+00 -5.813225172460079193e-03 0.000000000000000000e+00 5.000000000000000000e+01 0.000000000000000000e+00
4.706211686134338379e-01 4.379255175590515137e-01 -6.591831147670745850e-02 -6.947339326143264771e-02 -1.404364776611328125e+01 0.000000000000000000e+00 -5.813225172460079193e-03 0.000000000000000000e+00 5.000000000000000000e+01 0.000000000000000000e+00
4.706211686134338379e-01 4.379255175590515137e-01 -6.591831147670745850e-02 -6.947339326143264771e-02 -1.404364776611328125e+01 0.000000000000000000e+00 -5.813225172460079193e-03 0.000000000000000000e+00 5.000000000000000000e+01 0.000000000000000000e+00
4.706211686134338379e-01 4.379255175590515137e-01 -6.591831147670745850e-02 -6.947339326143264771e-02 -1.404364776611328125e+01 0.000000000000000000e+00 -5.813225172460079193e-03 0.000000000000000000e+00 5.000000000000000000e+01 0.000000000000000000e+00
4.706211686134338379e-01 4.379255175590515137e-01 -6.591831147670745850e-02 -6.947339326143264771e-02 -1.404364776611328125e+01 0.000000000000000000e+00 -5.813225172460079193e-03 0.000000000000000000e+00 5.000000000000000000e+01 0.000000000000000000e+00
4.706211686134338379e-01 4.379255175590515137e-01 -6.591831147670745850e-02 -6.947339326143264771e-02 -1.404364776611328125e+01 0.000000000000000000e+00 -5.813225172460079193e-03 0.000000000000000000e+00 5.000000000000000000e+01 0.000000000000000000e+00
4.706211686134338379e-01 4.379255175590515137e-01 -6.591831147670745850e-02 -6.947339326143264771e-02 -1.404364776611328125e+01 0.000000000000000000e+00 -5.813225172460079193e-03 0.000000000000000000e+00 5.000000000000000000e+01 0.000000000000000000e+00
4.706211686134338379e-01 4.379255175590515137e-01 -6.591831147670745850e-02 -6.947339326143264771e-02 -1.404364776611328125e+01 0.000000000000000000e+00 -5.813225172460079193e-03 0.000000000000000000e+00 5.000000000000000000e+01 0.000000000000000000e+00
4.706211686134338379e-01 4.379255175590515137e-01 -6.591831147670745850e-02 -6.947339326143264771e-02 -1.404364776611328125e+01 0.000000000000000000e+00 -5.813225172460079193e-03 0.000000000000000000e+00 5.000000000000000000e+01 0.000000000000000000e+00
4.706211686134338379e-01 4.379255175590515137e-01 -6.591831147670745850e-02 -6.947339326143264771e-02 -1.404364776611328125e+01 0.000000000000000000e+00 -5.813225172460079193e-03 0.000000000000000000e+00 5.000000000000000000e+01 0.000000000000000000e+00
4.706211686134338379e-01 4.379255175590515137e-01 -6.591831147670745850e-02 -6.947339326143264771e-02 -1.404364776611328125e+01 0.000000000000000000e+00 -5.813225172460079193e-03 0.000000000000000000e+00 5.000000000000000000e+01 0.000000000000000000e+00
4.706211686134338379e-01 4.379255175590515137e-01 -6.591831147670745850e-02 -6.947339326143264771e-02 -1.404364776611328125e+01 0.000000000000000000e+00 -5.813225172460079193e-03 0.000000000000000000e+00 5.000000000000000000e+01 0.000000000000000000e+00
4.706211686134338379e-01 4.379255175590515137e-01 -6.591831147670745850e-02 -6.947339326143264771e-02 -1.404364776611328125e+01 0.000000000000000000e+00 -5.813225172460079193e-03 0.000000000000000000e+00 5.000000000000000000e+01 0.000000000000000000e+00
4.706211686134338379e-01 4.379255175590515137e-01 -6.591831147670745850e-02 -6.947339326143264771e-02 -1.404364776611328125e+01 0.000000000000000000e+00 -5.813225172460079193e-03 0.000000000000000000e+00 5.000000000000000000e+01 0.000000000000000000e+00
4.706211686134338379e-01 4.379255175590515137e-01 -6.591831147670745850e-02 -6.947339326143264771e-02 -1.404364776611328125e+01 0.000000000000000000e+00 -5.813225172460079193e-03 0.000000000000000000e+00 5.000000000000000000e+01 0.000000000000000000e+00
4.706211686134338379e-01 4.379255175590515137e-01 -6.591831147670745850e-02 -6.947339326143264771e-02 -1.404364776611328125e+01 0.000000000000000000e+00 -5.813225172460079193e-03 0.000000000000000000e+00 5.000000000000000000e+01 0.000000000000000000e+00
4.706211686134338379e-01 4.379255175590515137e-01 -6.591831147670745850e-02 -6.947339326143264771e-02 -1.404364776611328125e+01 0.000000000000000000e+00 -5.813225172460079193e-03 0.000000000000000000e+00 5.000000000000000000e+01 0.000000000000000000e+00
4.706211686134338379e-01 4.379255175590515137e-01 -6.591831147670745850e-02 -6.947339326143264771e-02 -1.404364776611328125e+01 0.000000000000000000e+00 -5.813225172460079193e-03 0.000000000000000000e+00 5.000000000000000000e+01 0.000000000000000000e+00
4.706211686134338379e-01 4.379255175590515137e-01 -6.591831147670745850e-02 -6.947339326143264771e-02 -1.404364776611328125e+01 0.000000000000000000e+00 -5.813225172460079193e-03 0.000000000000000000e+00 5.000000000000000000e+01 0.000000000000000000e+00
4.706211686134338379e-01 4.379255175590515137e-01 -6.591831147670745850e-02 -6.947339326143264771e-02 -1.404364776611328125e+01 0.000000000000000000e+00 -5.813225172460079193e-03 0.000000000000000000e+00 5.000000000000000000e+01 0.000000000000000000e+00
4.706211686134338379e-01 4.379255175590515137e-01 -6.591831147670745850e-02 -6.947339326143264771e-02 -1.404364776611328125e+01 0.000000000000000000e+00 -5.813225172460079193e-03 0.000000000000000000e+00 5.000000000000000000e+01 0.000000000000000000e+00
4.706211686134338379e-01 4.379255175590515137e-01 -6.591831147670745850e-02 -6.947339326143264771e-02 -1.404364776611328125e+01 0.000000000000000000e+00 -5.813225172460079193e-03 0.000000000000000000e+00 5.000000000000000000e+01 0.000000000000000000e+00
4.706211686134338379e-01 4.379255175590515137e-01 -6.591831147670745850e-02 -6.947339326143264771e-02 -1.404364776611328125e+01 0.000000000000000000e+00 -5.813225172460079193e-03 0.000000000000000000e+00 5.000000000000000000e+01 0.000000000000000000e+00
4.706211686134338379e-01 4.379255175590515137e-01 -6.591831147670745850e-02 -6.947339326143264771e-02 -1.404364776611328125e+01 0.000000000000000000e+00 -5.813225172460079193e-03 0.000000000000000000e+00 5.000000000000000000e+01 0.000000000000000000e+00
4.706211686134338379e-01 4.379255175590515137e-01 -6.591831147670745850e-02 -6.947339326143264771e-02 -1.404364776611328125e+01 0.000000000000000000e+00 -5.813225172460079193e-03 0.000000000000000000e+00 5.000000000000000000e+01 0.000000000000000000e+00
4.706211686134338379e-01 4.379255175590515137e-01 -6.591831147670745850e-02 -6.947339326143264771e-02 -1.404364776611328125e+01 0.000000000000000000e+00 -5.813225172460079193e-03 0.000000000000000000e+00 5.000000000000000000e+01 0.000000000000000000e+00
4.706211686134338379e-01 4.379255175590515137e-01 -6.591831147670745850e-02 -6.947339326143264771e-02 -1.404364776611328125e+01 0.000000000000000000e+00 -5.813225172460079193e-03 0.000000000000000000e+00 5.000000000000000000e+01 0.000000000000000000e+00
4.706211686134338379e-01 4.379255175590515137e-01 -6.591831147670745850e-02 -6.947339326143264771e-02 -1.404364776611328125e+01 0.000000000000000000e+00 -5.813225172460079193e-03 0.000000000000000000e+00 5.000000000000000000e+01 0.000000000000000000e+00
4.706211686134338379e-01 4.379255175590515137e-01 -6.591831147670745850e-02 -6.947339326143264771e-02 -1.404364776611328125e+01 0.000000000000000000e+00 -5.813225172460079193e-03 0.000000000000000000e+00 5.000000000000000000e+01 0.000000000000000000e+00
4.706211686134338379e-01 4.379255175590515137e-01 -6.591831147670745850e-02 -6.947339326143264771e-02 -1.404364776611328125e+01 0.000000000000000000e+00 -5.813225172460079193e-03 0.000000000000000000e+00 5.000000000000000000e+01 0.000000000000000000e+00
4.706211686134338379e-01 4.379255175590515137e-01 -6.591831147670745850e-02 -6.947339326143264771e-02 -1.404364776611328125e+01 0.000000000000000000e+00 -5.813225172460079193e-03 0.000000000000000000e+00 5.000000000000000000e+01 0.000000000000000000e+00
4.706211686134338379e-01 4.379255175590515137e-01 -6.591831147670745850e-02 -6.947339326143264771e-02 -1.404364776611328125e+01 0.000000000000000000e+00 -5.813225172460079193e-03 0.000000000000000000e+00 5.000000000000000000e+01 0.000000000000000000e+00
