4.466106295585632324e-01 3.798379004001617432e-01 -1.450131982564926147e-01 -1.495099365711212158e-01 -4.068534469604492188e+01 -8.298402428627014160e-01 -1.684128493070602417e-02 -8.657943690195679665e-04 5.500000000000000000e+01 5.000000000000000000e+00
4.466106295585632324e-01 3.803569078445434570e-01 -1.439097523689270020e-01 -1.483478397130966187e-01 -4.051182937622070312e+01 -6.563242077827453613e-01 -1.676945947110652924e-02 -6.847605109214782715e-04 5.400000000000000000e+01 4.000000000000000000e+00
4.466106295585632324e-01 3.833200037479400635e-01 -1.374313831329345703e-01 -1.417132169008255005e-01 -4.025050354003906250e+01 -3.949987888336181641e-01 -1.666128635406494141e-02 -4.121127421967685223e-04 5.300000000000000000e+01 3.000000000000000000e+00
4.466106295585632324e-01 3.833200037479400635e-01 -1.374313682317733765e-01 -1.417132169008255005e-01 -4.025050354003906250e+01 -3.949987888336181641e-01 -1.666128635406494141e-02 -4.121127421967685223e-04 5.300000000000000000e+01 3.000000000000000000e+00
4.466106295585632324e-01 3.847396671772003174e-01 -1.348329186439514160e-01 -1.385344564914703369e-01 -4.009896087646484375e+01 -2.434560060501098633e-01 -1.659855619072914124e-02 -2.540041168686002493e-04 5.200000000000000000e+01 2.000000000000000000e+00
4.466106295585632324e-01 3.847396671772003174e-01 -1.348329186439514160e-01 -1.385344564914703369e-01 -4.009896087646484375e+01 -2.434560060501098633e-01 -1.659855619072914124e-02 -2.540041168686002493e-04 5.200000000000000000e+01 2.000000000000000000e+00
4.466106295585632324e-01 3.847396671772003174e-01 -1.348329335451126099e-01 -1.385344564914703369e-01 -4.009896087646484375e+01 -2.434560060501098633e-01 -1.659855619072914124e-02 -2.540041168686002493e-04 5.200000000000000000e+01 2.000000000000000000e+00
4.466106295585632324e-01 3.847396671772003174e-01 -1.348329186439514160e-01 -1.385344564914703369e-01 -4.009896087646484375e+01 -2.434560060501098633e-01 -1.659855619072914124e-02 -2.540041168686002493e-04 5.200000000000000000e+01 2.000000000000000000e+00
4.466106295585632324e-01 3.847396671772003174e-01 -1.348329335451126099e-01 -1.385344564914703369e-01 -4.009896087646484375e+01 -2.434560060501098633e-01 -1.659855619072914124e-02 -2.540041168686002493e-04 5.200000000000000000e+01 2.000000000000000000e+00
4.466106295585632324e-01 3.847396671772003174e-01 -1.348329186439514160e-01 -1.385344564914703369e-01 -4.009896087646484375e+01 -2.434560060501098633e-01 -1.659855619072914124e-02 -2.540041168686002493e-04 5.200000000000000000e+01 2.000000000000000000e+00
4.466106295585632324e-01 3.847396671772003174e-01 -1.348329186439514160e-01 -1.385344564914703369e-01 -4.009896087646484375e+01 -2.434560060501098633e-01 -1.659855619072914124e-02 -2.540041168686002493e-04 5.200000000000000000e+01 2.000000000000000000e+00
4.466106295585632324e-01 3.847396671772003174e-01 -1.348329186439514160e-01 -1.385344564914703369e-01 -4.009896087646484375e+01 -2.434560060501098633e-01 -1.659855619072914124e-02 -2.540041168686002493e-04 5.200000000000000000e+01 2.000000000000000000e+00
4.466106295585632324e-01 3.847396671772003174e-01 -1.348329186439514160e-01 -1.385344564914703369e-01 -4.009896087646484375e+01 -2.434560060501098633e-01 -1.659855619072914124e-02 -2.540041168686002493e-04 5.200000000000000000e+01 2.000000000000000000e+00
4.466106295585632324e-01 3.847396671772003174e-01 -1.348329335451126099e-01 -1.385344564914703369e-01 -4.009896087646484375e+01 -2.434560060501098633e-01 -1.659855619072914124e-02 -2.540041168686002493e-04 5.200000000000000000e+01 2.000000000000000000e+00
4.466106295585632324e-01 3.888425827026367188e-01 -1.238238662481307983e-01 -1.293476819992065430e-01 -3.992440032958984375e+01 -6.889331340789794922e-02 -1.652629859745502472e-02 -7.187822484411299229e-05 5.100000000000000000e+01 1.000000000000000000e+00
4.466106295585632324e-01 3.888425827026367188e-01 -1.238238587975502014e-01 -1.293476819992065430e-01 -3.992440032958984375e+01 -6.889331340789794922e-02 -1.652629859745502472e-02 -7.187822484411299229e-05 5.100000000000000000e+01 1.000000000000000000e+00
4.466106295585632324e-01 3.888425827026367188e-01 -1.238238662481307983e-01 -1.293476819992065430e-01 -3.992440032958984375e+01 -6.889331340789794922e-02 -1.652629859745502472e-02 -7.187822484411299229e-05 5.100000000000000000e+01 1.000000000000000000e+00
4.466106295585632324e-01 3.888425827026367188e-01 -1.238238662481307983e-01 -1.293476819992065430e-01 -3.992440032958984375e+01 -6.889331340789794922e-02 -1.652629859745502472e-02 -7.187822484411299229e-05 5.100000000000000000e+01 1.000000000000000000e+00
4.466106295585632324e-01 3.888425827026367188e-01 -1.238238587975502014e-01 -1.293476819992065430e-01 -3.992440032958984375e+01 -6.889331340789794922e-02 -1.652629859745502472e-02 -7.187822484411299229e-05 5.100000000000000000e+01 1.000000000000000000e+00
4.466106295585632324e-01 3.888425827026367188e-01 -1.238238662481307983e-01 -1.293476819992065430e-01 -3.992440032958984375e+01 -6.889331340789794922e-02 -1.652629859745502472e-02 -7.187822484411299229e-05 5.100000000000000000e+01 1.000000000000000000e+00
4.466106295585632324e-01 3.910294771194458008e-01 -1.184093281626701355e-01 -1.244510263204574585e-01 -3.985550689697265625e+01 0.000000000000000000e+00 -1.649778150022029877e-02 0.000000000000000000e+00 5.000000000000000000e+01 0.000000000000000000e+00
4.466106295585632324e-01 3.910294771194458008e-01 -1.184093281626701355e-01 -1.244510263204574585e-01 -3.985550689697265625e+01 0.000000000000000000e+00 -1.649778150022029877e-02 0.000000000000000000e+00 5.000000000000000000e+01 0.000000000000000000e+00
4.466106295585632324e-01 3.910294771194458008e-01 -1.184093281626701355e-01 -1.244510263204574585e-01 -3.985550689697265625e+01 0.000000000000000000e+00 -1.649778150022029877e-02 0.000000000000000000e+00 5.000000000000000000e+01 0.000000000000000000e+00
4.466106295585632324e-01 3.910294771194458008e-01 -1.184093281626701355e-01 -1.244510263204574585e-01 -3.985550689697265625e+01 0.000000000000000000e+00 -1.649778150022029877e-02 0.000000000000000000e+00 5.000000000000000000e+01 0.000000000000000000e+00
4.466106295585632324e-01 3.910294771194458008e-01 -1.184093281626701355e-01 -1.244510263204574585e-01 -3.985550689697265625e+01 0.000000000000000000e+00 -1.649778150022029877e-02 0.000000000000000000e+00 5.000000000000000000e+01 0.000000000000000000e+00
4.466106295585632324e-01 3.910294771194458008e-01 -1.184093281626701355e-01 -1.244510263204574585e-01 -3.985550689697265625e+01 0.000000000000000000e+00 -1.649778150022029877e-02 0.000000000000000000e+00 5.000000000000000000e+01 0.000000000000000000e+00
4.466106295585632324e-01 3.910294771194458008e-01 -1.184093356132507324e-01 -1.244510263204574585e-01 -3.985550689697265625e+01 0.000000000000000000e+00 -1.649778150022029877e-02 0.000000000000000000e+00 5.000000000000000000e+01 0.000000000000000000e+00
4.466106295585632324e-01 3.910294771194458008e-01 -1.184093281626701355e-01 -1.244510263204574585e-01 -3.985550689697265625e+01 0.000000000000000000e+00 -1.649778150022029877e-02 0.000000000000000000e+00 5.000000000000000000e+01 0.000000000000000000e+00
4.466106295585632324e-01 3.910294771194458008e-01 -1.184093281626701355e-01 -1.244510263204574585e-01 -3.985550689697265625e+01 0.000000000000000000e+00 -1.649778150022029877e-02 0.000000000000000000e+00 5.000000000000000000e+01 0.000000000000000000e+00
4.466106295585632324e-01 3.910294771194458008e-01 -1.184093356132507324e-01 -1.244510263204574585e-01 -3.985550689697265625e+01 0.000000000000000000e+00 -1.649778150022029877e-02 0.000000000000000000e+00 5.000000000000000000e+01 0.000000000000000000e+00
4.466106295585632324e-01 3.910294771194458008e-01 -1.184093356132507324e-01 -1.244510263204574585e-01 -3.985550689697265625e+01 0.000000000000000000e+00 -1.649778150022029877e-02 0.000000000000000000e+00 5.000000000000000000e+01 0.000000000000000000e+00
4.466106295585632324e-01 3.910294771194458008e-01 -1.184093356132507324e-01 -1.244510263204574585e-01 -3.985550689697265625e+01 0.000000000000000000e+00 -1.649778150022029877e-02 0.000000000000000000e+00 5.000000000000000000e+01 0.000000000000000000e+00
4.466106295585632324e-01 3.910294771194458008e-01 -1.184093281626701355e-01 -1.244510263204574585e-01 -3.985550689697265625e+01 0.000000000000000000e+00 -1.649778150022029877e-02 0.000000000000000000e+00 5.000000000000000000e+01 0.000000000000000000e+00
4.466106295585632324e-01 3.910294771194458008e-01 -1.184093281626701355e-01 -1.244510263204574585e-01 -3.985550689697265625e+01 0.000000000000000000e+00 -1.649778150022029877e-02 0.000000000000000000e+00 5.000000000000000000e+01 0.000000000000000000e+00
4.466106295585632324e-01 3.910294771194458008e-01 -1.184093281626701355e-01 -1.244510263204574585e-01 -3.985550689697265625e+01 0.000000000000000000e+00 -1.649778150022029877e-02 0.000000000000000000e+00 5.000000000000000000e+01 0.000000000000000000e+00
4.466106295585632324e-01 3.910294771194458008e-01 -1.184093281626701355e-01 -1.244510263204574585e-01 -3.985550689697265625e+01 0.000000000000000000e+00 -1.649778150022029877e-02 0.000000000000000000e+00 5.000000000000000000e+01 0.000000000000000000e+00
4.466106295585632324e-01 3.910294771194458008e-01 -1.184093281626701355e-01 -1.244510263204574585e-01 -3.985550689697265625e+01 0.000000000000000000e+00 -1.649778150022029877e-02 0.000000000000000000e+00 5.000000000000000000e+01 0.000000000000000000e+00
4.466106295585632324e-01 3.910294771194458008e-01 -1.184093356132507324e-01 -1.244510263204574585e-01 -3.985550689697265625e+01 0.000000000000000000e+00 -1.649778150022029877e-02 0.000000000000000000e+00 5.000000000000000000e+01 0.000000000000000000e+00
4.466106295585632324e-01 3.910294771194458008e-01 -1.184093281626701355e-01 -1.244510263204574585e-01 -3.985550689697265625e+01 0.000000000000000000e+00 -1.649778150022029877e-02 0.000000000000000000e+00 5.000000000000000000e+01 0.000000000000000000e+00
4.466106295585632324e-01 3.910294771194458008e-01 -1.184093281626701355e-01 -1.244510263204574585e-01 -3.985550689697265625e+01 0.000000000000000000e+00 -1.649778150022029877e-02 0.000000000000000000e+00 5.000000000000000000e+01 0.000000000000000000e+00
4.466106295585632324e-01 3.910294771194458008e-01 -1.184093356132507324e-01 -1.244510263204574585e-01 -3.985550689697265625e+01 0.000000000000000000e+00 -1.649778150022029877e-02 0.000000000000000000e+00 5.000000000000000000e+01 0.000000000000000000e+00
4.466106295585632324e-01 3.910294771194458008e-01 -1.184093281626701355e-01 -1.244510263204574585e-01 -3.985550689697265625e+01 0.000000000000000000e+00 -1.649778150022029877e-02 0.000000000000000000e+00 5.000000000000000000e+01 0.000000000000000000e+00
4.466106295585632324e-01 3.910294771194458008e-01 -1.184093281626701355e-01 -1.244510263204574585e-01 -3.985550689697265625e+01 0.000000000000000000e+00 -1.649778150022029877e-02 0.000000000000000000e+00 5.000000000000000000e+01 0.000000000000000000e+00
4.466106295585632324e-01 3.910294771194458008e-01 -1.184093356132507324e-01 -1.244510263204574585e-01 -3.985550689697265625e+01 0.000000000000000000e+00 -1.649778150022029877e-02 0.000000000000000000e+00 5.000000000000000000e+01 0.000000000000000000e+00
4.466106295585632324e-01 3.910294771194458008e-01 -1.184093281626701355e-01 -1.244510263204574585e-01 -3.985550689697265625e+01 0.000000000000000000e+00 -1.649778150022029877e-02 0.000000000000000000e+00 5.000000000000000000e+01 0.000000000000000000e+00
4.466106295585632324e-01 3.910294771194458008e-01 -1.184093281626701355e-01 -1.244510263204574585e-01 -3.985550689697265625e+01 0.000000000000000000e+00 -1.649778150022029877e-02 0.000000000000000000e+00 5.000000000000000000e+01 0.000000000000000000e+00
4.466106295585632324e-01 3.910294771194458008e-01 -1.184093281626701355e-01 -1.244510263204574585e-01 -3.985550689697265625e+01 0.000000000000000000e+00 -1.649778150022029877e-02 0.000000000000000000e+00 5.000000000000000000e+01 0.000000000000000000e+00
4.466106295585632324e-01 3.910294771194458008e-01 -1.184093356132507324e-01 -1.244510263204574585e-01 -3.985550689697265625e+01 0.000000000000000000e+00 -1.649778150022029877e-02 0.000000000000000000e+00 5.000000000000000000e+01 0.000000000000000000e+00
4.466106295585632324e-01 3.910294771194458008e-01 -1.184093356132507324e-01 -1.244510263204574585e-01 -3.985550689697265625e+01 0.000000000000000000e+00 -1.649778150022029877e-02 0.000000000000000000e+00 5.000000000000000000e+01 0.000000000000000000e+00
4.466106295585632324e-01 3.910294771194458008e-01 -1.184093281626701355e-01 -1.244510263204574585e-01 -3.985550689697265625e+01 0.000000000000000000e+00 -1.649778150022029877e-02 0.000000000000000000e+00 5.000000000000000000e+01 0.000000000000000000e+00
4.466106295585632324e-01 3.910294771194458008e-01 -1.184093281626701355e-01 -1.244510263204574585e-01 -3.985550689697265625e+01 0.000000000000000000e+00 -1.649778150022029877e-02 0.000000000000000000e+00 5.000000000000000000e+01 0.000000000000000000e+00
4.466106295585632324e-01 3.910294771194458008e-01 -1.184093356132507324e-01 -1.244510263204574585e-01 -3.985550689697265625e+01 0.000000000000000000e+00 -1.649778150022029877e-02 0.000000000000000000e+00 5.000000000000000000e+01 0.000000000000000000e+00
4.466106295585632324e-01 3.910294771194458008e-01 -1.184093356132507324e-01 -1.244510263204574585e-01 -3.985550689697265625e+01 0.000000000000000000e+00 -1.649778150022029877e-02 0.000000000000000000e+00 5.000000000000000000e+01 0.000000000000000000e+00
4.466106295585632324e-01 3.910294771194458008e-01 -1.184093281626701355e-01 -1.244510263204574585e-01 -3.985550689697265625e+01 0.000000000000000000e+00 -1.649778150022029877e-02 0.000000000000000000e+00 5.000000000000000000e+01 0.000000000000000000e+00
4.466106295585632324e-01 3.910294771194458008e-01 -1.184093281626701355e-01 -1.244510263204574585e-01 -3.985550689697265625e+01 0.000000000000000000e+00 -1.649778150022029877e-02 0.000000000000000000e+00 5.000000000000000000e+01 0.000000000000000000e+00
4.466106295585632324e-01 3.910294771194458008e-01 -1.184093281626701355e-01 -1.244510263204574585e-01 -3.985550689697265625e+01 0.000000000000000000e+00 -1.649778150022029877e-02 0.000000000000000000e+00 5.000000000000000000e+01 0.000000000000000000e+00
4.466106295585632324e-01 3.910294771194458008e-01 -1.184093356132507324e-01 -1.244510263204574585e-01 -3.985550689697265625e+01 0.000000000000000000e+00 -1.649778150022029877e-02 0.000000000000000000e+00 5.000000000000000000e+01 0.000000000000000000e+00
4.466106295585632324e-01 3.910294771194458008e-01 -1.184093281626701355e-01 -1.244510263204574585e-01 -3.985550689697265625e+01 0.000000000000000000e+00 -1.649778150022029877e-02 0.000000000000000000e+00 5.000000000000000000e+01 0.000000000000000000e+00
4.466106295585632324e-01 3.910294771194458008e-01 -1.184093281626701355e-01 -1.244510263204574585e-01 -3.985550689697265625e+01 0.000000000000000000e+00 -1.649778150022029877e-02 0.000000000000000000e+00 5.000000000000000000e+01 0.000000000000000000e+00
4.466106295585632324e-01 3.910294771194458008e-01 -1.184093281626701355e-01 -1.244510263204574585e-01 -3.985550689697265625e+01 0.000000000000000000e+00 -1.649778150022029877e-02 0.000000000000000000e+00 5.000000000000000000e+01 0.000000000000000000e+00
4.466106295585632324e-01 3.910294771194458008e-01 -1.184093356132507324e-01 -1.244510263204574585e-01 -3.985550689697265625e+01 0.000000000000000000e+00 -1.649778150022029877e-02 0.000000000000000000e+00 5.000000000000000000e+01 0.000000000000000000e+00
4.466106295585632324e-01 3.910294771194458008e-01 -1.184093281626701355e-01 -1.244510263204574585e-01 -3.985550689697265625e+01 0.000000000000000000e+00 -1.649778150022029877e-02 0.000000000000000000e+00 5.000000000000000000e+01 0.000000000000000000e+00
4.466106295585632324e-01 3.910294771194458008e-01 -1.184093356132507324e-01 -1.244510263204574585e-01 -3.985550689697265625e+01 0.000000000000000000e+00 -1.649778150022029877e-02 0.000000000000000000e+00 5.000000000000000000e+01 0.000000000000000000e+00
4.466106295585632324e-01 3.910294771194458008e-01 -1.184093356132507324e-01 -1.244510263204574585e-01 -3.985550689697265625e+01 0.000000000000000000e+00 -1.649778150022029877e-02 0.000000000000000000e+00 5.000000000000000000e+01 0.000000000000000000e+00
4.466106295585632324e-01 3.910294771194458008e-01 -1.184093281626701355e-01 -1.244510263204574585e-01 -3.985550689697265625e+01 0.000000000000000000e+00 -1.649778150022029877e-02 0.000000000000000000e+00 5.000000000000000000e+01 0.000000000000000000e+00
4.466106295585632324e-01 3.910294771194458008e-01 -1.184093356132507324e-01 -1.244510263204574585e-01 -3.985550689697265625e+01 0.000000000000000000e+00 -1.649778150022029877e-02 0.000000000000000000e+00 5.000000000000000000e+01 0.000000000000000000e+00
4.466106295585632324e-01 3.910294771194458008e-01 -1.184093356132507324e-01 -1.244510263204574585e-01 -3.985550689697265625e+01 0.000000000000000000e+00 -1.649778150022029877e-02 0.000000000000000000e+00 5.000000000000000000e+01 0.000000000000000000e+00
4.466106295585632324e-01 3.910294771194458008e-01 -1.184093356132507324e-01 -1.244510263204574585e-01 -3.985550689697265625e+01 0.000000000000000000e+00 -1.649778150022029877e-02 0.000000000000000000e+00 5.000000000000000000e+01 0.000000000000000000e+00
4.466106295585632324e-01 3.910294771194458008e-01 -1.184093356132507324e-01 -1.244510263204574585e-01 -3.985550689697265625e+01 0.000000000000000000e+00 -1.649778150022029877e-02 0.000000000000000000e+00 5.000000000000000000e+01 0.000000000000000000e+00
4.466106295585632324e-01 3.910294771194458008e-01 -1.184093281626701355e-01 -1.244510263204574585e-01 -3.985550689697265625e+01 0.000000000000000000e+00 -1.649778150022029877e-02 0.000000000000000000e+00 5.000000000000000000e+01 0.000000000000000000e+00
4.466106295585632324e-01 3.910294771194458008e-01 -1.184093281626701355e-01 -1.244510263204574585e-01 -3.985550689697265625e+01 0.000000000000000000e+00 -1.649778150022029877e-02 0.000000000000000000e+00 5.000000000000000000e+01 0.000000000000000000e+00
4.466106295585632324e-01 3.910294771194458008e-01 -1.184093281626701355e-01 -1.244510263204574585e-01 -3.985550689697265625e+01 0.000000000000000000e+00 -1.649778150022029877e-02 0.000000000000000000e+00 5.000000000000000000e+01 0.000000000000000000e+00
4.466106295585632324e-01 3.910294771194458008e-01 -1.184093281626701355e-01 -1.244510263204574585e-01 -3.985550689697265625e+01 0.000000000000000000e+00 -1.649778150022029877e-02 0.000000000000000000e+00 5.000000000000000000e+01 0.000000000000000000e+00
4.466106295585632324e-01 3.910294771194458008e-01 -1.184093281626701355e-01 -1.244510263204574585e-01 -3.985550689697265625e+01 0.000000000000000000e+00 -1.649778150022029877e-02 0.000000000000000000e+00 5.000000000000000000e+01 0.000000000000000000e+00
4.466106295585632324e-01 3.910294771194458008e-01 -1.184093281626701355e-01 -1.244510263204574585e-01 -3.985550689697265625e+01 0.000000000000000000e+00 -1.649778150022029877e-02 0.000000000000000000e+00 5.000000000000000000e+01 0.000000000000000000e+00
4.466106295585632324e-01 3.910294771194458008e-01 -1.184093281626701355e-01 -1.244510263204574585e-01 -3.985550689697265625e+01 0.000000000000000000e+00 -1.649778150022029877e-02 0.000000000000000000e+00 5.000000000000000000e+01 0.000000000000000000e+00
4.466106295585632324e-01 3.910294771194458008e-01 -1.184093281626701355e-01 -1.244510263204574585e-01 -3.985550689697265625e+01 0.000000000000000000e+00 -1.649778150022029877e-02 0.000000000000000000e+00 5.000000000000000000e+01 0.000000000000000000e+00
4.466106295585632324e-01 3.910294771194458008e-01 -1.184093281626701355e-01 -1.244510263204574585e-01 -3.985550689697265625e+01 0.000000000000000000e+00 -1.649778150022029877e-02 0.000000000000000000e+00 5.000000000000000000e+01 0.000000000000000000e+00
4.466106295585632324e-01 3.910294771194458008e-01 -1.184093281626701355e-01 -1.244510263204574585e-01 -3.985550689697265625e+01 0.000000000000000000e+00 -1.649778150022029877e-02 0.000000000000000000e+00 5.000000000000000000e+01 0.000000000000000000e+00
4.466106295585632324e-01 3.910294771194458008e-01 -1.184093356132507324e-01 -1.244510263204574585e-01 -3.985550689697265625e+01 0.000000000000000000e+00 -1.649778150022029877e-02 0.000000000000000000e+00 5.000000000000000000e+01 0.000000000000000000e+00
4.466106295585632324e-01 3.910294771194458008e-01 -1.184093281626701355e-01 -1.244510263204574585e-01 -3.985550689697265625e+01 0.000000000000000000e+00 -1.649778150022029877e-02 0.000000000000000000e+00 5.000000000000000000e+01 0.000000000000000000e+00
4.466106295585632324e-01 3.910294771194458008e-01 -1.184093281626701355e-01 -1.244510263204574585e-01 -3.985550689697265625e+01 0.000000000000000000e+00 -1.649778150022029877e-02 0.000000000000000000e+00 5.000000000000000000e+01 0.000000000000000000e+00
4.466106295585632324e-01 3.910294771194458008e-01 -1.184093281626701355e-01 -1.244510263204574585e-01 -3.985550689697265625e+01 0.000000000000000000e+00 -1.649778150022029877e-02 0.000000000000000000e+00 5.000000000000000000e+01 0.000000000000000000e+00
4.466106295585632324e-01 3.910294771194458008e-01 -1.184093281626701355e-01 -1.244510263204574585e-01 -3.985550689697265625e+01 0.000000000000000000e+00 -1.649778150022029877e-02 0.000000000000000000e+00 5.000000000000000000e+01 0.000000000000000000e+00
4.466106295585632324e-01 3.910294771194458008e-01 -1.184093281626701355e-01 -1.244510263204574585e-01 -3.985550689697265625e+01 0.000000000000000000e+00 -1.649778150022029877e-02 0.000000000000000000e+00 5.000000000000000000e+01 0.000000000000000000e+00
4.466106295585632324e-01 3.910294771194458008e-01 -1.184093281626701355e-01 -1.244510263204574585e-01 -3.985550689697265625e+01 0.000000000000000000e+00 -1.649778150022029877e-02 0.000000000000000000e+00 5.000000000000000000e+01 0.000000000000000000e+00
4.466106295585632324e-01 3.910294771194458008e-01 -1.184093281626701355e-01 -1.244510263204574585e-01 -3.985550689697265625e+01 0.000000000000000000e+00 -1.649778150022029877e-02 0.000000000000000000e+00 5.000000000000000000e+01 0.000000000000000000e+00
4.466106295585632324e-01 3.910294771194458008e-01 -1.184093356132507324e-01 -1.244510263204574585e-01 -3.985550689697265625e+01 0.000000000000000000e+00 -1.649778150022029877e-02 0.000000000000000000e+00 5.000000000000000000e+01 0.000000000000000000e+00
4.466106295585632324e-01 3.910294771194458008e-01 -1.184093356132507324e-01 -1.244510263204574585e-01 -3.985550689697265625e+01 0.000000000000000000e+00 -1.649778150022029877e-02 0.000000000000000000e+00 5.000000000000000000e+01 0.000000000000000000e+00
4.466106295585632324e-01 3.910294771194458008e-01 -1.184093356132507324e-01 -1.244510263204574585e-01 -3.985550689697265625e+01 0.000000000000000000e+00 -1.649778150022029877e-02 0.000000000000000000e+00 5.000000000000000000e+01 0.000000000000000000e+00
4.466106295585632324e-01 3.910294771194458008e-01 -1.184093281626701355e-01 -1.244510263204574585e-01 -3.985550689697265625e+01 0.000000000000000000e+00 -1.649778150022029877e-02 0.000000000000000000e+00 5.000000000000000000e+01 0.000000000000000000e+00
