4.299481809139251709e-01 3.408970534801483154e-01 -2.568791210651397705e-01 -2.071206122636795044e-01 -1.076974258422851562e+02 -7.533085632324218750e+01 -4.458025470376014709e-02 -8.094248920679092407e-02 2.450000000000000000e+02 1.950000000000000000e+02
4.299481809139251709e-01 3.472637236118316650e-01 -2.407295554876327515e-01 -1.923126131296157837e-01 -9.729407501220703125e+01 -6.492750549316406250e+01 -4.027389362454414368e-02 -6.976415961980819702e-02 2.280000000000000000e+02 1.780000000000000000e+02
4.299481809139251709e-01 3.485918045043945312e-01 -2.372669577598571777e-01 -1.892236769199371338e-01 -9.174544525146484375e+01 -5.937887573242187500e+01 -3.797709196805953979e-02 -6.380219012498855591e-02 2.200000000000000000e+02 1.700000000000000000e+02
4.299481809139251709e-01 3.518913090229034424e-01 -2.286362946033477783e-01 -1.815494894981384277e-01 -8.717964172363281250e+01 -5.481306457519531250e+01 -3.608712553977966309e-02 -5.889626219868659973e-02 2.130000000000000000e+02 1.630000000000000000e+02
4.299481809139251709e-01 3.533552587032318115e-01 -2.247072160243988037e-01 -1.781445443630218506e-01 -8.620233917236328125e+01 -5.383576202392578125e+01 -3.568258136510848999e-02 -5.784615501761436462e-02 2.100000000000000000e+02 1.600000000000000000e+02
4.299481809139251709e-01 3.554609715938568115e-01 -2.201797813177108765e-01 -1.732469499111175537e-01 -8.272797393798828125e+01 -5.036140441894531250e+01 -3.424440324306488037e-02 -5.411298200488090515e-02 2.020000000000000000e+02 1.520000000000000000e+02
4.299481809139251709e-01 3.585267663002014160e-01 -2.122786641120910645e-01 -1.661163270473480225e-01 -7.953292083740234375e+01 -4.716634750366210938e+01 -3.292184323072433472e-02 -5.067991465330123901e-02 1.960000000000000000e+02 1.460000000000000000e+02
4.299481809139251709e-01 3.597464263439178467e-01 -2.076521217823028564e-01 -1.632795780897140503e-01 -7.696354675292968750e+01 -4.459697341918945312e+01 -3.185827657580375671e-02 -4.791913926601409912e-02 1.910000000000000000e+02 1.410000000000000000e+02
4.299481809139251709e-01 3.596402704715728760e-01 -2.079494446516036987e-01 -1.635264754295349121e-01 -7.440170288085937500e+01 -4.203513336181640625e+01 -3.079782798886299133e-02 -4.516646265983581543e-02 1.840000000000000000e+02 1.340000000000000000e+02
4.299481809139251709e-01 3.612003624439239502e-01 -2.055435478687286377e-01 -1.598979234695434570e-01 -7.333443450927734375e+01 -4.096786499023437500e+01 -3.035604394972324371e-02 -4.401968792080879211e-02 1.810000000000000000e+02 1.310000000000000000e+02
4.299481809139251709e-01 3.628721535205841064e-01 -2.013776004314422607e-01 -1.560095548629760742e-01 -7.212722778320312500e+01 -3.976065826416015625e+01 -2.985633164644241333e-02 -4.272255301475524902e-02 1.780000000000000000e+02 1.280000000000000000e+02
4.299481809139251709e-01 3.624732792377471924e-01 -2.030479758977890015e-01 -1.569372862577438354e-01 -6.499594116210937500e+01 -3.262936782836914062e+01 -2.690440788865089417e-02 -3.506002947688102722e-02 1.600000000000000000e+02 1.100000000000000000e+02
4.299481809139251709e-01 3.724007606506347656e-01 -1.823820620775222778e-01 -1.338473409414291382e-01 -5.890021133422851562e+01 -2.653364181518554688e+01 -2.438114397227764130e-02 -2.851021476089954376e-02 1.460000000000000000e+02 9.600000000000000000e+01
4.299481809139251709e-01 3.742977082729339600e-01 -1.812726557254791260e-01 -1.294353008270263672e-01 -5.438938903808593750e+01 -2.202281570434570312e+01 -2.251393347978591919e-02 -2.366336435079574585e-02 1.370000000000000000e+02 8.700000000000000000e+01
4.299481809139251709e-01 3.848214149475097656e-01 -1.532956659793853760e-01 -1.049586161971092224e-01 -5.086931610107421875e+01 -1.850274467468261719e+01 -2.105683647096157074e-02 -1.988107152283191681e-02 1.280000000000000000e+02 7.800000000000000000e+01
4.299481809139251709e-01 3.853434622287750244e-01 -1.521396189928054810e-01 -1.037444025278091431e-01 -5.021083831787109375e+01 -1.784426879882812500e+01 -2.078426629304885864e-02 -1.917354390025138855e-02 1.270000000000000000e+02 7.700000000000000000e+01
4.299481809139251709e-01 3.839761316776275635e-01 -1.557896733283996582e-01 -1.069246307015419006e-01 -4.836991119384765625e+01 -1.600334167480468750e+01 -2.002223208546638489e-02 -1.719547994434833527e-02 1.230000000000000000e+02 7.300000000000000000e+01
4.299481809139251709e-01 3.875758349895477295e-01 -1.487456113100051880e-01 -9.855221211910247803e-02 -4.676065444946289062e+01 -1.439408588409423828e+01 -1.935609802603721619e-02 -1.546634640544652939e-02 1.190000000000000000e+02 6.900000000000000000e+01
4.299481809139251709e-01 3.893711864948272705e-01 -1.454999446868896484e-01 -9.437647461891174316e-02 -4.572603607177734375e+01 -1.335946369171142578e+01 -1.892782747745513916e-02 -1.435465179383754730e-02 1.170000000000000000e+02 6.700000000000000000e+01
4.299481809139251709e-01 3.882220387458801270e-01 -1.486242711544036865e-01 -9.704923629760742188e-02 -4.529444122314453125e+01 -1.292787075042724609e+01 -1.874917373061180115e-02 -1.389090809971094131e-02 1.150000000000000000e+02 6.500000000000000000e+01
4.299481809139251709e-01 4.006613790988922119e-01 -1.235387027263641357e-01 -6.811705231666564941e-02 -3.772050094604492188e+01 -5.353931427001953125e+00 -1.561401784420013428e-02 -5.752762313932180405e-03 9.300000000000000000e+01 4.300000000000000000e+01
4.299481809139251709e-01 3.969067335128784180e-01 -1.302563697099685669e-01 -7.684983313083648682e-02 -3.598180389404296875e+01 -3.615234851837158203e+00 -1.489430200308561325e-02 -3.884545061737298965e-03 8.600000000000000000e+01 3.600000000000000000e+01
4.299481809139251709e-01 3.908592462539672852e-01 -1.432006210088729858e-01 -9.091545641422271729e-02 -3.487767791748046875e+01 -2.511108160018920898e+00 -1.443726010620594025e-02 -2.698168391361832619e-03 7.900000000000000000e+01 2.900000000000000000e+01
4.299481809139251709e-01 3.883620500564575195e-01 -1.485461145639419556e-01 -9.672358632087707520e-02 -3.448109436035156250e+01 -2.114524126052856445e+00 -1.427309866994619370e-02 -2.272041514515876770e-03 7.700000000000000000e+01 2.700000000000000000e+01
4.299481809139251709e-01 3.779456317424774170e-01 -1.697975099086761475e-01 -1.209507361054420471e-01 -3.435431671142578125e+01 -1.987748980522155762e+00 -1.422061957418918610e-02 -2.135822549462318420e-03 7.400000000000000000e+01 2.400000000000000000e+01
4.299481809139251709e-01 3.715426921844482422e-01 -1.821822524070739746e-01 -1.358430832624435425e-01 -3.389820480346679688e+01 -1.531636118888854980e+00 -1.403181720525026321e-02 -1.645732438191771507e-03 7.100000000000000000e+01 2.100000000000000000e+01
4.299481809139251709e-01 3.715426921844482422e-01 -1.821822524070739746e-01 -1.358430832624435425e-01 -3.389820480346679688e+01 -1.531636118888854980e+00 -1.403181720525026321e-02 -1.645732438191771507e-03 7.100000000000000000e+01 2.100000000000000000e+01
4.299481809139251709e-01 3.712969124317169189e-01 -1.825179606676101685e-01 -1.364147365093231201e-01 -3.371479034423828125e+01 -1.348217964172363281e+00 -1.395589485764503479e-02 -1.448650960810482502e-03 6.900000000000000000e+01 1.900000000000000000e+01
4.299481809139251709e-01 3.717864155769348145e-01 -1.823914498090744019e-01 -1.352762281894683838e-01 -3.330776596069335938e+01 -9.411970376968383789e-01 -1.378741115331649780e-02 -1.011309796012938023e-03 6.600000000000000000e+01 1.600000000000000000e+01
4.299481809139251709e-01 3.703694343566894531e-01 -1.834282577037811279e-01 -1.385719180107116699e-01 -3.280263519287109375e+01 -4.360643029212951660e-01 -1.357831712812185287e-02 -4.685480962507426739e-04 6.000000000000000000e+01 1.000000000000000000e+01
4.299481809139251709e-01 3.633787035942077637e-01 -1.961847245693206787e-01 -1.548313945531845093e-01 -3.266699981689453125e+01 -3.004313707351684570e-01 -1.352217234671115875e-02 -3.228114510420709848e-04 5.800000000000000000e+01 8.000000000000000000e+00
4.299481809139251709e-01 3.419040739536285400e-01 -2.358267754316329956e-01 -2.047784179449081421e-01 -3.248945236206054688e+01 -1.228831410408020020e-01 -1.344867795705795288e-02 -1.320370938628911972e-04 5.500000000000000000e+01 5.000000000000000000e+00
4.299481809139251709e-01 3.419040739536285400e-01 -2.358267754316329956e-01 -2.047784179449081421e-01 -3.248945236206054688e+01 -1.228831410408020020e-01 -1.344867795705795288e-02 -1.320370938628911972e-04 5.500000000000000000e+01 5.000000000000000000e+00
4.299481809139251709e-01 3.255869150161743164e-01 -2.723968625068664551e-01 -2.427298724651336670e-01 -3.241316986083984375e+01 -4.660093784332275391e-02 -1.341710239648818970e-02 -5.007238723919726908e-05 5.300000000000000000e+01 3.000000000000000000e+00
4.299481809139251709e-01 3.255869150161743164e-01 -2.723968625068664551e-01 -2.427298724651336670e-01 -3.241316986083984375e+01 -4.660093784332275391e-02 -1.341710239648818970e-02 -5.007238723919726908e-05 5.300000000000000000e+01 3.000000000000000000e+00
4.299481809139251709e-01 3.255869150161743164e-01 -2.723968625068664551e-01 -2.427298724651336670e-01 -3.241316986083984375e+01 -4.660093784332275391e-02 -1.341710239648818970e-02 -5.007238723919726908e-05 5.300000000000000000e+01 3.000000000000000000e+00
4.299481809139251709e-01 3.255869150161743164e-01 -2.723968625068664551e-01 -2.427298724651336670e-01 -3.241316986083984375e+01 -4.660093784332275391e-02 -1.341710239648818970e-02 -5.007238723919726908e-05 5.300000000000000000e+01 3.000000000000000000e+00
4.299481809139251709e-01 3.241279125213623047e-01 -2.763420343399047852e-01 -2.461233139038085938e-01 -3.241095352172851562e+01 -4.438316822052001953e-02 -1.341618411242961884e-02 -4.768940925714559853e-05 5.200000000000000000e+01 2.000000000000000000e+00
4.299481809139251709e-01 3.096693754196166992e-01 -3.045252859592437744e-01 -2.797518670558929443e-01 -3.236656951904296875e+01 0.000000000000000000e+00 -1.339781191200017929e-02 0.000000000000000000e+00 5.000000000000000000e+01 0.000000000000000000e+00
4.299481809139251709e-01 3.096693754196166992e-01 -3.045252859592437744e-01 -2.797518670558929443e-01 -3.236656951904296875e+01 0.000000000000000000e+00 -1.339781191200017929e-02 0.000000000000000000e+00 5.000000000000000000e+01 0.000000000000000000e+00
4.299481809139251709e-01 3.096693754196166992e-01 -3.045252859592437744e-01 -2.797518670558929443e-01 -3.236656951904296875e+01 0.000000000000000000e+00 -1.339781191200017929e-02 0.000000000000000000e+00 5.000000000000000000e+01 0.000000000000000000e+00
4.299481809139251709e-01 3.096693754196166992e-01 -3.045252859592437744e-01 -2.797518670558929443e-01 -3.236656951904296875e+01 0.000000000000000000e+00 -1.339781191200017929e-02 0.000000000000000000e+00 5.000000000000000000e+01 0.000000000000000000e+00
4.299481809139251709e-01 3.096693754196166992e-01 -3.045252859592437744e-01 -2.797518670558929443e-01 -3.236656951904296875e+01 0.000000000000000000e+00 -1.339781191200017929e-02 0.000000000000000000e+00 5.000000000000000000e+01 0.000000000000000000e+00
4.299481809139251709e-01 3.096693754196166992e-01 -3.045252859592437744e-01 -2.797518670558929443e-01 -3.236656951904296875e+01 0.000000000000000000e+00 -1.339781191200017929e-02 0.000000000000000000e+00 5.000000000000000000e+01 0.000000000000000000e+00
4.299481809139251709e-01 3.096693754196166992e-01 -3.045252859592437744e-01 -2.797518670558929443e-01 -3.236656951904296875e+01 0.000000000000000000e+00 -1.339781191200017929e-02 0.000000000000000000e+00 5.000000000000000000e+01 0.000000000000000000e+00
4.299481809139251709e-01 3.096693754196166992e-01 -3.045252859592437744e-01 -2.797518670558929443e-01 -3.236656951904296875e+01 0.000000000000000000e+00 -1.339781191200017929e-02 0.000000000000000000e+00 5.000000000000000000e+01 0.000000000000000000e+00
4.299481809139251709e-01 3.096693754196166992e-01 -3.045252859592437744e-01 -2.797518670558929443e-01 -3.236656951904296875e+01 0.000000000000000000e+00 -1.339781191200017929e-02 0.000000000000000000e+00 5.000000000000000000e+01 0.000000000000000000e+00
4.299481809139251709e-01 3.096693754196166992e-01 -3.045252859592437744e-01 -2.797518670558929443e-01 -3.236656951904296875e+01 0.000000000000000000e+00 -1.339781191200017929e-02 0.000000000000000000e+00 5.000000000000000000e+01 0.000000000000000000e+00
4.299481809139251709e-01 3.096693754196166992e-01 -3.045252859592437744e-01 -2.797518670558929443e-01 -3.236656951904296875e+01 0.000000000000000000e+00 -1.339781191200017929e-02 0.000000000000000000e+00 5.000000000000000000e+01 0.000000000000000000e+00
4.299481809139251709e-01 3.096693754196166992e-01 -3.045252859592437744e-01 -2.797518670558929443e-01 -3.236656951904296875e+01 0.000000000000000000e+00 -1.339781191200017929e-02 0.000000000000000000e+00 5.000000000000000000e+01 0.000000000000000000e+00
4.299481809139251709e-01 3.096693754196166992e-01 -3.045252859592437744e-01 -2.797518670558929443e-01 -3.236656951904296875e+01 0.000000000000000000e+00 -1.339781191200017929e-02 0.000000000000000000e+00 5.000000000000000000e+01 0.000000000000000000e+00
4.299481809139251709e-01 3.096693754196166992e-01 -3.045252859592437744e-01 -2.797518670558929443e-01 -3.236656951904296875e+01 0.000000000000000000e+00 -1.339781191200017929e-02 0.000000000000000000e+00 5.000000000000000000e+01 0.000000000000000000e+00
4.299481809139251709e-01 3.096693754196166992e-01 -3.045252859592437744e-01 -2.797518670558929443e-01 -3.236656951904296875e+01 0.000000000000000000e+00 -1.339781191200017929e-02 0.000000000000000000e+00 5.000000000000000000e+01 0.000000000000000000e+00
4.299481809139251709e-01 3.096693754196166992e-01 -3.045252859592437744e-01 -2.797518670558929443e-01 -3.236656951904296875e+01 0.000000000000000000e+00 -1.339781191200017929e-02 0.000000000000000000e+00 5.000000000000000000e+01 0.000000000000000000e+00
4.299481809139251709e-01 3.096693754196166992e-01 -3.045252859592437744e-01 -2.797518670558929443e-01 -3.236656951904296875e+01 0.000000000000000000e+00 -1.339781191200017929e-02 0.000000000000000000e+00 5.000000000000000000e+01 0.000000000000000000e+00
4.299481809139251709e-01 3.096693754196166992e-01 -3.045252859592437744e-01 -2.797518670558929443e-01 -3.236656951904296875e+01 0.000000000000000000e+00 -1.339781191200017929e-02 0.000000000000000000e+00 5.000000000000000000e+01 0.000000000000000000e+00
4.299481809139251709e-01 3.096693754196166992e-01 -3.045252859592437744e-01 -2.797518670558929443e-01 -3.236656951904296875e+01 0.000000000000000000e+00 -1.339781191200017929e-02 0.000000000000000000e+00 5.000000000000000000e+01 0.000000000000000000e+00
4.299481809139251709e-01 3.096693754196166992e-01 -3.045252859592437744e-01 -2.797518670558929443e-01 -3.236656951904296875e+01 0.000000000000000000e+00 -1.339781191200017929e-02 0.000000000000000000e+00 5.000000000000000000e+01 0.000000000000000000e+00
4.299481809139251709e-01 3.096693754196166992e-01 -3.045252859592437744e-01 -2.797518670558929443e-01 -3.236656951904296875e+01 0.000000000000000000e+00 -1.339781191200017929e-02 0.000000000000000000e+00 5.000000000000000000e+01 0.000000000000000000e+00
4.299481809139251709e-01 3.096693754196166992e-01 -3.045252859592437744e-01 -2.797518670558929443e-01 -3.236656951904296875e+01 0.000000000000000000e+00 -1.339781191200017929e-02 0.000000000000000000e+00 5.000000000000000000e+01 0.000000000000000000e+00
4.299481809139251709e-01 3.096693754196166992e-01 -3.045252859592437744e-01 -2.797518670558929443e-01 -3.236656951904296875e+01 0.000000000000000000e+00 -1.339781191200017929e-02 0.000000000000000000e+00 5.000000000000000000e+01 0.000000000000000000e+00
4.299481809139251709e-01 3.096693754196166992e-01 -3.045252859592437744e-01 -2.797518670558929443e-01 -3.236656951904296875e+01 0.000000000000000000e+00 -1.339781191200017929e-02 0.000000000000000000e+00 5.000000000000000000e+01 0.000000000000000000e+00
4.299481809139251709e-01 3.096693754196166992e-01 -3.045252859592437744e-01 -2.797518670558929443e-01 -3.236656951904296875e+01 0.000000000000000000e+00 -1.339781191200017929e-02 0.000000000000000000e+00 5.000000000000000000e+01 0.000000000000000000e+00
4.299481809139251709e-01 3.096693754196166992e-01 -3.045252859592437744e-01 -2.797518670558929443e-01 -3.236656951904296875e+01 0.000000000000000000e+00 -1.339781191200017929e-02 0.000000000000000000e+00 5.000000000000000000e+01 0.000000000000000000e+00
4.299481809139251709e-01 3.096693754196166992e-01 -3.045252859592437744e-01 -2.797518670558929443e-01 -3.236656951904296875e+01 0.000000000000000000e+00 -1.339781191200017929e-02 0.000000000000000000e+00 5.000000000000000000e+01 0.000000000000000000e+00
4.299481809139251709e-01 3.096693754196166992e-01 -3.045252859592437744e-01 -2.797518670558929443e-01 -3.236656951904296875e+01 0.000000000000000000e+00 -1.339781191200017929e-02 0.000000000000000000e+00 5.000000000000000000e+01 0.000000000000000000e+00
4.299481809139251709e-01 3.096693754196166992e-01 -3.045252859592437744e-01 -2.797518670558929443e-01 -3.236656951904296875e+01 0.000000000000000000e+00 -1.339781191200017929e-02 0.000000000000000000e+00 5.000000000000000000e+01 0.000000000000000000e+00
4.299481809139251709e-01 3.096693754196166992e-01 -3.045252859592437744e-01 -2.797518670558929443e-01 -3.236656951904296875e+01 0.000000000000000000e+00 -1.339781191200017929e-02 0.000000000000000000e+00 5.000000000000000000e+01 0.000000000000000000e+00
4.299481809139251709e-01 3.096693754196166992e-01 -3.045252859592437744e-01 -2.797518670558929443e-01 -3.236656951904296875e+01 0.000000000000000000e+00 -1.339781191200017929e-02 0.000000000000000000e+00 5.000000000000000000e+01 0.000000000000000000e+00
4.299481809139251709e-01 3.096693754196166992e-01 -3.045252859592437744e-01 -2.797518670558929443e-01 -3.236656951904296875e+01 0.000000000000000000e+00 -1.339781191200017929e-02 0.000000000000000000e+00 5.000000000000000000e+01 0.000000000000000000e+00
4.299481809139251709e-01 3.096693754196166992e-01 -3.045252859592437744e-01 -2.797518670558929443e-01 -3.236656951904296875e+01 0.000000000000000000e+00 -1.339781191200017929e-02 0.000000000000000000e+00 5.000000000000000000e+01 0.000000000000000000e+00
4.299481809139251709e-01 3.096693754196166992e-01 -3.045252859592437744e-01 -2.797518670558929443e-01 -3.236656951904296875e+01 0.000000000000000000e+00 -1.339781191200017929e-02 0.000000000000000000e+00 5.000000000000000000e+01 0.000000000000000000e+00
4.299481809139251709e-01 3.096693754196166992e-01 -3.045252859592437744e-01 -2.797518670558929443e-01 -3.236656951904296875e+01 0.000000000000000000e+00 -1.339781191200017929e-02 0.000000000000000000e+00 5.000000000000000000e+01 0.000000000000000000e+00
4.299481809139251709e-01 3.096693754196166992e-01 -3.045252859592437744e-01 -2.797518670558929443e-01 -3.236656951904296875e+01 0.000000000000000000e+00 -1.339781191200017929e-02 0.000000000000000000e+00 5.000000000000000000e+01 0.000000000000000000e+00
4.299481809139251709e-01 3.096693754196166992e-01 -3.045252859592437744e-01 -2.797518670558929443e-01 -3.236656951904296875e+01 0.000000000000000000e+00 -1.339781191200017929e-02 0.000000000000000000e+00 5.000000000000000000e+01 0.000000000000000000e+00
4.299481809139251709e-01 3.096693754196166992e-01 -3.045252859592437744e-01 -2.797518670558929443e-01 -3.236656951904296875e+01 0.000000000000000000e+00 -1.339781191200017929e-02 0.000000000000000000e+00 5.000000000000000000e+01 0.000000000000000000e+00
4.299481809139251709e-01 3.096693754196166992e-01 -3.045252859592437744e-01 -2.797518670558929443e-01 -3.236656951904296875e+01 0.000000000000000000e+00 -1.339781191200017929e-02 0.000000000000000000e+00 5.000000000000000000e+01 0.000000000000000000e+00
4.299481809139251709e-01 3.096693754196166992e-01 -3.045252859592437744e-01 -2.797518670558929443e-01 -3.236656951904296875e+01 0.000000000000000000e+00 -1.339781191200017929e-02 0.000000000000000000e+00 5.000000000000000000e+01 0.000000000000000000e+00
4.299481809139251709e-01 3.096693754196166992e-01 -3.045252859592437744e-01 -2.797518670558929443e-01 -3.236656951904296875e+01 0.000000000000000000e+00 -1.339781191200017929e-02 0.000000000000000000e+00 5.000000000000000000e+01 0.000000000000000000e+00
4.299481809139251709e-01 3.096693754196166992e-01 -3.045252859592437744e-01 -2.797518670558929443e-01 -3.236656951904296875e+01 0.000000000000000000e+00 -1.339781191200017929e-02 0.000000000000000000e+00 5.000000000000000000e+01 0.000000000000000000e+00
4.299481809139251709e-01 3.096693754196166992e-01 -3.045252859592437744e-01 -2.797518670558929443e-01 -3.236656951904296875e+01 0.000000000000000000e+00 -1.339781191200017929e-02 0.000000000000000000e+00 5.000000000000000000e+01 0.000000000000000000e+00
4.299481809139251709e-01 3.096693754196166992e-01 -3.045252859592437744e-01 -2.797518670558929443e-01 -3.236656951904296875e+01 0.000000000000000000e+00 -1.339781191200017929e-02 0.000000000000000000e+00 5.000000000000000000e+01 0.000000000000000000e+00
4.299481809139251709e-01 3.096693754196166992e-01 -3.045252859592437744e-01 -2.797518670558929443e-01 -3.236656951904296875e+01 0.000000000000000000e+00 -1.339781191200017929e-02 0.000000000000000000e+00 5.000000000000000000e+01 0.000000000000000000e+00
4.299481809139251709e-01 3.096693754196166992e-01 -3.045252859592437744e-01 -2.797518670558929443e-01 -3.236656951904296875e+01 0.000000000000000000e+00 -1.339781191200017929e-02 0.000000000000000000e+00 5.000000000000000000e+01 0.000000000000000000e+00
4.299481809139251709e-01 3.096693754196166992e-01 -3.045252859592437744e-01 -2.797518670558929443e-01 -3.236656951904296875e+01 0.000000000000000000e+00 -1.339781191200017929e-02 0.000000000000000000e+00 5.000000000000000000e+01 0.000000000000000000e+00
4.299481809139251709e-01 3.096693754196166992e-01 -3.045252859592437744e-01 -2.797518670558929443e-01 -3.236656951904296875e+01 0.000000000000000000e+00 -1.339781191200017929e-02 0.000000000000000000e+00 5.000000000000000000e+01 0.000000000000000000e+00
4.299481809139251709e-01 3.096693754196166992e-01 -3.045252859592437744e-01 -2.797518670558929443e-01 -3.236656951904296875e+01 0.000000000000000000e+00 -1.339781191200017929e-02 0.000000000000000000e+00 5.000000000000000000e+01 0.000000000000000000e+00
4.299481809139251709e-01 3.096693754196166992e-01 -3.045252859592437744e-01 -2.797518670558929443e-01 -3.236656951904296875e+01 0.000000000000000000e+00 -1.339781191200017929e-02 0.000000000000000000e+00 5.000000000000000000e+01 0.000000000000000000e+00
4.299481809139251709e-01 3.096693754196166992e-01 -3.045252859592437744e-01 -2.797518670558929443e-01 -3.236656951904296875e+01 0.000000000000000000e+00 -1.339781191200017929e-02 0.000000000000000000e+00 5.000000000000000000e+01 0.000000000000000000e+00
4.299481809139251709e-01 3.096693754196166992e-01 -3.045252859592437744e-01 -2.797518670558929443e-01 -3.236656951904296875e+01 0.000000000000000000e+00 -1.339781191200017929e-02 0.000000000000000000e+00 5.000000000000000000e+01 0.000000000000000000e+00
4.299481809139251709e-01 3.096693754196166992e-01 -3.045252859592437744e-01 -2.797518670558929443e-01 -3.236656951904296875e+01 0.000000000000000000e+00 -1.339781191200017929e-02 0.000000000000000000e+00 5.000000000000000000e+01 0.000000000000000000e+00
