4.796382784843444824e-01 8.504557013511657715e-01 7.554772496223449707e-01 7.731189131736755371e-01 -6.671908569335937500e+01 -5.150441360473632812e+01 -2.761768735945224762e-02 -6.796623021364212036e-02 5.770000000000000000e+02 5.270000000000000000e+02
4.796382784843444824e-01 8.520212173461914062e-01 7.583000063896179199e-01 7.763828635215759277e-01 -6.383713531494140625e+01 -4.862246322631835938e+01 -2.642473205924034119e-02 -6.416314840316772461e-02 5.720000000000000000e+02 5.220000000000000000e+02
4.796382784843444824e-01 8.554698228836059570e-01 7.652174830436706543e-01 7.835728526115417480e-01 -6.313099670410156250e+01 -4.791632843017578125e+01 -2.613243460655212402e-02 -6.323131918907165527e-02 5.700000000000000000e+02 5.200000000000000000e+02
4.796382784843444824e-01 8.554736375808715820e-01 7.652269601821899414e-01 7.835808396339416504e-01 -6.136827087402343750e+01 -4.615360260009765625e+01 -2.540277130901813507e-02 -6.090519577264785767e-02 5.650000000000000000e+02 5.150000000000000000e+02
4.796382784843444824e-01 8.554736971855163574e-01 7.652271389961242676e-01 7.835809588432312012e-01 -6.083937835693359375e+01 -4.562470626831054688e+01 -2.518384158611297607e-02 -6.020725145936012268e-02 5.630000000000000000e+02 5.130000000000000000e+02
4.796382784843444824e-01 8.543316721916198730e-01 7.630199193954467773e-01 7.811999320983886719e-01 -6.037405776977539062e+01 -4.515938568115234375e+01 -2.499122731387615204e-02 -5.959320813417434692e-02 5.600000000000000000e+02 5.100000000000000000e+02
4.796382784843444824e-01 8.543319702148437500e-01 7.630206346511840820e-01 7.812005877494812012e-01 -5.962464523315429688e+01 -4.440997314453125000e+01 -2.468101494014263153e-02 -5.860426649451255798e-02 5.560000000000000000e+02 5.060000000000000000e+02
4.796382784843444824e-01 8.555058836936950684e-01 7.652895450592041016e-01 7.836480736732482910e-01 -5.836507034301757812e+01 -4.315040206909179688e+01 -2.415962703526020050e-02 -5.694211274385452271e-02 5.510000000000000000e+02 5.010000000000000000e+02
4.796382784843444824e-01 8.531492948532104492e-01 7.595317959785461426e-01 7.787348031997680664e-01 -5.730834579467773438e+01 -4.209367370605468750e+01 -2.372220717370510101e-02 -5.554763227701187134e-02 5.460000000000000000e+02 4.960000000000000000e+02
4.796382784843444824e-01 8.546801805496215820e-01 7.632301449775695801e-01 7.819265723228454590e-01 -5.551913452148437500e+01 -4.030446243286132812e+01 -2.298158034682273865e-02 -5.318655446171760559e-02 5.430000000000000000e+02 4.930000000000000000e+02
4.796382784843444824e-01 8.546812534332275391e-01 7.632323503494262695e-01 7.819287776947021484e-01 -5.447545623779296875e+01 -3.926078796386718750e+01 -2.254956029355525970e-02 -5.180930346250534058e-02 5.400000000000000000e+02 4.900000000000000000e+02
4.796382784843444824e-01 8.536581397056579590e-01 7.612550258636474609e-01 7.797957062721252441e-01 -5.006082153320312500e+01 -3.484615325927734375e+01 -2.072216756641864777e-02 -4.598366469144821167e-02 5.250000000000000000e+02 4.750000000000000000e+02
4.796382784843444824e-01 8.500552773475646973e-01 7.545109391212463379e-01 7.722840905189514160e-01 -4.468780136108398438e+01 -2.947313308715820312e+01 -1.849806122481822968e-02 -3.889332339167594910e-02 5.100000000000000000e+02 4.600000000000000000e+02
4.796382784843444824e-01 8.525987267494201660e-01 7.611629962921142578e-01 7.775869369506835938e-01 -3.863449478149414062e+01 -2.341982650756835938e+01 -1.599235646426677704e-02 -3.090525977313518524e-02 4.930000000000000000e+02 4.430000000000000000e+02
4.796382784843444824e-01 8.525988459587097168e-01 7.611631751060485840e-01 7.775871753692626953e-01 -3.834928894042968750e+01 -2.313462066650390625e+01 -1.587429828941822052e-02 -3.052889741957187653e-02 4.910000000000000000e+02 4.410000000000000000e+02
4.796382784843444824e-01 8.536012172698974609e-01 7.631255388259887695e-01 7.796770334243774414e-01 -3.622402954101562500e+01 -2.100936126708984375e+01 -1.499456819146871567e-02 -2.772436290979385376e-02 4.830000000000000000e+02 4.330000000000000000e+02
4.796382784843444824e-01 8.535993695259094238e-01 7.631219029426574707e-01 7.796731591224670410e-01 -3.484587860107421875e+01 -1.963121223449707031e+01 -1.442409679293632507e-02 -2.590573020279407501e-02 4.780000000000000000e+02 4.280000000000000000e+02
4.796382784843444824e-01 8.535882234573364258e-01 7.631000876426696777e-01 7.796499133110046387e-01 -3.454820251464843750e+01 -1.933353042602539062e+01 -1.430087722837924957e-02 -2.551290392875671387e-02 4.750000000000000000e+02 4.250000000000000000e+02
4.796382784843444824e-01 8.535701036453247070e-01 7.630643844604492188e-01 7.796121239662170410e-01 -3.418076324462890625e+01 -1.896609115600585938e+01 -1.414877921342849731e-02 -2.502802386879920959e-02 4.690000000000000000e+02 4.190000000000000000e+02
4.796382784843444824e-01 8.535638451576232910e-01 7.630522251129150391e-01 7.795990705490112305e-01 -3.358583831787109375e+01 -1.837117385864257812e+01 -1.390251610428094864e-02 -2.424295991659164429e-02 4.620000000000000000e+02 4.120000000000000000e+02
4.796382784843444824e-01 8.456972837448120117e-01 7.480333447456359863e-01 7.631980776786804199e-01 -2.867628860473632812e+01 -1.346161842346191406e+01 -1.187025755643844604e-02 -1.776421442627906799e-02 4.200000000000000000e+02 3.700000000000000000e+02
4.796382784843444824e-01 8.300408720970153809e-01 7.120860219001770020e-01 7.305559515953063965e-01 -2.616183090209960938e+01 -1.094716262817382812e+01 -1.082942355424165726e-02 -1.444608904421329498e-02 3.790000000000000000e+02 3.290000000000000000e+02
4.796382784843444824e-01 8.198322653770446777e-01 6.892815828323364258e-01 7.092719674110412598e-01 -2.440917396545410156e+01 -9.194504737854003906e+00 -1.010392885655164719e-02 -1.213324815034866333e-02 3.490000000000000000e+02 2.990000000000000000e+02
4.796382784843444824e-01 8.012156486511230469e-01 6.482494473457336426e-01 6.704580783843994141e-01 -2.260806274414062500e+01 -7.393393516540527344e+00 -9.358377195894718170e-03 -9.756466373801231384e-03 3.260000000000000000e+02 2.760000000000000000e+02
4.796382784843444824e-01 7.982492446899414062e-01 6.416829824447631836e-01 6.642734408378601074e-01 -2.165937423706054688e+01 -6.444705009460449219e+00 -8.965677581727504730e-03 -8.504558354616165161e-03 3.080000000000000000e+02 2.580000000000000000e+02
4.796382784843444824e-01 7.976347804069519043e-01 6.403977870941162109e-01 6.629923582077026367e-01 -2.100365066528320312e+01 -5.788981914520263672e+00 -8.694247342646121979e-03 -7.639253512024879456e-03 2.910000000000000000e+02 2.410000000000000000e+02
4.796382784843444824e-01 7.955258488655090332e-01 6.356135606765747070e-01 6.585954427719116211e-01 -2.053368759155273438e+01 -5.319017887115478516e+00 -8.499710820615291595e-03 -7.019079755991697311e-03 2.780000000000000000e+02 2.280000000000000000e+02
4.796382784843444824e-01 7.936673760414123535e-01 6.313927173614501953e-01 6.547206640243530273e-01 -2.021260452270507812e+01 -4.997936248779296875e+00 -8.366801775991916656e-03 -6.595374085009098053e-03 2.690000000000000000e+02 2.190000000000000000e+02
4.796382784843444824e-01 7.908032536506652832e-01 6.257364749908447266e-01 6.487492322921752930e-01 -1.964070129394531250e+01 -4.426030158996582031e+00 -8.130068890750408173e-03 -5.840675905346870422e-03 2.500000000000000000e+02 2.000000000000000000e+02
4.796382784843444824e-01 7.437123060226440430e-01 5.281247496604919434e-01 5.505691170692443848e-01 -1.736894226074218750e+01 -2.154271602630615234e+00 -7.189697120338678360e-03 -2.842818852514028549e-03 1.730000000000000000e+02 1.230000000000000000e+02
4.796382784843444824e-01 7.134734392166137695e-01 4.710215032100677490e-01 4.875239729881286621e-01 -1.639612007141113281e+01 -1.181451559066772461e+00 -6.787007208913564682e-03 -1.559066586196422577e-03 1.320000000000000000e+02 8.200000000000000000e+01
4.796382784843444824e-01 6.940221190452575684e-01 4.297482967376708984e-01 4.469698369503021240e-01 -1.604200935363769531e+01 -8.273414373397827148e-01 -6.640426814556121826e-03 -1.091775950044393539e-03 1.150000000000000000e+02 6.500000000000000000e+01
4.796382784843444824e-01 6.527140736579895020e-01 3.464524149894714355e-01 3.608464896678924561e-01 -1.568762016296386719e+01 -4.729514718055725098e-01 -6.493730936199426651e-03 -6.241159862838685513e-04 9.600000000000000000e+01 4.600000000000000000e+01
4.796382784843444824e-01 6.111624240875244141e-01 2.639760971069335938e-01 2.742152810096740723e-01 -1.554795074462890625e+01 -3.332813382148742676e-01 -6.435915827751159668e-03 -4.398045712150633335e-04 8.600000000000000000e+01 3.600000000000000000e+01
4.796382784843444824e-01 5.912190079689025879e-01 2.239818125963211060e-01 2.326351702213287354e-01 -1.546355915069580078e+01 -2.488892078399658203e-01 -6.400982849299907684e-03 -3.284390550106763840e-04 8.000000000000000000e+01 3.000000000000000000e+01
4.796382784843444824e-01 5.803148746490478516e-01 1.965184509754180908e-01 2.099010944366455078e-01 -1.542890739440917969e+01 -2.142376303672790527e-01 -6.386639084666967392e-03 -2.827121643349528313e-04 7.800000000000000000e+01 2.800000000000000000e+01
4.796382784843444824e-01 5.696505308151245117e-01 1.755044162273406982e-01 1.876669526100158691e-01 -1.540660858154296875e+01 -1.919389367103576660e-01 -6.377408746629953384e-03 -2.532863582018762827e-04 7.500000000000000000e+01 2.500000000000000000e+01
4.796382784843444824e-01 5.626016259193420410e-01 1.605896651744842529e-01 1.729706525802612305e-01 -1.538303756713867188e+01 -1.683680415153503418e-01 -6.367651745676994324e-03 -2.221817558165639639e-04 7.200000000000000000e+01 2.200000000000000000e+01
4.796382784843444824e-01 5.097955465316772461e-01 5.799989402294158936e-02 6.287502497434616089e-02 -1.525067901611328125e+01 -3.601014614105224609e-02 -6.312863435596227646e-03 -4.751969026983715594e-05 5.700000000000000000e+01 7.000000000000000000e+00
4.796382784843444824e-01 4.941704571247100830e-01 2.660076320171356201e-02 3.029820509254932404e-02 -1.523868465423583984e+01 -2.401608228683471680e-02 -6.307898554950952530e-03 -3.169209230691194534e-05 5.400000000000000000e+01 4.000000000000000000e+00
4.796382784843444824e-01 4.901141226291656494e-01 1.911021955311298370e-02 2.184113487601280212e-02 -1.523429965972900391e+01 -1.963144540786743164e-02 -6.306083407253026962e-03 -2.590603799035307020e-05 5.300000000000000000e+01 3.000000000000000000e+00
4.796382784843444824e-01 4.865936934947967529e-01 1.249365974217653275e-02 1.450137607753276825e-02 -1.522386455535888672e+01 -9.195983409881591797e-03 -6.301763933151960373e-03 -1.213519954035291448e-05 5.100000000000000000e+01 1.000000000000000000e+00
4.796382784843444824e-01 4.750120341777801514e-01 -1.027624122798442841e-02 -9.645277634263038635e-03 -1.521466922760009766e+01 0.000000000000000000e+00 -6.297957617789506912e-03 0.000000000000000000e+00 5.000000000000000000e+01 0.000000000000000000e+00
4.796382784843444824e-01 4.750120341777801514e-01 -1.027624122798442841e-02 -9.645277634263038635e-03 -1.521466922760009766e+01 0.000000000000000000e+00 -6.297957617789506912e-03 0.000000000000000000e+00 5.000000000000000000e+01 0.000000000000000000e+00
4.796382784843444824e-01 4.750120341777801514e-01 -1.027624122798442841e-02 -9.645277634263038635e-03 -1.521466922760009766e+01 0.000000000000000000e+00 -6.297957617789506912e-03 0.000000000000000000e+00 5.000000000000000000e+01 0.000000000000000000e+00
4.796382784843444824e-01 4.750120341777801514e-01 -1.027624122798442841e-02 -9.645277634263038635e-03 -1.521466922760009766e+01 0.000000000000000000e+00 -6.297957617789506912e-03 0.000000000000000000e+00 5.000000000000000000e+01 0.000000000000000000e+00
4.796382784843444824e-01 4.750120341777801514e-01 -1.027624122798442841e-02 -9.645277634263038635e-03 -1.521466922760009766e+01 0.000000000000000000e+00 -6.297957617789506912e-03 0.000000000000000000e+00 5.000000000000000000e+01 0.000000000000000000e+00
4.796382784843444824e-01 4.750120341777801514e-01 -1.027624122798442841e-02 -9.645277634263038635e-03 -1.521466922760009766e+01 0.000000000000000000e+00 -6.297957617789506912e-03 0.000000000000000000e+00 5.000000000000000000e+01 0.000000000000000000e+00
4.796382784843444824e-01 4.750120341777801514e-01 -1.027623843401670456e-02 -9.645277634263038635e-03 -1.521466922760009766e+01 0.000000000000000000e+00 -6.297957617789506912e-03 0.000000000000000000e+00 5.000000000000000000e+01 0.000000000000000000e+00
4.796382784843444824e-01 4.750120341777801514e-01 -1.027624122798442841e-02 -9.645277634263038635e-03 -1.521466922760009766e+01 0.000000000000000000e+00 -6.297957617789506912e-03 0.000000000000000000e+00 5.000000000000000000e+01 0.000000000000000000e+00
4.796382784843444824e-01 4.750120341777801514e-01 -1.027624122798442841e-02 -9.645277634263038635e-03 -1.521466922760009766e+01 0.000000000000000000e+00 -6.297957617789506912e-03 0.000000000000000000e+00 5.000000000000000000e+01 0.000000000000000000e+00
4.796382784843444824e-01 4.750120341777801514e-01 -1.027624122798442841e-02 -9.645277634263038635e-03 -1.521466922760009766e+01 0.000000000000000000e+00 -6.297957617789506912e-03 0.000000000000000000e+00 5.000000000000000000e+01 0.000000000000000000e+00
4.796382784843444824e-01 4.750120341777801514e-01 -1.027624122798442841e-02 -9.645277634263038635e-03 -1.521466922760009766e+01 0.000000000000000000e+00 -6.297957617789506912e-03 0.000000000000000000e+00 5.000000000000000000e+01 0.000000000000000000e+00
4.796382784843444824e-01 4.750120341777801514e-01 -1.027624122798442841e-02 -9.645277634263038635e-03 -1.521466922760009766e+01 0.000000000000000000e+00 -6.297957617789506912e-03 0.000000000000000000e+00 5.000000000000000000e+01 0.000000000000000000e+00
4.796382784843444824e-01 4.750120341777801514e-01 -1.027624122798442841e-02 -9.645277634263038635e-03 -1.521466922760009766e+01 0.000000000000000000e+00 -6.297957617789506912e-03 0.000000000000000000e+00 5.000000000000000000e+01 0.000000000000000000e+00
4.796382784843444824e-01 4.750120341777801514e-01 -1.027624122798442841e-02 -9.645277634263038635e-03 -1.521466922760009766e+01 0.000000000000000000e+00 -6.297957617789506912e-03 0.000000000000000000e+00 5.000000000000000000e+01 0.000000000000000000e+00
4.796382784843444824e-01 4.750120341777801514e-01 -1.027624122798442841e-02 -9.645277634263038635e-03 -1.521466922760009766e+01 0.000000000000000000e+00 -6.297957617789506912e-03 0.000000000000000000e+00 5.000000000000000000e+01 0.000000000000000000e+00
4.796382784843444824e-01 4.750120341777801514e-01 -1.027624122798442841e-02 -9.645277634263038635e-03 -1.521466922760009766e+01 0.000000000000000000e+00 -6.297957617789506912e-03 0.000000000000000000e+00 5.000000000000000000e+01 0.000000000000000000e+00
4.796382784843444824e-01 4.750120341777801514e-01 -1.027624122798442841e-02 -9.645277634263038635e-03 -1.521466922760009766e+01 0.000000000000000000e+00 -6.297957617789506912e-03 0.000000000000000000e+00 5.000000000000000000e+01 0.000000000000000000e+00
4.796382784843444824e-01 4.750120341777801514e-01 -1.027624122798442841e-02 -9.645277634263038635e-03 -1.521466922760009766e+01 0.000000000000000000e+00 -6.297957617789506912e-03 0.000000000000000000e+00 5.000000000000000000e+01 0.000000000000000000e+00
4.796382784843444824e-01 4.750120341777801514e-01 -1.027624122798442841e-02 -9.645277634263038635e-03 -1.521466922760009766e+01 0.000000000000000000e+00 -6.297957617789506912e-03 0.000000000000000000e+00 5.000000000000000000e+01 0.000000000000000000e+00
4.796382784843444824e-01 4.750120341777801514e-01 -1.027624122798442841e-02 -9.645277634263038635e-03 -1.521466922760009766e+01 0.000000000000000000e+00 -6.297957617789506912e-03 0.000000000000000000e+00 5.000000000000000000e+01 0.000000000000000000e+00
4.796382784843444824e-01 4.750120341777801514e-01 -1.027624122798442841e-02 -9.645277634263038635e-03 -1.521466922760009766e+01 0.000000000000000000e+00 -6.297957617789506912e-03 0.000000000000000000e+00 5.000000000000000000e+01 0.000000000000000000e+00
4.796382784843444824e-01 4.750120341777801514e-01 -1.027624122798442841e-02 -9.645277634263038635e-03 -1.521466922760009766e+01 0.000000000000000000e+00 -6.297957617789506912e-03 0.000000000000000000e+00 5.000000000000000000e+01 0.000000000000000000e+00
4.796382784843444824e-01 4.750120341777801514e-01 -1.027623843401670456e-02 -9.645277634263038635e-03 -1.521466922760009766e+01 0.000000000000000000e+00 -6.297957617789506912e-03 0.000000000000000000e+00 5.000000000000000000e+01 0.000000000000000000e+00
4.796382784843444824e-01 4.750120341777801514e-01 -1.027624122798442841e-02 -9.645277634263038635e-03 -1.521466922760009766e+01 0.000000000000000000e+00 -6.297957617789506912e-03 0.000000000000000000e+00 5.000000000000000000e+01 0.000000000000000000e+00
4.796382784843444824e-01 4.750120341777801514e-01 -1.027624122798442841e-02 -9.645277634263038635e-03 -1.521466922760009766e+01 0.000000000000000000e+00 -6.297957617789506912e-03 0.000000000000000000e+00 5.000000000000000000e+01 0.000000000000000000e+00
4.796382784843444824e-01 4.750120341777801514e-01 -1.027624122798442841e-02 -9.645277634263038635e-03 -1.521466922760009766e+01 0.000000000000000000e+00 -6.297957617789506912e-03 0.000000000000000000e+00 5.000000000000000000e+01 0.000000000000000000e+00
4.796382784843444824e-01 4.750120341777801514e-01 -1.027624122798442841e-02 -9.645277634263038635e-03 -1.521466922760009766e+01 0.000000000000000000e+00 -6.297957617789506912e-03 0.000000000000000000e+00 5.000000000000000000e+01 0.000000000000000000e+00
4.796382784843444824e-01 4.750120341777801514e-01 -1.027624122798442841e-02 -9.645277634263038635e-03 -1.521466922760009766e+01 0.000000000000000000e+00 -6.297957617789506912e-03 0.000000000000000000e+00 5.000000000000000000e+01 0.000000000000000000e+00
4.796382784843444824e-01 4.750120341777801514e-01 -1.027624122798442841e-02 -9.645277634263038635e-03 -1.521466922760009766e+01 0.000000000000000000e+00 -6.297957617789506912e-03 0.000000000000000000e+00 5.000000000000000000e+01 0.000000000000000000e+00
4.796382784843444824e-01 4.750120341777801514e-01 -1.027624122798442841e-02 -9.645277634263038635e-03 -1.521466922760009766e+01 0.000000000000000000e+00 -6.297957617789506912e-03 0.000000000000000000e+00 5.000000000000000000e+01 0.000000000000000000e+00
4.796382784843444824e-01 4.750120341777801514e-01 -1.027624122798442841e-02 -9.645277634263038635e-03 -1.521466922760009766e+01 0.000000000000000000e+00 -6.297957617789506912e-03 0.000000000000000000e+00 5.000000000000000000e+01 0.000000000000000000e+00
4.796382784843444824e-01 4.750120341777801514e-01 -1.027624122798442841e-02 -9.645277634263038635e-03 -1.521466922760009766e+01 0.000000000000000000e+00 -6.297957617789506912e-03 0.000000000000000000e+00 5.000000000000000000e+01 0.000000000000000000e+00
4.796382784843444824e-01 4.750120341777801514e-01 -1.027624122798442841e-02 -9.645277634263038635e-03 -1.521466922760009766e+01 0.000000000000000000e+00 -6.297957617789506912e-03 0.000000000000000000e+00 5.000000000000000000e+01 0.000000000000000000e+00
4.796382784843444824e-01 4.750120341777801514e-01 -1.027624122798442841e-02 -9.645277634263038635e-03 -1.521466922760009766e+01 0.000000000000000000e+00 -6.297957617789506912e-03 0.000000000000000000e+00 5.000000000000000000e+01 0.000000000000000000e+00
4.796382784843444824e-01 4.750120341777801514e-01 -1.027624122798442841e-02 -9.645277634263038635e-03 -1.521466922760009766e+01 0.000000000000000000e+00 -6.297957617789506912e-03 0.000000000000000000e+00 5.000000000000000000e+01 0.000000000000000000e+00
4.796382784843444824e-01 4.750120341777801514e-01 -1.027624122798442841e-02 -9.645277634263038635e-03 -1.521466922760009766e+01 0.000000000000000000e+00 -6.297957617789506912e-03 0.000000000000000000e+00 5.000000000000000000e+01 0.000000000000000000e+00
4.796382784843444824e-01 4.750120341777801514e-01 -1.027624122798442841e-02 -9.645277634263038635e-03 -1.521466922760009766e+01 0.000000000000000000e+00 -6.297957617789506912e-03 0.000000000000000000e+00 5.000000000000000000e+01 0.000000000000000000e+00
4.796382784843444824e-01 4.750120341777801514e-01 -1.027624122798442841e-02 -9.645277634263038635e-03 -1.521466922760009766e+01 0.000000000000000000e+00 -6.297957617789506912e-03 0.000000000000000000e+00 5.000000000000000000e+01 0.000000000000000000e+00
4.796382784843444824e-01 4.750120341777801514e-01 -1.027624122798442841e-02 -9.645277634263038635e-03 -1.521466922760009766e+01 0.000000000000000000e+00 -6.297957617789506912e-03 0.000000000000000000e+00 5.000000000000000000e+01 0.000000000000000000e+00
4.796382784843444824e-01 4.750120341777801514e-01 -1.027623843401670456e-02 -9.645277634263038635e-03 -1.521466922760009766e+01 0.000000000000000000e+00 -6.297957617789506912e-03 0.000000000000000000e+00 5.000000000000000000e+01 0.000000000000000000e+00
4.796382784843444824e-01 4.750120341777801514e-01 -1.027624122798442841e-02 -9.645277634263038635e-03 -1.521466922760009766e+01 0.000000000000000000e+00 -6.297957617789506912e-03 0.000000000000000000e+00 5.000000000000000000e+01 0.000000000000000000e+00
4.796382784843444824e-01 4.750120341777801514e-01 -1.027624122798442841e-02 -9.645277634263038635e-03 -1.521466922760009766e+01 0.000000000000000000e+00 -6.297957617789506912e-03 0.000000000000000000e+00 5.000000000000000000e+01 0.000000000000000000e+00
4.796382784843444824e-01 4.750120341777801514e-01 -1.027624122798442841e-02 -9.645277634263038635e-03 -1.521466922760009766e+01 0.000000000000000000e+00 -6.297957617789506912e-03 0.000000000000000000e+00 5.000000000000000000e+01 0.000000000000000000e+00
4.796382784843444824e-01 4.750120341777801514e-01 -1.027624122798442841e-02 -9.645277634263038635e-03 -1.521466922760009766e+01 0.000000000000000000e+00 -6.297957617789506912e-03 0.000000000000000000e+00 5.000000000000000000e+01 0.000000000000000000e+00
4.796382784843444824e-01 4.750120341777801514e-01 -1.027624122798442841e-02 -9.645277634263038635e-03 -1.521466922760009766e+01 0.000000000000000000e+00 -6.297957617789506912e-03 0.000000000000000000e+00 5.000000000000000000e+01 0.000000000000000000e+00
4.796382784843444824e-01 4.750120341777801514e-01 -1.027624122798442841e-02 -9.645277634263038635e-03 -1.521466922760009766e+01 0.000000000000000000e+00 -6.297957617789506912e-03 0.000000000000000000e+00 5.000000000000000000e+01 0.000000000000000000e+00
4.796382784843444824e-01 4.750120341777801514e-01 -1.027624122798442841e-02 -9.645277634263038635e-03 -1.521466922760009766e+01 0.000000000000000000e+00 -6.297957617789506912e-03 0.000000000000000000e+00 5.000000000000000000e+01 0.000000000000000000e+00
4.796382784843444824e-01 4.750120341777801514e-01 -1.027624122798442841e-02 -9.645277634263038635e-03 -1.521466922760009766e+01 0.000000000000000000e+00 -6.297957617789506912e-03 0.000000000000000000e+00 5.000000000000000000e+01 0.000000000000000000e+00
4.796382784843444824e-01 4.750120341777801514e-01 -1.027624122798442841e-02 -9.645277634263038635e-03 -1.521466922760009766e+01 0.000000000000000000e+00 -6.297957617789506912e-03 0.000000000000000000e+00 5.000000000000000000e+01 0.000000000000000000e+00
