4.236782491207122803e-01 2.621912658214569092e-01 -3.792305588722229004e-01 -3.811547756195068359e-01 -4.121875000000000000e+01 -5.836589932441711426e-01 -1.706208288669586182e-02 -5.983516457490622997e-04 5.300000000000000000e+01 3.000000000000000000e+00
4.236782491207122803e-01 2.640088200569152832e-01 -3.745553195476531982e-01 -3.768648207187652588e-01 -4.102804946899414062e+01 -3.929560780525207520e-01 -1.698314398527145386e-02 -4.028480907436460257e-04 5.200000000000000000e+01 2.000000000000000000e+00
4.236782491207122803e-01 2.640088200569152832e-01 -3.745553195476531982e-01 -3.768648207187652588e-01 -4.102804946899414062e+01 -3.929560780525207520e-01 -1.698314398527145386e-02 -4.028480907436460257e-04 5.200000000000000000e+01 2.000000000000000000e+00
4.236782491207122803e-01 2.640088200569152832e-01 -3.745552599430084229e-01 -3.768648207187652588e-01 -4.102804946899414062e+01 -3.929560780525207520e-01 -1.698314398527145386e-02 -4.028480907436460257e-04 5.200000000000000000e+01 2.000000000000000000e+00
4.236782491207122803e-01 2.640088200569152832e-01 -3.745553195476531982e-01 -3.768648207187652588e-01 -4.102804946899414062e+01 -3.929560780525207520e-01 -1.698314398527145386e-02 -4.028480907436460257e-04 5.200000000000000000e+01 2.000000000000000000e+00
4.236782491207122803e-01 2.651307284832000732e-01 -3.718535006046295166e-01 -3.742167949676513672e-01 -4.074841308593750000e+01 -1.133214235305786133e-01 -1.686739176511764526e-02 -1.161741020041517913e-04 5.100000000000000000e+01 1.000000000000000000e+00
4.236782491207122803e-01 2.651307284832000732e-01 -3.718535006046295166e-01 -3.742167949676513672e-01 -4.074841308593750000e+01 -1.133214235305786133e-01 -1.686739176511764526e-02 -1.161741020041517913e-04 5.100000000000000000e+01 1.000000000000000000e+00
4.236782491207122803e-01 2.671423256397247314e-01 -3.664330542087554932e-01 -3.694688677787780762e-01 -4.063509368896484375e+01 0.000000000000000000e+00 -1.682048290967941284e-02 0.000000000000000000e+00 5.000000000000000000e+01 0.000000000000000000e+00
4.236782491207122803e-01 2.671423256397247314e-01 -3.664330542087554932e-01 -3.694688677787780762e-01 -4.063509368896484375e+01 0.000000000000000000e+00 -1.682048290967941284e-02 0.000000000000000000e+00 5.000000000000000000e+01 0.000000000000000000e+00
4.236782491207122803e-01 2.671423256397247314e-01 -3.664330542087554932e-01 -3.694688677787780762e-01 -4.063509368896484375e+01 0.000000000000000000e+00 -1.682048290967941284e-02 0.000000000000000000e+00 5.000000000000000000e+01 0.000000000000000000e+00
4.236782491207122803e-01 2.671423256397247314e-01 -3.664330542087554932e-01 -3.694688677787780762e-01 -4.063509368896484375e+01 0.000000000000000000e+00 -1.682048290967941284e-02 0.000000000000000000e+00 5.000000000000000000e+01 0.000000000000000000e+00
4.236782491207122803e-01 2.671423256397247314e-01 -3.664330542087554932e-01 -3.694688677787780762e-01 -4.063509368896484375e+01 0.000000000000000000e+00 -1.682048290967941284e-02 0.000000000000000000e+00 5.000000000000000000e+01 0.000000000000000000e+00
4.236782491207122803e-01 2.671423256397247314e-01 -3.664330542087554932e-01 -3.694688677787780762e-01 -4.063509368896484375e+01 0.000000000000000000e+00 -1.682048290967941284e-02 0.000000000000000000e+00 5.000000000000000000e+01 0.000000000000000000e+00
4.236782491207122803e-01 2.671423256397247314e-01 -3.664330542087554932e-01 -3.694688677787780762e-01 -4.063509368896484375e+01 0.000000000000000000e+00 -1.682048290967941284e-02 0.000000000000000000e+00 5.000000000000000000e+01 0.000000000000000000e+00
4.236782491207122803e-01 2.671423256397247314e-01 -3.664330542087554932e-01 -3.694688677787780762e-01 -4.063509368896484375e+01 0.000000000000000000e+00 -1.682048290967941284e-02 0.000000000000000000e+00 5.000000000000000000e+01 0.000000000000000000e+00
4.236782491207122803e-01 2.671423256397247314e-01 -3.664330542087554932e-01 -3.694688677787780762e-01 -4.063509368896484375e+01 0.000000000000000000e+00 -1.682048290967941284e-02 0.000000000000000000e+00 5.000000000000000000e+01 0.000000000000000000e+00
4.236782491207122803e-01 2.671423256397247314e-01 -3.664330542087554932e-01 -3.694688677787780762e-01 -4.063509368896484375e+01 0.000000000000000000e+00 -1.682048290967941284e-02 0.000000000000000000e+00 5.000000000000000000e+01 0.000000000000000000e+00
4.236782491207122803e-01 2.671423256397247314e-01 -3.664330542087554932e-01 -3.694688677787780762e-01 -4.063509368896484375e+01 0.000000000000000000e+00 -1.682048290967941284e-02 0.000000000000000000e+00 5.000000000000000000e+01 0.000000000000000000e+00
4.236782491207122803e-01 2.671423256397247314e-01 -3.664330542087554932e-01 -3.694688677787780762e-01 -4.063509368896484375e+01 0.000000000000000000e+00 -1.682048290967941284e-02 0.000000000000000000e+00 5.000000000000000000e+01 0.000000000000000000e+00
4.236782491207122803e-01 2.671423256397247314e-01 -3.664330542087554932e-01 -3.694688677787780762e-01 -4.063509368896484375e+01 0.000000000000000000e+00 -1.682048290967941284e-02 0.000000000000000000e+00 5.000000000000000000e+01 0.000000000000000000e+00
4.236782491207122803e-01 2.671423256397247314e-01 -3.664330542087554932e-01 -3.694688677787780762e-01 -4.063509368896484375e+01 0.000000000000000000e+00 -1.682048290967941284e-02 0.000000000000000000e+00 5.000000000000000000e+01 0.000000000000000000e+00
4.236782491207122803e-01 2.671423256397247314e-01 -3.664330542087554932e-01 -3.694688677787780762e-01 -4.063509368896484375e+01 0.000000000000000000e+00 -1.682048290967941284e-02 0.000000000000000000e+00 5.000000000000000000e+01 0.000000000000000000e+00
4.236782491207122803e-01 2.671423256397247314e-01 -3.664330542087554932e-01 -3.694688677787780762e-01 -4.063509368896484375e+01 0.000000000000000000e+00 -1.682048290967941284e-02 0.000000000000000000e+00 5.000000000000000000e+01 0.000000000000000000e+00
4.236782491207122803e-01 2.671423256397247314e-01 -3.664330542087554932e-01 -3.694688677787780762e-01 -4.063509368896484375e+01 0.000000000000000000e+00 -1.682048290967941284e-02 0.000000000000000000e+00 5.000000000000000000e+01 0.000000000000000000e+00
4.236782491207122803e-01 2.671423256397247314e-01 -3.664330542087554932e-01 -3.694688677787780762e-01 -4.063509368896484375e+01 0.000000000000000000e+00 -1.682048290967941284e-02 0.000000000000000000e+00 5.000000000000000000e+01 0.000000000000000000e+00
4.236782491207122803e-01 2.671423256397247314e-01 -3.664330542087554932e-01 -3.694688677787780762e-01 -4.063509368896484375e+01 0.000000000000000000e+00 -1.682048290967941284e-02 0.000000000000000000e+00 5.000000000000000000e+01 0.000000000000000000e+00
4.236782491207122803e-01 2.671423256397247314e-01 -3.664330542087554932e-01 -3.694688677787780762e-01 -4.063509368896484375e+01 0.000000000000000000e+00 -1.682048290967941284e-02 0.000000000000000000e+00 5.000000000000000000e+01 0.000000000000000000e+00
4.236782491207122803e-01 2.671423256397247314e-01 -3.664330542087554932e-01 -3.694688677787780762e-01 -4.063509368896484375e+01 0.000000000000000000e+00 -1.682048290967941284e-02 0.000000000000000000e+00 5.000000000000000000e+01 0.000000000000000000e+00
4.236782491207122803e-01 2.671423256397247314e-01 -3.664330542087554932e-01 -3.694688677787780762e-01 -4.063509368896484375e+01 0.000000000000000000e+00 -1.682048290967941284e-02 0.000000000000000000e+00 5.000000000000000000e+01 0.000000000000000000e+00
4.236782491207122803e-01 2.671423256397247314e-01 -3.664330542087554932e-01 -3.694688677787780762e-01 -4.063509368896484375e+01 0.000000000000000000e+00 -1.682048290967941284e-02 0.000000000000000000e+00 5.000000000000000000e+01 0.000000000000000000e+00
4.236782491207122803e-01 2.671423256397247314e-01 -3.664330542087554932e-01 -3.694688677787780762e-01 -4.063509368896484375e+01 0.000000000000000000e+00 -1.682048290967941284e-02 0.000000000000000000e+00 5.000000000000000000e+01 0.000000000000000000e+00
4.236782491207122803e-01 2.671423256397247314e-01 -3.664330542087554932e-01 -3.694688677787780762e-01 -4.063509368896484375e+01 0.000000000000000000e+00 -1.682048290967941284e-02 0.000000000000000000e+00 5.000000000000000000e+01 0.000000000000000000e+00
4.236782491207122803e-01 2.671423256397247314e-01 -3.664330542087554932e-01 -3.694688677787780762e-01 -4.063509368896484375e+01 0.000000000000000000e+00 -1.682048290967941284e-02 0.000000000000000000e+00 5.000000000000000000e+01 0.000000000000000000e+00
4.236782491207122803e-01 2.671423256397247314e-01 -3.664330542087554932e-01 -3.694688677787780762e-01 -4.063509368896484375e+01 0.000000000000000000e+00 -1.682048290967941284e-02 0.000000000000000000e+00 5.000000000000000000e+01 0.000000000000000000e+00
4.236782491207122803e-01 2.671423256397247314e-01 -3.664330542087554932e-01 -3.694688677787780762e-01 -4.063509368896484375e+01 0.000000000000000000e+00 -1.682048290967941284e-02 0.000000000000000000e+00 5.000000000000000000e+01 0.000000000000000000e+00
4.236782491207122803e-01 2.671423256397247314e-01 -3.664330542087554932e-01 -3.694688677787780762e-01 -4.063509368896484375e+01 0.000000000000000000e+00 -1.682048290967941284e-02 0.000000000000000000e+00 5.000000000000000000e+01 0.000000000000000000e+00
4.236782491207122803e-01 2.671423256397247314e-01 -3.664330542087554932e-01 -3.694688677787780762e-01 -4.063509368896484375e+01 0.000000000000000000e+00 -1.682048290967941284e-02 0.000000000000000000e+00 5.000000000000000000e+01 0.000000000000000000e+00
4.236782491207122803e-01 2.671423256397247314e-01 -3.664330542087554932e-01 -3.694688677787780762e-01 -4.063509368896484375e+01 0.000000000000000000e+00 -1.682048290967941284e-02 0.000000000000000000e+00 5.000000000000000000e+01 0.000000000000000000e+00
4.236782491207122803e-01 2.671423256397247314e-01 -3.664330542087554932e-01 -3.694688677787780762e-01 -4.063509368896484375e+01 0.000000000000000000e+00 -1.682048290967941284e-02 0.000000000000000000e+00 5.000000000000000000e+01 0.000000000000000000e+00
4.236782491207122803e-01 2.671423256397247314e-01 -3.664330542087554932e-01 -3.694688677787780762e-01 -4.063509368896484375e+01 0.000000000000000000e+00 -1.682048290967941284e-02 0.000000000000000000e+00 5.000000000000000000e+01 0.000000000000000000e+00
4.236782491207122803e-01 2.671423256397247314e-01 -3.664330542087554932e-01 -3.694688677787780762e-01 -4.063509368896484375e+01 0.000000000000000000e+00 -1.682048290967941284e-02 0.000000000000000000e+00 5.000000000000000000e+01 0.000000000000000000e+00
4.236782491207122803e-01 2.671423256397247314e-01 -3.664330542087554932e-01 -3.694688677787780762e-01 -4.063509368896484375e+01 0.000000000000000000e+00 -1.682048290967941284e-02 0.000000000000000000e+00 5.000000000000000000e+01 0.000000000000000000e+00
4.236782491207122803e-01 2.671423256397247314e-01 -3.664330542087554932e-01 -3.694688677787780762e-01 -4.063509368896484375e+01 0.000000000000000000e+00 -1.682048290967941284e-02 0.000000000000000000e+00 5.000000000000000000e+01 0.000000000000000000e+00
4.236782491207122803e-01 2.671423256397247314e-01 -3.664330542087554932e-01 -3.694688677787780762e-01 -4.063509368896484375e+01 0.000000000000000000e+00 -1.682048290967941284e-02 0.000000000000000000e+00 5.000000000000000000e+01 0.000000000000000000e+00
4.236782491207122803e-01 2.671423256397247314e-01 -3.664330542087554932e-01 -3.694688677787780762e-01 -4.063509368896484375e+01 0.000000000000000000e+00 -1.682048290967941284e-02 0.000000000000000000e+00 5.000000000000000000e+01 0.000000000000000000e+00
4.236782491207122803e-01 2.671423256397247314e-01 -3.664330542087554932e-01 -3.694688677787780762e-01 -4.063509368896484375e+01 0.000000000000000000e+00 -1.682048290967941284e-02 0.000000000000000000e+00 5.000000000000000000e+01 0.000000000000000000e+00
4.236782491207122803e-01 2.671423256397247314e-01 -3.664330542087554932e-01 -3.694688677787780762e-01 -4.063509368896484375e+01 0.000000000000000000e+00 -1.682048290967941284e-02 0.000000000000000000e+00 5.000000000000000000e+01 0.000000000000000000e+00
4.236782491207122803e-01 2.671423256397247314e-01 -3.664330542087554932e-01 -3.694688677787780762e-01 -4.063509368896484375e+01 0.000000000000000000e+00 -1.682048290967941284e-02 0.000000000000000000e+00 5.000000000000000000e+01 0.000000000000000000e+00
4.236782491207122803e-01 2.671423256397247314e-01 -3.664330542087554932e-01 -3.694688677787780762e-01 -4.063509368896484375e+01 0.000000000000000000e+00 -1.682048290967941284e-02 0.000000000000000000e+00 5.000000000000000000e+01 0.000000000000000000e+00
4.236782491207122803e-01 2.671423256397247314e-01 -3.664330542087554932e-01 -3.694688677787780762e-01 -4.063509368896484375e+01 0.000000000000000000e+00 -1.682048290967941284e-02 0.000000000000000000e+00 5.000000000000000000e+01 0.000000000000000000e+00
4.236782491207122803e-01 2.671423256397247314e-01 -3.664330542087554932e-01 -3.694688677787780762e-01 -4.063509368896484375e+01 0.000000000000000000e+00 -1.682048290967941284e-02 0.000000000000000000e+00 5.000000000000000000e+01 0.000000000000000000e+00
4.236782491207122803e-01 2.671423256397247314e-01 -3.664330542087554932e-01 -3.694688677787780762e-01 -4.063509368896484375e+01 0.000000000000000000e+00 -1.682048290967941284e-02 0.000000000000000000e+00 5.000000000000000000e+01 0.000000000000000000e+00
4.236782491207122803e-01 2.671423256397247314e-01 -3.664330542087554932e-01 -3.694688677787780762e-01 -4.063509368896484375e+01 0.000000000000000000e+00 -1.682048290967941284e-02 0.000000000000000000e+00 5.000000000000000000e+01 0.000000000000000000e+00
4.236782491207122803e-01 2.671423256397247314e-01 -3.664330542087554932e-01 -3.694688677787780762e-01 -4.063509368896484375e+01 0.000000000000000000e+00 -1.682048290967941284e-02 0.000000000000000000e+00 5.000000000000000000e+01 0.000000000000000000e+00
4.236782491207122803e-01 2.671423256397247314e-01 -3.664330542087554932e-01 -3.694688677787780762e-01 -4.063509368896484375e+01 0.000000000000000000e+00 -1.682048290967941284e-02 0.000000000000000000e+00 5.000000000000000000e+01 0.000000000000000000e+00
4.236782491207122803e-01 2.671423256397247314e-01 -3.664330542087554932e-01 -3.694688677787780762e-01 -4.063509368896484375e+01 0.000000000000000000e+00 -1.682048290967941284e-02 0.000000000000000000e+00 5.000000000000000000e+01 0.000000000000000000e+00
4.236782491207122803e-01 2.671423256397247314e-01 -3.664330542087554932e-01 -3.694688677787780762e-01 -4.063509368896484375e+01 0.000000000000000000e+00 -1.682048290967941284e-02 0.000000000000000000e+00 5.000000000000000000e+01 0.000000000000000000e+00
4.236782491207122803e-01 2.671423256397247314e-01 -3.664330542087554932e-01 -3.694688677787780762e-01 -4.063509368896484375e+01 0.000000000000000000e+00 -1.682048290967941284e-02 0.000000000000000000e+00 5.000000000000000000e+01 0.000000000000000000e+00
4.236782491207122803e-01 2.671423256397247314e-01 -3.664330542087554932e-01 -3.694688677787780762e-01 -4.063509368896484375e+01 0.000000000000000000e+00 -1.682048290967941284e-02 0.000000000000000000e+00 5.000000000000000000e+01 0.000000000000000000e+00
4.236782491207122803e-01 2.671423256397247314e-01 -3.664330542087554932e-01 -3.694688677787780762e-01 -4.063509368896484375e+01 0.000000000000000000e+00 -1.682048290967941284e-02 0.000000000000000000e+00 5.000000000000000000e+01 0.000000000000000000e+00
4.236782491207122803e-01 2.671423256397247314e-01 -3.664330542087554932e-01 -3.694688677787780762e-01 -4.063509368896484375e+01 0.000000000000000000e+00 -1.682048290967941284e-02 0.000000000000000000e+00 5.000000000000000000e+01 0.000000000000000000e+00
4.236782491207122803e-01 2.671423256397247314e-01 -3.664330542087554932e-01 -3.694688677787780762e-01 -4.063509368896484375e+01 0.000000000000000000e+00 -1.682048290967941284e-02 0.000000000000000000e+00 5.000000000000000000e+01 0.000000000000000000e+00
4.236782491207122803e-01 2.671423256397247314e-01 -3.664330542087554932e-01 -3.694688677787780762e-01 -4.063509368896484375e+01 0.000000000000000000e+00 -1.682048290967941284e-02 0.000000000000000000e+00 5.000000000000000000e+01 0.000000000000000000e+00
4.236782491207122803e-01 2.671423256397247314e-01 -3.664330542087554932e-01 -3.694688677787780762e-01 -4.063509368896484375e+01 0.000000000000000000e+00 -1.682048290967941284e-02 0.000000000000000000e+00 5.000000000000000000e+01 0.000000000000000000e+00
4.236782491207122803e-01 2.671423256397247314e-01 -3.664330542087554932e-01 -3.694688677787780762e-01 -4.063509368896484375e+01 0.000000000000000000e+00 -1.682048290967941284e-02 0.000000000000000000e+00 5.000000000000000000e+01 0.000000000000000000e+00
4.236782491207122803e-01 2.671423256397247314e-01 -3.664330542087554932e-01 -3.694688677787780762e-01 -4.063509368896484375e+01 0.000000000000000000e+00 -1.682048290967941284e-02 0.000000000000000000e+00 5.000000000000000000e+01 0.000000000000000000e+00
4.236782491207122803e-01 2.671423256397247314e-01 -3.664330542087554932e-01 -3.694688677787780762e-01 -4.063509368896484375e+01 0.000000000000000000e+00 -1.682048290967941284e-02 0.000000000000000000e+00 5.000000000000000000e+01 0.000000000000000000e+00
4.236782491207122803e-01 2.671423256397247314e-01 -3.664330542087554932e-01 -3.694688677787780762e-01 -4.063509368896484375e+01 0.000000000000000000e+00 -1.682048290967941284e-02 0.000000000000000000e+00 5.000000000000000000e+01 0.000000000000000000e+00
4.236782491207122803e-01 2.671423256397247314e-01 -3.664330542087554932e-01 -3.694688677787780762e-01 -4.063509368896484375e+01 0.000000000000000000e+00 -1.682048290967941284e-02 0.000000000000000000e+00 5.000000000000000000e+01 0.000000000000000000e+00
4.236782491207122803e-01 2.671423256397247314e-01 -3.664330542087554932e-01 -3.694688677787780762e-01 -4.063509368896484375e+01 0.000000000000000000e+00 -1.682048290967941284e-02 0.000000000000000000e+00 5.000000000000000000e+01 0.000000000000000000e+00
4.236782491207122803e-01 2.671423256397247314e-01 -3.664330542087554932e-01 -3.694688677787780762e-01 -4.063509368896484375e+01 0.000000000000000000e+00 -1.682048290967941284e-02 0.000000000000000000e+00 5.000000000000000000e+01 0.000000000000000000e+00
4.236782491207122803e-01 2.671423256397247314e-01 -3.664330542087554932e-01 -3.694688677787780762e-01 -4.063509368896484375e+01 0.000000000000000000e+00 -1.682048290967941284e-02 0.000000000000000000e+00 5.000000000000000000e+01 0.000000000000000000e+00
4.236782491207122803e-01 2.671423256397247314e-01 -3.664330542087554932e-01 -3.694688677787780762e-01 -4.063509368896484375e+01 0.000000000000000000e+00 -1.682048290967941284e-02 0.000000000000000000e+00 5.000000000000000000e+01 0.000000000000000000e+00
4.236782491207122803e-01 2.671423256397247314e-01 -3.664330542087554932e-01 -3.694688677787780762e-01 -4.063509368896484375e+01 0.000000000000000000e+00 -1.682048290967941284e-02 0.000000000000000000e+00 5.000000000000000000e+01 0.000000000000000000e+00
4.236782491207122803e-01 2.671423256397247314e-01 -3.664330542087554932e-01 -3.694688677787780762e-01 -4.063509368896484375e+01 0.000000000000000000e+00 -1.682048290967941284e-02 0.000000000000000000e+00 5.000000000000000000e+01 0.000000000000000000e+00
4.236782491207122803e-01 2.671423256397247314e-01 -3.664330542087554932e-01 -3.694688677787780762e-01 -4.063509368896484375e+01 0.000000000000000000e+00 -1.682048290967941284e-02 0.000000000000000000e+00 5.000000000000000000e+01 0.000000000000000000e+00
4.236782491207122803e-01 2.671423256397247314e-01 -3.664330542087554932e-01 -3.694688677787780762e-01 -4.063509368896484375e+01 0.000000000000000000e+00 -1.682048290967941284e-02 0.000000000000000000e+00 5.000000000000000000e+01 0.000000000000000000e+00
4.236782491207122803e-01 2.671423256397247314e-01 -3.664330542087554932e-01 -3.694688677787780762e-01 -4.063509368896484375e+01 0.000000000000000000e+00 -1.682048290967941284e-02 0.000000000000000000e+00 5.000000000000000000e+01 0.000000000000000000e+00
4.236782491207122803e-01 2.671423256397247314e-01 -3.664330542087554932e-01 -3.694688677787780762e-01 -4.063509368896484375e+01 0.000000000000000000e+00 -1.682048290967941284e-02 0.000000000000000000e+00 5.000000000000000000e+01 0.000000000000000000e+00
4.236782491207122803e-01 2.671423256397247314e-01 -3.664330542087554932e-01 -3.694688677787780762e-01 -4.063509368896484375e+01 0.000000000000000000e+00 -1.682048290967941284e-02 0.000000000000000000e+00 5.000000000000000000e+01 0.000000000000000000e+00
4.236782491207122803e-01 2.671423256397247314e-01 -3.664330542087554932e-01 -3.694688677787780762e-01 -4.063509368896484375e+01 0.000000000000000000e+00 -1.682048290967941284e-02 0.000000000000000000e+00 5.000000000000000000e+01 0.000000000000000000e+00
4.236782491207122803e-01 2.671423256397247314e-01 -3.664330542087554932e-01 -3.694688677787780762e-01 -4.063509368896484375e+01 0.000000000000000000e+00 -1.682048290967941284e-02 0.000000000000000000e+00 5.000000000000000000e+01 0.000000000000000000e+00
4.236782491207122803e-01 2.671423256397247314e-01 -3.664330542087554932e-01 -3.694688677787780762e-01 -4.063509368896484375e+01 0.000000000000000000e+00 -1.682048290967941284e-02 0.000000000000000000e+00 5.000000000000000000e+01 0.000000000000000000e+00
4.236782491207122803e-01 2.671423256397247314e-01 -3.664330542087554932e-01 -3.694688677787780762e-01 -4.063509368896484375e+01 0.000000000000000000e+00 -1.682048290967941284e-02 0.000000000000000000e+00 5.000000000000000000e+01 0.000000000000000000e+00
4.236782491207122803e-01 2.671423256397247314e-01 -3.664330542087554932e-01 -3.694688677787780762e-01 -4.063509368896484375e+01 0.000000000000000000e+00 -1.682048290967941284e-02 0.000000000000000000e+00 5.000000000000000000e+01 0.000000000000000000e+00
4.236782491207122803e-01 2.671423256397247314e-01 -3.664330542087554932e-01 -3.694688677787780762e-01 -4.063509368896484375e+01 0.000000000000000000e+00 -1.682048290967941284e-02 0.000000000000000000e+00 5.000000000000000000e+01 0.000000000000000000e+00
4.236782491207122803e-01 2.671423256397247314e-01 -3.664330542087554932e-01 -3.694688677787780762e-01 -4.063509368896484375e+01 0.000000000000000000e+00 -1.682048290967941284e-02 0.000000000000000000e+00 5.000000000000000000e+01 0.000000000000000000e+00
4.236782491207122803e-01 2.671423256397247314e-01 -3.664330542087554932e-01 -3.694688677787780762e-01 -4.063509368896484375e+01 0.000000000000000000e+00 -1.682048290967941284e-02 0.000000000000000000e+00 5.000000000000000000e+01 0.000000000000000000e+00
4.236782491207122803e-01 2.671423256397247314e-01 -3.664330542087554932e-01 -3.694688677787780762e-01 -4.063509368896484375e+01 0.000000000000000000e+00 -1.682048290967941284e-02 0.000000000000000000e+00 5.000000000000000000e+01 0.000000000000000000e+00
4.236782491207122803e-01 2.671423256397247314e-01 -3.664330542087554932e-01 -3.694688677787780762e-01 -4.063509368896484375e+01 0.000000000000000000e+00 -1.682048290967941284e-02 0.000000000000000000e+00 5.000000000000000000e+01 0.000000000000000000e+00
4.236782491207122803e-01 2.671423256397247314e-01 -3.664330542087554932e-01 -3.694688677787780762e-01 -4.063509368896484375e+01 0.000000000000000000e+00 -1.682048290967941284e-02 0.000000000000000000e+00 5.000000000000000000e+01 0.000000000000000000e+00
