4.980975687503814697e-01 8.603016734123229980e-01 7.339344620704650879e-01 7.271749973297119141e-01 -1.161684494018554688e+02 -1.054493103027343750e+02 -4.808674752712249756e-02 -1.592252552509307861e-01 7.200000000000000000e+02 6.700000000000000000e+02
4.980975687503814697e-01 8.613387346267700195e-01 7.361428737640380859e-01 7.292570471763610840e-01 -1.132984161376953125e+02 -1.025792694091796875e+02 -4.689872637391090393e-02 -1.548915803432464600e-01 7.160000000000000000e+02 6.660000000000000000e+02
4.980975687503814697e-01 8.612704873085021973e-01 7.360126972198486328e-01 7.291200160980224609e-01 -1.124569549560546875e+02 -1.017378082275390625e+02 -4.655041173100471497e-02 -1.536210030317306519e-01 7.150000000000000000e+02 6.650000000000000000e+02
4.980975687503814697e-01 8.612704873085021973e-01 7.360126972198486328e-01 7.291200160980224609e-01 -1.113410339355468750e+02 -1.006218948364257812e+02 -4.608848690986633301e-02 -1.519360095262527466e-01 7.130000000000000000e+02 6.630000000000000000e+02
4.980975687503814697e-01 8.616737127304077148e-01 7.368668913841247559e-01 7.299295663833618164e-01 -1.101808624267578125e+02 -9.946173095703125000e+01 -4.560824856162071228e-02 -1.501841992139816284e-01 7.110000000000000000e+02 6.610000000000000000e+02
4.980975687503814697e-01 8.617248535156250000e-01 7.369616627693176270e-01 7.300322651863098145e-01 -1.067393341064453125e+02 -9.602018737792968750e+01 -4.418366029858589172e-02 -1.449875682592391968e-01 7.060000000000000000e+02 6.560000000000000000e+02
4.980975687503814697e-01 8.617249131202697754e-01 7.369617819786071777e-01 7.300323843955993652e-01 -1.048111572265625000e+02 -9.409202575683593750e+01 -4.338551312685012817e-02 -1.420761048793792725e-01 7.030000000000000000e+02 6.530000000000000000e+02
4.980975687503814697e-01 8.626465201377868652e-01 7.389102578163146973e-01 7.318826317787170410e-01 -1.025899047851562500e+02 -9.187076568603515625e+01 -4.246604815125465393e-02 -1.387220770120620728e-01 7.000000000000000000e+02 6.500000000000000000e+02
4.980975687503814697e-01 8.600417971611022949e-01 7.334135174751281738e-01 7.266532778739929199e-01 -9.886016845703125000e+01 -8.814103698730468750e+01 -4.092216119170188904e-02 -1.330902874469757080e-01 6.950000000000000000e+02 6.450000000000000000e+02
4.980975687503814697e-01 8.606271147727966309e-01 7.346170544624328613e-01 7.278283834457397461e-01 -9.680405426025390625e+01 -8.608491516113281250e+01 -4.007105529308319092e-02 -1.299856156110763550e-01 6.910000000000000000e+02 6.410000000000000000e+02
4.980975687503814697e-01 8.606733679771423340e-01 7.347015738487243652e-01 7.279212474822998047e-01 -9.464230346679687500e+01 -8.392317199707031250e+01 -3.917621821165084839e-02 -1.267214417457580566e-01 6.880000000000000000e+02 6.380000000000000000e+02
4.980975687503814697e-01 8.612529039382934570e-01 7.359376549720764160e-01 7.290847301483154297e-01 -8.262283325195312500e+01 -7.190370178222656250e+01 -3.420088067650794983e-02 -1.085724085569381714e-01 6.660000000000000000e+02 6.160000000000000000e+02
4.980975687503814697e-01 8.563582301139831543e-01 7.255883812904357910e-01 7.192580103874206543e-01 -6.323285675048828125e+01 -5.251372146606445312e+01 -2.617459744215011597e-02 -7.929413020610809326e-02 6.260000000000000000e+02 5.760000000000000000e+02
4.980975687503814697e-01 8.594584465026855469e-01 7.324883937835693359e-01 7.254821062088012695e-01 -5.615814208984375000e+01 -4.543900299072265625e+01 -2.324609085917472839e-02 -6.861151754856109619e-02 6.090000000000000000e+02 5.590000000000000000e+02
4.980975687503814697e-01 8.565286993980407715e-01 7.266499400138854980e-01 7.196002602577209473e-01 -5.126409149169921875e+01 -4.054495239257812500e+01 -2.122025005519390106e-02 -6.122164800763130188e-02 5.980000000000000000e+02 5.480000000000000000e+02
4.980975687503814697e-01 8.501076102256774902e-01 7.145226001739501953e-01 7.067090272903442383e-01 -4.628821945190429688e+01 -3.556908416748046875e+01 -1.916053704917430878e-02 -5.370824038982391357e-02 5.850000000000000000e+02 5.350000000000000000e+02
4.980975687503814697e-01 8.479429483413696289e-01 7.102907896041870117e-01 7.023631334304809570e-01 -4.223137283325195312e+01 -3.151223373413085938e+01 -1.748124696314334869e-02 -4.758251830935478210e-02 5.780000000000000000e+02 5.280000000000000000e+02
4.980975687503814697e-01 8.531832695007324219e-01 7.206546068191528320e-01 7.128838300704956055e-01 -4.010431671142578125e+01 -2.938517761230468750e+01 -1.660077460110187531e-02 -4.437072575092315674e-02 5.710000000000000000e+02 5.210000000000000000e+02
4.980975687503814697e-01 8.531557917594909668e-01 7.205984592437744141e-01 7.128286361694335938e-01 -3.777356719970703125e+01 -2.705442810058593750e+01 -1.563598401844501495e-02 -4.085136577486991882e-02 5.670000000000000000e+02 5.170000000000000000e+02
4.980975687503814697e-01 8.520321249961853027e-01 7.185618281364440918e-01 7.105727195739746094e-01 -3.562450408935546875e+01 -2.490536499023437500e+01 -1.474640145897865295e-02 -3.760634735226631165e-02 5.610000000000000000e+02 5.110000000000000000e+02
4.980975687503814697e-01 8.541728854179382324e-01 7.213178873062133789e-01 7.148706316947937012e-01 -2.811743545532226562e+01 -1.739829444885253906e+01 -1.163892634212970734e-02 -2.627089619636535645e-02 5.250000000000000000e+02 4.750000000000000000e+02
4.980975687503814697e-01 8.390089273452758789e-01 6.901021599769592285e-01 6.844268441200256348e-01 -2.381093788146972656e+01 -1.309179878234863281e+01 -9.856295771896839142e-03 -1.976821944117546082e-02 5.060000000000000000e+02 4.560000000000000000e+02
4.980975687503814697e-01 8.239827752113342285e-01 6.542787551879882812e-01 6.542598009109497070e-01 -1.902732658386230469e+01 -8.308187484741210938e+00 -7.876168005168437958e-03 -1.254511158913373947e-02 4.820000000000000000e+02 4.320000000000000000e+02
4.980975687503814697e-01 8.286066055297851562e-01 6.641191244125366211e-01 6.635427474975585938e-01 -1.800452232360839844e+01 -7.285383224487304688e+00 -7.452788762748241425e-03 -1.100070774555206299e-02 4.660000000000000000e+02 4.160000000000000000e+02
4.980975687503814697e-01 8.402165174484252930e-01 6.874445080757141113e-01 6.868512630462646484e-01 -1.698758316040039062e+01 -6.268444061279296875e+00 -7.031837478280067444e-03 -9.465160779654979706e-03 4.540000000000000000e+02 4.040000000000000000e+02
4.980975687503814697e-01 8.390307426452636719e-01 6.850171685218811035e-01 6.844706535339355469e-01 -1.634757995605468750e+01 -5.628441810607910156e+00 -6.766914390027523041e-03 -8.498776704072952271e-03 4.400000000000000000e+02 3.900000000000000000e+02
4.980975687503814697e-01 8.435910344123840332e-01 6.936466097831726074e-01 6.936261057853698730e-01 -1.573726654052734375e+01 -5.018128395080566406e+00 -6.514281500130891800e-03 -7.577221840620040894e-03 4.260000000000000000e+02 3.760000000000000000e+02
4.980975687503814697e-01 8.432154059410095215e-01 6.929191350936889648e-01 6.928719282150268555e-01 -1.553430938720703125e+01 -4.815170288085937500e+00 -6.430269218981266022e-03 -7.270761299878358841e-03 4.180000000000000000e+02 3.680000000000000000e+02
4.980975687503814697e-01 8.416014909744262695e-01 6.898840665817260742e-01 6.896318197250366211e-01 -1.533885288238525391e+01 -4.619714736938476562e+00 -6.349361967295408249e-03 -6.975629366934299469e-03 4.140000000000000000e+02 3.640000000000000000e+02
4.980975687503814697e-01 8.131556510925292969e-01 6.352458596229553223e-01 6.325228214263916016e-01 -1.367146492004394531e+01 -2.952326297760009766e+00 -5.659163929522037506e-03 -4.457923118025064468e-03 3.420000000000000000e+02 2.920000000000000000e+02
4.980975687503814697e-01 8.035996556282043457e-01 6.204512119293212891e-01 6.133378148078918457e-01 -1.271898078918457031e+01 -1.999842882156372070e+00 -5.264892708510160446e-03 -3.019702155143022537e-03 3.050000000000000000e+02 2.550000000000000000e+02
4.980975687503814697e-01 7.819830179214477539e-01 5.793857574462890625e-01 5.699394345283508301e-01 -1.220300865173339844e+01 -1.483870387077331543e+00 -5.051311105489730835e-03 -2.240599365904927254e-03 2.770000000000000000e+02 2.270000000000000000e+02
4.980975687503814697e-01 7.635635137557983398e-01 5.436613559722900391e-01 5.329596996307373047e-01 -1.191329383850097656e+01 -1.194155693054199219e+00 -4.931387025862932205e-03 -1.803138875402510166e-03 2.470000000000000000e+02 1.970000000000000000e+02
4.980975687503814697e-01 7.630496621131896973e-01 5.419508814811706543e-01 5.319281220436096191e-01 -1.173449802398681641e+01 -1.015359163284301758e+00 -4.857376217842102051e-03 -1.533161499537527561e-03 2.260000000000000000e+02 1.760000000000000000e+02
4.980975687503814697e-01 7.618267536163330078e-01 5.397121906280517578e-01 5.294729471206665039e-01 -1.164963817596435547e+01 -9.304999113082885742e-01 -4.822249058634042740e-03 -1.405026647262275219e-03 2.140000000000000000e+02 1.640000000000000000e+02
4.980975687503814697e-01 7.600413560867309570e-01 5.344011783599853516e-01 5.258885025978088379e-01 -1.153679084777832031e+01 -8.176525831222534180e-01 -4.775537177920341492e-03 -1.234630588442087173e-03 2.020000000000000000e+02 1.520000000000000000e+02
4.980975687503814697e-01 7.565333247184753418e-01 5.274276733398437500e-01 5.188456773757934570e-01 -1.146849155426025391e+01 -7.493528723716735840e-01 -4.747265484184026718e-03 -1.131500117480754852e-03 1.910000000000000000e+02 1.410000000000000000e+02
4.980975687503814697e-01 7.433869838714599609e-01 5.011306405067443848e-01 4.924525320529937744e-01 -1.134083080291748047e+01 -6.216917037963867188e-01 -4.694421775639057159e-03 -9.387356112711131573e-04 1.750000000000000000e+02 1.250000000000000000e+02
4.980975687503814697e-01 6.996262669563293457e-01 4.125152826309204102e-01 4.045968353748321533e-01 -1.098974323272705078e+01 -2.706043720245361328e-01 -4.549092613160610199e-03 -4.086043918505311012e-04 1.180000000000000000e+02 6.800000000000000000e+01
4.980975687503814697e-01 6.695556640625000000e-01 3.489636480808258057e-01 3.442259132862091064e-01 -1.085400485992431641e+01 -1.348658800125122070e-01 -4.492904990911483765e-03 -2.036433870671316981e-04 9.500000000000000000e+01 4.500000000000000000e+01
4.980975687503814697e-01 6.477224826812744141e-01 3.053667545318603516e-01 3.003927767276763916e-01 -1.080607318878173828e+01 -8.693462610244750977e-02 -4.473064094781875610e-03 -1.312686508754268289e-04 8.100000000000000000e+01 3.100000000000000000e+01
4.980975687503814697e-01 6.165984869003295898e-01 2.438569217920303345e-01 2.379070371389389038e-01 -1.077685928344726562e+01 -5.772119760513305664e-02 -4.460971336811780930e-03 -8.715725562069565058e-05 7.200000000000000000e+01 2.200000000000000000e+01
4.980975687503814697e-01 5.925081968307495117e-01 1.953929811716079712e-01 1.895424425601959229e-01 -1.075028133392333984e+01 -3.114229440689086914e-02 -4.449969623237848282e-03 -4.702392106992192566e-05 6.500000000000000000e+01 1.500000000000000000e+01
4.980975687503814697e-01 5.934681296348571777e-01 1.972514092922210693e-01 1.914696395397186279e-01 -1.074797630310058594e+01 -2.883672714233398438e-02 -4.449015483260154724e-03 -4.354258271632716060e-05 6.300000000000000000e+01 1.300000000000000000e+01
4.980975687503814697e-01 5.803640484809875488e-01 1.717011481523513794e-01 1.651613712310791016e-01 -1.074006748199462891e+01 -2.092856168746948242e-02 -4.445741884410381317e-03 -3.160149208270013332e-05 6.100000000000000000e+01 1.100000000000000000e+01
4.980975687503814697e-01 5.669593811035156250e-01 1.385081857442855835e-01 1.382496505975723267e-01 -1.073056411743164062e+01 -1.142537593841552734e-02 -4.441807977855205536e-03 -1.725197034829761833e-05 5.900000000000000000e+01 9.000000000000000000e+00
4.980975687503814697e-01 5.669593811035156250e-01 1.385081857442855835e-01 1.382496505975723267e-01 -1.073056411743164062e+01 -1.142537593841552734e-02 -4.441807977855205536e-03 -1.725197034829761833e-05 5.900000000000000000e+01 9.000000000000000000e+00
4.980975687503814697e-01 5.200101733207702637e-01 4.434036090970039368e-02 4.399259388446807861e-02 -1.072017002105712891e+01 -1.031577587127685547e-03 -4.437505267560482025e-03 -1.557650875838589855e-06 5.200000000000000000e+01 2.000000000000000000e+00
4.980975687503814697e-01 5.200101733207702637e-01 4.434036090970039368e-02 4.399259388446807861e-02 -1.072017002105712891e+01 -1.031577587127685547e-03 -4.437505267560482025e-03 -1.557650875838589855e-06 5.200000000000000000e+01 2.000000000000000000e+00
4.980975687503814697e-01 5.130262374877929688e-01 2.997111529111862183e-02 2.997137419879436493e-02 -1.071930122375488281e+01 -1.630783081054687500e-04 -4.437145777046680450e-03 -2.462433030814281665e-07 5.100000000000000000e+01 1.000000000000000000e+00
4.980975687503814697e-01 5.130262374877929688e-01 2.997111529111862183e-02 2.997137419879436493e-02 -1.071930122375488281e+01 -1.630783081054687500e-04 -4.437145777046680450e-03 -2.462433030814281665e-07 5.100000000000000000e+01 1.000000000000000000e+00
4.980975687503814697e-01 5.130262374877929688e-01 2.997111529111862183e-02 2.997137419879436493e-02 -1.071930122375488281e+01 -1.630783081054687500e-04 -4.437145777046680450e-03 -2.462433030814281665e-07 5.100000000000000000e+01 1.000000000000000000e+00
4.980975687503814697e-01 5.130262374877929688e-01 2.997111529111862183e-02 2.997137419879436493e-02 -1.071930122375488281e+01 -1.630783081054687500e-04 -4.437145777046680450e-03 -2.462433030814281665e-07 5.100000000000000000e+01 1.000000000000000000e+00
4.980975687503814697e-01 5.130262374877929688e-01 2.997111529111862183e-02 2.997137419879436493e-02 -1.071930122375488281e+01 -1.630783081054687500e-04 -4.437145777046680450e-03 -2.462433030814281665e-07 5.100000000000000000e+01 1.000000000000000000e+00
4.980975687503814697e-01 5.130262374877929688e-01 2.997111529111862183e-02 2.997137419879436493e-02 -1.071930122375488281e+01 -1.630783081054687500e-04 -4.437145777046680450e-03 -2.462433030814281665e-07 5.100000000000000000e+01 1.000000000000000000e+00
4.980975687503814697e-01 5.130262374877929688e-01 2.997111529111862183e-02 2.997137419879436493e-02 -1.071930122375488281e+01 -1.630783081054687500e-04 -4.437145777046680450e-03 -2.462433030814281665e-07 5.100000000000000000e+01 1.000000000000000000e+00
4.980975687503814697e-01 5.063129067420959473e-01 1.699859835207462311e-02 1.649343036115169525e-02 -1.071913909912109375e+01 0.000000000000000000e+00 -4.437078721821308136e-03 0.000000000000000000e+00 5.000000000000000000e+01 0.000000000000000000e+00
4.980975687503814697e-01 5.063129067420959473e-01 1.699859835207462311e-02 1.649343036115169525e-02 -1.071913909912109375e+01 0.000000000000000000e+00 -4.437078721821308136e-03 0.000000000000000000e+00 5.000000000000000000e+01 0.000000000000000000e+00
4.980975687503814697e-01 5.063129067420959473e-01 1.699859835207462311e-02 1.649343036115169525e-02 -1.071913909912109375e+01 0.000000000000000000e+00 -4.437078721821308136e-03 0.000000000000000000e+00 5.000000000000000000e+01 0.000000000000000000e+00
4.980975687503814697e-01 5.063129067420959473e-01 1.699859835207462311e-02 1.649343036115169525e-02 -1.071913909912109375e+01 0.000000000000000000e+00 -4.437078721821308136e-03 0.000000000000000000e+00 5.000000000000000000e+01 0.000000000000000000e+00
4.980975687503814697e-01 5.063129067420959473e-01 1.699859835207462311e-02 1.649343036115169525e-02 -1.071913909912109375e+01 0.000000000000000000e+00 -4.437078721821308136e-03 0.000000000000000000e+00 5.000000000000000000e+01 0.000000000000000000e+00
4.980975687503814697e-01 5.063129067420959473e-01 1.699859835207462311e-02 1.649343036115169525e-02 -1.071913909912109375e+01 0.000000000000000000e+00 -4.437078721821308136e-03 0.000000000000000000e+00 5.000000000000000000e+01 0.000000000000000000e+00
4.980975687503814697e-01 5.063129067420959473e-01 1.699859835207462311e-02 1.649343036115169525e-02 -1.071913909912109375e+01 0.000000000000000000e+00 -4.437078721821308136e-03 0.000000000000000000e+00 5.000000000000000000e+01 0.000000000000000000e+00
4.980975687503814697e-01 5.063129067420959473e-01 1.699859835207462311e-02 1.649343036115169525e-02 -1.071913909912109375e+01 0.000000000000000000e+00 -4.437078721821308136e-03 0.000000000000000000e+00 5.000000000000000000e+01 0.000000000000000000e+00
4.980975687503814697e-01 5.063129067420959473e-01 1.699859835207462311e-02 1.649343036115169525e-02 -1.071913909912109375e+01 0.000000000000000000e+00 -4.437078721821308136e-03 0.000000000000000000e+00 5.000000000000000000e+01 0.000000000000000000e+00
4.980975687503814697e-01 5.063129067420959473e-01 1.699859835207462311e-02 1.649343036115169525e-02 -1.071913909912109375e+01 0.000000000000000000e+00 -4.437078721821308136e-03 0.000000000000000000e+00 5.000000000000000000e+01 0.000000000000000000e+00
4.980975687503814697e-01 5.063129067420959473e-01 1.699859835207462311e-02 1.649343036115169525e-02 -1.071913909912109375e+01 0.000000000000000000e+00 -4.437078721821308136e-03 0.000000000000000000e+00 5.000000000000000000e+01 0.000000000000000000e+00
4.980975687503814697e-01 5.063129067420959473e-01 1.699859835207462311e-02 1.649343036115169525e-02 -1.071913909912109375e+01 0.000000000000000000e+00 -4.437078721821308136e-03 0.000000000000000000e+00 5.000000000000000000e+01 0.000000000000000000e+00
4.980975687503814697e-01 5.063129067420959473e-01 1.699859835207462311e-02 1.649343036115169525e-02 -1.071913909912109375e+01 0.000000000000000000e+00 -4.437078721821308136e-03 0.000000000000000000e+00 5.000000000000000000e+01 0.000000000000000000e+00
4.980975687503814697e-01 5.063129067420959473e-01 1.699859835207462311e-02 1.649343036115169525e-02 -1.071913909912109375e+01 0.000000000000000000e+00 -4.437078721821308136e-03 0.000000000000000000e+00 5.000000000000000000e+01 0.000000000000000000e+00
4.980975687503814697e-01 5.063129067420959473e-01 1.699859835207462311e-02 1.649343036115169525e-02 -1.071913909912109375e+01 0.000000000000000000e+00 -4.437078721821308136e-03 0.000000000000000000e+00 5.000000000000000000e+01 0.000000000000000000e+00
4.980975687503814697e-01 5.063129067420959473e-01 1.699859835207462311e-02 1.649343036115169525e-02 -1.071913909912109375e+01 0.000000000000000000e+00 -4.437078721821308136e-03 0.000000000000000000e+00 5.000000000000000000e+01 0.000000000000000000e+00
4.980975687503814697e-01 5.063129067420959473e-01 1.699859835207462311e-02 1.649343036115169525e-02 -1.071913909912109375e+01 0.000000000000000000e+00 -4.437078721821308136e-03 0.000000000000000000e+00 5.000000000000000000e+01 0.000000000000000000e+00
4.980975687503814697e-01 5.063129067420959473e-01 1.699859835207462311e-02 1.649343036115169525e-02 -1.071913909912109375e+01 0.000000000000000000e+00 -4.437078721821308136e-03 0.000000000000000000e+00 5.000000000000000000e+01 0.000000000000000000e+00
4.980975687503814697e-01 5.063129067420959473e-01 1.699859835207462311e-02 1.649343036115169525e-02 -1.071913909912109375e+01 0.000000000000000000e+00 -4.437078721821308136e-03 0.000000000000000000e+00 5.000000000000000000e+01 0.000000000000000000e+00
4.980975687503814697e-01 5.063129067420959473e-01 1.699859835207462311e-02 1.649343036115169525e-02 -1.071913909912109375e+01 0.000000000000000000e+00 -4.437078721821308136e-03 0.000000000000000000e+00 5.000000000000000000e+01 0.000000000000000000e+00
4.980975687503814697e-01 5.063129067420959473e-01 1.699859835207462311e-02 1.649343036115169525e-02 -1.071913909912109375e+01 0.000000000000000000e+00 -4.437078721821308136e-03 0.000000000000000000e+00 5.000000000000000000e+01 0.000000000000000000e+00
4.980975687503814697e-01 5.063129067420959473e-01 1.699859835207462311e-02 1.649343036115169525e-02 -1.071913909912109375e+01 0.000000000000000000e+00 -4.437078721821308136e-03 0.000000000000000000e+00 5.000000000000000000e+01 0.000000000000000000e+00
4.980975687503814697e-01 5.063129067420959473e-01 1.699859835207462311e-02 1.649343036115169525e-02 -1.071913909912109375e+01 0.000000000000000000e+00 -4.437078721821308136e-03 0.000000000000000000e+00 5.000000000000000000e+01 0.000000000000000000e+00
4.980975687503814697e-01 5.063129067420959473e-01 1.699859835207462311e-02 1.649343036115169525e-02 -1.071913909912109375e+01 0.000000000000000000e+00 -4.437078721821308136e-03 0.000000000000000000e+00 5.000000000000000000e+01 0.000000000000000000e+00
4.980975687503814697e-01 5.063129067420959473e-01 1.699859835207462311e-02 1.649343036115169525e-02 -1.071913909912109375e+01 0.000000000000000000e+00 -4.437078721821308136e-03 0.000000000000000000e+00 5.000000000000000000e+01 0.000000000000000000e+00
4.980975687503814697e-01 5.063129067420959473e-01 1.699859835207462311e-02 1.649343036115169525e-02 -1.071913909912109375e+01 0.000000000000000000e+00 -4.437078721821308136e-03 0.000000000000000000e+00 5.000000000000000000e+01 0.000000000000000000e+00
4.980975687503814697e-01 5.063129067420959473e-01 1.699859835207462311e-02 1.649343036115169525e-02 -1.071913909912109375e+01 0.000000000000000000e+00 -4.437078721821308136e-03 0.000000000000000000e+00 5.000000000000000000e+01 0.000000000000000000e+00
4.980975687503814697e-01 5.063129067420959473e-01 1.699859835207462311e-02 1.649343036115169525e-02 -1.071913909912109375e+01 0.000000000000000000e+00 -4.437078721821308136e-03 0.000000000000000000e+00 5.000000000000000000e+01 0.000000000000000000e+00
4.980975687503814697e-01 5.063129067420959473e-01 1.699859835207462311e-02 1.649343036115169525e-02 -1.071913909912109375e+01 0.000000000000000000e+00 -4.437078721821308136e-03 0.000000000000000000e+00 5.000000000000000000e+01 0.000000000000000000e+00
4.980975687503814697e-01 5.063129067420959473e-01 1.699859835207462311e-02 1.649343036115169525e-02 -1.071913909912109375e+01 0.000000000000000000e+00 -4.437078721821308136e-03 0.000000000000000000e+00 5.000000000000000000e+01 0.000000000000000000e+00
4.980975687503814697e-01 5.063129067420959473e-01 1.699859835207462311e-02 1.649343036115169525e-02 -1.071913909912109375e+01 0.000000000000000000e+00 -4.437078721821308136e-03 0.000000000000000000e+00 5.000000000000000000e+01 0.000000000000000000e+00
4.980975687503814697e-01 5.063129067420959473e-01 1.699859835207462311e-02 1.649343036115169525e-02 -1.071913909912109375e+01 0.000000000000000000e+00 -4.437078721821308136e-03 0.000000000000000000e+00 5.000000000000000000e+01 0.000000000000000000e+00
4.980975687503814697e-01 5.063129067420959473e-01 1.699859835207462311e-02 1.649343036115169525e-02 -1.071913909912109375e+01 0.000000000000000000e+00 -4.437078721821308136e-03 0.000000000000000000e+00 5.000000000000000000e+01 0.000000000000000000e+00
4.980975687503814697e-01 5.063129067420959473e-01 1.699859835207462311e-02 1.649343036115169525e-02 -1.071913909912109375e+01 0.000000000000000000e+00 -4.437078721821308136e-03 0.000000000000000000e+00 5.000000000000000000e+01 0.000000000000000000e+00
4.980975687503814697e-01 5.063129067420959473e-01 1.699859835207462311e-02 1.649343036115169525e-02 -1.071913909912109375e+01 0.000000000000000000e+00 -4.437078721821308136e-03 0.000000000000000000e+00 5.000000000000000000e+01 0.000000000000000000e+00
