4.305097460746765137e-01 2.617814838886260986e-01 -3.913963735103607178e-01 -3.919267058372497559e-01 -6.209989547729492188e+01 -2.669367218017578125e+01 -2.570562064647674561e-02 -3.173235803842544556e-02 1.190000000000000000e+02 6.900000000000000000e+01
4.305097460746765137e-01 2.623704075813293457e-01 -3.898608684539794922e-01 -3.905587196350097656e-01 -6.063127517700195312e+01 -2.522505569458007812e+01 -2.509769983589649200e-02 -2.998652495443820953e-02 1.150000000000000000e+02 6.500000000000000000e+01
4.305097460746765137e-01 2.631581723690032959e-01 -3.881561160087585449e-01 -3.887288868427276611e-01 -5.761348342895507812e+01 -2.220726394653320312e+01 -2.384851500391960144e-02 -2.639909647405147552e-02 1.100000000000000000e+02 6.000000000000000000e+01
4.305097460746765137e-01 2.631584405899047852e-01 -3.881554305553436279e-01 -3.887282609939575195e-01 -5.736292648315429688e+01 -2.195670318603515625e+01 -2.374479919672012329e-02 -2.610124088823795319e-02 1.090000000000000000e+02 5.900000000000000000e+01
4.305097460746765137e-01 2.632517516613006592e-01 -3.879514634609222412e-01 -3.885115087032318115e-01 -5.687500000000000000e+01 -2.146878051757812500e+01 -2.354282699525356293e-02 -2.552121691405773163e-02 1.080000000000000000e+02 5.800000000000000000e+01
4.305097460746765137e-01 2.638952732086181641e-01 -3.865148723125457764e-01 -3.870167136192321777e-01 -5.587609863281250000e+01 -2.046987915039062500e+01 -2.312934212386608124e-02 -2.433376386761665344e-02 1.060000000000000000e+02 5.600000000000000000e+01
4.305097460746765137e-01 2.639610469341278076e-01 -3.863767087459564209e-01 -3.868639469146728516e-01 -5.447474670410156250e+01 -1.906852340698242188e+01 -2.254926785826683044e-02 -2.266788855195045471e-02 1.030000000000000000e+02 5.300000000000000000e+01
4.305097460746765137e-01 2.659108638763427734e-01 -3.820429146289825439e-01 -3.823348581790924072e-01 -5.274300003051757812e+01 -1.733677673339843750e+01 -2.183242887258529663e-02 -2.060925960540771484e-02 9.900000000000000000e+01 4.900000000000000000e+01
4.305097460746765137e-01 2.661587893962860107e-01 -3.815159499645233154e-01 -3.817589581012725830e-01 -5.132015991210937500e+01 -1.591393947601318359e+01 -2.124345861375331879e-02 -1.891784742474555969e-02 9.600000000000000000e+01 4.600000000000000000e+01
4.305097460746765137e-01 2.719298005104064941e-01 -3.689565956592559814e-01 -3.683539032936096191e-01 -4.894643402099609375e+01 -1.354020881652832031e+01 -2.026087790727615356e-02 -1.609605178236961365e-02 9.000000000000000000e+01 4.000000000000000000e+01
4.305097460746765137e-01 2.757901251316070557e-01 -3.605089783668518066e-01 -3.593870401382446289e-01 -4.803202819824218750e+01 -1.262580776214599609e+01 -1.988236978650093079e-02 -1.500904932618141174e-02 8.700000000000000000e+01 3.700000000000000000e+01
4.305097460746765137e-01 2.892906367778778076e-01 -3.318050801753997803e-01 -3.280276656150817871e-01 -4.316621780395507812e+01 -7.759995460510253906e+00 -1.786821708083152771e-02 -9.224768728017807007e-03 7.500000000000000000e+01 2.500000000000000000e+01
4.305097460746765137e-01 2.954094111919403076e-01 -3.178906440734863281e-01 -3.138148188591003418e-01 -4.104473876953125000e+01 -5.638519287109375000e+00 -1.699005253612995148e-02 -6.702843587845563889e-03 6.900000000000000000e+01 1.900000000000000000e+01
4.305097460746765137e-01 3.004798591136932373e-01 -3.065866529941558838e-01 -3.020370304584503174e-01 -4.006097412109375000e+01 -4.654748916625976562e+00 -1.658283360302448273e-02 -5.533377174288034439e-03 6.700000000000000000e+01 1.700000000000000000e+01
4.305097460746765137e-01 3.066235780715942383e-01 -2.927419245243072510e-01 -2.877662479877471924e-01 -3.945072937011718750e+01 -4.044507980346679688e+00 -1.633022725582122803e-02 -4.807947669178247452e-03 6.500000000000000000e+01 1.500000000000000000e+01
4.305097460746765137e-01 3.171080946922302246e-01 -2.695592045783996582e-01 -2.634125053882598877e-01 -3.850234985351562500e+01 -3.096126556396484375e+00 -1.593765616416931152e-02 -3.680550027638673782e-03 6.300000000000000000e+01 1.300000000000000000e+01
4.305097460746765137e-01 3.171915113925933838e-01 -2.693345844745635986e-01 -2.632187306880950928e-01 -3.804353332519531250e+01 -2.637312412261962891e+00 -1.574773341417312622e-02 -3.135130275040864944e-03 6.200000000000000000e+01 1.200000000000000000e+01
4.305097460746765137e-01 3.217224180698394775e-01 -2.600321471691131592e-01 -2.526942193508148193e-01 -3.766074371337890625e+01 -2.254522562026977539e+00 -1.558928191661834717e-02 -2.680085133761167526e-03 6.000000000000000000e+01 1.000000000000000000e+01
4.305097460746765137e-01 3.325921595096588135e-01 -2.374443411827087402e-01 -2.274456918239593506e-01 -3.711000823974609375e+01 -1.703785657882690430e+00 -1.536130998283624649e-02 -2.025391440838575363e-03 5.700000000000000000e+01 7.000000000000000000e+00
4.305097460746765137e-01 3.360127210617065430e-01 -2.304679006338119507e-01 -2.195003181695938110e-01 -3.672124481201171875e+01 -1.315023422241210938e+00 -1.520038582384586334e-02 -1.563246594741940498e-03 5.500000000000000000e+01 5.000000000000000000e+00
4.305097460746765137e-01 3.739879429340362549e-01 -1.373844742774963379e-01 -1.312904208898544312e-01 -3.540622329711914062e+01 0.000000000000000000e+00 -1.465604640543460846e-02 0.000000000000000000e+00 5.000000000000000000e+01 0.000000000000000000e+00
4.305097460746765137e-01 3.739879429340362549e-01 -1.373844742774963379e-01 -1.312904208898544312e-01 -3.540622329711914062e+01 0.000000000000000000e+00 -1.465604640543460846e-02 0.000000000000000000e+00 5.000000000000000000e+01 0.000000000000000000e+00
4.305097460746765137e-01 3.739879429340362549e-01 -1.373844742774963379e-01 -1.312904208898544312e-01 -3.540622329711914062e+01 0.000000000000000000e+00 -1.465604640543460846e-02 0.000000000000000000e+00 5.000000000000000000e+01 0.000000000000000000e+00
4.305097460746765137e-01 3.739879429340362549e-01 -1.373844742774963379e-01 -1.312904208898544312e-01 -3.540622329711914062e+01 0.000000000000000000e+00 -1.465604640543460846e-02 0.000000000000000000e+00 5.000000000000000000e+01 0.000000000000000000e+00
4.305097460746765137e-01 3.739879429340362549e-01 -1.373844742774963379e-01 -1.312904208898544312e-01 -3.540622329711914062e+01 0.000000000000000000e+00 -1.465604640543460846e-02 0.000000000000000000e+00 5.000000000000000000e+01 0.000000000000000000e+00
4.305097460746765137e-01 3.739879429340362549e-01 -1.373844742774963379e-01 -1.312904208898544312e-01 -3.540622329711914062e+01 0.000000000000000000e+00 -1.465604640543460846e-02 0.000000000000000000e+00 5.000000000000000000e+01 0.000000000000000000e+00
4.305097460746765137e-01 3.739879429340362549e-01 -1.373844742774963379e-01 -1.312904208898544312e-01 -3.540622329711914062e+01 0.000000000000000000e+00 -1.465604640543460846e-02 0.000000000000000000e+00 5.000000000000000000e+01 0.000000000000000000e+00
4.305097460746765137e-01 3.739879429340362549e-01 -1.373844742774963379e-01 -1.312904208898544312e-01 -3.540622329711914062e+01 0.000000000000000000e+00 -1.465604640543460846e-02 0.000000000000000000e+00 5.000000000000000000e+01 0.000000000000000000e+00
4.305097460746765137e-01 3.739879429340362549e-01 -1.373844742774963379e-01 -1.312904208898544312e-01 -3.540622329711914062e+01 0.000000000000000000e+00 -1.465604640543460846e-02 0.000000000000000000e+00 5.000000000000000000e+01 0.000000000000000000e+00
4.305097460746765137e-01 3.739879429340362549e-01 -1.373844742774963379e-01 -1.312904208898544312e-01 -3.540622329711914062e+01 0.000000000000000000e+00 -1.465604640543460846e-02 0.000000000000000000e+00 5.000000000000000000e+01 0.000000000000000000e+00
4.305097460746765137e-01 3.739879429340362549e-01 -1.373844742774963379e-01 -1.312904208898544312e-01 -3.540622329711914062e+01 0.000000000000000000e+00 -1.465604640543460846e-02 0.000000000000000000e+00 5.000000000000000000e+01 0.000000000000000000e+00
4.305097460746765137e-01 3.739879429340362549e-01 -1.373844742774963379e-01 -1.312904208898544312e-01 -3.540622329711914062e+01 0.000000000000000000e+00 -1.465604640543460846e-02 0.000000000000000000e+00 5.000000000000000000e+01 0.000000000000000000e+00
4.305097460746765137e-01 3.739879429340362549e-01 -1.373844742774963379e-01 -1.312904208898544312e-01 -3.540622329711914062e+01 0.000000000000000000e+00 -1.465604640543460846e-02 0.000000000000000000e+00 5.000000000000000000e+01 0.000000000000000000e+00
4.305097460746765137e-01 3.739879429340362549e-01 -1.373844742774963379e-01 -1.312904208898544312e-01 -3.540622329711914062e+01 0.000000000000000000e+00 -1.465604640543460846e-02 0.000000000000000000e+00 5.000000000000000000e+01 0.000000000000000000e+00
4.305097460746765137e-01 3.739879429340362549e-01 -1.373844742774963379e-01 -1.312904208898544312e-01 -3.540622329711914062e+01 0.000000000000000000e+00 -1.465604640543460846e-02 0.000000000000000000e+00 5.000000000000000000e+01 0.000000000000000000e+00
4.305097460746765137e-01 3.739879429340362549e-01 -1.373844742774963379e-01 -1.312904208898544312e-01 -3.540622329711914062e+01 0.000000000000000000e+00 -1.465604640543460846e-02 0.000000000000000000e+00 5.000000000000000000e+01 0.000000000000000000e+00
4.305097460746765137e-01 3.739879429340362549e-01 -1.373844742774963379e-01 -1.312904208898544312e-01 -3.540622329711914062e+01 0.000000000000000000e+00 -1.465604640543460846e-02 0.000000000000000000e+00 5.000000000000000000e+01 0.000000000000000000e+00
4.305097460746765137e-01 3.739879429340362549e-01 -1.373844742774963379e-01 -1.312904208898544312e-01 -3.540622329711914062e+01 0.000000000000000000e+00 -1.465604640543460846e-02 0.000000000000000000e+00 5.000000000000000000e+01 0.000000000000000000e+00
4.305097460746765137e-01 3.739879429340362549e-01 -1.373844742774963379e-01 -1.312904208898544312e-01 -3.540622329711914062e+01 0.000000000000000000e+00 -1.465604640543460846e-02 0.000000000000000000e+00 5.000000000000000000e+01 0.000000000000000000e+00
4.305097460746765137e-01 3.739879429340362549e-01 -1.373844742774963379e-01 -1.312904208898544312e-01 -3.540622329711914062e+01 0.000000000000000000e+00 -1.465604640543460846e-02 0.000000000000000000e+00 5.000000000000000000e+01 0.000000000000000000e+00
4.305097460746765137e-01 3.739879429340362549e-01 -1.373844742774963379e-01 -1.312904208898544312e-01 -3.540622329711914062e+01 0.000000000000000000e+00 -1.465604640543460846e-02 0.000000000000000000e+00 5.000000000000000000e+01 0.000000000000000000e+00
4.305097460746765137e-01 3.739879429340362549e-01 -1.373844742774963379e-01 -1.312904208898544312e-01 -3.540622329711914062e+01 0.000000000000000000e+00 -1.465604640543460846e-02 0.000000000000000000e+00 5.000000000000000000e+01 0.000000000000000000e+00
4.305097460746765137e-01 3.739879429340362549e-01 -1.373844742774963379e-01 -1.312904208898544312e-01 -3.540622329711914062e+01 0.000000000000000000e+00 -1.465604640543460846e-02 0.000000000000000000e+00 5.000000000000000000e+01 0.000000000000000000e+00
4.305097460746765137e-01 3.739879429340362549e-01 -1.373844742774963379e-01 -1.312904208898544312e-01 -3.540622329711914062e+01 0.000000000000000000e+00 -1.465604640543460846e-02 0.000000000000000000e+00 5.000000000000000000e+01 0.000000000000000000e+00
4.305097460746765137e-01 3.739879429340362549e-01 -1.373844742774963379e-01 -1.312904208898544312e-01 -3.540622329711914062e+01 0.000000000000000000e+00 -1.465604640543460846e-02 0.000000000000000000e+00 5.000000000000000000e+01 0.000000000000000000e+00
4.305097460746765137e-01 3.739879429340362549e-01 -1.373844742774963379e-01 -1.312904208898544312e-01 -3.540622329711914062e+01 0.000000000000000000e+00 -1.465604640543460846e-02 0.000000000000000000e+00 5.000000000000000000e+01 0.000000000000000000e+00
4.305097460746765137e-01 3.739879429340362549e-01 -1.373844742774963379e-01 -1.312904208898544312e-01 -3.540622329711914062e+01 0.000000000000000000e+00 -1.465604640543460846e-02 0.000000000000000000e+00 5.000000000000000000e+01 0.000000000000000000e+00
4.305097460746765137e-01 3.739879429340362549e-01 -1.373844742774963379e-01 -1.312904208898544312e-01 -3.540622329711914062e+01 0.000000000000000000e+00 -1.465604640543460846e-02 0.000000000000000000e+00 5.000000000000000000e+01 0.000000000000000000e+00
4.305097460746765137e-01 3.739879429340362549e-01 -1.373844742774963379e-01 -1.312904208898544312e-01 -3.540622329711914062e+01 0.000000000000000000e+00 -1.465604640543460846e-02 0.000000000000000000e+00 5.000000000000000000e+01 0.000000000000000000e+00
4.305097460746765137e-01 3.739879429340362549e-01 -1.373844742774963379e-01 -1.312904208898544312e-01 -3.540622329711914062e+01 0.000000000000000000e+00 -1.465604640543460846e-02 0.000000000000000000e+00 5.000000000000000000e+01 0.000000000000000000e+00
4.305097460746765137e-01 3.739879429340362549e-01 -1.373844742774963379e-01 -1.312904208898544312e-01 -3.540622329711914062e+01 0.000000000000000000e+00 -1.465604640543460846e-02 0.000000000000000000e+00 5.000000000000000000e+01 0.000000000000000000e+00
4.305097460746765137e-01 3.739879429340362549e-01 -1.373844742774963379e-01 -1.312904208898544312e-01 -3.540622329711914062e+01 0.000000000000000000e+00 -1.465604640543460846e-02 0.000000000000000000e+00 5.000000000000000000e+01 0.000000000000000000e+00
4.305097460746765137e-01 3.739879429340362549e-01 -1.373844742774963379e-01 -1.312904208898544312e-01 -3.540622329711914062e+01 0.000000000000000000e+00 -1.465604640543460846e-02 0.000000000000000000e+00 5.000000000000000000e+01 0.000000000000000000e+00
4.305097460746765137e-01 3.739879429340362549e-01 -1.373844742774963379e-01 -1.312904208898544312e-01 -3.540622329711914062e+01 0.000000000000000000e+00 -1.465604640543460846e-02 0.000000000000000000e+00 5.000000000000000000e+01 0.000000000000000000e+00
4.305097460746765137e-01 3.739879429340362549e-01 -1.373844742774963379e-01 -1.312904208898544312e-01 -3.540622329711914062e+01 0.000000000000000000e+00 -1.465604640543460846e-02 0.000000000000000000e+00 5.000000000000000000e+01 0.000000000000000000e+00
4.305097460746765137e-01 3.739879429340362549e-01 -1.373844742774963379e-01 -1.312904208898544312e-01 -3.540622329711914062e+01 0.000000000000000000e+00 -1.465604640543460846e-02 0.000000000000000000e+00 5.000000000000000000e+01 0.000000000000000000e+00
4.305097460746765137e-01 3.739879429340362549e-01 -1.373844742774963379e-01 -1.312904208898544312e-01 -3.540622329711914062e+01 0.000000000000000000e+00 -1.465604640543460846e-02 0.000000000000000000e+00 5.000000000000000000e+01 0.000000000000000000e+00
4.305097460746765137e-01 3.739879429340362549e-01 -1.373844742774963379e-01 -1.312904208898544312e-01 -3.540622329711914062e+01 0.000000000000000000e+00 -1.465604640543460846e-02 0.000000000000000000e+00 5.000000000000000000e+01 0.000000000000000000e+00
4.305097460746765137e-01 3.739879429340362549e-01 -1.373844742774963379e-01 -1.312904208898544312e-01 -3.540622329711914062e+01 0.000000000000000000e+00 -1.465604640543460846e-02 0.000000000000000000e+00 5.000000000000000000e+01 0.000000000000000000e+00
4.305097460746765137e-01 3.739879429340362549e-01 -1.373844742774963379e-01 -1.312904208898544312e-01 -3.540622329711914062e+01 0.000000000000000000e+00 -1.465604640543460846e-02 0.000000000000000000e+00 5.000000000000000000e+01 0.000000000000000000e+00
4.305097460746765137e-01 3.739879429340362549e-01 -1.373844742774963379e-01 -1.312904208898544312e-01 -3.540622329711914062e+01 0.000000000000000000e+00 -1.465604640543460846e-02 0.000000000000000000e+00 5.000000000000000000e+01 0.000000000000000000e+00
4.305097460746765137e-01 3.739879429340362549e-01 -1.373844742774963379e-01 -1.312904208898544312e-01 -3.540622329711914062e+01 0.000000000000000000e+00 -1.465604640543460846e-02 0.000000000000000000e+00 5.000000000000000000e+01 0.000000000000000000e+00
4.305097460746765137e-01 3.739879429340362549e-01 -1.373844742774963379e-01 -1.312904208898544312e-01 -3.540622329711914062e+01 0.000000000000000000e+00 -1.465604640543460846e-02 0.000000000000000000e+00 5.000000000000000000e+01 0.000000000000000000e+00
4.305097460746765137e-01 3.739879429340362549e-01 -1.373844742774963379e-01 -1.312904208898544312e-01 -3.540622329711914062e+01 0.000000000000000000e+00 -1.465604640543460846e-02 0.000000000000000000e+00 5.000000000000000000e+01 0.000000000000000000e+00
4.305097460746765137e-01 3.739879429340362549e-01 -1.373844742774963379e-01 -1.312904208898544312e-01 -3.540622329711914062e+01 0.000000000000000000e+00 -1.465604640543460846e-02 0.000000000000000000e+00 5.000000000000000000e+01 0.000000000000000000e+00
4.305097460746765137e-01 3.739879429340362549e-01 -1.373844742774963379e-01 -1.312904208898544312e-01 -3.540622329711914062e+01 0.000000000000000000e+00 -1.465604640543460846e-02 0.000000000000000000e+00 5.000000000000000000e+01 0.000000000000000000e+00
4.305097460746765137e-01 3.739879429340362549e-01 -1.373844742774963379e-01 -1.312904208898544312e-01 -3.540622329711914062e+01 0.000000000000000000e+00 -1.465604640543460846e-02 0.000000000000000000e+00 5.000000000000000000e+01 0.000000000000000000e+00
4.305097460746765137e-01 3.739879429340362549e-01 -1.373844742774963379e-01 -1.312904208898544312e-01 -3.540622329711914062e+01 0.000000000000000000e+00 -1.465604640543460846e-02 0.000000000000000000e+00 5.000000000000000000e+01 0.000000000000000000e+00
4.305097460746765137e-01 3.739879429340362549e-01 -1.373844742774963379e-01 -1.312904208898544312e-01 -3.540622329711914062e+01 0.000000000000000000e+00 -1.465604640543460846e-02 0.000000000000000000e+00 5.000000000000000000e+01 0.000000000000000000e+00
4.305097460746765137e-01 3.739879429340362549e-01 -1.373844742774963379e-01 -1.312904208898544312e-01 -3.540622329711914062e+01 0.000000000000000000e+00 -1.465604640543460846e-02 0.000000000000000000e+00 5.000000000000000000e+01 0.000000000000000000e+00
4.305097460746765137e-01 3.739879429340362549e-01 -1.373844742774963379e-01 -1.312904208898544312e-01 -3.540622329711914062e+01 0.000000000000000000e+00 -1.465604640543460846e-02 0.000000000000000000e+00 5.000000000000000000e+01 0.000000000000000000e+00
4.305097460746765137e-01 3.739879429340362549e-01 -1.373844742774963379e-01 -1.312904208898544312e-01 -3.540622329711914062e+01 0.000000000000000000e+00 -1.465604640543460846e-02 0.000000000000000000e+00 5.000000000000000000e+01 0.000000000000000000e+00
4.305097460746765137e-01 3.739879429340362549e-01 -1.373844742774963379e-01 -1.312904208898544312e-01 -3.540622329711914062e+01 0.000000000000000000e+00 -1.465604640543460846e-02 0.000000000000000000e+00 5.000000000000000000e+01 0.000000000000000000e+00
4.305097460746765137e-01 3.739879429340362549e-01 -1.373844742774963379e-01 -1.312904208898544312e-01 -3.540622329711914062e+01 0.000000000000000000e+00 -1.465604640543460846e-02 0.000000000000000000e+00 5.000000000000000000e+01 0.000000000000000000e+00
4.305097460746765137e-01 3.739879429340362549e-01 -1.373844742774963379e-01 -1.312904208898544312e-01 -3.540622329711914062e+01 0.000000000000000000e+00 -1.465604640543460846e-02 0.000000000000000000e+00 5.000000000000000000e+01 0.000000000000000000e+00
4.305097460746765137e-01 3.739879429340362549e-01 -1.373844742774963379e-01 -1.312904208898544312e-01 -3.540622329711914062e+01 0.000000000000000000e+00 -1.465604640543460846e-02 0.000000000000000000e+00 5.000000000000000000e+01 0.000000000000000000e+00
4.305097460746765137e-01 3.739879429340362549e-01 -1.373844742774963379e-01 -1.312904208898544312e-01 -3.540622329711914062e+01 0.000000000000000000e+00 -1.465604640543460846e-02 0.000000000000000000e+00 5.000000000000000000e+01 0.000000000000000000e+00
4.305097460746765137e-01 3.739879429340362549e-01 -1.373844742774963379e-01 -1.312904208898544312e-01 -3.540622329711914062e+01 0.000000000000000000e+00 -1.465604640543460846e-02 0.000000000000000000e+00 5.000000000000000000e+01 0.000000000000000000e+00
4.305097460746765137e-01 3.739879429340362549e-01 -1.373844742774963379e-01 -1.312904208898544312e-01 -3.540622329711914062e+01 0.000000000000000000e+00 -1.465604640543460846e-02 0.000000000000000000e+00 5.000000000000000000e+01 0.000000000000000000e+00
4.305097460746765137e-01 3.739879429340362549e-01 -1.373844742774963379e-01 -1.312904208898544312e-01 -3.540622329711914062e+01 0.000000000000000000e+00 -1.465604640543460846e-02 0.000000000000000000e+00 5.000000000000000000e+01 0.000000000000000000e+00
4.305097460746765137e-01 3.739879429340362549e-01 -1.373844742774963379e-01 -1.312904208898544312e-01 -3.540622329711914062e+01 0.000000000000000000e+00 -1.465604640543460846e-02 0.000000000000000000e+00 5.000000000000000000e+01 0.000000000000000000e+00
4.305097460746765137e-01 3.739879429340362549e-01 -1.373844742774963379e-01 -1.312904208898544312e-01 -3.540622329711914062e+01 0.000000000000000000e+00 -1.465604640543460846e-02 0.000000000000000000e+00 5.000000000000000000e+01 0.000000000000000000e+00
4.305097460746765137e-01 3.739879429340362549e-01 -1.373844742774963379e-01 -1.312904208898544312e-01 -3.540622329711914062e+01 0.000000000000000000e+00 -1.465604640543460846e-02 0.000000000000000000e+00 5.000000000000000000e+01 0.000000000000000000e+00
4.305097460746765137e-01 3.739879429340362549e-01 -1.373844742774963379e-01 -1.312904208898544312e-01 -3.540622329711914062e+01 0.000000000000000000e+00 -1.465604640543460846e-02 0.000000000000000000e+00 5.000000000000000000e+01 0.000000000000000000e+00
4.305097460746765137e-01 3.739879429340362549e-01 -1.373844742774963379e-01 -1.312904208898544312e-01 -3.540622329711914062e+01 0.000000000000000000e+00 -1.465604640543460846e-02 0.000000000000000000e+00 5.000000000000000000e+01 0.000000000000000000e+00
4.305097460746765137e-01 3.739879429340362549e-01 -1.373844742774963379e-01 -1.312904208898544312e-01 -3.540622329711914062e+01 0.000000000000000000e+00 -1.465604640543460846e-02 0.000000000000000000e+00 5.000000000000000000e+01 0.000000000000000000e+00
4.305097460746765137e-01 3.739879429340362549e-01 -1.373844742774963379e-01 -1.312904208898544312e-01 -3.540622329711914062e+01 0.000000000000000000e+00 -1.465604640543460846e-02 0.000000000000000000e+00 5.000000000000000000e+01 0.000000000000000000e+00
4.305097460746765137e-01 3.739879429340362549e-01 -1.373844742774963379e-01 -1.312904208898544312e-01 -3.540622329711914062e+01 0.000000000000000000e+00 -1.465604640543460846e-02 0.000000000000000000e+00 5.000000000000000000e+01 0.000000000000000000e+00
4.305097460746765137e-01 3.739879429340362549e-01 -1.373844742774963379e-01 -1.312904208898544312e-01 -3.540622329711914062e+01 0.000000000000000000e+00 -1.465604640543460846e-02 0.000000000000000000e+00 5.000000000000000000e+01 0.000000000000000000e+00
4.305097460746765137e-01 3.739879429340362549e-01 -1.373844742774963379e-01 -1.312904208898544312e-01 -3.540622329711914062e+01 0.000000000000000000e+00 -1.465604640543460846e-02 0.000000000000000000e+00 5.000000000000000000e+01 0.000000000000000000e+00
4.305097460746765137e-01 3.739879429340362549e-01 -1.373844742774963379e-01 -1.312904208898544312e-01 -3.540622329711914062e+01 0.000000000000000000e+00 -1.465604640543460846e-02 0.000000000000000000e+00 5.000000000000000000e+01 0.000000000000000000e+00
