4.691734910011291504e-01 6.526458859443664551e-01 3.916476368904113770e-01 3.910544812679290771e-01 -1.940235595703125000e+02 -1.799806365966796875e+02 -8.031407743692398071e-02 -2.068816125392913818e-01 8.520000000000000000e+02 8.020000000000000000e+02
4.691734910011291504e-01 6.528609395027160645e-01 3.921298980712890625e-01 3.915128409862518311e-01 -1.890026550292968750e+02 -1.749597473144531250e+02 -7.823572307825088501e-02 -2.011102735996246338e-01 8.420000000000000000e+02 7.920000000000000000e+02
4.691734910011291504e-01 6.529656648635864258e-01 3.925544619560241699e-01 3.917360603809356689e-01 -1.799323577880859375e+02 -1.658894348144531250e+02 -7.448116689920425415e-02 -1.906842589378356934e-01 8.280000000000000000e+02 7.780000000000000000e+02
4.691734910011291504e-01 6.522102355957031250e-01 3.907939493656158447e-01 3.901259303092956543e-01 -1.765723571777343750e+02 -1.625294494628906250e+02 -7.309032976627349854e-02 -1.868220716714859009e-01 8.180000000000000000e+02 7.680000000000000000e+02
4.691734910011291504e-01 6.537773013114929199e-01 3.939181566238403320e-01 3.934659957885742188e-01 -1.698450469970703125e+02 -1.558021392822265625e+02 -7.030563056468963623e-02 -1.790892481803894043e-01 8.010000000000000000e+02 7.510000000000000000e+02
4.691734910011291504e-01 6.537804007530212402e-01 3.939332962036132812e-01 3.934725821018218994e-01 -1.647115020751953125e+02 -1.506685943603515625e+02 -6.818065047264099121e-02 -1.731884181499481201e-01 7.870000000000000000e+02 7.370000000000000000e+02
4.691734910011291504e-01 6.592736840248107910e-01 4.049681425094604492e-01 4.051810204982757568e-01 -1.585366210937500000e+02 -1.444936981201171875e+02 -6.562462449073791504e-02 -1.660905778408050537e-01 7.720000000000000000e+02 7.220000000000000000e+02
4.691734910011291504e-01 6.588084101676940918e-01 4.040481746196746826e-01 4.041893184185028076e-01 -1.549538574218750000e+02 -1.409109497070312500e+02 -6.414157152175903320e-02 -1.619723290205001831e-01 7.560000000000000000e+02 7.060000000000000000e+02
4.691734910011291504e-01 6.604746580123901367e-01 4.074745774269104004e-01 4.077407717704772949e-01 -1.487221527099609375e+02 -1.346792297363281250e+02 -6.156202405691146851e-02 -1.548091918230056763e-01 7.380000000000000000e+02 6.880000000000000000e+02
4.691734910011291504e-01 6.603945493698120117e-01 4.073720574378967285e-01 4.075700342655181885e-01 -1.445864868164062500e+02 -1.305435638427734375e+02 -5.985010415315628052e-02 -1.500553786754608154e-01 7.220000000000000000e+02 6.720000000000000000e+02
4.691734910011291504e-01 6.609026193618774414e-01 4.084958136081695557e-01 4.086529314517974854e-01 -1.395010070800781250e+02 -1.254580841064453125e+02 -5.774502456188201904e-02 -1.442097872495651245e-01 7.020000000000000000e+02 6.520000000000000000e+02
4.691734910011291504e-01 6.559573411941528320e-01 3.953292667865753174e-01 3.981125354766845703e-01 -1.066558761596679688e+02 -9.261296081542968750e+01 -4.414911568164825439e-02 -1.064554452896118164e-01 5.580000000000000000e+02 5.080000000000000000e+02
4.691734910011291504e-01 6.527479887008666992e-01 3.878521621227264404e-01 3.912720978260040283e-01 -9.196488952636718750e+01 -7.792196655273437500e+01 -3.806792944669723511e-02 -8.956864476203918457e-02 4.890000000000000000e+02 4.390000000000000000e+02
4.691734910011291504e-01 6.375849843025207520e-01 3.542517125606536865e-01 3.589535653591156006e-01 -8.048838806152343750e+01 -6.644547271728515625e+01 -3.331734985113143921e-02 -7.637681066989898682e-02 4.410000000000000000e+02 3.910000000000000000e+02
4.691734910011291504e-01 6.341324448585510254e-01 3.485565781593322754e-01 3.515947759151458740e-01 -6.952175140380859375e+01 -5.547883605957031250e+01 -2.877782098948955536e-02 -6.377103179693222046e-02 3.890000000000000000e+02 3.390000000000000000e+02
4.691734910011291504e-01 6.181176900863647461e-01 3.169759213924407959e-01 3.174608051776885986e-01 -6.175685119628906250e+01 -4.771393585205078125e+01 -2.556362003087997437e-02 -5.484554544091224670e-02 3.510000000000000000e+02 3.010000000000000000e+02
4.691734910011291504e-01 6.079931855201721191e-01 2.975099086761474609e-01 2.958813607692718506e-01 -5.656090545654296875e+01 -4.251798629760742188e+01 -2.341281063854694366e-02 -4.887297749519348145e-02 3.200000000000000000e+02 2.700000000000000000e+02
4.691734910011291504e-01 6.208428740501403809e-01 3.259061276912689209e-01 3.232693076133728027e-01 -5.327664566040039062e+01 -3.923372650146484375e+01 -2.205332554876804352e-02 -4.509783163666725159e-02 3.000000000000000000e+02 2.500000000000000000e+02
4.691734910011291504e-01 6.245077252388000488e-01 3.338780105113983154e-01 3.310805857181549072e-01 -5.054194641113281250e+01 -3.649903106689453125e+01 -2.092132531106472015e-02 -4.195439442992210388e-02 2.850000000000000000e+02 2.350000000000000000e+02
4.691734910011291504e-01 6.300427317619323730e-01 3.445922732353210449e-01 3.428779542446136475e-01 -4.740914154052734375e+01 -3.336621856689453125e+01 -1.962453126907348633e-02 -3.835333138704299927e-02 2.660000000000000000e+02 2.160000000000000000e+02
4.691734910011291504e-01 5.949121713638305664e-01 2.703838348388671875e-01 2.680003941059112549e-01 -2.971276092529296875e+01 -1.566984558105468750e+01 -1.229929551482200623e-02 -1.801195368170738220e-02 1.560000000000000000e+02 1.060000000000000000e+02
4.691734910011291504e-01 5.616452097892761230e-01 2.014485150575637817e-01 1.970949321985244751e-01 -2.135933685302734375e+01 -7.316421985626220703e+00 -8.841480128467082977e-03 -8.409977890551090240e-03 1.020000000000000000e+02 5.200000000000000000e+01
4.691734910011291504e-01 5.678755640983581543e-01 2.206727862358093262e-01 2.103743553161621094e-01 -1.842555809020996094e+01 -4.382641792297363281e+00 -7.627072278410196304e-03 -5.037697497755289078e-03 8.200000000000000000e+01 3.200000000000000000e+01
4.691734910011291504e-01 5.522341132164001465e-01 1.891957819461822510e-01 1.770360469818115234e-01 -1.734823417663574219e+01 -3.305318832397460938e+00 -7.181125227361917496e-03 -3.799351397901773453e-03 7.300000000000000000e+01 2.300000000000000000e+01
4.691734910011291504e-01 5.301108956336975098e-01 1.383314728736877441e-01 1.298824548721313477e-01 -1.600001716613769531e+01 -1.957101345062255859e+00 -6.623044144362211227e-03 -2.249621320515871048e-03 6.500000000000000000e+01 1.500000000000000000e+01
4.691734910011291504e-01 5.235353112220764160e-01 1.176178678870201111e-01 1.158672049641609192e-01 -1.544030380249023438e+01 -1.397387385368347168e+00 -6.391356699168682098e-03 -1.606249134056270123e-03 6.200000000000000000e+01 1.200000000000000000e+01
4.691734910011291504e-01 5.235353112220764160e-01 1.176178678870201111e-01 1.158672049641609192e-01 -1.544030380249023438e+01 -1.397387385368347168e+00 -6.391356699168682098e-03 -1.606249134056270123e-03 6.200000000000000000e+01 1.200000000000000000e+01
4.691734910011291504e-01 5.163730382919311523e-01 1.013760566711425781e-01 1.006014794111251831e-01 -1.529872322082519531e+01 -1.255806207656860352e+00 -6.332750897854566574e-03 -1.443506451323628426e-03 6.100000000000000000e+01 1.100000000000000000e+01
4.691734910011291504e-01 5.162950754165649414e-01 1.012279093265533447e-01 1.004353091120719910e-01 -1.518555641174316406e+01 -1.142640590667724609e+00 -6.285906769335269928e-03 -1.313426415435969830e-03 6.000000000000000000e+01 1.000000000000000000e+01
4.691734910011291504e-01 4.828145802021026611e-01 3.343284130096435547e-02 2.907472290098667145e-02 -1.413599872589111328e+01 -9.308260679244995117e-02 -5.851452704519033432e-03 -1.069952850230038166e-04 5.200000000000000000e+01 2.000000000000000000e+00
4.691734910011291504e-01 4.580211639404296875e-01 -2.367649413645267487e-02 -2.377015538513660431e-02 -1.404843139648437500e+01 -5.514740943908691406e-03 -5.815205164253711700e-03 -6.339006631606025621e-06 5.100000000000000000e+01 1.000000000000000000e+00
4.691734910011291504e-01 4.568915069103240967e-01 -2.593680843710899353e-02 -2.617791481316089630e-02 -1.404291629791259766e+01 0.000000000000000000e+00 -5.812922492623329163e-03 0.000000000000000000e+00 5.000000000000000000e+01 0.000000000000000000e+00
4.691734910011291504e-01 4.568915069103240967e-01 -2.593680843710899353e-02 -2.617791481316089630e-02 -1.404291629791259766e+01 0.000000000000000000e+00 -5.812922492623329163e-03 0.000000000000000000e+00 5.000000000000000000e+01 0.000000000000000000e+00
4.691734910011291504e-01 4.568915069103240967e-01 -2.593680843710899353e-02 -2.617791481316089630e-02 -1.404291629791259766e+01 0.000000000000000000e+00 -5.812922492623329163e-03 0.000000000000000000e+00 5.000000000000000000e+01 0.000000000000000000e+00
4.691734910011291504e-01 4.568915069103240967e-01 -2.593680843710899353e-02 -2.617791481316089630e-02 -1.404291629791259766e+01 0.000000000000000000e+00 -5.812922492623329163e-03 0.000000000000000000e+00 5.000000000000000000e+01 0.000000000000000000e+00
4.691734910011291504e-01 4.568915069103240967e-01 -2.593680843710899353e-02 -2.617791481316089630e-02 -1.404291629791259766e+01 0.000000000000000000e+00 -5.812922492623329163e-03 0.000000000000000000e+00 5.000000000000000000e+01 0.000000000000000000e+00
4.691734910011291504e-01 4.568915069103240967e-01 -2.593680843710899353e-02 -2.617791481316089630e-02 -1.404291629791259766e+01 0.000000000000000000e+00 -5.812922492623329163e-03 0.000000000000000000e+00 5.000000000000000000e+01 0.000000000000000000e+00
4.691734910011291504e-01 4.568915069103240967e-01 -2.593680843710899353e-02 -2.617791481316089630e-02 -1.404291629791259766e+01 0.000000000000000000e+00 -5.812922492623329163e-03 0.000000000000000000e+00 5.000000000000000000e+01 0.000000000000000000e+00
4.691734910011291504e-01 4.568915069103240967e-01 -2.593680843710899353e-02 -2.617791481316089630e-02 -1.404291629791259766e+01 0.000000000000000000e+00 -5.812922492623329163e-03 0.000000000000000000e+00 5.000000000000000000e+01 0.000000000000000000e+00
4.691734910011291504e-01 4.568915069103240967e-01 -2.593680843710899353e-02 -2.617791481316089630e-02 -1.404291629791259766e+01 0.000000000000000000e+00 -5.812922492623329163e-03 0.000000000000000000e+00 5.000000000000000000e+01 0.000000000000000000e+00
4.691734910011291504e-01 4.568915069103240967e-01 -2.593680843710899353e-02 -2.617791481316089630e-02 -1.404291629791259766e+01 0.000000000000000000e+00 -5.812922492623329163e-03 0.000000000000000000e+00 5.000000000000000000e+01 0.000000000000000000e+00
4.691734910011291504e-01 4.568915069103240967e-01 -2.593680843710899353e-02 -2.617791481316089630e-02 -1.404291629791259766e+01 0.000000000000000000e+00 -5.812922492623329163e-03 0.000000000000000000e+00 5.000000000000000000e+01 0.000000000000000000e+00
4.691734910011291504e-01 4.568915069103240967e-01 -2.593680843710899353e-02 -2.617791481316089630e-02 -1.404291629791259766e+01 0.000000000000000000e+00 -5.812922492623329163e-03 0.000000000000000000e+00 5.000000000000000000e+01 0.000000000000000000e+00
4.691734910011291504e-01 4.568915069103240967e-01 -2.593680843710899353e-02 -2.617791481316089630e-02 -1.404291629791259766e+01 0.000000000000000000e+00 -5.812922492623329163e-03 0.000000000000000000e+00 5.000000000000000000e+01 0.000000000000000000e+00
4.691734910011291504e-01 4.568915069103240967e-01 -2.593680843710899353e-02 -2.617791481316089630e-02 -1.404291629791259766e+01 0.000000000000000000e+00 -5.812922492623329163e-03 0.000000000000000000e+00 5.000000000000000000e+01 0.000000000000000000e+00
4.691734910011291504e-01 4.568915069103240967e-01 -2.593680843710899353e-02 -2.617791481316089630e-02 -1.404291629791259766e+01 0.000000000000000000e+00 -5.812922492623329163e-03 0.000000000000000000e+00 5.000000000000000000e+01 0.000000000000000000e+00
4.691734910011291504e-01 4.568915069103240967e-01 -2.593680843710899353e-02 -2.617791481316089630e-02 -1.404291629791259766e+01 0.000000000000000000e+00 -5.812922492623329163e-03 0.000000000000000000e+00 5.000000000000000000e+01 0.000000000000000000e+00
4.691734910011291504e-01 4.568915069103240967e-01 -2.593680843710899353e-02 -2.617791481316089630e-02 -1.404291629791259766e+01 0.000000000000000000e+00 -5.812922492623329163e-03 0.000000000000000000e+00 5.000000000000000000e+01 0.000000000000000000e+00
4.691734910011291504e-01 4.568915069103240967e-01 -2.593680843710899353e-02 -2.617791481316089630e-02 -1.404291629791259766e+01 0.000000000000000000e+00 -5.812922492623329163e-03 0.000000000000000000e+00 5.000000000000000000e+01 0.000000000000000000e+00
4.691734910011291504e-01 4.568915069103240967e-01 -2.593680843710899353e-02 -2.617791481316089630e-02 -1.404291629791259766e+01 0.000000000000000000e+00 -5.812922492623329163e-03 0.000000000000000000e+00 5.000000000000000000e+01 0.000000000000000000e+00
4.691734910011291504e-01 4.568915069103240967e-01 -2.593680843710899353e-02 -2.617791481316089630e-02 -1.404291629791259766e+01 0.000000000000000000e+00 -5.812922492623329163e-03 0.000000000000000000e+00 5.000000000000000000e+01 0.000000000000000000e+00
4.691734910011291504e-01 4.568915069103240967e-01 -2.593680843710899353e-02 -2.617791481316089630e-02 -1.404291629791259766e+01 0.000000000000000000e+00 -5.812922492623329163e-03 0.000000000000000000e+00 5.000000000000000000e+01 0.000000000000000000e+00
4.691734910011291504e-01 4.568915069103240967e-01 -2.593680843710899353e-02 -2.617791481316089630e-02 -1.404291629791259766e+01 0.000000000000000000e+00 -5.812922492623329163e-03 0.000000000000000000e+00 5.000000000000000000e+01 0.000000000000000000e+00
4.691734910011291504e-01 4.568915069103240967e-01 -2.593680843710899353e-02 -2.617791481316089630e-02 -1.404291629791259766e+01 0.000000000000000000e+00 -5.812922492623329163e-03 0.000000000000000000e+00 5.000000000000000000e+01 0.000000000000000000e+00
4.691734910011291504e-01 4.568915069103240967e-01 -2.593680843710899353e-02 -2.617791481316089630e-02 -1.404291629791259766e+01 0.000000000000000000e+00 -5.812922492623329163e-03 0.000000000000000000e+00 5.000000000000000000e+01 0.000000000000000000e+00
4.691734910011291504e-01 4.568915069103240967e-01 -2.593680843710899353e-02 -2.617791481316089630e-02 -1.404291629791259766e+01 0.000000000000000000e+00 -5.812922492623329163e-03 0.000000000000000000e+00 5.000000000000000000e+01 0.000000000000000000e+00
4.691734910011291504e-01 4.568915069103240967e-01 -2.593680843710899353e-02 -2.617791481316089630e-02 -1.404291629791259766e+01 0.000000000000000000e+00 -5.812922492623329163e-03 0.000000000000000000e+00 5.000000000000000000e+01 0.000000000000000000e+00
4.691734910011291504e-01 4.568915069103240967e-01 -2.593680843710899353e-02 -2.617791481316089630e-02 -1.404291629791259766e+01 0.000000000000000000e+00 -5.812922492623329163e-03 0.000000000000000000e+00 5.000000000000000000e+01 0.000000000000000000e+00
4.691734910011291504e-01 4.568915069103240967e-01 -2.593680843710899353e-02 -2.617791481316089630e-02 -1.404291629791259766e+01 0.000000000000000000e+00 -5.812922492623329163e-03 0.000000000000000000e+00 5.000000000000000000e+01 0.000000000000000000e+00
4.691734910011291504e-01 4.568915069103240967e-01 -2.593680843710899353e-02 -2.617791481316089630e-02 -1.404291629791259766e+01 0.000000000000000000e+00 -5.812922492623329163e-03 0.000000000000000000e+00 5.000000000000000000e+01 0.000000000000000000e+00
4.691734910011291504e-01 4.568915069103240967e-01 -2.593680843710899353e-02 -2.617791481316089630e-02 -1.404291629791259766e+01 0.000000000000000000e+00 -5.812922492623329163e-03 0.000000000000000000e+00 5.000000000000000000e+01 0.000000000000000000e+00
4.691734910011291504e-01 4.568915069103240967e-01 -2.593680843710899353e-02 -2.617791481316089630e-02 -1.404291629791259766e+01 0.000000000000000000e+00 -5.812922492623329163e-03 0.000000000000000000e+00 5.000000000000000000e+01 0.000000000000000000e+00
4.691734910011291504e-01 4.568915069103240967e-01 -2.593680843710899353e-02 -2.617791481316089630e-02 -1.404291629791259766e+01 0.000000000000000000e+00 -5.812922492623329163e-03 0.000000000000000000e+00 5.000000000000000000e+01 0.000000000000000000e+00
4.691734910011291504e-01 4.568915069103240967e-01 -2.593680843710899353e-02 -2.617791481316089630e-02 -1.404291629791259766e+01 0.000000000000000000e+00 -5.812922492623329163e-03 0.000000000000000000e+00 5.000000000000000000e+01 0.000000000000000000e+00
4.691734910011291504e-01 4.568915069103240967e-01 -2.593680843710899353e-02 -2.617791481316089630e-02 -1.404291629791259766e+01 0.000000000000000000e+00 -5.812922492623329163e-03 0.000000000000000000e+00 5.000000000000000000e+01 0.000000000000000000e+00
4.691734910011291504e-01 4.568915069103240967e-01 -2.593680843710899353e-02 -2.617791481316089630e-02 -1.404291629791259766e+01 0.000000000000000000e+00 -5.812922492623329163e-03 0.000000000000000000e+00 5.000000000000000000e+01 0.000000000000000000e+00
4.691734910011291504e-01 4.568915069103240967e-01 -2.593680843710899353e-02 -2.617791481316089630e-02 -1.404291629791259766e+01 0.000000000000000000e+00 -5.812922492623329163e-03 0.000000000000000000e+00 5.000000000000000000e+01 0.000000000000000000e+00
4.691734910011291504e-01 4.568915069103240967e-01 -2.593680843710899353e-02 -2.617791481316089630e-02 -1.404291629791259766e+01 0.000000000000000000e+00 -5.812922492623329163e-03 0.000000000000000000e+00 5.000000000000000000e+01 0.000000000000000000e+00
4.691734910011291504e-01 4.568915069103240967e-01 -2.593680843710899353e-02 -2.617791481316089630e-02 -1.404291629791259766e+01 0.000000000000000000e+00 -5.812922492623329163e-03 0.000000000000000000e+00 5.000000000000000000e+01 0.000000000000000000e+00
4.691734910011291504e-01 4.568915069103240967e-01 -2.593680843710899353e-02 -2.617791481316089630e-02 -1.404291629791259766e+01 0.000000000000000000e+00 -5.812922492623329163e-03 0.000000000000000000e+00 5.000000000000000000e+01 0.000000000000000000e+00
4.691734910011291504e-01 4.568915069103240967e-01 -2.593680843710899353e-02 -2.617791481316089630e-02 -1.404291629791259766e+01 0.000000000000000000e+00 -5.812922492623329163e-03 0.000000000000000000e+00 5.000000000000000000e+01 0.000000000000000000e+00
4.691734910011291504e-01 4.568915069103240967e-01 -2.593680843710899353e-02 -2.617791481316089630e-02 -1.404291629791259766e+01 0.000000000000000000e+00 -5.812922492623329163e-03 0.000000000000000000e+00 5.000000000000000000e+01 0.000000000000000000e+00
4.691734910011291504e-01 4.568915069103240967e-01 -2.593680843710899353e-02 -2.617791481316089630e-02 -1.404291629791259766e+01 0.000000000000000000e+00 -5.812922492623329163e-03 0.000000000000000000e+00 5.000000000000000000e+01 0.000000000000000000e+00
4.691734910011291504e-01 4.568915069103240967e-01 -2.593680843710899353e-02 -2.617791481316089630e-02 -1.404291629791259766e+01 0.000000000000000000e+00 -5.812922492623329163e-03 0.000000000000000000e+00 5.000000000000000000e+01 0.000000000000000000e+00
4.691734910011291504e-01 4.568915069103240967e-01 -2.593680843710899353e-02 -2.617791481316089630e-02 -1.404291629791259766e+01 0.000000000000000000e+00 -5.812922492623329163e-03 0.000000000000000000e+00 5.000000000000000000e+01 0.000000000000000000e+00
4.691734910011291504e-01 4.568915069103240967e-01 -2.593680843710899353e-02 -2.617791481316089630e-02 -1.404291629791259766e+01 0.000000000000000000e+00 -5.812922492623329163e-03 0.000000000000000000e+00 5.000000000000000000e+01 0.000000000000000000e+00
4.691734910011291504e-01 4.568915069103240967e-01 -2.593680843710899353e-02 -2.617791481316089630e-02 -1.404291629791259766e+01 0.000000000000000000e+00 -5.812922492623329163e-03 0.000000000000000000e+00 5.000000000000000000e+01 0.000000000000000000e+00
4.691734910011291504e-01 4.568915069103240967e-01 -2.593680843710899353e-02 -2.617791481316089630e-02 -1.404291629791259766e+01 0.000000000000000000e+00 -5.812922492623329163e-03 0.000000000000000000e+00 5.000000000000000000e+01 0.000000000000000000e+00
4.691734910011291504e-01 4.568915069103240967e-01 -2.593680843710899353e-02 -2.617791481316089630e-02 -1.404291629791259766e+01 0.000000000000000000e+00 -5.812922492623329163e-03 0.000000000000000000e+00 5.000000000000000000e+01 0.000000000000000000e+00
4.691734910011291504e-01 4.568915069103240967e-01 -2.593680843710899353e-02 -2.617791481316089630e-02 -1.404291629791259766e+01 0.000000000000000000e+00 -5.812922492623329163e-03 0.000000000000000000e+00 5.000000000000000000e+01 0.000000000000000000e+00
4.691734910011291504e-01 4.568915069103240967e-01 -2.593680843710899353e-02 -2.617791481316089630e-02 -1.404291629791259766e+01 0.000000000000000000e+00 -5.812922492623329163e-03 0.000000000000000000e+00 5.000000000000000000e+01 0.000000000000000000e+00
4.691734910011291504e-01 4.568915069103240967e-01 -2.593680843710899353e-02 -2.617791481316089630e-02 -1.404291629791259766e+01 0.000000000000000000e+00 -5.812922492623329163e-03 0.000000000000000000e+00 5.000000000000000000e+01 0.000000000000000000e+00
4.691734910011291504e-01 4.568915069103240967e-01 -2.593680843710899353e-02 -2.617791481316089630e-02 -1.404291629791259766e+01 0.000000000000000000e+00 -5.812922492623329163e-03 0.000000000000000000e+00 5.000000000000000000e+01 0.000000000000000000e+00
4.691734910011291504e-01 4.568915069103240967e-01 -2.593680843710899353e-02 -2.617791481316089630e-02 -1.404291629791259766e+01 0.000000000000000000e+00 -5.812922492623329163e-03 0.000000000000000000e+00 5.000000000000000000e+01 0.000000000000000000e+00
4.691734910011291504e-01 4.568915069103240967e-01 -2.593680843710899353e-02 -2.617791481316089630e-02 -1.404291629791259766e+01 0.000000000000000000e+00 -5.812922492623329163e-03 0.000000000000000000e+00 5.000000000000000000e+01 0.000000000000000000e+00
4.691734910011291504e-01 4.568915069103240967e-01 -2.593680843710899353e-02 -2.617791481316089630e-02 -1.404291629791259766e+01 0.000000000000000000e+00 -5.812922492623329163e-03 0.000000000000000000e+00 5.000000000000000000e+01 0.000000000000000000e+00
4.691734910011291504e-01 4.568915069103240967e-01 -2.593680843710899353e-02 -2.617791481316089630e-02 -1.404291629791259766e+01 0.000000000000000000e+00 -5.812922492623329163e-03 0.000000000000000000e+00 5.000000000000000000e+01 0.000000000000000000e+00
4.691734910011291504e-01 4.568915069103240967e-01 -2.593680843710899353e-02 -2.617791481316089630e-02 -1.404291629791259766e+01 0.000000000000000000e+00 -5.812922492623329163e-03 0.000000000000000000e+00 5.000000000000000000e+01 0.000000000000000000e+00
4.691734910011291504e-01 4.568915069103240967e-01 -2.593680843710899353e-02 -2.617791481316089630e-02 -1.404291629791259766e+01 0.000000000000000000e+00 -5.812922492623329163e-03 0.000000000000000000e+00 5.000000000000000000e+01 0.000000000000000000e+00
4.691734910011291504e-01 4.568915069103240967e-01 -2.593680843710899353e-02 -2.617791481316089630e-02 -1.404291629791259766e+01 0.000000000000000000e+00 -5.812922492623329163e-03 0.000000000000000000e+00 5.000000000000000000e+01 0.000000000000000000e+00
4.691734910011291504e-01 4.568915069103240967e-01 -2.593680843710899353e-02 -2.617791481316089630e-02 -1.404291629791259766e+01 0.000000000000000000e+00 -5.812922492623329163e-03 0.000000000000000000e+00 5.000000000000000000e+01 0.000000000000000000e+00
