4.867558181285858154e-01 5.897175073623657227e-01 1.978722363710403442e-01 2.115263640880584717e-01 -1.685060424804687500e+02 -1.529856567382812500e+02 -6.975135952234268188e-02 -1.755227893590927124e-01 6.950000000000000000e+02 6.450000000000000000e+02
4.867558181285858154e-01 5.887014865875244141e-01 1.951104551553726196e-01 2.094390392303466797e-01 -1.601034240722656250e+02 -1.445830383300781250e+02 -6.627318263053894043e-02 -1.658823341131210327e-01 6.740000000000000000e+02 6.240000000000000000e+02
4.867558181285858154e-01 5.872690677642822266e-01 1.935315281152725220e-01 2.064962536096572876e-01 -1.484590911865234375e+02 -1.329386901855468750e+02 -6.145313009619712830e-02 -1.525225937366485596e-01 6.400000000000000000e+02 5.900000000000000000e+02
4.867558181285858154e-01 5.877617001533508301e-01 1.937805116176605225e-01 2.075083255767822266e-01 -1.376896667480468750e+02 -1.221692657470703125e+02 -5.699523538351058960e-02 -1.401666700839996338e-01 6.170000000000000000e+02 5.670000000000000000e+02
4.867558181285858154e-01 5.831295847892761230e-01 1.842962950468063354e-01 1.979920119047164917e-01 -1.332368011474609375e+02 -1.177164001464843750e+02 -5.515201762318611145e-02 -1.350578218698501587e-01 6.040000000000000000e+02 5.540000000000000000e+02
4.867558181285858154e-01 5.803848505020141602e-01 1.790077537298202515e-01 1.923531889915466309e-01 -1.291200256347656250e+02 -1.135996246337890625e+02 -5.344792082905769348e-02 -1.303345859050750732e-01 5.930000000000000000e+02 5.430000000000000000e+02
4.867558181285858154e-01 5.792437195777893066e-01 1.769486516714096069e-01 1.900088191032409668e-01 -1.236253967285156250e+02 -1.081049957275390625e+02 -5.117347463965415955e-02 -1.240305155515670776e-01 5.780000000000000000e+02 5.280000000000000000e+02
4.867558181285858154e-01 5.778226256370544434e-01 1.741617172956466675e-01 1.870893090963363647e-01 -1.193292770385742188e+02 -1.038088760375976562e+02 -4.939514026045799255e-02 -1.191015169024467468e-01 5.650000000000000000e+02 5.150000000000000000e+02
4.867558181285858154e-01 5.774461627006530762e-01 1.734172403812408447e-01 1.863158941268920898e-01 -1.157692260742187500e+02 -1.002488403320312500e+02 -4.792149364948272705e-02 -1.150170266628265381e-01 5.570000000000000000e+02 5.070000000000000000e+02
4.867558181285858154e-01 5.780100822448730469e-01 1.753599196672439575e-01 1.874744147062301636e-01 -1.138063125610351562e+02 -9.828591156005859375e+01 -4.710896685719490051e-02 -1.127649322152137756e-01 5.510000000000000000e+02 5.010000000000000000e+02
4.867558181285858154e-01 5.770394802093505859e-01 1.732698231935501099e-01 1.854804009199142456e-01 -1.094251708984375000e+02 -9.390476989746093750e+01 -4.529543593525886536e-02 -1.077383831143379211e-01 5.380000000000000000e+02 4.880000000000000000e+02
4.867558181285858154e-01 5.693401694297790527e-01 1.579148471355438232e-01 1.696627885103225708e-01 -8.821090698242187500e+01 -7.269050598144531250e+01 -3.651400655508041382e-02 -8.339893072843551636e-02 4.660000000000000000e+02 4.160000000000000000e+02
4.867558181285858154e-01 5.615829229354858398e-01 1.414709091186523438e-01 1.537261605262756348e-01 -6.947901916503906250e+01 -5.395861816406250000e+01 -2.876013331115245819e-02 -6.190754845738410950e-02 4.060000000000000000e+02 3.560000000000000000e+02
4.867558181285858154e-01 5.407815575599670410e-01 9.769562631845474243e-02 1.109914630651473999e-01 -6.220839691162109375e+01 -4.668799591064453125e+01 -2.575053274631500244e-02 -5.356585234403610229e-02 3.780000000000000000e+02 3.280000000000000000e+02
4.867558181285858154e-01 5.371450781822204590e-01 9.131269156932830811e-02 1.035206094384193420e-01 -5.564011383056640625e+01 -4.011971282958984375e+01 -2.303165942430496216e-02 -4.602996259927749634e-02 3.440000000000000000e+02 2.940000000000000000e+02
4.867558181285858154e-01 5.359787344932556152e-01 9.055442363023757935e-02 1.011244505643844604e-01 -5.156156921386718750e+01 -3.604116821289062500e+01 -2.134338766336441040e-02 -4.135058447718620300e-02 3.240000000000000000e+02 2.740000000000000000e+02
4.867558181285858154e-01 5.259464383125305176e-01 7.158313691616058350e-02 8.051392436027526855e-02 -4.706549835205078125e+01 -3.154510307312011719e+01 -1.948228478431701660e-02 -3.619217872619628906e-02 3.000000000000000000e+02 2.500000000000000000e+02
4.867558181285858154e-01 5.181887149810791016e-01 5.644888430833816528e-02 6.457631289958953857e-02 -4.191628265380859375e+01 -2.639588546752929688e+01 -1.735081896185874939e-02 -3.028440289199352264e-02 2.800000000000000000e+02 2.300000000000000000e+02
4.867558181285858154e-01 5.244787931442260742e-01 6.923925876617431641e-02 7.749876379966735840e-02 -3.788474273681640625e+01 -2.236434364318847656e+01 -1.568200439214706421e-02 -2.565895393490791321e-02 2.590000000000000000e+02 2.090000000000000000e+02
4.867558181285858154e-01 5.242552161216735840e-01 6.881355494260787964e-02 7.703944295644760132e-02 -3.675149536132812500e+01 -2.123109436035156250e+01 -1.521290745586156845e-02 -2.435876056551933289e-02 2.510000000000000000e+02 2.010000000000000000e+02
4.867558181285858154e-01 5.155579447746276855e-01 5.226030573248863220e-02 5.917161330580711365e-02 -2.764490699768066406e+01 -1.212450695037841797e+01 -1.144332811236381531e-02 -1.391063258051872253e-02 1.850000000000000000e+02 1.350000000000000000e+02
4.867558181285858154e-01 5.051135420799255371e-01 2.939465269446372986e-02 3.771444037556648254e-02 -2.378962707519531250e+01 -8.269227027893066406e+00 -9.847474284470081329e-03 -9.487411007285118103e-03 1.470000000000000000e+02 9.700000000000000000e+01
4.867558181285858154e-01 5.025882124900817871e-01 2.651802077889442444e-02 3.252635896205902100e-02 -2.242006301879882812e+01 -6.899662017822265625e+00 -9.280556812882423401e-03 -7.916088216006755829e-03 1.320000000000000000e+02 8.200000000000000000e+01
4.867558181285858154e-01 5.070627927780151367e-01 3.419315442442893982e-02 4.171901941299438477e-02 -2.079149246215820312e+01 -5.271092891693115234e+00 -8.606426417827606201e-03 -6.047605536878108978e-03 1.180000000000000000e+02 6.800000000000000000e+01
4.867558181285858154e-01 5.112511515617370605e-01 4.378809779882431030e-02 5.032365769147872925e-02 -1.996001815795898438e+01 -4.439617633819580078e+00 -8.262246847152709961e-03 -5.093641113489866257e-03 1.090000000000000000e+02 5.900000000000000000e+01
4.867558181285858154e-01 5.128869414329528809e-01 5.647819489240646362e-02 5.368425324559211731e-02 -1.905508422851562500e+01 -3.534685373306274414e+00 -7.887658663094043732e-03 -4.055398516356945038e-03 1.040000000000000000e+02 5.400000000000000000e+01
4.867558181285858154e-01 4.883075952529907227e-01 6.978886201977729797e-03 3.187999129295349121e-03 -1.813959312438964844e+01 -2.619194507598876953e+00 -7.508700247853994370e-03 -3.005041973665356636e-03 9.900000000000000000e+01 4.900000000000000000e+01
4.867558181285858154e-01 4.944741725921630859e-01 1.945738680660724640e-02 1.585672795772552490e-02 -1.768284225463867188e+01 -2.162443637847900391e+00 -7.319632451981306076e-03 -2.481004688888788223e-03 9.400000000000000000e+01 4.400000000000000000e+01
4.867558181285858154e-01 4.954704940319061279e-01 2.182887308299541473e-02 1.790358871221542358e-02 -1.755462455749511719e+01 -2.034225225448608398e+00 -7.266558241099119186e-03 -2.333897864446043968e-03 9.000000000000000000e+01 4.000000000000000000e+01
4.867558181285858154e-01 5.075846910476684570e-01 5.304507911205291748e-02 4.279121384024620056e-02 -1.610193252563476562e+01 -5.815332531929016113e-01 -6.665231194347143173e-03 -6.672019953839480877e-04 6.500000000000000000e+01 1.500000000000000000e+01
4.867558181285858154e-01 5.041620135307312012e-01 4.876754805445671082e-02 3.575960546731948853e-02 -1.578549098968505859e+01 -2.650917172431945801e-01 -6.534243468195199966e-03 -3.041437885258346796e-04 5.700000000000000000e+01 7.000000000000000000e+00
4.867558181285858154e-01 5.079172849655151367e-01 5.604124069213867188e-02 4.347450286149978638e-02 -1.577377605438232422e+01 -2.533766031265258789e-01 -6.529394071549177170e-03 -2.907028538174927235e-04 5.600000000000000000e+01 6.000000000000000000e+00
4.867558181285858154e-01 4.909211099147796631e-01 1.917009241878986359e-02 8.557250723242759705e-03 -1.558211135864257812e+01 -6.171107292175292969e-02 -6.450056564062833786e-03 -7.080205978127196431e-05 5.300000000000000000e+01 3.000000000000000000e+00
4.867558181285858154e-01 4.909211099147796631e-01 1.917009241878986359e-02 8.557250723242759705e-03 -1.558211135864257812e+01 -6.171107292175292969e-02 -6.450056564062833786e-03 -7.080205978127196431e-05 5.300000000000000000e+01 3.000000000000000000e+00
4.867558181285858154e-01 4.909211099147796631e-01 1.917009241878986359e-02 8.557250723242759705e-03 -1.558211135864257812e+01 -6.171107292175292969e-02 -6.450056564062833786e-03 -7.080205978127196431e-05 5.300000000000000000e+01 3.000000000000000000e+00
4.867558181285858154e-01 4.909211099147796631e-01 1.917009241878986359e-02 8.557250723242759705e-03 -1.558211135864257812e+01 -6.171107292175292969e-02 -6.450056564062833786e-03 -7.080205978127196431e-05 5.300000000000000000e+01 3.000000000000000000e+00
4.867558181285858154e-01 4.909211099147796631e-01 1.917009241878986359e-02 8.557250723242759705e-03 -1.558211135864257812e+01 -6.171107292175292969e-02 -6.450056564062833786e-03 -7.080205978127196431e-05 5.300000000000000000e+01 3.000000000000000000e+00
4.867558181285858154e-01 4.909211099147796631e-01 1.917009241878986359e-02 8.557250723242759705e-03 -1.558211135864257812e+01 -6.171107292175292969e-02 -6.450056564062833786e-03 -7.080205978127196431e-05 5.300000000000000000e+01 3.000000000000000000e+00
4.867558181285858154e-01 4.621685743331909180e-01 -4.387377575039863586e-02 -5.051248148083686829e-02 -1.552039909362792969e+01 0.000000000000000000e+00 -6.424511317163705826e-03 0.000000000000000000e+00 5.000000000000000000e+01 0.000000000000000000e+00
4.867558181285858154e-01 4.621685743331909180e-01 -4.387377575039863586e-02 -5.051248148083686829e-02 -1.552039909362792969e+01 0.000000000000000000e+00 -6.424511317163705826e-03 0.000000000000000000e+00 5.000000000000000000e+01 0.000000000000000000e+00
4.867558181285858154e-01 4.621685743331909180e-01 -4.387377575039863586e-02 -5.051248148083686829e-02 -1.552039909362792969e+01 0.000000000000000000e+00 -6.424511317163705826e-03 0.000000000000000000e+00 5.000000000000000000e+01 0.000000000000000000e+00
4.867558181285858154e-01 4.621685743331909180e-01 -4.387377575039863586e-02 -5.051248148083686829e-02 -1.552039909362792969e+01 0.000000000000000000e+00 -6.424511317163705826e-03 0.000000000000000000e+00 5.000000000000000000e+01 0.000000000000000000e+00
4.867558181285858154e-01 4.621685743331909180e-01 -4.387377575039863586e-02 -5.051248148083686829e-02 -1.552039909362792969e+01 0.000000000000000000e+00 -6.424511317163705826e-03 0.000000000000000000e+00 5.000000000000000000e+01 0.000000000000000000e+00
4.867558181285858154e-01 4.621685743331909180e-01 -4.387377575039863586e-02 -5.051248148083686829e-02 -1.552039909362792969e+01 0.000000000000000000e+00 -6.424511317163705826e-03 0.000000000000000000e+00 5.000000000000000000e+01 0.000000000000000000e+00
4.867558181285858154e-01 4.621685743331909180e-01 -4.387377575039863586e-02 -5.051248148083686829e-02 -1.552039909362792969e+01 0.000000000000000000e+00 -6.424511317163705826e-03 0.000000000000000000e+00 5.000000000000000000e+01 0.000000000000000000e+00
4.867558181285858154e-01 4.621685743331909180e-01 -4.387377575039863586e-02 -5.051248148083686829e-02 -1.552039909362792969e+01 0.000000000000000000e+00 -6.424511317163705826e-03 0.000000000000000000e+00 5.000000000000000000e+01 0.000000000000000000e+00
4.867558181285858154e-01 4.621685743331909180e-01 -4.387377575039863586e-02 -5.051248148083686829e-02 -1.552039909362792969e+01 0.000000000000000000e+00 -6.424511317163705826e-03 0.000000000000000000e+00 5.000000000000000000e+01 0.000000000000000000e+00
4.867558181285858154e-01 4.621685743331909180e-01 -4.387377575039863586e-02 -5.051248148083686829e-02 -1.552039909362792969e+01 0.000000000000000000e+00 -6.424511317163705826e-03 0.000000000000000000e+00 5.000000000000000000e+01 0.000000000000000000e+00
4.867558181285858154e-01 4.621685743331909180e-01 -4.387377575039863586e-02 -5.051248148083686829e-02 -1.552039909362792969e+01 0.000000000000000000e+00 -6.424511317163705826e-03 0.000000000000000000e+00 5.000000000000000000e+01 0.000000000000000000e+00
4.867558181285858154e-01 4.621685743331909180e-01 -4.387377575039863586e-02 -5.051248148083686829e-02 -1.552039909362792969e+01 0.000000000000000000e+00 -6.424511317163705826e-03 0.000000000000000000e+00 5.000000000000000000e+01 0.000000000000000000e+00
4.867558181285858154e-01 4.621685743331909180e-01 -4.387377575039863586e-02 -5.051248148083686829e-02 -1.552039909362792969e+01 0.000000000000000000e+00 -6.424511317163705826e-03 0.000000000000000000e+00 5.000000000000000000e+01 0.000000000000000000e+00
4.867558181285858154e-01 4.621685743331909180e-01 -4.387377575039863586e-02 -5.051248148083686829e-02 -1.552039909362792969e+01 0.000000000000000000e+00 -6.424511317163705826e-03 0.000000000000000000e+00 5.000000000000000000e+01 0.000000000000000000e+00
4.867558181285858154e-01 4.621685743331909180e-01 -4.387377575039863586e-02 -5.051248148083686829e-02 -1.552039909362792969e+01 0.000000000000000000e+00 -6.424511317163705826e-03 0.000000000000000000e+00 5.000000000000000000e+01 0.000000000000000000e+00
4.867558181285858154e-01 4.621685743331909180e-01 -4.387377575039863586e-02 -5.051248148083686829e-02 -1.552039909362792969e+01 0.000000000000000000e+00 -6.424511317163705826e-03 0.000000000000000000e+00 5.000000000000000000e+01 0.000000000000000000e+00
4.867558181285858154e-01 4.621685743331909180e-01 -4.387377575039863586e-02 -5.051248148083686829e-02 -1.552039909362792969e+01 0.000000000000000000e+00 -6.424511317163705826e-03 0.000000000000000000e+00 5.000000000000000000e+01 0.000000000000000000e+00
4.867558181285858154e-01 4.621685743331909180e-01 -4.387377575039863586e-02 -5.051248148083686829e-02 -1.552039909362792969e+01 0.000000000000000000e+00 -6.424511317163705826e-03 0.000000000000000000e+00 5.000000000000000000e+01 0.000000000000000000e+00
4.867558181285858154e-01 4.621685743331909180e-01 -4.387377575039863586e-02 -5.051248148083686829e-02 -1.552039909362792969e+01 0.000000000000000000e+00 -6.424511317163705826e-03 0.000000000000000000e+00 5.000000000000000000e+01 0.000000000000000000e+00
4.867558181285858154e-01 4.621685743331909180e-01 -4.387377575039863586e-02 -5.051248148083686829e-02 -1.552039909362792969e+01 0.000000000000000000e+00 -6.424511317163705826e-03 0.000000000000000000e+00 5.000000000000000000e+01 0.000000000000000000e+00
4.867558181285858154e-01 4.621685743331909180e-01 -4.387377575039863586e-02 -5.051248148083686829e-02 -1.552039909362792969e+01 0.000000000000000000e+00 -6.424511317163705826e-03 0.000000000000000000e+00 5.000000000000000000e+01 0.000000000000000000e+00
4.867558181285858154e-01 4.621685743331909180e-01 -4.387377575039863586e-02 -5.051248148083686829e-02 -1.552039909362792969e+01 0.000000000000000000e+00 -6.424511317163705826e-03 0.000000000000000000e+00 5.000000000000000000e+01 0.000000000000000000e+00
4.867558181285858154e-01 4.621685743331909180e-01 -4.387377575039863586e-02 -5.051248148083686829e-02 -1.552039909362792969e+01 0.000000000000000000e+00 -6.424511317163705826e-03 0.000000000000000000e+00 5.000000000000000000e+01 0.000000000000000000e+00
4.867558181285858154e-01 4.621685743331909180e-01 -4.387377575039863586e-02 -5.051248148083686829e-02 -1.552039909362792969e+01 0.000000000000000000e+00 -6.424511317163705826e-03 0.000000000000000000e+00 5.000000000000000000e+01 0.000000000000000000e+00
4.867558181285858154e-01 4.621685743331909180e-01 -4.387377575039863586e-02 -5.051248148083686829e-02 -1.552039909362792969e+01 0.000000000000000000e+00 -6.424511317163705826e-03 0.000000000000000000e+00 5.000000000000000000e+01 0.000000000000000000e+00
4.867558181285858154e-01 4.621685743331909180e-01 -4.387377575039863586e-02 -5.051248148083686829e-02 -1.552039909362792969e+01 0.000000000000000000e+00 -6.424511317163705826e-03 0.000000000000000000e+00 5.000000000000000000e+01 0.000000000000000000e+00
4.867558181285858154e-01 4.621685743331909180e-01 -4.387377575039863586e-02 -5.051248148083686829e-02 -1.552039909362792969e+01 0.000000000000000000e+00 -6.424511317163705826e-03 0.000000000000000000e+00 5.000000000000000000e+01 0.000000000000000000e+00
4.867558181285858154e-01 4.621685743331909180e-01 -4.387377575039863586e-02 -5.051248148083686829e-02 -1.552039909362792969e+01 0.000000000000000000e+00 -6.424511317163705826e-03 0.000000000000000000e+00 5.000000000000000000e+01 0.000000000000000000e+00
4.867558181285858154e-01 4.621685743331909180e-01 -4.387377575039863586e-02 -5.051248148083686829e-02 -1.552039909362792969e+01 0.000000000000000000e+00 -6.424511317163705826e-03 0.000000000000000000e+00 5.000000000000000000e+01 0.000000000000000000e+00
4.867558181285858154e-01 4.621685743331909180e-01 -4.387377575039863586e-02 -5.051248148083686829e-02 -1.552039909362792969e+01 0.000000000000000000e+00 -6.424511317163705826e-03 0.000000000000000000e+00 5.000000000000000000e+01 0.000000000000000000e+00
4.867558181285858154e-01 4.621685743331909180e-01 -4.387377575039863586e-02 -5.051248148083686829e-02 -1.552039909362792969e+01 0.000000000000000000e+00 -6.424511317163705826e-03 0.000000000000000000e+00 5.000000000000000000e+01 0.000000000000000000e+00
4.867558181285858154e-01 4.621685743331909180e-01 -4.387377575039863586e-02 -5.051248148083686829e-02 -1.552039909362792969e+01 0.000000000000000000e+00 -6.424511317163705826e-03 0.000000000000000000e+00 5.000000000000000000e+01 0.000000000000000000e+00
4.867558181285858154e-01 4.621685743331909180e-01 -4.387377575039863586e-02 -5.051248148083686829e-02 -1.552039909362792969e+01 0.000000000000000000e+00 -6.424511317163705826e-03 0.000000000000000000e+00 5.000000000000000000e+01 0.000000000000000000e+00
4.867558181285858154e-01 4.621685743331909180e-01 -4.387377575039863586e-02 -5.051248148083686829e-02 -1.552039909362792969e+01 0.000000000000000000e+00 -6.424511317163705826e-03 0.000000000000000000e+00 5.000000000000000000e+01 0.000000000000000000e+00
4.867558181285858154e-01 4.621685743331909180e-01 -4.387377575039863586e-02 -5.051248148083686829e-02 -1.552039909362792969e+01 0.000000000000000000e+00 -6.424511317163705826e-03 0.000000000000000000e+00 5.000000000000000000e+01 0.000000000000000000e+00
4.867558181285858154e-01 4.621685743331909180e-01 -4.387377575039863586e-02 -5.051248148083686829e-02 -1.552039909362792969e+01 0.000000000000000000e+00 -6.424511317163705826e-03 0.000000000000000000e+00 5.000000000000000000e+01 0.000000000000000000e+00
4.867558181285858154e-01 4.621685743331909180e-01 -4.387377575039863586e-02 -5.051248148083686829e-02 -1.552039909362792969e+01 0.000000000000000000e+00 -6.424511317163705826e-03 0.000000000000000000e+00 5.000000000000000000e+01 0.000000000000000000e+00
4.867558181285858154e-01 4.621685743331909180e-01 -4.387377575039863586e-02 -5.051248148083686829e-02 -1.552039909362792969e+01 0.000000000000000000e+00 -6.424511317163705826e-03 0.000000000000000000e+00 5.000000000000000000e+01 0.000000000000000000e+00
4.867558181285858154e-01 4.621685743331909180e-01 -4.387377575039863586e-02 -5.051248148083686829e-02 -1.552039909362792969e+01 0.000000000000000000e+00 -6.424511317163705826e-03 0.000000000000000000e+00 5.000000000000000000e+01 0.000000000000000000e+00
4.867558181285858154e-01 4.621685743331909180e-01 -4.387377575039863586e-02 -5.051248148083686829e-02 -1.552039909362792969e+01 0.000000000000000000e+00 -6.424511317163705826e-03 0.000000000000000000e+00 5.000000000000000000e+01 0.000000000000000000e+00
4.867558181285858154e-01 4.621685743331909180e-01 -4.387377575039863586e-02 -5.051248148083686829e-02 -1.552039909362792969e+01 0.000000000000000000e+00 -6.424511317163705826e-03 0.000000000000000000e+00 5.000000000000000000e+01 0.000000000000000000e+00
4.867558181285858154e-01 4.621685743331909180e-01 -4.387377575039863586e-02 -5.051248148083686829e-02 -1.552039909362792969e+01 0.000000000000000000e+00 -6.424511317163705826e-03 0.000000000000000000e+00 5.000000000000000000e+01 0.000000000000000000e+00
4.867558181285858154e-01 4.621685743331909180e-01 -4.387377575039863586e-02 -5.051248148083686829e-02 -1.552039909362792969e+01 0.000000000000000000e+00 -6.424511317163705826e-03 0.000000000000000000e+00 5.000000000000000000e+01 0.000000000000000000e+00
4.867558181285858154e-01 4.621685743331909180e-01 -4.387377575039863586e-02 -5.051248148083686829e-02 -1.552039909362792969e+01 0.000000000000000000e+00 -6.424511317163705826e-03 0.000000000000000000e+00 5.000000000000000000e+01 0.000000000000000000e+00
4.867558181285858154e-01 4.621685743331909180e-01 -4.387377575039863586e-02 -5.051248148083686829e-02 -1.552039909362792969e+01 0.000000000000000000e+00 -6.424511317163705826e-03 0.000000000000000000e+00 5.000000000000000000e+01 0.000000000000000000e+00
4.867558181285858154e-01 4.621685743331909180e-01 -4.387377575039863586e-02 -5.051248148083686829e-02 -1.552039909362792969e+01 0.000000000000000000e+00 -6.424511317163705826e-03 0.000000000000000000e+00 5.000000000000000000e+01 0.000000000000000000e+00
4.867558181285858154e-01 4.621685743331909180e-01 -4.387377575039863586e-02 -5.051248148083686829e-02 -1.552039909362792969e+01 0.000000000000000000e+00 -6.424511317163705826e-03 0.000000000000000000e+00 5.000000000000000000e+01 0.000000000000000000e+00
4.867558181285858154e-01 4.621685743331909180e-01 -4.387377575039863586e-02 -5.051248148083686829e-02 -1.552039909362792969e+01 0.000000000000000000e+00 -6.424511317163705826e-03 0.000000000000000000e+00 5.000000000000000000e+01 0.000000000000000000e+00
4.867558181285858154e-01 4.621685743331909180e-01 -4.387377575039863586e-02 -5.051248148083686829e-02 -1.552039909362792969e+01 0.000000000000000000e+00 -6.424511317163705826e-03 0.000000000000000000e+00 5.000000000000000000e+01 0.000000000000000000e+00
4.867558181285858154e-01 4.621685743331909180e-01 -4.387377575039863586e-02 -5.051248148083686829e-02 -1.552039909362792969e+01 0.000000000000000000e+00 -6.424511317163705826e-03 0.000000000000000000e+00 5.000000000000000000e+01 0.000000000000000000e+00
4.867558181285858154e-01 4.621685743331909180e-01 -4.387377575039863586e-02 -5.051248148083686829e-02 -1.552039909362792969e+01 0.000000000000000000e+00 -6.424511317163705826e-03 0.000000000000000000e+00 5.000000000000000000e+01 0.000000000000000000e+00
4.867558181285858154e-01 4.621685743331909180e-01 -4.387377575039863586e-02 -5.051248148083686829e-02 -1.552039909362792969e+01 0.000000000000000000e+00 -6.424511317163705826e-03 0.000000000000000000e+00 5.000000000000000000e+01 0.000000000000000000e+00
4.867558181285858154e-01 4.621685743331909180e-01 -4.387377575039863586e-02 -5.051248148083686829e-02 -1.552039909362792969e+01 0.000000000000000000e+00 -6.424511317163705826e-03 0.000000000000000000e+00 5.000000000000000000e+01 0.000000000000000000e+00
