4.724077582359313965e-01 6.589186191558837891e-01 3.755964934825897217e-01 3.948090672492980957e-01 -9.962507629394531250e+01 -7.373011779785156250e+01 -4.123878851532936096e-02 -1.276492774486541748e-01 3.320000000000000000e+02 2.830000000000000000e+02
4.724077582359313965e-01 6.589189171791076660e-01 3.755972981452941895e-01 3.948096930980682373e-01 -9.614230346679687500e+01 -7.024734497070312500e+01 -3.979712724685668945e-02 -1.216195374727249146e-01 3.270000000000000000e+02 2.780000000000000000e+02
4.724077582359313965e-01 6.566148996353149414e-01 3.693420290946960449e-01 3.899325132369995117e-01 -9.296717834472656250e+01 -6.707221984863281250e+01 -3.848281875252723694e-02 -1.161224320530891418e-01 3.210000000000000000e+02 2.720000000000000000e+02
4.724077582359313965e-01 6.566154360771179199e-01 3.693431019783020020e-01 3.899336457252502441e-01 -9.073081207275390625e+01 -6.483585357666015625e+01 -3.755709528923034668e-02 -1.122505962848663330e-01 3.180000000000000000e+02 2.690000000000000000e+02
4.724077582359313965e-01 6.572315692901611328e-01 3.707346022129058838e-01 3.912378847599029541e-01 -8.998905944824218750e+01 -6.409410095214843750e+01 -3.725005686283111572e-02 -1.109663993120193481e-01 3.170000000000000000e+02 2.680000000000000000e+02
4.724077582359313965e-01 6.560566425323486328e-01 3.675447702407836914e-01 3.887507915496826172e-01 -8.885563659667968750e+01 -6.296067428588867188e+01 -3.678088635206222534e-02 -1.090040951967239380e-01 3.140000000000000000e+02 2.650000000000000000e+02
4.724077582359313965e-01 6.560566425323486328e-01 3.675447702407836914e-01 3.887507915496826172e-01 -8.885563659667968750e+01 -6.296067428588867188e+01 -3.678088635206222534e-02 -1.090040951967239380e-01 3.140000000000000000e+02 2.650000000000000000e+02
4.724077582359313965e-01 6.560565829277038574e-01 3.675445616245269775e-01 3.887506425380706787e-01 -8.700772094726562500e+01 -6.111277008056640625e+01 -3.601596131920814514e-02 -1.058048084378242493e-01 3.110000000000000000e+02 2.620000000000000000e+02
4.724077582359313965e-01 6.559246182441711426e-01 3.670837283134460449e-01 3.884713053703308105e-01 -8.501569366455078125e+01 -5.912073516845703125e+01 -3.519138321280479431e-02 -1.023559868335723877e-01 3.070000000000000000e+02 2.580000000000000000e+02
4.724077582359313965e-01 6.559243798255920410e-01 3.670832812786102295e-01 3.884707987308502197e-01 -8.455261993408203125e+01 -5.865766143798828125e+01 -3.499969840049743652e-02 -1.015542671084403992e-01 3.050000000000000000e+02 2.560000000000000000e+02
4.724077582359313965e-01 6.578027009963989258e-01 3.717469274997711182e-01 3.924468755722045898e-01 -8.202381134033203125e+01 -5.612885284423828125e+01 -3.395292162895202637e-02 -9.717612713575363159e-02 3.010000000000000000e+02 2.520000000000000000e+02
4.724077582359313965e-01 6.722450256347656250e-01 4.062625169754028320e-01 4.230186045169830322e-01 -7.370130920410156250e+01 -4.780635070800781250e+01 -3.050790727138519287e-02 -8.276734501123428345e-02 2.810000000000000000e+02 2.320000000000000000e+02
4.724077582359313965e-01 6.707772016525268555e-01 4.023289680480957031e-01 4.199114739894866943e-01 -6.672563171386718750e+01 -4.083067321777343750e+01 -2.762039564549922943e-02 -7.069032639265060425e-02 2.600000000000000000e+02 2.110000000000000000e+02
4.724077582359313965e-01 6.707377433776855469e-01 4.019302725791931152e-01 4.198279678821563721e-01 -5.887632369995117188e+01 -3.298136901855468750e+01 -2.437125518918037415e-02 -5.710078775882720947e-02 2.420000000000000000e+02 1.930000000000000000e+02
4.724077582359313965e-01 6.710118651390075684e-01 4.026681482791900635e-01 4.204082190990447998e-01 -5.612803649902343750e+01 -3.023307800292968750e+01 -2.323362976312637329e-02 -5.234266072511672974e-02 2.320000000000000000e+02 1.830000000000000000e+02
4.724077582359313965e-01 6.645783185958862305e-01 3.862784504890441895e-01 4.067896008491516113e-01 -5.223413467407226562e+01 -2.633917808532714844e+01 -2.162178792059421539e-02 -4.560113325715065002e-02 2.200000000000000000e+02 1.710000000000000000e+02
4.724077582359313965e-01 6.660271286964416504e-01 3.893847167491912842e-01 4.098564684391021729e-01 -4.959169006347656250e+01 -2.369673538208007812e+01 -2.052797563374042511e-02 -4.102626070380210876e-02 2.090000000000000000e+02 1.600000000000000000e+02
4.724077582359313965e-01 6.696810722351074219e-01 3.986907899379730225e-01 4.175911843776702881e-01 -4.782007980346679688e+01 -2.192512512207031250e+01 -1.979463547468185425e-02 -3.795906528830528259e-02 2.020000000000000000e+02 1.530000000000000000e+02
4.724077582359313965e-01 6.688067317008972168e-01 3.963491022586822510e-01 4.157403707504272461e-01 -4.633351516723632812e+01 -2.043855857849121094e+01 -1.917928643524646759e-02 -3.538536652922630310e-02 1.950000000000000000e+02 1.460000000000000000e+02
4.724077582359313965e-01 6.663826107978820801e-01 3.898258209228515625e-01 4.106089472770690918e-01 -4.581534957885742188e+01 -1.992039299011230469e+01 -1.896479725837707520e-02 -3.448826447129249573e-02 1.900000000000000000e+02 1.410000000000000000e+02
4.724077582359313965e-01 6.548757553100585938e-01 3.654218614101409912e-01 3.862510621547698975e-01 -3.993933486938476562e+01 -1.404437828063964844e+01 -1.653248071670532227e-02 -2.431509457528591156e-02 1.590000000000000000e+02 1.100000000000000000e+02
4.724077582359313965e-01 6.405542492866516113e-01 3.362487852573394775e-01 3.559350669384002686e-01 -3.707489013671875000e+01 -1.117993450164794922e+01 -1.534677390009164810e-02 -1.935586892068386078e-02 1.400000000000000000e+02 9.100000000000000000e+01
4.724077582359313965e-01 6.336278915405273438e-01 3.223417997360229492e-01 3.412732481956481934e-01 -3.455080795288085938e+01 -8.655853271484375000e+00 -1.430195569992065430e-02 -1.498591713607311249e-02 1.290000000000000000e+02 8.000000000000000000e+01
4.724077582359313965e-01 6.123490929603576660e-01 2.730515897274017334e-01 2.962299585342407227e-01 -3.312365722656250000e+01 -7.228700637817382812e+00 -1.371120102703571320e-02 -1.251508109271526337e-02 1.190000000000000000e+02 7.000000000000000000e+01
4.724077582359313965e-01 6.079360842704772949e-01 2.631796300411224365e-01 2.868884503841400146e-01 -3.140244293212890625e+01 -5.507487297058105469e+00 -1.299872156232595444e-02 -9.535136632621288300e-03 1.080000000000000000e+02 5.900000000000000000e+01
4.724077582359313965e-01 5.982489585876464844e-01 2.444273829460144043e-01 2.663825750350952148e-01 -2.997470855712890625e+01 -4.079750061035156250e+00 -1.240772567689418793e-02 -7.063289172947406769e-03 9.600000000000000000e+01 4.700000000000000000e+01
4.724077582359313965e-01 5.880345106124877930e-01 2.238824963569641113e-01 2.447604835033416748e-01 -2.933378982543945312e+01 -3.438831090927124023e+00 -1.214242354035377502e-02 -5.953663494437932968e-03 9.000000000000000000e+01 4.100000000000000000e+01
4.724077582359313965e-01 5.763653516769409180e-01 2.007964998483657837e-01 2.200590372085571289e-01 -2.822610282897949219e+01 -2.331147193908691406e+00 -1.168390829116106033e-02 -4.035925492644309998e-03 8.200000000000000000e+01 3.300000000000000000e+01
4.724077582359313965e-01 5.708690881729125977e-01 1.897307485342025757e-01 2.084244489669799805e-01 -2.804146575927734375e+01 -2.146511077880859375e+00 -1.160747930407524109e-02 -3.716264152899384499e-03 8.000000000000000000e+01 3.100000000000000000e+01
4.724077582359313965e-01 5.221347212791442871e-01 9.036128968000411987e-02 1.052628010511398315e-01 -2.641031455993652344e+01 -5.153577327728271484e-01 -1.093228068202733994e-02 -8.922410779632627964e-04 6.300000000000000000e+01 1.400000000000000000e+01
4.724077582359313965e-01 5.028992891311645508e-01 5.280086398124694824e-02 6.454493850469589233e-02 -2.628464317321777344e+01 -3.896867036819458008e-01 -1.088026072829961777e-02 -6.746663129888474941e-04 5.800000000000000000e+01 9.000000000000000000e+00
4.724077582359313965e-01 4.975042641162872314e-01 4.122089222073554993e-02 5.312466993927955627e-02 -2.622069549560546875e+01 -3.257408738136291504e-01 -1.085378974676132202e-02 -5.639566224999725819e-04 5.600000000000000000e+01 7.000000000000000000e+00
4.724077582359313965e-01 4.823831915855407715e-01 1.353069487959146500e-02 2.111615054309368134e-02 -2.601774215698242188e+01 -1.227871179580688477e-01 -1.076977979391813278e-02 -2.125818718923255801e-04 5.300000000000000000e+01 4.000000000000000000e+00
4.724077582359313965e-01 4.719834029674530029e-01 -6.728607695549726486e-03 -8.982817525975406170e-04 -2.596361923217773438e+01 -6.866538524627685547e-02 -1.074737589806318283e-02 -1.188806854770518839e-04 5.200000000000000000e+01 3.000000000000000000e+00
4.724077582359313965e-01 4.688972830772399902e-01 -1.483950857073068619e-02 -7.431027945131063461e-03 -2.592267227172851562e+01 -2.771818637847900391e-02 -1.073042675852775574e-02 -4.798861846211366355e-05 5.100000000000000000e+01 2.000000000000000000e+00
4.724077582359313965e-01 4.688972830772399902e-01 -1.483950857073068619e-02 -7.431027945131063461e-03 -2.592267227172851562e+01 -2.771818637847900391e-02 -1.073042675852775574e-02 -4.798861846211366355e-05 5.100000000000000000e+01 2.000000000000000000e+00
4.724077582359313965e-01 4.644346535205841064e-01 -2.320741862058639526e-02 -1.687758974730968475e-02 -2.590354919433593750e+01 -8.594274520874023438e-03 -1.072251051664352417e-02 -1.487930512666935101e-05 5.000000000000000000e+01 1.000000000000000000e+00
4.724077582359313965e-01 4.644346535205841064e-01 -2.320741862058639526e-02 -1.687758974730968475e-02 -2.590354919433593750e+01 -8.594274520874023438e-03 -1.072251051664352417e-02 -1.487930512666935101e-05 5.000000000000000000e+01 1.000000000000000000e+00
4.724077582359313965e-01 4.613333642482757568e-01 -2.902264520525932312e-02 -2.344244718551635742e-02 -2.589495468139648438e+01 0.000000000000000000e+00 -1.071895286440849304e-02 0.000000000000000000e+00 4.900000000000000000e+01 0.000000000000000000e+00
4.724077582359313965e-01 4.613333642482757568e-01 -2.902264520525932312e-02 -2.344244718551635742e-02 -2.589495468139648438e+01 0.000000000000000000e+00 -1.071895286440849304e-02 0.000000000000000000e+00 4.900000000000000000e+01 0.000000000000000000e+00
4.724077582359313965e-01 4.613333642482757568e-01 -2.902264520525932312e-02 -2.344244718551635742e-02 -2.589495468139648438e+01 0.000000000000000000e+00 -1.071895286440849304e-02 0.000000000000000000e+00 4.900000000000000000e+01 0.000000000000000000e+00
4.724077582359313965e-01 4.613333642482757568e-01 -2.902264520525932312e-02 -2.344244718551635742e-02 -2.589495468139648438e+01 0.000000000000000000e+00 -1.071895286440849304e-02 0.000000000000000000e+00 4.900000000000000000e+01 0.000000000000000000e+00
4.724077582359313965e-01 4.613333642482757568e-01 -2.902264520525932312e-02 -2.344244718551635742e-02 -2.589495468139648438e+01 0.000000000000000000e+00 -1.071895286440849304e-02 0.000000000000000000e+00 4.900000000000000000e+01 0.000000000000000000e+00
4.724077582359313965e-01 4.613333642482757568e-01 -2.902264520525932312e-02 -2.344244718551635742e-02 -2.589495468139648438e+01 0.000000000000000000e+00 -1.071895286440849304e-02 0.000000000000000000e+00 4.900000000000000000e+01 0.000000000000000000e+00
4.724077582359313965e-01 4.613333642482757568e-01 -2.902264520525932312e-02 -2.344244718551635742e-02 -2.589495468139648438e+01 0.000000000000000000e+00 -1.071895286440849304e-02 0.000000000000000000e+00 4.900000000000000000e+01 0.000000000000000000e+00
4.724077582359313965e-01 4.613333642482757568e-01 -2.902264520525932312e-02 -2.344244718551635742e-02 -2.589495468139648438e+01 0.000000000000000000e+00 -1.071895286440849304e-02 0.000000000000000000e+00 4.900000000000000000e+01 0.000000000000000000e+00
4.724077582359313965e-01 4.613333642482757568e-01 -2.902264520525932312e-02 -2.344244718551635742e-02 -2.589495468139648438e+01 0.000000000000000000e+00 -1.071895286440849304e-02 0.000000000000000000e+00 4.900000000000000000e+01 0.000000000000000000e+00
4.724077582359313965e-01 4.613333642482757568e-01 -2.902264520525932312e-02 -2.344244718551635742e-02 -2.589495468139648438e+01 0.000000000000000000e+00 -1.071895286440849304e-02 0.000000000000000000e+00 4.900000000000000000e+01 0.000000000000000000e+00
4.724077582359313965e-01 4.613333642482757568e-01 -2.902264520525932312e-02 -2.344244718551635742e-02 -2.589495468139648438e+01 0.000000000000000000e+00 -1.071895286440849304e-02 0.000000000000000000e+00 4.900000000000000000e+01 0.000000000000000000e+00
4.724077582359313965e-01 4.613333642482757568e-01 -2.902264520525932312e-02 -2.344244718551635742e-02 -2.589495468139648438e+01 0.000000000000000000e+00 -1.071895286440849304e-02 0.000000000000000000e+00 4.900000000000000000e+01 0.000000000000000000e+00
4.724077582359313965e-01 4.613333642482757568e-01 -2.902264520525932312e-02 -2.344244718551635742e-02 -2.589495468139648438e+01 0.000000000000000000e+00 -1.071895286440849304e-02 0.000000000000000000e+00 4.900000000000000000e+01 0.000000000000000000e+00
4.724077582359313965e-01 4.613333642482757568e-01 -2.902264520525932312e-02 -2.344244718551635742e-02 -2.589495468139648438e+01 0.000000000000000000e+00 -1.071895286440849304e-02 0.000000000000000000e+00 4.900000000000000000e+01 0.000000000000000000e+00
4.724077582359313965e-01 4.613333642482757568e-01 -2.902264520525932312e-02 -2.344244718551635742e-02 -2.589495468139648438e+01 0.000000000000000000e+00 -1.071895286440849304e-02 0.000000000000000000e+00 4.900000000000000000e+01 0.000000000000000000e+00
4.724077582359313965e-01 4.613333642482757568e-01 -2.902264520525932312e-02 -2.344244718551635742e-02 -2.589495468139648438e+01 0.000000000000000000e+00 -1.071895286440849304e-02 0.000000000000000000e+00 4.900000000000000000e+01 0.000000000000000000e+00
4.724077582359313965e-01 4.613333642482757568e-01 -2.902264520525932312e-02 -2.344244718551635742e-02 -2.589495468139648438e+01 0.000000000000000000e+00 -1.071895286440849304e-02 0.000000000000000000e+00 4.900000000000000000e+01 0.000000000000000000e+00
4.724077582359313965e-01 4.613333642482757568e-01 -2.902264520525932312e-02 -2.344244718551635742e-02 -2.589495468139648438e+01 0.000000000000000000e+00 -1.071895286440849304e-02 0.000000000000000000e+00 4.900000000000000000e+01 0.000000000000000000e+00
4.724077582359313965e-01 4.613333642482757568e-01 -2.902264520525932312e-02 -2.344244718551635742e-02 -2.589495468139648438e+01 0.000000000000000000e+00 -1.071895286440849304e-02 0.000000000000000000e+00 4.900000000000000000e+01 0.000000000000000000e+00
4.724077582359313965e-01 4.613333642482757568e-01 -2.902264520525932312e-02 -2.344244718551635742e-02 -2.589495468139648438e+01 0.000000000000000000e+00 -1.071895286440849304e-02 0.000000000000000000e+00 4.900000000000000000e+01 0.000000000000000000e+00
4.724077582359313965e-01 4.613333642482757568e-01 -2.902264520525932312e-02 -2.344244718551635742e-02 -2.589495468139648438e+01 0.000000000000000000e+00 -1.071895286440849304e-02 0.000000000000000000e+00 4.900000000000000000e+01 0.000000000000000000e+00
4.724077582359313965e-01 4.613333642482757568e-01 -2.902264520525932312e-02 -2.344244718551635742e-02 -2.589495468139648438e+01 0.000000000000000000e+00 -1.071895286440849304e-02 0.000000000000000000e+00 4.900000000000000000e+01 0.000000000000000000e+00
4.724077582359313965e-01 4.613333642482757568e-01 -2.902264520525932312e-02 -2.344244718551635742e-02 -2.589495468139648438e+01 0.000000000000000000e+00 -1.071895286440849304e-02 0.000000000000000000e+00 4.900000000000000000e+01 0.000000000000000000e+00
4.724077582359313965e-01 4.613333642482757568e-01 -2.902264520525932312e-02 -2.344244718551635742e-02 -2.589495468139648438e+01 0.000000000000000000e+00 -1.071895286440849304e-02 0.000000000000000000e+00 4.900000000000000000e+01 0.000000000000000000e+00
4.724077582359313965e-01 4.613333642482757568e-01 -2.902264520525932312e-02 -2.344244718551635742e-02 -2.589495468139648438e+01 0.000000000000000000e+00 -1.071895286440849304e-02 0.000000000000000000e+00 4.900000000000000000e+01 0.000000000000000000e+00
4.724077582359313965e-01 4.613333642482757568e-01 -2.902264520525932312e-02 -2.344244718551635742e-02 -2.589495468139648438e+01 0.000000000000000000e+00 -1.071895286440849304e-02 0.000000000000000000e+00 4.900000000000000000e+01 0.000000000000000000e+00
4.724077582359313965e-01 4.613333642482757568e-01 -2.902264520525932312e-02 -2.344244718551635742e-02 -2.589495468139648438e+01 0.000000000000000000e+00 -1.071895286440849304e-02 0.000000000000000000e+00 4.900000000000000000e+01 0.000000000000000000e+00
4.724077582359313965e-01 4.613333642482757568e-01 -2.902264520525932312e-02 -2.344244718551635742e-02 -2.589495468139648438e+01 0.000000000000000000e+00 -1.071895286440849304e-02 0.000000000000000000e+00 4.900000000000000000e+01 0.000000000000000000e+00
4.724077582359313965e-01 4.613333642482757568e-01 -2.902264520525932312e-02 -2.344244718551635742e-02 -2.589495468139648438e+01 0.000000000000000000e+00 -1.071895286440849304e-02 0.000000000000000000e+00 4.900000000000000000e+01 0.000000000000000000e+00
4.724077582359313965e-01 4.613333642482757568e-01 -2.902264520525932312e-02 -2.344244718551635742e-02 -2.589495468139648438e+01 0.000000000000000000e+00 -1.071895286440849304e-02 0.000000000000000000e+00 4.900000000000000000e+01 0.000000000000000000e+00
4.724077582359313965e-01 4.613333642482757568e-01 -2.902264520525932312e-02 -2.344244718551635742e-02 -2.589495468139648438e+01 0.000000000000000000e+00 -1.071895286440849304e-02 0.000000000000000000e+00 4.900000000000000000e+01 0.000000000000000000e+00
4.724077582359313965e-01 4.613333642482757568e-01 -2.902264520525932312e-02 -2.344244718551635742e-02 -2.589495468139648438e+01 0.000000000000000000e+00 -1.071895286440849304e-02 0.000000000000000000e+00 4.900000000000000000e+01 0.000000000000000000e+00
4.724077582359313965e-01 4.613333642482757568e-01 -2.902264520525932312e-02 -2.344244718551635742e-02 -2.589495468139648438e+01 0.000000000000000000e+00 -1.071895286440849304e-02 0.000000000000000000e+00 4.900000000000000000e+01 0.000000000000000000e+00
4.724077582359313965e-01 4.613333642482757568e-01 -2.902264520525932312e-02 -2.344244718551635742e-02 -2.589495468139648438e+01 0.000000000000000000e+00 -1.071895286440849304e-02 0.000000000000000000e+00 4.900000000000000000e+01 0.000000000000000000e+00
4.724077582359313965e-01 4.613333642482757568e-01 -2.902264520525932312e-02 -2.344244718551635742e-02 -2.589495468139648438e+01 0.000000000000000000e+00 -1.071895286440849304e-02 0.000000000000000000e+00 4.900000000000000000e+01 0.000000000000000000e+00
4.724077582359313965e-01 4.613333642482757568e-01 -2.902264520525932312e-02 -2.344244718551635742e-02 -2.589495468139648438e+01 0.000000000000000000e+00 -1.071895286440849304e-02 0.000000000000000000e+00 4.900000000000000000e+01 0.000000000000000000e+00
4.724077582359313965e-01 4.613333642482757568e-01 -2.902264520525932312e-02 -2.344244718551635742e-02 -2.589495468139648438e+01 0.000000000000000000e+00 -1.071895286440849304e-02 0.000000000000000000e+00 4.900000000000000000e+01 0.000000000000000000e+00
4.724077582359313965e-01 4.613333642482757568e-01 -2.902264520525932312e-02 -2.344244718551635742e-02 -2.589495468139648438e+01 0.000000000000000000e+00 -1.071895286440849304e-02 0.000000000000000000e+00 4.900000000000000000e+01 0.000000000000000000e+00
4.724077582359313965e-01 4.613333642482757568e-01 -2.902264520525932312e-02 -2.344244718551635742e-02 -2.589495468139648438e+01 0.000000000000000000e+00 -1.071895286440849304e-02 0.000000000000000000e+00 4.900000000000000000e+01 0.000000000000000000e+00
4.724077582359313965e-01 4.613333642482757568e-01 -2.902264520525932312e-02 -2.344244718551635742e-02 -2.589495468139648438e+01 0.000000000000000000e+00 -1.071895286440849304e-02 0.000000000000000000e+00 4.900000000000000000e+01 0.000000000000000000e+00
4.724077582359313965e-01 4.613333642482757568e-01 -2.902264520525932312e-02 -2.344244718551635742e-02 -2.589495468139648438e+01 0.000000000000000000e+00 -1.071895286440849304e-02 0.000000000000000000e+00 4.900000000000000000e+01 0.000000000000000000e+00
4.724077582359313965e-01 4.613333642482757568e-01 -2.902264520525932312e-02 -2.344244718551635742e-02 -2.589495468139648438e+01 0.000000000000000000e+00 -1.071895286440849304e-02 0.000000000000000000e+00 4.900000000000000000e+01 0.000000000000000000e+00
4.724077582359313965e-01 4.613333642482757568e-01 -2.902264520525932312e-02 -2.344244718551635742e-02 -2.589495468139648438e+01 0.000000000000000000e+00 -1.071895286440849304e-02 0.000000000000000000e+00 4.900000000000000000e+01 0.000000000000000000e+00
4.724077582359313965e-01 4.613333642482757568e-01 -2.902264520525932312e-02 -2.344244718551635742e-02 -2.589495468139648438e+01 0.000000000000000000e+00 -1.071895286440849304e-02 0.000000000000000000e+00 4.900000000000000000e+01 0.000000000000000000e+00
4.724077582359313965e-01 4.613333642482757568e-01 -2.902264520525932312e-02 -2.344244718551635742e-02 -2.589495468139648438e+01 0.000000000000000000e+00 -1.071895286440849304e-02 0.000000000000000000e+00 4.900000000000000000e+01 0.000000000000000000e+00
4.724077582359313965e-01 4.613333642482757568e-01 -2.902264520525932312e-02 -2.344244718551635742e-02 -2.589495468139648438e+01 0.000000000000000000e+00 -1.071895286440849304e-02 0.000000000000000000e+00 4.900000000000000000e+01 0.000000000000000000e+00
4.724077582359313965e-01 4.613333642482757568e-01 -2.902264520525932312e-02 -2.344244718551635742e-02 -2.589495468139648438e+01 0.000000000000000000e+00 -1.071895286440849304e-02 0.000000000000000000e+00 4.900000000000000000e+01 0.000000000000000000e+00
4.724077582359313965e-01 4.613333642482757568e-01 -2.902264520525932312e-02 -2.344244718551635742e-02 -2.589495468139648438e+01 0.000000000000000000e+00 -1.071895286440849304e-02 0.000000000000000000e+00 4.900000000000000000e+01 0.000000000000000000e+00
4.724077582359313965e-01 4.613333642482757568e-01 -2.902264520525932312e-02 -2.344244718551635742e-02 -2.589495468139648438e+01 0.000000000000000000e+00 -1.071895286440849304e-02 0.000000000000000000e+00 4.900000000000000000e+01 0.000000000000000000e+00
4.724077582359313965e-01 4.613333642482757568e-01 -2.902264520525932312e-02 -2.344244718551635742e-02 -2.589495468139648438e+01 0.000000000000000000e+00 -1.071895286440849304e-02 0.000000000000000000e+00 4.900000000000000000e+01 0.000000000000000000e+00
4.724077582359313965e-01 4.613333642482757568e-01 -2.902264520525932312e-02 -2.344244718551635742e-02 -2.589495468139648438e+01 0.000000000000000000e+00 -1.071895286440849304e-02 0.000000000000000000e+00 4.900000000000000000e+01 0.000000000000000000e+00
4.724077582359313965e-01 4.613333642482757568e-01 -2.902264520525932312e-02 -2.344244718551635742e-02 -2.589495468139648438e+01 0.000000000000000000e+00 -1.071895286440849304e-02 0.000000000000000000e+00 4.900000000000000000e+01 0.000000000000000000e+00
4.724077582359313965e-01 4.613333642482757568e-01 -2.902264520525932312e-02 -2.344244718551635742e-02 -2.589495468139648438e+01 0.000000000000000000e+00 -1.071895286440849304e-02 0.000000000000000000e+00 4.900000000000000000e+01 0.000000000000000000e+00
