4.624845087528228760e-01 5.664147138595581055e-01 2.138354629278182983e-01 2.247214913368225098e-01 -1.489931030273437500e+02 -1.270055541992187500e+02 -6.167417764663696289e-02 -1.415963172912597656e-01 3.890000000000000000e+02 3.390000000000000000e+02
4.624845087528228760e-01 5.476533770561218262e-01 1.756780594587326050e-01 1.841550767421722412e-01 -1.355216369628906250e+02 -1.135340805053710938e+02 -5.609780177474021912e-02 -1.265771985054016113e-01 3.620000000000000000e+02 3.120000000000000000e+02
4.624845087528228760e-01 5.561434626579284668e-01 1.938693970441818237e-01 2.025126367807388306e-01 -1.244901580810546875e+02 -1.025026092529296875e+02 -5.153143405914306641e-02 -1.142784059047698975e-01 3.380000000000000000e+02 2.880000000000000000e+02
4.624845087528228760e-01 5.444204211235046387e-01 1.716573834419250488e-01 1.771646589040756226e-01 -1.122613220214843750e+02 -9.027377319335937500e+01 -4.646943137049674988e-02 -1.006446853280067444e-01 3.100000000000000000e+02 2.600000000000000000e+02
4.624845087528228760e-01 5.429873466491699219e-01 1.719540506601333618e-01 1.740660220384597778e-01 -1.059439468383789062e+02 -8.395639038085937500e+01 -4.385441914200782776e-02 -9.360153973102569580e-02 2.960000000000000000e+02 2.460000000000000000e+02
4.624845087528228760e-01 5.375801920890808105e-01 1.609600186347961426e-01 1.623744815587997437e-01 -9.872863769531250000e+01 -7.674108886718750000e+01 -4.086771607398986816e-02 -8.555732667446136475e-02 2.790000000000000000e+02 2.290000000000000000e+02
4.624845087528228760e-01 5.427783727645874023e-01 1.716255396604537964e-01 1.736141741275787354e-01 -9.492421722412109375e+01 -7.293666839599609375e+01 -3.929291293025016785e-02 -8.131584525108337402e-02 2.690000000000000000e+02 2.190000000000000000e+02
4.624845087528228760e-01 5.457799434661865234e-01 1.762789338827133179e-01 1.801042705774307251e-01 -8.963993835449218750e+01 -6.765238952636718750e+01 -3.710554167628288269e-02 -7.542449235916137695e-02 2.530000000000000000e+02 2.030000000000000000e+02
4.624845087528228760e-01 5.424996018409729004e-01 1.702695786952972412e-01 1.730114072561264038e-01 -8.594401550292968750e+01 -6.395646667480468750e+01 -3.557565063238143921e-02 -7.130397111177444458e-02 2.430000000000000000e+02 1.930000000000000000e+02
4.624845087528228760e-01 5.414313673973083496e-01 1.679276973009109497e-01 1.707016229629516602e-01 -8.241739654541015625e+01 -6.042984771728515625e+01 -3.411584347486495972e-02 -6.737220287322998047e-02 2.320000000000000000e+02 1.820000000000000000e+02
4.624845087528228760e-01 5.375905632972717285e-01 1.598161906003952026e-01 1.623969078063964844e-01 -7.937541961669921875e+01 -5.738787078857421875e+01 -3.285664692521095276e-02 -6.398075819015502930e-02 2.230000000000000000e+02 1.730000000000000000e+02
4.624845087528228760e-01 5.346381068229675293e-01 1.492381244897842407e-01 1.560130119323730469e-01 -6.372001266479492188e+01 -4.173246765136718750e+01 -2.637625113129615784e-02 -4.652681201696395874e-02 1.790000000000000000e+02 1.290000000000000000e+02
4.624845087528228760e-01 5.160496234893798828e-01 1.134543195366859436e-01 1.158203408122062683e-01 -5.292826843261718750e+01 -3.094072151184082031e+01 -2.190911769866943359e-02 -3.449527919292449951e-02 1.480000000000000000e+02 9.800000000000000000e+01
4.624845087528228760e-01 5.151416659355163574e-01 1.119609251618385315e-01 1.138571277260780334e-01 -4.853844451904296875e+01 -2.655089759826660156e+01 -2.009199559688568115e-02 -2.960114181041717529e-02 1.340000000000000000e+02 8.400000000000000000e+01
4.624845087528228760e-01 5.134525895118713379e-01 1.074845269322395325e-01 1.102049499750137329e-01 -4.276893615722656250e+01 -2.078138923645019531e+01 -1.770376600325107574e-02 -2.316881529986858368e-02 1.170000000000000000e+02 6.700000000000000000e+01
4.624845087528228760e-01 5.082525014877319336e-01 9.315510839223861694e-02 9.896113723516464233e-02 -4.000646972656250000e+01 -1.801892089843750000e+01 -1.656027138233184814e-02 -2.008898556232452393e-02 1.080000000000000000e+02 5.800000000000000000e+01
4.624845087528228760e-01 4.693594276905059814e-01 1.280013285577297211e-02 1.486518792808055878e-02 -3.735083770751953125e+01 -1.536329078674316406e+01 -1.546099968254566193e-02 -1.712827011942863464e-02 9.900000000000000000e+01 4.900000000000000000e+01
4.624845087528228760e-01 4.643638432025909424e-01 3.732275217771530151e-03 4.063562024384737015e-03 -3.461276245117187500e+01 -1.262521362304687500e+01 -1.432760059833526611e-02 -1.407563500106334686e-02 9.100000000000000000e+01 4.100000000000000000e+01
4.624845087528228760e-01 4.615724980831146240e-01 -4.817726090550422668e-03 -1.971981022506952286e-03 -3.262693023681640625e+01 -1.063937950134277344e+01 -1.350558549165725708e-02 -1.186166238039731979e-02 8.500000000000000000e+01 3.500000000000000000e+01
4.624845087528228760e-01 4.581403136253356934e-01 -1.475532352924346924e-02 -9.393168613314628601e-03 -3.054957771301269531e+01 -8.562030792236328125e+00 -1.264568697661161423e-02 -9.545661509037017822e-03 7.900000000000000000e+01 2.900000000000000000e+01
4.624845087528228760e-01 4.388286471366882324e-01 -5.571502447128295898e-02 -5.114952102303504944e-02 -2.525951385498046875e+01 -3.271965742111206055e+00 -1.045591849833726883e-02 -3.647858509793877602e-03 6.100000000000000000e+01 1.100000000000000000e+01
4.624845087528228760e-01 4.425601959228515625e-01 -4.348838701844215393e-02 -4.308103770017623901e-02 -2.390617942810058594e+01 -1.918631553649902344e+00 -9.895719587802886963e-03 -2.139049582183361053e-03 5.600000000000000000e+01 6.000000000000000000e+00
4.624845087528228760e-01 4.657064676284790039e-01 5.312872584909200668e-03 6.966630928218364716e-03 -2.300275802612304688e+01 -1.015208959579467773e+00 -9.521757252514362335e-03 -1.131839118897914886e-03 5.300000000000000000e+01 3.000000000000000000e+00
4.624845087528228760e-01 4.614221155643463135e-01 -4.987883847206830978e-03 -2.297143219038844109e-03 -2.265006637573242188e+01 -6.625169515609741211e-01 -9.375764988362789154e-03 -7.386287907138466835e-04 5.200000000000000000e+01 2.000000000000000000e+00
4.624845087528228760e-01 4.465150237083435059e-01 -3.592372313141822815e-02 -3.452977165579795837e-02 -2.198754882812500000e+01 0.000000000000000000e+00 -9.101522155106067657e-03 0.000000000000000000e+00 5.000000000000000000e+01 0.000000000000000000e+00
4.624845087528228760e-01 4.465150237083435059e-01 -3.592372313141822815e-02 -3.452977165579795837e-02 -2.198754882812500000e+01 0.000000000000000000e+00 -9.101522155106067657e-03 0.000000000000000000e+00 5.000000000000000000e+01 0.000000000000000000e+00
4.624845087528228760e-01 4.465150237083435059e-01 -3.592372313141822815e-02 -3.452977165579795837e-02 -2.198754882812500000e+01 0.000000000000000000e+00 -9.101522155106067657e-03 0.000000000000000000e+00 5.000000000000000000e+01 0.000000000000000000e+00
4.624845087528228760e-01 4.465150237083435059e-01 -3.592372313141822815e-02 -3.452977165579795837e-02 -2.198754882812500000e+01 0.000000000000000000e+00 -9.101522155106067657e-03 0.000000000000000000e+00 5.000000000000000000e+01 0.000000000000000000e+00
4.624845087528228760e-01 4.465150237083435059e-01 -3.592372313141822815e-02 -3.452977165579795837e-02 -2.198754882812500000e+01 0.000000000000000000e+00 -9.101522155106067657e-03 0.000000000000000000e+00 5.000000000000000000e+01 0.000000000000000000e+00
4.624845087528228760e-01 4.465150237083435059e-01 -3.592372313141822815e-02 -3.452977165579795837e-02 -2.198754882812500000e+01 0.000000000000000000e+00 -9.101522155106067657e-03 0.000000000000000000e+00 5.000000000000000000e+01 0.000000000000000000e+00
4.624845087528228760e-01 4.465150237083435059e-01 -3.592372313141822815e-02 -3.452977165579795837e-02 -2.198754882812500000e+01 0.000000000000000000e+00 -9.101522155106067657e-03 0.000000000000000000e+00 5.000000000000000000e+01 0.000000000000000000e+00
4.624845087528228760e-01 4.465150237083435059e-01 -3.592372313141822815e-02 -3.452977165579795837e-02 -2.198754882812500000e+01 0.000000000000000000e+00 -9.101522155106067657e-03 0.000000000000000000e+00 5.000000000000000000e+01 0.000000000000000000e+00
4.624845087528228760e-01 4.465150237083435059e-01 -3.592372313141822815e-02 -3.452977165579795837e-02 -2.198754882812500000e+01 0.000000000000000000e+00 -9.101522155106067657e-03 0.000000000000000000e+00 5.000000000000000000e+01 0.000000000000000000e+00
4.624845087528228760e-01 4.465150237083435059e-01 -3.592372313141822815e-02 -3.452977165579795837e-02 -2.198754882812500000e+01 0.000000000000000000e+00 -9.101522155106067657e-03 0.000000000000000000e+00 5.000000000000000000e+01 0.000000000000000000e+00
4.624845087528228760e-01 4.465150237083435059e-01 -3.592372313141822815e-02 -3.452977165579795837e-02 -2.198754882812500000e+01 0.000000000000000000e+00 -9.101522155106067657e-03 0.000000000000000000e+00 5.000000000000000000e+01 0.000000000000000000e+00
4.624845087528228760e-01 4.465150237083435059e-01 -3.592372313141822815e-02 -3.452977165579795837e-02 -2.198754882812500000e+01 0.000000000000000000e+00 -9.101522155106067657e-03 0.000000000000000000e+00 5.000000000000000000e+01 0.000000000000000000e+00
4.624845087528228760e-01 4.465150237083435059e-01 -3.592372313141822815e-02 -3.452977165579795837e-02 -2.198754882812500000e+01 0.000000000000000000e+00 -9.101522155106067657e-03 0.000000000000000000e+00 5.000000000000000000e+01 0.000000000000000000e+00
4.624845087528228760e-01 4.465150237083435059e-01 -3.592372313141822815e-02 -3.452977165579795837e-02 -2.198754882812500000e+01 0.000000000000000000e+00 -9.101522155106067657e-03 0.000000000000000000e+00 5.000000000000000000e+01 0.000000000000000000e+00
4.624845087528228760e-01 4.465150237083435059e-01 -3.592372313141822815e-02 -3.452977165579795837e-02 -2.198754882812500000e+01 0.000000000000000000e+00 -9.101522155106067657e-03 0.000000000000000000e+00 5.000000000000000000e+01 0.000000000000000000e+00
4.624845087528228760e-01 4.465150237083435059e-01 -3.592372313141822815e-02 -3.452977165579795837e-02 -2.198754882812500000e+01 0.000000000000000000e+00 -9.101522155106067657e-03 0.000000000000000000e+00 5.000000000000000000e+01 0.000000000000000000e+00
4.624845087528228760e-01 4.465150237083435059e-01 -3.592372313141822815e-02 -3.452977165579795837e-02 -2.198754882812500000e+01 0.000000000000000000e+00 -9.101522155106067657e-03 0.000000000000000000e+00 5.000000000000000000e+01 0.000000000000000000e+00
4.624845087528228760e-01 4.465150237083435059e-01 -3.592372313141822815e-02 -3.452977165579795837e-02 -2.198754882812500000e+01 0.000000000000000000e+00 -9.101522155106067657e-03 0.000000000000000000e+00 5.000000000000000000e+01 0.000000000000000000e+00
4.624845087528228760e-01 4.465150237083435059e-01 -3.592372313141822815e-02 -3.452977165579795837e-02 -2.198754882812500000e+01 0.000000000000000000e+00 -9.101522155106067657e-03 0.000000000000000000e+00 5.000000000000000000e+01 0.000000000000000000e+00
4.624845087528228760e-01 4.465150237083435059e-01 -3.592372313141822815e-02 -3.452977165579795837e-02 -2.198754882812500000e+01 0.000000000000000000e+00 -9.101522155106067657e-03 0.000000000000000000e+00 5.000000000000000000e+01 0.000000000000000000e+00
4.624845087528228760e-01 4.465150237083435059e-01 -3.592372313141822815e-02 -3.452977165579795837e-02 -2.198754882812500000e+01 0.000000000000000000e+00 -9.101522155106067657e-03 0.000000000000000000e+00 5.000000000000000000e+01 0.000000000000000000e+00
4.624845087528228760e-01 4.465150237083435059e-01 -3.592372313141822815e-02 -3.452977165579795837e-02 -2.198754882812500000e+01 0.000000000000000000e+00 -9.101522155106067657e-03 0.000000000000000000e+00 5.000000000000000000e+01 0.000000000000000000e+00
4.624845087528228760e-01 4.465150237083435059e-01 -3.592372313141822815e-02 -3.452977165579795837e-02 -2.198754882812500000e+01 0.000000000000000000e+00 -9.101522155106067657e-03 0.000000000000000000e+00 5.000000000000000000e+01 0.000000000000000000e+00
4.624845087528228760e-01 4.465150237083435059e-01 -3.592372313141822815e-02 -3.452977165579795837e-02 -2.198754882812500000e+01 0.000000000000000000e+00 -9.101522155106067657e-03 0.000000000000000000e+00 5.000000000000000000e+01 0.000000000000000000e+00
4.624845087528228760e-01 4.465150237083435059e-01 -3.592372313141822815e-02 -3.452977165579795837e-02 -2.198754882812500000e+01 0.000000000000000000e+00 -9.101522155106067657e-03 0.000000000000000000e+00 5.000000000000000000e+01 0.000000000000000000e+00
4.624845087528228760e-01 4.465150237083435059e-01 -3.592372313141822815e-02 -3.452977165579795837e-02 -2.198754882812500000e+01 0.000000000000000000e+00 -9.101522155106067657e-03 0.000000000000000000e+00 5.000000000000000000e+01 0.000000000000000000e+00
4.624845087528228760e-01 4.465150237083435059e-01 -3.592372313141822815e-02 -3.452977165579795837e-02 -2.198754882812500000e+01 0.000000000000000000e+00 -9.101522155106067657e-03 0.000000000000000000e+00 5.000000000000000000e+01 0.000000000000000000e+00
4.624845087528228760e-01 4.465150237083435059e-01 -3.592372313141822815e-02 -3.452977165579795837e-02 -2.198754882812500000e+01 0.000000000000000000e+00 -9.101522155106067657e-03 0.000000000000000000e+00 5.000000000000000000e+01 0.000000000000000000e+00
4.624845087528228760e-01 4.465150237083435059e-01 -3.592372313141822815e-02 -3.452977165579795837e-02 -2.198754882812500000e+01 0.000000000000000000e+00 -9.101522155106067657e-03 0.000000000000000000e+00 5.000000000000000000e+01 0.000000000000000000e+00
4.624845087528228760e-01 4.465150237083435059e-01 -3.592372313141822815e-02 -3.452977165579795837e-02 -2.198754882812500000e+01 0.000000000000000000e+00 -9.101522155106067657e-03 0.000000000000000000e+00 5.000000000000000000e+01 0.000000000000000000e+00
4.624845087528228760e-01 4.465150237083435059e-01 -3.592372313141822815e-02 -3.452977165579795837e-02 -2.198754882812500000e+01 0.000000000000000000e+00 -9.101522155106067657e-03 0.000000000000000000e+00 5.000000000000000000e+01 0.000000000000000000e+00
4.624845087528228760e-01 4.465150237083435059e-01 -3.592372313141822815e-02 -3.452977165579795837e-02 -2.198754882812500000e+01 0.000000000000000000e+00 -9.101522155106067657e-03 0.000000000000000000e+00 5.000000000000000000e+01 0.000000000000000000e+00
4.624845087528228760e-01 4.465150237083435059e-01 -3.592372313141822815e-02 -3.452977165579795837e-02 -2.198754882812500000e+01 0.000000000000000000e+00 -9.101522155106067657e-03 0.000000000000000000e+00 5.000000000000000000e+01 0.000000000000000000e+00
4.624845087528228760e-01 4.465150237083435059e-01 -3.592372313141822815e-02 -3.452977165579795837e-02 -2.198754882812500000e+01 0.000000000000000000e+00 -9.101522155106067657e-03 0.000000000000000000e+00 5.000000000000000000e+01 0.000000000000000000e+00
4.624845087528228760e-01 4.465150237083435059e-01 -3.592372313141822815e-02 -3.452977165579795837e-02 -2.198754882812500000e+01 0.000000000000000000e+00 -9.101522155106067657e-03 0.000000000000000000e+00 5.000000000000000000e+01 0.000000000000000000e+00
4.624845087528228760e-01 4.465150237083435059e-01 -3.592372313141822815e-02 -3.452977165579795837e-02 -2.198754882812500000e+01 0.000000000000000000e+00 -9.101522155106067657e-03 0.000000000000000000e+00 5.000000000000000000e+01 0.000000000000000000e+00
4.624845087528228760e-01 4.465150237083435059e-01 -3.592372313141822815e-02 -3.452977165579795837e-02 -2.198754882812500000e+01 0.000000000000000000e+00 -9.101522155106067657e-03 0.000000000000000000e+00 5.000000000000000000e+01 0.000000000000000000e+00
4.624845087528228760e-01 4.465150237083435059e-01 -3.592372313141822815e-02 -3.452977165579795837e-02 -2.198754882812500000e+01 0.000000000000000000e+00 -9.101522155106067657e-03 0.000000000000000000e+00 5.000000000000000000e+01 0.000000000000000000e+00
4.624845087528228760e-01 4.465150237083435059e-01 -3.592372313141822815e-02 -3.452977165579795837e-02 -2.198754882812500000e+01 0.000000000000000000e+00 -9.101522155106067657e-03 0.000000000000000000e+00 5.000000000000000000e+01 0.000000000000000000e+00
4.624845087528228760e-01 4.465150237083435059e-01 -3.592372313141822815e-02 -3.452977165579795837e-02 -2.198754882812500000e+01 0.000000000000000000e+00 -9.101522155106067657e-03 0.000000000000000000e+00 5.000000000000000000e+01 0.000000000000000000e+00
4.624845087528228760e-01 4.465150237083435059e-01 -3.592372313141822815e-02 -3.452977165579795837e-02 -2.198754882812500000e+01 0.000000000000000000e+00 -9.101522155106067657e-03 0.000000000000000000e+00 5.000000000000000000e+01 0.000000000000000000e+00
4.624845087528228760e-01 4.465150237083435059e-01 -3.592372313141822815e-02 -3.452977165579795837e-02 -2.198754882812500000e+01 0.000000000000000000e+00 -9.101522155106067657e-03 0.000000000000000000e+00 5.000000000000000000e+01 0.000000000000000000e+00
4.624845087528228760e-01 4.465150237083435059e-01 -3.592372313141822815e-02 -3.452977165579795837e-02 -2.198754882812500000e+01 0.000000000000000000e+00 -9.101522155106067657e-03 0.000000000000000000e+00 5.000000000000000000e+01 0.000000000000000000e+00
4.624845087528228760e-01 4.465150237083435059e-01 -3.592372313141822815e-02 -3.452977165579795837e-02 -2.198754882812500000e+01 0.000000000000000000e+00 -9.101522155106067657e-03 0.000000000000000000e+00 5.000000000000000000e+01 0.000000000000000000e+00
4.624845087528228760e-01 4.465150237083435059e-01 -3.592372313141822815e-02 -3.452977165579795837e-02 -2.198754882812500000e+01 0.000000000000000000e+00 -9.101522155106067657e-03 0.000000000000000000e+00 5.000000000000000000e+01 0.000000000000000000e+00
4.624845087528228760e-01 4.465150237083435059e-01 -3.592372313141822815e-02 -3.452977165579795837e-02 -2.198754882812500000e+01 0.000000000000000000e+00 -9.101522155106067657e-03 0.000000000000000000e+00 5.000000000000000000e+01 0.000000000000000000e+00
4.624845087528228760e-01 4.465150237083435059e-01 -3.592372313141822815e-02 -3.452977165579795837e-02 -2.198754882812500000e+01 0.000000000000000000e+00 -9.101522155106067657e-03 0.000000000000000000e+00 5.000000000000000000e+01 0.000000000000000000e+00
4.624845087528228760e-01 4.465150237083435059e-01 -3.592372313141822815e-02 -3.452977165579795837e-02 -2.198754882812500000e+01 0.000000000000000000e+00 -9.101522155106067657e-03 0.000000000000000000e+00 5.000000000000000000e+01 0.000000000000000000e+00
4.624845087528228760e-01 4.465150237083435059e-01 -3.592372313141822815e-02 -3.452977165579795837e-02 -2.198754882812500000e+01 0.000000000000000000e+00 -9.101522155106067657e-03 0.000000000000000000e+00 5.000000000000000000e+01 0.000000000000000000e+00
4.624845087528228760e-01 4.465150237083435059e-01 -3.592372313141822815e-02 -3.452977165579795837e-02 -2.198754882812500000e+01 0.000000000000000000e+00 -9.101522155106067657e-03 0.000000000000000000e+00 5.000000000000000000e+01 0.000000000000000000e+00
4.624845087528228760e-01 4.465150237083435059e-01 -3.592372313141822815e-02 -3.452977165579795837e-02 -2.198754882812500000e+01 0.000000000000000000e+00 -9.101522155106067657e-03 0.000000000000000000e+00 5.000000000000000000e+01 0.000000000000000000e+00
4.624845087528228760e-01 4.465150237083435059e-01 -3.592372313141822815e-02 -3.452977165579795837e-02 -2.198754882812500000e+01 0.000000000000000000e+00 -9.101522155106067657e-03 0.000000000000000000e+00 5.000000000000000000e+01 0.000000000000000000e+00
4.624845087528228760e-01 4.465150237083435059e-01 -3.592372313141822815e-02 -3.452977165579795837e-02 -2.198754882812500000e+01 0.000000000000000000e+00 -9.101522155106067657e-03 0.000000000000000000e+00 5.000000000000000000e+01 0.000000000000000000e+00
4.624845087528228760e-01 4.465150237083435059e-01 -3.592372313141822815e-02 -3.452977165579795837e-02 -2.198754882812500000e+01 0.000000000000000000e+00 -9.101522155106067657e-03 0.000000000000000000e+00 5.000000000000000000e+01 0.000000000000000000e+00
4.624845087528228760e-01 4.465150237083435059e-01 -3.592372313141822815e-02 -3.452977165579795837e-02 -2.198754882812500000e+01 0.000000000000000000e+00 -9.101522155106067657e-03 0.000000000000000000e+00 5.000000000000000000e+01 0.000000000000000000e+00
4.624845087528228760e-01 4.465150237083435059e-01 -3.592372313141822815e-02 -3.452977165579795837e-02 -2.198754882812500000e+01 0.000000000000000000e+00 -9.101522155106067657e-03 0.000000000000000000e+00 5.000000000000000000e+01 0.000000000000000000e+00
4.624845087528228760e-01 4.465150237083435059e-01 -3.592372313141822815e-02 -3.452977165579795837e-02 -2.198754882812500000e+01 0.000000000000000000e+00 -9.101522155106067657e-03 0.000000000000000000e+00 5.000000000000000000e+01 0.000000000000000000e+00
4.624845087528228760e-01 4.465150237083435059e-01 -3.592372313141822815e-02 -3.452977165579795837e-02 -2.198754882812500000e+01 0.000000000000000000e+00 -9.101522155106067657e-03 0.000000000000000000e+00 5.000000000000000000e+01 0.000000000000000000e+00
4.624845087528228760e-01 4.465150237083435059e-01 -3.592372313141822815e-02 -3.452977165579795837e-02 -2.198754882812500000e+01 0.000000000000000000e+00 -9.101522155106067657e-03 0.000000000000000000e+00 5.000000000000000000e+01 0.000000000000000000e+00
4.624845087528228760e-01 4.465150237083435059e-01 -3.592372313141822815e-02 -3.452977165579795837e-02 -2.198754882812500000e+01 0.000000000000000000e+00 -9.101522155106067657e-03 0.000000000000000000e+00 5.000000000000000000e+01 0.000000000000000000e+00
4.624845087528228760e-01 4.465150237083435059e-01 -3.592372313141822815e-02 -3.452977165579795837e-02 -2.198754882812500000e+01 0.000000000000000000e+00 -9.101522155106067657e-03 0.000000000000000000e+00 5.000000000000000000e+01 0.000000000000000000e+00
4.624845087528228760e-01 4.465150237083435059e-01 -3.592372313141822815e-02 -3.452977165579795837e-02 -2.198754882812500000e+01 0.000000000000000000e+00 -9.101522155106067657e-03 0.000000000000000000e+00 5.000000000000000000e+01 0.000000000000000000e+00
4.624845087528228760e-01 4.465150237083435059e-01 -3.592372313141822815e-02 -3.452977165579795837e-02 -2.198754882812500000e+01 0.000000000000000000e+00 -9.101522155106067657e-03 0.000000000000000000e+00 5.000000000000000000e+01 0.000000000000000000e+00
4.624845087528228760e-01 4.465150237083435059e-01 -3.592372313141822815e-02 -3.452977165579795837e-02 -2.198754882812500000e+01 0.000000000000000000e+00 -9.101522155106067657e-03 0.000000000000000000e+00 5.000000000000000000e+01 0.000000000000000000e+00
4.624845087528228760e-01 4.465150237083435059e-01 -3.592372313141822815e-02 -3.452977165579795837e-02 -2.198754882812500000e+01 0.000000000000000000e+00 -9.101522155106067657e-03 0.000000000000000000e+00 5.000000000000000000e+01 0.000000000000000000e+00
4.624845087528228760e-01 4.465150237083435059e-01 -3.592372313141822815e-02 -3.452977165579795837e-02 -2.198754882812500000e+01 0.000000000000000000e+00 -9.101522155106067657e-03 0.000000000000000000e+00 5.000000000000000000e+01 0.000000000000000000e+00
4.624845087528228760e-01 4.465150237083435059e-01 -3.592372313141822815e-02 -3.452977165579795837e-02 -2.198754882812500000e+01 0.000000000000000000e+00 -9.101522155106067657e-03 0.000000000000000000e+00 5.000000000000000000e+01 0.000000000000000000e+00
