4.246203899383544922e-01 2.950903773307800293e-01 -3.056617975234985352e-01 -3.050489723682403564e-01 -4.212297058105468750e+01 -1.881009817123413086e+00 -1.743637584149837494e-02 -2.059519989416003227e-03 5.800000000000000000e+01 8.000000000000000000e+00
4.246203899383544922e-01 2.950903773307800293e-01 -3.056617975234985352e-01 -3.050489723682403564e-01 -4.212297058105468750e+01 -1.881009817123413086e+00 -1.743637584149837494e-02 -2.059519989416003227e-03 5.800000000000000000e+01 8.000000000000000000e+00
4.246203899383544922e-01 2.969827651977539062e-01 -3.013193607330322266e-01 -3.005923032760620117e-01 -4.182626724243164062e+01 -1.584308028221130371e+00 -1.731355860829353333e-02 -1.734660821966826916e-03 5.700000000000000000e+01 7.000000000000000000e+00
4.246203899383544922e-01 2.979955971240997314e-01 -2.988226115703582764e-01 -2.982070446014404297e-01 -4.123785018920898438e+01 -9.958910942077636719e-01 -1.706998795270919800e-02 -1.090402365662157536e-03 5.500000000000000000e+01 5.000000000000000000e+00
4.246203899383544922e-01 2.994016110897064209e-01 -2.955407202243804932e-01 -2.948958277702331543e-01 -4.093701171875000000e+01 -6.950492858886718750e-01 -1.694545894861221313e-02 -7.610103348270058632e-04 5.300000000000000000e+01 3.000000000000000000e+00
4.246203899383544922e-01 2.994016110897064209e-01 -2.955407202243804932e-01 -2.948958277702331543e-01 -4.093701171875000000e+01 -6.950492858886718750e-01 -1.694545894861221313e-02 -7.610103348270058632e-04 5.300000000000000000e+01 3.000000000000000000e+00
4.246203899383544922e-01 3.028466105461120605e-01 -2.871101796627044678e-01 -2.867826819419860840e-01 -4.065943527221679688e+01 -4.174752831459045410e-01 -1.683055981993675232e-02 -4.570941964630037546e-04 5.200000000000000000e+01 2.000000000000000000e+00
4.246203899383544922e-01 3.055406212806701660e-01 -2.805711925029754639e-01 -2.804381847381591797e-01 -4.041966629028320312e+01 -1.777061820030212402e-01 -1.673131063580513000e-02 -1.945707190316170454e-04 5.100000000000000000e+01 1.000000000000000000e+00
4.246203899383544922e-01 3.055406212806701660e-01 -2.805711925029754639e-01 -2.804381847381591797e-01 -4.041966629028320312e+01 -1.777061820030212402e-01 -1.673131063580513000e-02 -1.945707190316170454e-04 5.100000000000000000e+01 1.000000000000000000e+00
4.246203899383544922e-01 3.055406212806701660e-01 -2.805711925029754639e-01 -2.804381847381591797e-01 -4.041966629028320312e+01 -1.777061820030212402e-01 -1.673131063580513000e-02 -1.945707190316170454e-04 5.100000000000000000e+01 1.000000000000000000e+00
4.246203899383544922e-01 3.055406212806701660e-01 -2.805711925029754639e-01 -2.804381847381591797e-01 -4.041966629028320312e+01 -1.777061820030212402e-01 -1.673131063580513000e-02 -1.945707190316170454e-04 5.100000000000000000e+01 1.000000000000000000e+00
4.246203899383544922e-01 3.055406212806701660e-01 -2.805711925029754639e-01 -2.804381847381591797e-01 -4.041966629028320312e+01 -1.777061820030212402e-01 -1.673131063580513000e-02 -1.945707190316170454e-04 5.100000000000000000e+01 1.000000000000000000e+00
4.246203899383544922e-01 3.088571429252624512e-01 -2.725532054901123047e-01 -2.726276218891143799e-01 -4.024195861816406250e+01 0.000000000000000000e+00 -1.665774919092655182e-02 0.000000000000000000e+00 5.000000000000000000e+01 0.000000000000000000e+00
4.246203899383544922e-01 3.088571429252624512e-01 -2.725532054901123047e-01 -2.726276218891143799e-01 -4.024195861816406250e+01 0.000000000000000000e+00 -1.665774919092655182e-02 0.000000000000000000e+00 5.000000000000000000e+01 0.000000000000000000e+00
4.246203899383544922e-01 3.088571429252624512e-01 -2.725532054901123047e-01 -2.726276218891143799e-01 -4.024195861816406250e+01 0.000000000000000000e+00 -1.665774919092655182e-02 0.000000000000000000e+00 5.000000000000000000e+01 0.000000000000000000e+00
4.246203899383544922e-01 3.088571429252624512e-01 -2.725532054901123047e-01 -2.726276218891143799e-01 -4.024195861816406250e+01 0.000000000000000000e+00 -1.665774919092655182e-02 0.000000000000000000e+00 5.000000000000000000e+01 0.000000000000000000e+00
4.246203899383544922e-01 3.088571429252624512e-01 -2.725532054901123047e-01 -2.726276218891143799e-01 -4.024195861816406250e+01 0.000000000000000000e+00 -1.665774919092655182e-02 0.000000000000000000e+00 5.000000000000000000e+01 0.000000000000000000e+00
4.246203899383544922e-01 3.088571429252624512e-01 -2.725532054901123047e-01 -2.726276218891143799e-01 -4.024195861816406250e+01 0.000000000000000000e+00 -1.665774919092655182e-02 0.000000000000000000e+00 5.000000000000000000e+01 0.000000000000000000e+00
4.246203899383544922e-01 3.088571429252624512e-01 -2.725532054901123047e-01 -2.726276218891143799e-01 -4.024195861816406250e+01 0.000000000000000000e+00 -1.665774919092655182e-02 0.000000000000000000e+00 5.000000000000000000e+01 0.000000000000000000e+00
4.246203899383544922e-01 3.088571429252624512e-01 -2.725532054901123047e-01 -2.726276218891143799e-01 -4.024195861816406250e+01 0.000000000000000000e+00 -1.665774919092655182e-02 0.000000000000000000e+00 5.000000000000000000e+01 0.000000000000000000e+00
4.246203899383544922e-01 3.088571429252624512e-01 -2.725532054901123047e-01 -2.726276218891143799e-01 -4.024195861816406250e+01 0.000000000000000000e+00 -1.665774919092655182e-02 0.000000000000000000e+00 5.000000000000000000e+01 0.000000000000000000e+00
4.246203899383544922e-01 3.088571429252624512e-01 -2.725532054901123047e-01 -2.726276218891143799e-01 -4.024195861816406250e+01 0.000000000000000000e+00 -1.665774919092655182e-02 0.000000000000000000e+00 5.000000000000000000e+01 0.000000000000000000e+00
4.246203899383544922e-01 3.088571429252624512e-01 -2.725532054901123047e-01 -2.726276218891143799e-01 -4.024195861816406250e+01 0.000000000000000000e+00 -1.665774919092655182e-02 0.000000000000000000e+00 5.000000000000000000e+01 0.000000000000000000e+00
4.246203899383544922e-01 3.088571429252624512e-01 -2.725532054901123047e-01 -2.726276218891143799e-01 -4.024195861816406250e+01 0.000000000000000000e+00 -1.665774919092655182e-02 0.000000000000000000e+00 5.000000000000000000e+01 0.000000000000000000e+00
4.246203899383544922e-01 3.088571429252624512e-01 -2.725532054901123047e-01 -2.726276218891143799e-01 -4.024195861816406250e+01 0.000000000000000000e+00 -1.665774919092655182e-02 0.000000000000000000e+00 5.000000000000000000e+01 0.000000000000000000e+00
4.246203899383544922e-01 3.088571429252624512e-01 -2.725532054901123047e-01 -2.726276218891143799e-01 -4.024195861816406250e+01 0.000000000000000000e+00 -1.665774919092655182e-02 0.000000000000000000e+00 5.000000000000000000e+01 0.000000000000000000e+00
4.246203899383544922e-01 3.088571429252624512e-01 -2.725532054901123047e-01 -2.726276218891143799e-01 -4.024195861816406250e+01 0.000000000000000000e+00 -1.665774919092655182e-02 0.000000000000000000e+00 5.000000000000000000e+01 0.000000000000000000e+00
4.246203899383544922e-01 3.088571429252624512e-01 -2.725532054901123047e-01 -2.726276218891143799e-01 -4.024195861816406250e+01 0.000000000000000000e+00 -1.665774919092655182e-02 0.000000000000000000e+00 5.000000000000000000e+01 0.000000000000000000e+00
4.246203899383544922e-01 3.088571429252624512e-01 -2.725532054901123047e-01 -2.726276218891143799e-01 -4.024195861816406250e+01 0.000000000000000000e+00 -1.665774919092655182e-02 0.000000000000000000e+00 5.000000000000000000e+01 0.000000000000000000e+00
4.246203899383544922e-01 3.088571429252624512e-01 -2.725532054901123047e-01 -2.726276218891143799e-01 -4.024195861816406250e+01 0.000000000000000000e+00 -1.665774919092655182e-02 0.000000000000000000e+00 5.000000000000000000e+01 0.000000000000000000e+00
4.246203899383544922e-01 3.088571429252624512e-01 -2.725532054901123047e-01 -2.726276218891143799e-01 -4.024195861816406250e+01 0.000000000000000000e+00 -1.665774919092655182e-02 0.000000000000000000e+00 5.000000000000000000e+01 0.000000000000000000e+00
4.246203899383544922e-01 3.088571429252624512e-01 -2.725532054901123047e-01 -2.726276218891143799e-01 -4.024195861816406250e+01 0.000000000000000000e+00 -1.665774919092655182e-02 0.000000000000000000e+00 5.000000000000000000e+01 0.000000000000000000e+00
4.246203899383544922e-01 3.088571429252624512e-01 -2.725532054901123047e-01 -2.726276218891143799e-01 -4.024195861816406250e+01 0.000000000000000000e+00 -1.665774919092655182e-02 0.000000000000000000e+00 5.000000000000000000e+01 0.000000000000000000e+00
4.246203899383544922e-01 3.088571429252624512e-01 -2.725532054901123047e-01 -2.726276218891143799e-01 -4.024195861816406250e+01 0.000000000000000000e+00 -1.665774919092655182e-02 0.000000000000000000e+00 5.000000000000000000e+01 0.000000000000000000e+00
4.246203899383544922e-01 3.088571429252624512e-01 -2.725532054901123047e-01 -2.726276218891143799e-01 -4.024195861816406250e+01 0.000000000000000000e+00 -1.665774919092655182e-02 0.000000000000000000e+00 5.000000000000000000e+01 0.000000000000000000e+00
4.246203899383544922e-01 3.088571429252624512e-01 -2.725532054901123047e-01 -2.726276218891143799e-01 -4.024195861816406250e+01 0.000000000000000000e+00 -1.665774919092655182e-02 0.000000000000000000e+00 5.000000000000000000e+01 0.000000000000000000e+00
4.246203899383544922e-01 3.088571429252624512e-01 -2.725532054901123047e-01 -2.726276218891143799e-01 -4.024195861816406250e+01 0.000000000000000000e+00 -1.665774919092655182e-02 0.000000000000000000e+00 5.000000000000000000e+01 0.000000000000000000e+00
4.246203899383544922e-01 3.088571429252624512e-01 -2.725532054901123047e-01 -2.726276218891143799e-01 -4.024195861816406250e+01 0.000000000000000000e+00 -1.665774919092655182e-02 0.000000000000000000e+00 5.000000000000000000e+01 0.000000000000000000e+00
4.246203899383544922e-01 3.088571429252624512e-01 -2.725532054901123047e-01 -2.726276218891143799e-01 -4.024195861816406250e+01 0.000000000000000000e+00 -1.665774919092655182e-02 0.000000000000000000e+00 5.000000000000000000e+01 0.000000000000000000e+00
4.246203899383544922e-01 3.088571429252624512e-01 -2.725532054901123047e-01 -2.726276218891143799e-01 -4.024195861816406250e+01 0.000000000000000000e+00 -1.665774919092655182e-02 0.000000000000000000e+00 5.000000000000000000e+01 0.000000000000000000e+00
4.246203899383544922e-01 3.088571429252624512e-01 -2.725532054901123047e-01 -2.726276218891143799e-01 -4.024195861816406250e+01 0.000000000000000000e+00 -1.665774919092655182e-02 0.000000000000000000e+00 5.000000000000000000e+01 0.000000000000000000e+00
4.246203899383544922e-01 3.088571429252624512e-01 -2.725532054901123047e-01 -2.726276218891143799e-01 -4.024195861816406250e+01 0.000000000000000000e+00 -1.665774919092655182e-02 0.000000000000000000e+00 5.000000000000000000e+01 0.000000000000000000e+00
4.246203899383544922e-01 3.088571429252624512e-01 -2.725532054901123047e-01 -2.726276218891143799e-01 -4.024195861816406250e+01 0.000000000000000000e+00 -1.665774919092655182e-02 0.000000000000000000e+00 5.000000000000000000e+01 0.000000000000000000e+00
4.246203899383544922e-01 3.088571429252624512e-01 -2.725532054901123047e-01 -2.726276218891143799e-01 -4.024195861816406250e+01 0.000000000000000000e+00 -1.665774919092655182e-02 0.000000000000000000e+00 5.000000000000000000e+01 0.000000000000000000e+00
4.246203899383544922e-01 3.088571429252624512e-01 -2.725532054901123047e-01 -2.726276218891143799e-01 -4.024195861816406250e+01 0.000000000000000000e+00 -1.665774919092655182e-02 0.000000000000000000e+00 5.000000000000000000e+01 0.000000000000000000e+00
4.246203899383544922e-01 3.088571429252624512e-01 -2.725532054901123047e-01 -2.726276218891143799e-01 -4.024195861816406250e+01 0.000000000000000000e+00 -1.665774919092655182e-02 0.000000000000000000e+00 5.000000000000000000e+01 0.000000000000000000e+00
4.246203899383544922e-01 3.088571429252624512e-01 -2.725532054901123047e-01 -2.726276218891143799e-01 -4.024195861816406250e+01 0.000000000000000000e+00 -1.665774919092655182e-02 0.000000000000000000e+00 5.000000000000000000e+01 0.000000000000000000e+00
4.246203899383544922e-01 3.088571429252624512e-01 -2.725532054901123047e-01 -2.726276218891143799e-01 -4.024195861816406250e+01 0.000000000000000000e+00 -1.665774919092655182e-02 0.000000000000000000e+00 5.000000000000000000e+01 0.000000000000000000e+00
4.246203899383544922e-01 3.088571429252624512e-01 -2.725532054901123047e-01 -2.726276218891143799e-01 -4.024195861816406250e+01 0.000000000000000000e+00 -1.665774919092655182e-02 0.000000000000000000e+00 5.000000000000000000e+01 0.000000000000000000e+00
4.246203899383544922e-01 3.088571429252624512e-01 -2.725532054901123047e-01 -2.726276218891143799e-01 -4.024195861816406250e+01 0.000000000000000000e+00 -1.665774919092655182e-02 0.000000000000000000e+00 5.000000000000000000e+01 0.000000000000000000e+00
4.246203899383544922e-01 3.088571429252624512e-01 -2.725532054901123047e-01 -2.726276218891143799e-01 -4.024195861816406250e+01 0.000000000000000000e+00 -1.665774919092655182e-02 0.000000000000000000e+00 5.000000000000000000e+01 0.000000000000000000e+00
4.246203899383544922e-01 3.088571429252624512e-01 -2.725532054901123047e-01 -2.726276218891143799e-01 -4.024195861816406250e+01 0.000000000000000000e+00 -1.665774919092655182e-02 0.000000000000000000e+00 5.000000000000000000e+01 0.000000000000000000e+00
4.246203899383544922e-01 3.088571429252624512e-01 -2.725532054901123047e-01 -2.726276218891143799e-01 -4.024195861816406250e+01 0.000000000000000000e+00 -1.665774919092655182e-02 0.000000000000000000e+00 5.000000000000000000e+01 0.000000000000000000e+00
4.246203899383544922e-01 3.088571429252624512e-01 -2.725532054901123047e-01 -2.726276218891143799e-01 -4.024195861816406250e+01 0.000000000000000000e+00 -1.665774919092655182e-02 0.000000000000000000e+00 5.000000000000000000e+01 0.000000000000000000e+00
4.246203899383544922e-01 3.088571429252624512e-01 -2.725532054901123047e-01 -2.726276218891143799e-01 -4.024195861816406250e+01 0.000000000000000000e+00 -1.665774919092655182e-02 0.000000000000000000e+00 5.000000000000000000e+01 0.000000000000000000e+00
4.246203899383544922e-01 3.088571429252624512e-01 -2.725532054901123047e-01 -2.726276218891143799e-01 -4.024195861816406250e+01 0.000000000000000000e+00 -1.665774919092655182e-02 0.000000000000000000e+00 5.000000000000000000e+01 0.000000000000000000e+00
4.246203899383544922e-01 3.088571429252624512e-01 -2.725532054901123047e-01 -2.726276218891143799e-01 -4.024195861816406250e+01 0.000000000000000000e+00 -1.665774919092655182e-02 0.000000000000000000e+00 5.000000000000000000e+01 0.000000000000000000e+00
4.246203899383544922e-01 3.088571429252624512e-01 -2.725532054901123047e-01 -2.726276218891143799e-01 -4.024195861816406250e+01 0.000000000000000000e+00 -1.665774919092655182e-02 0.000000000000000000e+00 5.000000000000000000e+01 0.000000000000000000e+00
4.246203899383544922e-01 3.088571429252624512e-01 -2.725532054901123047e-01 -2.726276218891143799e-01 -4.024195861816406250e+01 0.000000000000000000e+00 -1.665774919092655182e-02 0.000000000000000000e+00 5.000000000000000000e+01 0.000000000000000000e+00
4.246203899383544922e-01 3.088571429252624512e-01 -2.725532054901123047e-01 -2.726276218891143799e-01 -4.024195861816406250e+01 0.000000000000000000e+00 -1.665774919092655182e-02 0.000000000000000000e+00 5.000000000000000000e+01 0.000000000000000000e+00
4.246203899383544922e-01 3.088571429252624512e-01 -2.725532054901123047e-01 -2.726276218891143799e-01 -4.024195861816406250e+01 0.000000000000000000e+00 -1.665774919092655182e-02 0.000000000000000000e+00 5.000000000000000000e+01 0.000000000000000000e+00
4.246203899383544922e-01 3.088571429252624512e-01 -2.725532054901123047e-01 -2.726276218891143799e-01 -4.024195861816406250e+01 0.000000000000000000e+00 -1.665774919092655182e-02 0.000000000000000000e+00 5.000000000000000000e+01 0.000000000000000000e+00
4.246203899383544922e-01 3.088571429252624512e-01 -2.725532054901123047e-01 -2.726276218891143799e-01 -4.024195861816406250e+01 0.000000000000000000e+00 -1.665774919092655182e-02 0.000000000000000000e+00 5.000000000000000000e+01 0.000000000000000000e+00
4.246203899383544922e-01 3.088571429252624512e-01 -2.725532054901123047e-01 -2.726276218891143799e-01 -4.024195861816406250e+01 0.000000000000000000e+00 -1.665774919092655182e-02 0.000000000000000000e+00 5.000000000000000000e+01 0.000000000000000000e+00
4.246203899383544922e-01 3.088571429252624512e-01 -2.725532054901123047e-01 -2.726276218891143799e-01 -4.024195861816406250e+01 0.000000000000000000e+00 -1.665774919092655182e-02 0.000000000000000000e+00 5.000000000000000000e+01 0.000000000000000000e+00
4.246203899383544922e-01 3.088571429252624512e-01 -2.725532054901123047e-01 -2.726276218891143799e-01 -4.024195861816406250e+01 0.000000000000000000e+00 -1.665774919092655182e-02 0.000000000000000000e+00 5.000000000000000000e+01 0.000000000000000000e+00
4.246203899383544922e-01 3.088571429252624512e-01 -2.725532054901123047e-01 -2.726276218891143799e-01 -4.024195861816406250e+01 0.000000000000000000e+00 -1.665774919092655182e-02 0.000000000000000000e+00 5.000000000000000000e+01 0.000000000000000000e+00
4.246203899383544922e-01 3.088571429252624512e-01 -2.725532054901123047e-01 -2.726276218891143799e-01 -4.024195861816406250e+01 0.000000000000000000e+00 -1.665774919092655182e-02 0.000000000000000000e+00 5.000000000000000000e+01 0.000000000000000000e+00
4.246203899383544922e-01 3.088571429252624512e-01 -2.725532054901123047e-01 -2.726276218891143799e-01 -4.024195861816406250e+01 0.000000000000000000e+00 -1.665774919092655182e-02 0.000000000000000000e+00 5.000000000000000000e+01 0.000000000000000000e+00
4.246203899383544922e-01 3.088571429252624512e-01 -2.725532054901123047e-01 -2.726276218891143799e-01 -4.024195861816406250e+01 0.000000000000000000e+00 -1.665774919092655182e-02 0.000000000000000000e+00 5.000000000000000000e+01 0.000000000000000000e+00
4.246203899383544922e-01 3.088571429252624512e-01 -2.725532054901123047e-01 -2.726276218891143799e-01 -4.024195861816406250e+01 0.000000000000000000e+00 -1.665774919092655182e-02 0.000000000000000000e+00 5.000000000000000000e+01 0.000000000000000000e+00
4.246203899383544922e-01 3.088571429252624512e-01 -2.725532054901123047e-01 -2.726276218891143799e-01 -4.024195861816406250e+01 0.000000000000000000e+00 -1.665774919092655182e-02 0.000000000000000000e+00 5.000000000000000000e+01 0.000000000000000000e+00
4.246203899383544922e-01 3.088571429252624512e-01 -2.725532054901123047e-01 -2.726276218891143799e-01 -4.024195861816406250e+01 0.000000000000000000e+00 -1.665774919092655182e-02 0.000000000000000000e+00 5.000000000000000000e+01 0.000000000000000000e+00
4.246203899383544922e-01 3.088571429252624512e-01 -2.725532054901123047e-01 -2.726276218891143799e-01 -4.024195861816406250e+01 0.000000000000000000e+00 -1.665774919092655182e-02 0.000000000000000000e+00 5.000000000000000000e+01 0.000000000000000000e+00
4.246203899383544922e-01 3.088571429252624512e-01 -2.725532054901123047e-01 -2.726276218891143799e-01 -4.024195861816406250e+01 0.000000000000000000e+00 -1.665774919092655182e-02 0.000000000000000000e+00 5.000000000000000000e+01 0.000000000000000000e+00
4.246203899383544922e-01 3.088571429252624512e-01 -2.725532054901123047e-01 -2.726276218891143799e-01 -4.024195861816406250e+01 0.000000000000000000e+00 -1.665774919092655182e-02 0.000000000000000000e+00 5.000000000000000000e+01 0.000000000000000000e+00
4.246203899383544922e-01 3.088571429252624512e-01 -2.725532054901123047e-01 -2.726276218891143799e-01 -4.024195861816406250e+01 0.000000000000000000e+00 -1.665774919092655182e-02 0.000000000000000000e+00 5.000000000000000000e+01 0.000000000000000000e+00
4.246203899383544922e-01 3.088571429252624512e-01 -2.725532054901123047e-01 -2.726276218891143799e-01 -4.024195861816406250e+01 0.000000000000000000e+00 -1.665774919092655182e-02 0.000000000000000000e+00 5.000000000000000000e+01 0.000000000000000000e+00
4.246203899383544922e-01 3.088571429252624512e-01 -2.725532054901123047e-01 -2.726276218891143799e-01 -4.024195861816406250e+01 0.000000000000000000e+00 -1.665774919092655182e-02 0.000000000000000000e+00 5.000000000000000000e+01 0.000000000000000000e+00
4.246203899383544922e-01 3.088571429252624512e-01 -2.725532054901123047e-01 -2.726276218891143799e-01 -4.024195861816406250e+01 0.000000000000000000e+00 -1.665774919092655182e-02 0.000000000000000000e+00 5.000000000000000000e+01 0.000000000000000000e+00
4.246203899383544922e-01 3.088571429252624512e-01 -2.725532054901123047e-01 -2.726276218891143799e-01 -4.024195861816406250e+01 0.000000000000000000e+00 -1.665774919092655182e-02 0.000000000000000000e+00 5.000000000000000000e+01 0.000000000000000000e+00
4.246203899383544922e-01 3.088571429252624512e-01 -2.725532054901123047e-01 -2.726276218891143799e-01 -4.024195861816406250e+01 0.000000000000000000e+00 -1.665774919092655182e-02 0.000000000000000000e+00 5.000000000000000000e+01 0.000000000000000000e+00
4.246203899383544922e-01 3.088571429252624512e-01 -2.725532054901123047e-01 -2.726276218891143799e-01 -4.024195861816406250e+01 0.000000000000000000e+00 -1.665774919092655182e-02 0.000000000000000000e+00 5.000000000000000000e+01 0.000000000000000000e+00
4.246203899383544922e-01 3.088571429252624512e-01 -2.725532054901123047e-01 -2.726276218891143799e-01 -4.024195861816406250e+01 0.000000000000000000e+00 -1.665774919092655182e-02 0.000000000000000000e+00 5.000000000000000000e+01 0.000000000000000000e+00
4.246203899383544922e-01 3.088571429252624512e-01 -2.725532054901123047e-01 -2.726276218891143799e-01 -4.024195861816406250e+01 0.000000000000000000e+00 -1.665774919092655182e-02 0.000000000000000000e+00 5.000000000000000000e+01 0.000000000000000000e+00
4.246203899383544922e-01 3.088571429252624512e-01 -2.725532054901123047e-01 -2.726276218891143799e-01 -4.024195861816406250e+01 0.000000000000000000e+00 -1.665774919092655182e-02 0.000000000000000000e+00 5.000000000000000000e+01 0.000000000000000000e+00
4.246203899383544922e-01 3.088571429252624512e-01 -2.725532054901123047e-01 -2.726276218891143799e-01 -4.024195861816406250e+01 0.000000000000000000e+00 -1.665774919092655182e-02 0.000000000000000000e+00 5.000000000000000000e+01 0.000000000000000000e+00
4.246203899383544922e-01 3.088571429252624512e-01 -2.725532054901123047e-01 -2.726276218891143799e-01 -4.024195861816406250e+01 0.000000000000000000e+00 -1.665774919092655182e-02 0.000000000000000000e+00 5.000000000000000000e+01 0.000000000000000000e+00
4.246203899383544922e-01 3.088571429252624512e-01 -2.725532054901123047e-01 -2.726276218891143799e-01 -4.024195861816406250e+01 0.000000000000000000e+00 -1.665774919092655182e-02 0.000000000000000000e+00 5.000000000000000000e+01 0.000000000000000000e+00
4.246203899383544922e-01 3.088571429252624512e-01 -2.725532054901123047e-01 -2.726276218891143799e-01 -4.024195861816406250e+01 0.000000000000000000e+00 -1.665774919092655182e-02 0.000000000000000000e+00 5.000000000000000000e+01 0.000000000000000000e+00
4.246203899383544922e-01 3.088571429252624512e-01 -2.725532054901123047e-01 -2.726276218891143799e-01 -4.024195861816406250e+01 0.000000000000000000e+00 -1.665774919092655182e-02 0.000000000000000000e+00 5.000000000000000000e+01 0.000000000000000000e+00
