4.453803300857543945e-01 4.251359403133392334e-01 -1.019832417368888855e-01 -4.545416310429573059e-02 -1.202808151245117188e+02 -9.612221527099609375e+01 -4.978901892900466919e-02 -9.991416335105895996e-02 3.880000000000000000e+02 3.380000000000000000e+02
4.453803300857543945e-01 4.275559782981872559e-01 -9.637476503849029541e-02 -4.002051800489425659e-02 -1.165982513427734375e+02 -9.243965148925781250e+01 -4.826465994119644165e-02 -9.608632326126098633e-02 3.810000000000000000e+02 3.310000000000000000e+02
4.453803300857543945e-01 4.328718781471252441e-01 -8.458931744098663330e-02 -2.808487787842750549e-02 -1.117013626098632812e+02 -8.754276275634765625e+01 -4.623764380812644958e-02 -9.099625796079635620e-02 3.710000000000000000e+02 3.210000000000000000e+02
4.453803300857543945e-01 4.354135096073150635e-01 -7.937872409820556641e-02 -2.237822301685810089e-02 -1.080784149169921875e+02 -8.391981506347656250e+01 -4.473796114325523376e-02 -8.723038434982299805e-02 3.630000000000000000e+02 3.130000000000000000e+02
4.453803300857543945e-01 4.446987807750701904e-01 -5.765615403652191162e-02 -1.530263572931289673e-03 -1.015239639282226562e+02 -7.736536407470703125e+01 -4.202481359243392944e-02 -8.041736483573913574e-02 3.480000000000000000e+02 2.980000000000000000e+02
4.453803300857543945e-01 4.469054639339447021e-01 -5.328580364584922791e-02 3.424340393394231796e-03 -9.831608581542968750e+01 -7.415748596191406250e+01 -4.069694504141807556e-02 -7.708293944597244263e-02 3.400000000000000000e+02 2.900000000000000000e+02
4.453803300857543945e-01 4.488260149955749512e-01 -4.913255199790000916e-02 7.736499886959791183e-03 -9.600295257568359375e+01 -7.184434509277343750e+01 -3.973944485187530518e-02 -7.467854768037796021e-02 3.320000000000000000e+02 2.820000000000000000e+02
4.453803300857543945e-01 4.469184279441833496e-01 -5.347666516900062561e-02 3.453448181971907616e-03 -9.258879852294921875e+01 -6.843019866943359375e+01 -3.832619264721870422e-02 -7.112971693277359009e-02 3.190000000000000000e+02 2.690000000000000000e+02
4.453803300857543945e-01 4.512189626693725586e-01 -4.360085353255271912e-02 1.310931891202926636e-02 -8.868258666992187500e+01 -6.452398681640625000e+01 -3.670925647020339966e-02 -6.706940382719039917e-02 3.080000000000000000e+02 2.580000000000000000e+02
4.453803300857543945e-01 4.541495442390441895e-01 -3.616702184081077576e-02 1.968927122652530670e-02 -8.697221374511718750e+01 -6.281361389160156250e+01 -3.600126504898071289e-02 -6.529156118631362915e-02 3.030000000000000000e+02 2.530000000000000000e+02
4.453803300857543945e-01 4.572371542453765869e-01 -2.817967906594276428e-02 2.662179619073867798e-02 -8.543133544921875000e+01 -6.127274322509765625e+01 -3.536343201994895935e-02 -6.368990242481231689e-02 2.980000000000000000e+02 2.480000000000000000e+02
4.453803300857543945e-01 4.760645925998687744e-01 1.361672859638929367e-02 6.889451295137405396e-02 -6.962115478515625000e+01 -4.546255874633789062e+01 -2.881896868348121643e-02 -4.725601896643638611e-02 2.480000000000000000e+02 1.980000000000000000e+02
4.453803300857543945e-01 4.855843186378479004e-01 4.054039716720581055e-02 9.026888757944107056e-02 -6.233338165283203125e+01 -3.817478561401367188e+01 -2.580226957798004150e-02 -3.968074917793273926e-02 2.230000000000000000e+02 1.730000000000000000e+02
4.453803300857543945e-01 4.870570898056030273e-01 4.417412355542182922e-02 9.357566386461257935e-02 -5.592188262939453125e+01 -3.176328468322753906e+01 -2.314829453825950623e-02 -3.301632031798362732e-02 2.030000000000000000e+02 1.530000000000000000e+02
4.453803300857543945e-01 4.933408498764038086e-01 5.943375080823898315e-02 1.076844111084938049e-01 -5.288019561767578125e+01 -2.872159385681152344e+01 -2.188921906054019928e-02 -2.985463850200176239e-02 1.940000000000000000e+02 1.440000000000000000e+02
4.453803300857543945e-01 4.841100871562957764e-01 4.211935773491859436e-02 8.695884048938751221e-02 -4.860931777954101562e+01 -2.445071792602539062e+01 -2.012133225798606873e-02 -2.541527897119522095e-02 1.760000000000000000e+02 1.260000000000000000e+02
4.453803300857543945e-01 4.818198978900909424e-01 3.811280429363250732e-02 8.181674033403396606e-02 -4.711604309082031250e+01 -2.295744514465332031e+01 -1.950320601463317871e-02 -2.386309765279293060e-02 1.680000000000000000e+02 1.180000000000000000e+02
4.453803300857543945e-01 4.808877408504486084e-01 3.696810081601142883e-02 7.972379773855209351e-02 -4.530852890014648438e+01 -2.114992904663085938e+01 -1.875500380992889404e-02 -2.198427729308605194e-02 1.590000000000000000e+02 1.090000000000000000e+02
4.453803300857543945e-01 4.630647897720336914e-01 2.427210798487067223e-03 3.970642387866973877e-02 -4.311387634277343750e+01 -1.895527648925781250e+01 -1.784655079245567322e-02 -1.970304735004901886e-02 1.500000000000000000e+02 1.000000000000000000e+02
4.453803300857543945e-01 4.768270254135131836e-01 3.317018598318099976e-02 7.060638815164566040e-02 -4.152989196777343750e+01 -1.737129211425781250e+01 -1.719087548553943634e-02 -1.805657520890235901e-02 1.420000000000000000e+02 9.200000000000000000e+01
4.453803300857543945e-01 4.641935229301452637e-01 1.019750535488128662e-02 4.224073514342308044e-02 -3.272653198242187500e+01 -8.567932128906250000e+00 -1.354681514203548431e-02 -8.905930444598197937e-03 1.010000000000000000e+02 5.100000000000000000e+01
4.453803300857543945e-01 4.468317329883575439e-01 -3.146431967616081238e-02 3.258794313296675682e-03 -3.060521888732910156e+01 -6.446619033813476562e+00 -1.266871858388185501e-02 -6.700932979583740234e-03 8.700000000000000000e+01 3.700000000000000000e+01
4.453803300857543945e-01 4.226349592208862305e-01 -7.854441553354263306e-02 -5.106954649090766907e-02 -2.896193122863769531e+01 -4.803332328796386719e+00 -1.198849640786647797e-02 -4.992819856852293015e-03 7.800000000000000000e+01 2.800000000000000000e+01
4.453803300857543945e-01 4.072282314300537109e-01 -1.098603531718254089e-01 -8.566184341907501221e-02 -2.792465591430664062e+01 -3.766057014465332031e+00 -1.155912689864635468e-02 -3.914624918252229691e-03 7.200000000000000000e+01 2.200000000000000000e+01
4.453803300857543945e-01 4.141024053096771240e-01 -9.539895504713058472e-02 -7.022745162248611450e-02 -2.731446838378906250e+01 -3.155869960784912109e+00 -1.130654662847518921e-02 -3.280366538092494011e-03 6.900000000000000000e+01 1.900000000000000000e+01
4.453803300857543945e-01 4.085422456264495850e-01 -1.072859093546867371e-01 -8.271151781082153320e-02 -2.696706771850585938e+01 -2.808471441268920898e+00 -1.116274297237396240e-02 -2.919263439252972603e-03 6.700000000000000000e+01 1.700000000000000000e+01
4.453803300857543945e-01 4.132213592529296875e-01 -9.752260148525238037e-02 -7.220564037561416626e-02 -2.584038543701171875e+01 -1.681787729263305664e+00 -1.069636456668376923e-02 -1.748132868669927120e-03 6.200000000000000000e+01 1.200000000000000000e+01
4.453803300857543945e-01 4.011917710304260254e-01 -1.208045631647109985e-01 -9.921533614397048950e-02 -2.523045730590820312e+01 -1.071858882904052734e+00 -1.044389139860868454e-02 -1.114142825827002525e-03 5.900000000000000000e+01 9.000000000000000000e+00
4.453803300857543945e-01 4.011917710304260254e-01 -1.208045631647109985e-01 -9.921533614397048950e-02 -2.523045730590820312e+01 -1.071858882904052734e+00 -1.044389139860868454e-02 -1.114142825827002525e-03 5.900000000000000000e+01 9.000000000000000000e+00
4.453803300857543945e-01 3.854269087314605713e-01 -1.499230861663818359e-01 -1.346117407083511353e-01 -2.435354042053222656e+01 -1.949422955513000488e-01 -1.008090004324913025e-02 -2.026326110353693366e-04 5.200000000000000000e+01 2.000000000000000000e+00
4.453803300857543945e-01 3.757081627845764160e-01 -1.713586896657943726e-01 -1.564329713582992554e-01 -2.415859794616699219e+01 0.000000000000000000e+00 -1.000020559877157211e-02 0.000000000000000000e+00 5.000000000000000000e+01 0.000000000000000000e+00
4.453803300857543945e-01 3.757081627845764160e-01 -1.713586896657943726e-01 -1.564329713582992554e-01 -2.415859794616699219e+01 0.000000000000000000e+00 -1.000020559877157211e-02 0.000000000000000000e+00 5.000000000000000000e+01 0.000000000000000000e+00
4.453803300857543945e-01 3.757081627845764160e-01 -1.713586896657943726e-01 -1.564329713582992554e-01 -2.415859794616699219e+01 0.000000000000000000e+00 -1.000020559877157211e-02 0.000000000000000000e+00 5.000000000000000000e+01 0.000000000000000000e+00
4.453803300857543945e-01 3.757081627845764160e-01 -1.713586896657943726e-01 -1.564329713582992554e-01 -2.415859794616699219e+01 0.000000000000000000e+00 -1.000020559877157211e-02 0.000000000000000000e+00 5.000000000000000000e+01 0.000000000000000000e+00
4.453803300857543945e-01 3.757081627845764160e-01 -1.713586896657943726e-01 -1.564329713582992554e-01 -2.415859794616699219e+01 0.000000000000000000e+00 -1.000020559877157211e-02 0.000000000000000000e+00 5.000000000000000000e+01 0.000000000000000000e+00
4.453803300857543945e-01 3.757081627845764160e-01 -1.713586896657943726e-01 -1.564329713582992554e-01 -2.415859794616699219e+01 0.000000000000000000e+00 -1.000020559877157211e-02 0.000000000000000000e+00 5.000000000000000000e+01 0.000000000000000000e+00
4.453803300857543945e-01 3.757081627845764160e-01 -1.713586896657943726e-01 -1.564329713582992554e-01 -2.415859794616699219e+01 0.000000000000000000e+00 -1.000020559877157211e-02 0.000000000000000000e+00 5.000000000000000000e+01 0.000000000000000000e+00
4.453803300857543945e-01 3.757081627845764160e-01 -1.713586896657943726e-01 -1.564329713582992554e-01 -2.415859794616699219e+01 0.000000000000000000e+00 -1.000020559877157211e-02 0.000000000000000000e+00 5.000000000000000000e+01 0.000000000000000000e+00
4.453803300857543945e-01 3.757081627845764160e-01 -1.713586896657943726e-01 -1.564329713582992554e-01 -2.415859794616699219e+01 0.000000000000000000e+00 -1.000020559877157211e-02 0.000000000000000000e+00 5.000000000000000000e+01 0.000000000000000000e+00
4.453803300857543945e-01 3.757081627845764160e-01 -1.713586896657943726e-01 -1.564329713582992554e-01 -2.415859794616699219e+01 0.000000000000000000e+00 -1.000020559877157211e-02 0.000000000000000000e+00 5.000000000000000000e+01 0.000000000000000000e+00
4.453803300857543945e-01 3.757081627845764160e-01 -1.713586896657943726e-01 -1.564329713582992554e-01 -2.415859794616699219e+01 0.000000000000000000e+00 -1.000020559877157211e-02 0.000000000000000000e+00 5.000000000000000000e+01 0.000000000000000000e+00
4.453803300857543945e-01 3.757081627845764160e-01 -1.713586896657943726e-01 -1.564329713582992554e-01 -2.415859794616699219e+01 0.000000000000000000e+00 -1.000020559877157211e-02 0.000000000000000000e+00 5.000000000000000000e+01 0.000000000000000000e+00
4.453803300857543945e-01 3.757081627845764160e-01 -1.713586896657943726e-01 -1.564329713582992554e-01 -2.415859794616699219e+01 0.000000000000000000e+00 -1.000020559877157211e-02 0.000000000000000000e+00 5.000000000000000000e+01 0.000000000000000000e+00
4.453803300857543945e-01 3.757081627845764160e-01 -1.713586896657943726e-01 -1.564329713582992554e-01 -2.415859794616699219e+01 0.000000000000000000e+00 -1.000020559877157211e-02 0.000000000000000000e+00 5.000000000000000000e+01 0.000000000000000000e+00
4.453803300857543945e-01 3.757081627845764160e-01 -1.713586896657943726e-01 -1.564329713582992554e-01 -2.415859794616699219e+01 0.000000000000000000e+00 -1.000020559877157211e-02 0.000000000000000000e+00 5.000000000000000000e+01 0.000000000000000000e+00
4.453803300857543945e-01 3.757081627845764160e-01 -1.713586896657943726e-01 -1.564329713582992554e-01 -2.415859794616699219e+01 0.000000000000000000e+00 -1.000020559877157211e-02 0.000000000000000000e+00 5.000000000000000000e+01 0.000000000000000000e+00
4.453803300857543945e-01 3.757081627845764160e-01 -1.713586896657943726e-01 -1.564329713582992554e-01 -2.415859794616699219e+01 0.000000000000000000e+00 -1.000020559877157211e-02 0.000000000000000000e+00 5.000000000000000000e+01 0.000000000000000000e+00
4.453803300857543945e-01 3.757081627845764160e-01 -1.713586896657943726e-01 -1.564329713582992554e-01 -2.415859794616699219e+01 0.000000000000000000e+00 -1.000020559877157211e-02 0.000000000000000000e+00 5.000000000000000000e+01 0.000000000000000000e+00
4.453803300857543945e-01 3.757081627845764160e-01 -1.713586896657943726e-01 -1.564329713582992554e-01 -2.415859794616699219e+01 0.000000000000000000e+00 -1.000020559877157211e-02 0.000000000000000000e+00 5.000000000000000000e+01 0.000000000000000000e+00
4.453803300857543945e-01 3.757081627845764160e-01 -1.713586896657943726e-01 -1.564329713582992554e-01 -2.415859794616699219e+01 0.000000000000000000e+00 -1.000020559877157211e-02 0.000000000000000000e+00 5.000000000000000000e+01 0.000000000000000000e+00
4.453803300857543945e-01 3.757081627845764160e-01 -1.713586896657943726e-01 -1.564329713582992554e-01 -2.415859794616699219e+01 0.000000000000000000e+00 -1.000020559877157211e-02 0.000000000000000000e+00 5.000000000000000000e+01 0.000000000000000000e+00
4.453803300857543945e-01 3.757081627845764160e-01 -1.713586896657943726e-01 -1.564329713582992554e-01 -2.415859794616699219e+01 0.000000000000000000e+00 -1.000020559877157211e-02 0.000000000000000000e+00 5.000000000000000000e+01 0.000000000000000000e+00
4.453803300857543945e-01 3.757081627845764160e-01 -1.713586896657943726e-01 -1.564329713582992554e-01 -2.415859794616699219e+01 0.000000000000000000e+00 -1.000020559877157211e-02 0.000000000000000000e+00 5.000000000000000000e+01 0.000000000000000000e+00
4.453803300857543945e-01 3.757081627845764160e-01 -1.713586896657943726e-01 -1.564329713582992554e-01 -2.415859794616699219e+01 0.000000000000000000e+00 -1.000020559877157211e-02 0.000000000000000000e+00 5.000000000000000000e+01 0.000000000000000000e+00
4.453803300857543945e-01 3.757081627845764160e-01 -1.713586896657943726e-01 -1.564329713582992554e-01 -2.415859794616699219e+01 0.000000000000000000e+00 -1.000020559877157211e-02 0.000000000000000000e+00 5.000000000000000000e+01 0.000000000000000000e+00
4.453803300857543945e-01 3.757081627845764160e-01 -1.713586896657943726e-01 -1.564329713582992554e-01 -2.415859794616699219e+01 0.000000000000000000e+00 -1.000020559877157211e-02 0.000000000000000000e+00 5.000000000000000000e+01 0.000000000000000000e+00
4.453803300857543945e-01 3.757081627845764160e-01 -1.713586896657943726e-01 -1.564329713582992554e-01 -2.415859794616699219e+01 0.000000000000000000e+00 -1.000020559877157211e-02 0.000000000000000000e+00 5.000000000000000000e+01 0.000000000000000000e+00
4.453803300857543945e-01 3.757081627845764160e-01 -1.713586896657943726e-01 -1.564329713582992554e-01 -2.415859794616699219e+01 0.000000000000000000e+00 -1.000020559877157211e-02 0.000000000000000000e+00 5.000000000000000000e+01 0.000000000000000000e+00
4.453803300857543945e-01 3.757081627845764160e-01 -1.713586896657943726e-01 -1.564329713582992554e-01 -2.415859794616699219e+01 0.000000000000000000e+00 -1.000020559877157211e-02 0.000000000000000000e+00 5.000000000000000000e+01 0.000000000000000000e+00
4.453803300857543945e-01 3.757081627845764160e-01 -1.713586896657943726e-01 -1.564329713582992554e-01 -2.415859794616699219e+01 0.000000000000000000e+00 -1.000020559877157211e-02 0.000000000000000000e+00 5.000000000000000000e+01 0.000000000000000000e+00
4.453803300857543945e-01 3.757081627845764160e-01 -1.713586896657943726e-01 -1.564329713582992554e-01 -2.415859794616699219e+01 0.000000000000000000e+00 -1.000020559877157211e-02 0.000000000000000000e+00 5.000000000000000000e+01 0.000000000000000000e+00
4.453803300857543945e-01 3.757081627845764160e-01 -1.713586896657943726e-01 -1.564329713582992554e-01 -2.415859794616699219e+01 0.000000000000000000e+00 -1.000020559877157211e-02 0.000000000000000000e+00 5.000000000000000000e+01 0.000000000000000000e+00
4.453803300857543945e-01 3.757081627845764160e-01 -1.713586896657943726e-01 -1.564329713582992554e-01 -2.415859794616699219e+01 0.000000000000000000e+00 -1.000020559877157211e-02 0.000000000000000000e+00 5.000000000000000000e+01 0.000000000000000000e+00
4.453803300857543945e-01 3.757081627845764160e-01 -1.713586896657943726e-01 -1.564329713582992554e-01 -2.415859794616699219e+01 0.000000000000000000e+00 -1.000020559877157211e-02 0.000000000000000000e+00 5.000000000000000000e+01 0.000000000000000000e+00
4.453803300857543945e-01 3.757081627845764160e-01 -1.713586896657943726e-01 -1.564329713582992554e-01 -2.415859794616699219e+01 0.000000000000000000e+00 -1.000020559877157211e-02 0.000000000000000000e+00 5.000000000000000000e+01 0.000000000000000000e+00
4.453803300857543945e-01 3.757081627845764160e-01 -1.713586896657943726e-01 -1.564329713582992554e-01 -2.415859794616699219e+01 0.000000000000000000e+00 -1.000020559877157211e-02 0.000000000000000000e+00 5.000000000000000000e+01 0.000000000000000000e+00
4.453803300857543945e-01 3.757081627845764160e-01 -1.713586896657943726e-01 -1.564329713582992554e-01 -2.415859794616699219e+01 0.000000000000000000e+00 -1.000020559877157211e-02 0.000000000000000000e+00 5.000000000000000000e+01 0.000000000000000000e+00
4.453803300857543945e-01 3.757081627845764160e-01 -1.713586896657943726e-01 -1.564329713582992554e-01 -2.415859794616699219e+01 0.000000000000000000e+00 -1.000020559877157211e-02 0.000000000000000000e+00 5.000000000000000000e+01 0.000000000000000000e+00
4.453803300857543945e-01 3.757081627845764160e-01 -1.713586896657943726e-01 -1.564329713582992554e-01 -2.415859794616699219e+01 0.000000000000000000e+00 -1.000020559877157211e-02 0.000000000000000000e+00 5.000000000000000000e+01 0.000000000000000000e+00
4.453803300857543945e-01 3.757081627845764160e-01 -1.713586896657943726e-01 -1.564329713582992554e-01 -2.415859794616699219e+01 0.000000000000000000e+00 -1.000020559877157211e-02 0.000000000000000000e+00 5.000000000000000000e+01 0.000000000000000000e+00
4.453803300857543945e-01 3.757081627845764160e-01 -1.713586896657943726e-01 -1.564329713582992554e-01 -2.415859794616699219e+01 0.000000000000000000e+00 -1.000020559877157211e-02 0.000000000000000000e+00 5.000000000000000000e+01 0.000000000000000000e+00
4.453803300857543945e-01 3.757081627845764160e-01 -1.713586896657943726e-01 -1.564329713582992554e-01 -2.415859794616699219e+01 0.000000000000000000e+00 -1.000020559877157211e-02 0.000000000000000000e+00 5.000000000000000000e+01 0.000000000000000000e+00
4.453803300857543945e-01 3.757081627845764160e-01 -1.713586896657943726e-01 -1.564329713582992554e-01 -2.415859794616699219e+01 0.000000000000000000e+00 -1.000020559877157211e-02 0.000000000000000000e+00 5.000000000000000000e+01 0.000000000000000000e+00
4.453803300857543945e-01 3.757081627845764160e-01 -1.713586896657943726e-01 -1.564329713582992554e-01 -2.415859794616699219e+01 0.000000000000000000e+00 -1.000020559877157211e-02 0.000000000000000000e+00 5.000000000000000000e+01 0.000000000000000000e+00
4.453803300857543945e-01 3.757081627845764160e-01 -1.713586896657943726e-01 -1.564329713582992554e-01 -2.415859794616699219e+01 0.000000000000000000e+00 -1.000020559877157211e-02 0.000000000000000000e+00 5.000000000000000000e+01 0.000000000000000000e+00
4.453803300857543945e-01 3.757081627845764160e-01 -1.713586896657943726e-01 -1.564329713582992554e-01 -2.415859794616699219e+01 0.000000000000000000e+00 -1.000020559877157211e-02 0.000000000000000000e+00 5.000000000000000000e+01 0.000000000000000000e+00
4.453803300857543945e-01 3.757081627845764160e-01 -1.713586896657943726e-01 -1.564329713582992554e-01 -2.415859794616699219e+01 0.000000000000000000e+00 -1.000020559877157211e-02 0.000000000000000000e+00 5.000000000000000000e+01 0.000000000000000000e+00
4.453803300857543945e-01 3.757081627845764160e-01 -1.713586896657943726e-01 -1.564329713582992554e-01 -2.415859794616699219e+01 0.000000000000000000e+00 -1.000020559877157211e-02 0.000000000000000000e+00 5.000000000000000000e+01 0.000000000000000000e+00
4.453803300857543945e-01 3.757081627845764160e-01 -1.713586896657943726e-01 -1.564329713582992554e-01 -2.415859794616699219e+01 0.000000000000000000e+00 -1.000020559877157211e-02 0.000000000000000000e+00 5.000000000000000000e+01 0.000000000000000000e+00
4.453803300857543945e-01 3.757081627845764160e-01 -1.713586896657943726e-01 -1.564329713582992554e-01 -2.415859794616699219e+01 0.000000000000000000e+00 -1.000020559877157211e-02 0.000000000000000000e+00 5.000000000000000000e+01 0.000000000000000000e+00
4.453803300857543945e-01 3.757081627845764160e-01 -1.713586896657943726e-01 -1.564329713582992554e-01 -2.415859794616699219e+01 0.000000000000000000e+00 -1.000020559877157211e-02 0.000000000000000000e+00 5.000000000000000000e+01 0.000000000000000000e+00
4.453803300857543945e-01 3.757081627845764160e-01 -1.713586896657943726e-01 -1.564329713582992554e-01 -2.415859794616699219e+01 0.000000000000000000e+00 -1.000020559877157211e-02 0.000000000000000000e+00 5.000000000000000000e+01 0.000000000000000000e+00
4.453803300857543945e-01 3.757081627845764160e-01 -1.713586896657943726e-01 -1.564329713582992554e-01 -2.415859794616699219e+01 0.000000000000000000e+00 -1.000020559877157211e-02 0.000000000000000000e+00 5.000000000000000000e+01 0.000000000000000000e+00
4.453803300857543945e-01 3.757081627845764160e-01 -1.713586896657943726e-01 -1.564329713582992554e-01 -2.415859794616699219e+01 0.000000000000000000e+00 -1.000020559877157211e-02 0.000000000000000000e+00 5.000000000000000000e+01 0.000000000000000000e+00
4.453803300857543945e-01 3.757081627845764160e-01 -1.713586896657943726e-01 -1.564329713582992554e-01 -2.415859794616699219e+01 0.000000000000000000e+00 -1.000020559877157211e-02 0.000000000000000000e+00 5.000000000000000000e+01 0.000000000000000000e+00
4.453803300857543945e-01 3.757081627845764160e-01 -1.713586896657943726e-01 -1.564329713582992554e-01 -2.415859794616699219e+01 0.000000000000000000e+00 -1.000020559877157211e-02 0.000000000000000000e+00 5.000000000000000000e+01 0.000000000000000000e+00
4.453803300857543945e-01 3.757081627845764160e-01 -1.713586896657943726e-01 -1.564329713582992554e-01 -2.415859794616699219e+01 0.000000000000000000e+00 -1.000020559877157211e-02 0.000000000000000000e+00 5.000000000000000000e+01 0.000000000000000000e+00
4.453803300857543945e-01 3.757081627845764160e-01 -1.713586896657943726e-01 -1.564329713582992554e-01 -2.415859794616699219e+01 0.000000000000000000e+00 -1.000020559877157211e-02 0.000000000000000000e+00 5.000000000000000000e+01 0.000000000000000000e+00
4.453803300857543945e-01 3.757081627845764160e-01 -1.713586896657943726e-01 -1.564329713582992554e-01 -2.415859794616699219e+01 0.000000000000000000e+00 -1.000020559877157211e-02 0.000000000000000000e+00 5.000000000000000000e+01 0.000000000000000000e+00
4.453803300857543945e-01 3.757081627845764160e-01 -1.713586896657943726e-01 -1.564329713582992554e-01 -2.415859794616699219e+01 0.000000000000000000e+00 -1.000020559877157211e-02 0.000000000000000000e+00 5.000000000000000000e+01 0.000000000000000000e+00
4.453803300857543945e-01 3.757081627845764160e-01 -1.713586896657943726e-01 -1.564329713582992554e-01 -2.415859794616699219e+01 0.000000000000000000e+00 -1.000020559877157211e-02 0.000000000000000000e+00 5.000000000000000000e+01 0.000000000000000000e+00
