4.830691516399383545e-01 6.943919062614440918e-01 3.959358930587768555e-01 4.374586045742034912e-01 -2.105358276367187500e+02 -1.996418151855468750e+02 -8.714916557073593140e-02 -2.428382784128189087e-01 8.870000000000000000e+02 8.380000000000000000e+02
4.830691516399383545e-01 6.944390535354614258e-01 3.960262835025787354e-01 4.375562071800231934e-01 -2.055111083984375000e+02 -1.946170959472656250e+02 -8.506923168897628784e-02 -2.367263585329055786e-01 8.760000000000000000e+02 8.270000000000000000e+02
4.830691516399383545e-01 6.952403783798217773e-01 3.978050649166107178e-01 4.392150044441223145e-01 -1.975545349121093750e+02 -1.866605224609375000e+02 -8.177568763494491577e-02 -2.270482182502746582e-01 8.600000000000000000e+02 8.110000000000000000e+02
4.830691516399383545e-01 6.954131722450256348e-01 3.982088267803192139e-01 4.395727217197418213e-01 -1.945980072021484375e+02 -1.837040100097656250e+02 -8.055186271667480469e-02 -2.234520018100738525e-01 8.500000000000000000e+02 8.010000000000000000e+02
4.830691516399383545e-01 6.954115033149719238e-01 3.982061743736267090e-01 4.395692646503448486e-01 -1.894984283447265625e+02 -1.786044158935546875e+02 -7.844094932079315186e-02 -2.172490209341049194e-01 8.370000000000000000e+02 7.880000000000000000e+02
4.830691516399383545e-01 6.954150199890136719e-01 3.982140719890594482e-01 4.395765364170074463e-01 -1.866844940185546875e+02 -1.757904815673828125e+02 -7.727614790201187134e-02 -2.138262391090393066e-01 8.300000000000000000e+02 7.810000000000000000e+02
4.830691516399383545e-01 6.954509615898132324e-01 3.983520567417144775e-01 4.396509528160095215e-01 -1.823963317871093750e+02 -1.715023193359375000e+02 -7.550110667943954468e-02 -2.086102366447448730e-01 8.180000000000000000e+02 7.690000000000000000e+02
4.830691516399383545e-01 6.954548358917236328e-01 3.983600139617919922e-01 4.396589696407318115e-01 -1.791036071777343750e+02 -1.682095947265625000e+02 -7.413811981678009033e-02 -2.046050727367401123e-01 8.070000000000000000e+02 7.580000000000000000e+02
4.830691516399383545e-01 6.955096125602722168e-01 3.984816968441009521e-01 4.397723674774169922e-01 -1.766499328613281250e+02 -1.657559204101562500e+02 -7.312244176864624023e-02 -2.016204893589019775e-01 8.020000000000000000e+02 7.530000000000000000e+02
4.830691516399383545e-01 6.951954364776611328e-01 3.976612091064453125e-01 4.391219913959503174e-01 -1.718403320312500000e+02 -1.609463195800781250e+02 -7.113155722618103027e-02 -1.957702487707138062e-01 7.880000000000000000e+02 7.390000000000000000e+02
4.830691516399383545e-01 6.952272653579711914e-01 3.977269530296325684e-01 4.391878843307495117e-01 -1.689305419921875000e+02 -1.580365447998046875e+02 -6.992708146572113037e-02 -1.922308802604675293e-01 7.800000000000000000e+02 7.310000000000000000e+02
4.830691516399383545e-01 6.985535025596618652e-01 4.057105183601379395e-01 4.460735023021697998e-01 -1.394888305664062500e+02 -1.285948028564453125e+02 -5.773998424410820007e-02 -1.564188301563262939e-01 6.850000000000000000e+02 6.360000000000000000e+02
4.830691516399383545e-01 7.031820416450500488e-01 4.163460433483123779e-01 4.556550383567810059e-01 -1.171575012207031250e+02 -1.062634811401367188e+02 -4.849615693092346191e-02 -1.292556822299957275e-01 6.060000000000000000e+02 5.570000000000000000e+02
4.830691516399383545e-01 7.062609791755676270e-01 4.233127534389495850e-01 4.620287418365478516e-01 -1.007660980224609375e+02 -8.987208557128906250e+01 -4.171109944581985474e-02 -1.093176901340484619e-01 5.430000000000000000e+02 4.940000000000000000e+02
4.830691516399383545e-01 7.113672494888305664e-01 4.344507455825805664e-01 4.725992083549499512e-01 -9.104183959960937500e+01 -8.014782714843750000e+01 -3.768584504723548889e-02 -9.748939424753189087e-02 4.970000000000000000e+02 4.480000000000000000e+02
4.830691516399383545e-01 7.082628607749938965e-01 4.271967113018035889e-01 4.661728143692016602e-01 -8.365975189208984375e+01 -7.276574707031250000e+01 -3.463010489940643311e-02 -8.851005882024765015e-02 4.600000000000000000e+02 4.110000000000000000e+02
4.830691516399383545e-01 7.089863419532775879e-01 4.289697110652923584e-01 4.676705002784729004e-01 -7.545657348632812500e+01 -6.456256866455078125e+01 -3.123448044061660767e-02 -7.853195816278457642e-02 4.190000000000000000e+02 3.700000000000000000e+02
4.830691516399383545e-01 7.076323032379150391e-01 4.266196787357330322e-01 4.648675024509429932e-01 -6.793278503417968750e+01 -5.703877258300781250e+01 -2.812008559703826904e-02 -6.938023865222930908e-02 3.860000000000000000e+02 3.370000000000000000e+02
4.830691516399383545e-01 7.076645493507385254e-01 4.269095659255981445e-01 4.649342596530914307e-01 -6.437609100341796875e+01 -5.348208618164062500e+01 -2.664782851934432983e-02 -6.505399197340011597e-02 3.690000000000000000e+02 3.200000000000000000e+02
4.830691516399383545e-01 7.056406736373901367e-01 4.234230816364288330e-01 4.607446491718292236e-01 -6.072878646850585938e+01 -4.983477783203125000e+01 -2.513806335628032684e-02 -6.061751767992973328e-02 3.490000000000000000e+02 3.000000000000000000e+02
4.830691516399383545e-01 6.842714548110961914e-01 3.860948979854583740e-01 4.165082871913909912e-01 -3.346336364746093750e+01 -2.256935691833496094e+01 -1.385181862860918045e-02 -2.745268493890762329e-02 2.070000000000000000e+02 1.580000000000000000e+02
4.830691516399383545e-01 6.397787928581237793e-01 3.012974560260772705e-01 3.244041502475738525e-01 -2.346898841857910156e+01 -1.257497787475585938e+01 -9.714748710393905640e-03 -1.529582310467958450e-02 1.490000000000000000e+02 1.000000000000000000e+02
4.830691516399383545e-01 5.948779582977294922e-01 2.144036293029785156e-01 2.314550727605819702e-01 -1.972887802124023438e+01 -8.834867477416992188e+00 -8.166568353772163391e-03 -1.074646599590778351e-02 1.200000000000000000e+02 7.100000000000000000e+01
4.830691516399383545e-01 5.691925883293151855e-01 1.625866144895553589e-01 1.782838702201843262e-01 -1.740717697143554688e+01 -6.513167381286621094e+00 -7.205524016171693802e-03 -7.922420278191566467e-03 1.010000000000000000e+02 5.200000000000000000e+01
4.830691516399383545e-01 5.616074800491333008e-01 1.488053798675537109e-01 1.625819504261016846e-01 -1.654167747497558594e+01 -5.647667407989501953e+00 -6.847259122878313065e-03 -6.869651842862367630e-03 9.300000000000000000e+01 4.400000000000000000e+01
4.830691516399383545e-01 5.507326126098632812e-01 1.274680048227310181e-01 1.400699317455291748e-01 -1.601659393310546875e+01 -5.122584819793701172e+00 -6.629906129091978073e-03 -6.230957340449094772e-03 8.900000000000000000e+01 4.000000000000000000e+01
4.830691516399383545e-01 5.289911627769470215e-01 8.286237716674804688e-02 9.506301581859588623e-02 -1.518591499328613281e+01 -4.291906356811523438e+00 -6.286054849624633789e-03 -5.220545455813407898e-03 8.200000000000000000e+01 3.300000000000000000e+01
4.830691516399383545e-01 5.066856145858764648e-01 4.177611321210861206e-02 4.888837039470672607e-02 -1.422189712524414062e+01 -3.327888250350952148e+00 -5.887009669095277786e-03 -4.047942813485860825e-03 7.600000000000000000e+01 2.700000000000000000e+01
4.830691516399383545e-01 4.993737041950225830e-01 2.712349779903888702e-02 3.375200554728507996e-02 -1.345056533813476562e+01 -2.556556701660156250e+00 -5.567724816501140594e-03 -3.109718440100550652e-03 6.900000000000000000e+01 2.000000000000000000e+01
4.830691516399383545e-01 4.548739492893218994e-01 -6.341866403818130493e-02 -5.836680531501770020e-02 -1.200881576538085938e+01 -1.114805936813354492e+00 -4.970927257090806961e-03 -1.356016262434422970e-03 5.600000000000000000e+01 7.000000000000000000e+00
4.830691516399383545e-01 4.499963521957397461e-01 -7.119612395763397217e-02 -6.846389919519424438e-02 -1.101779079437255859e+01 -1.237813830375671387e-01 -4.560702480375766754e-03 -1.505639374954625964e-04 5.000000000000000000e+01 1.000000000000000000e+00
4.830691516399383545e-01 4.459159076213836670e-01 -8.024363964796066284e-02 -7.691081613302230835e-02 -1.089400959014892578e+01 0.000000000000000000e+00 -4.509464371949434280e-03 0.000000000000000000e+00 4.900000000000000000e+01 0.000000000000000000e+00
4.830691516399383545e-01 4.459159076213836670e-01 -8.024363964796066284e-02 -7.691081613302230835e-02 -1.089400959014892578e+01 0.000000000000000000e+00 -4.509464371949434280e-03 0.000000000000000000e+00 4.900000000000000000e+01 0.000000000000000000e+00
4.830691516399383545e-01 4.459159076213836670e-01 -8.024363964796066284e-02 -7.691081613302230835e-02 -1.089400959014892578e+01 0.000000000000000000e+00 -4.509464371949434280e-03 0.000000000000000000e+00 4.900000000000000000e+01 0.000000000000000000e+00
4.830691516399383545e-01 4.459159076213836670e-01 -8.024363964796066284e-02 -7.691081613302230835e-02 -1.089400959014892578e+01 0.000000000000000000e+00 -4.509464371949434280e-03 0.000000000000000000e+00 4.900000000000000000e+01 0.000000000000000000e+00
4.830691516399383545e-01 4.459159076213836670e-01 -8.024363964796066284e-02 -7.691081613302230835e-02 -1.089400959014892578e+01 0.000000000000000000e+00 -4.509464371949434280e-03 0.000000000000000000e+00 4.900000000000000000e+01 0.000000000000000000e+00
4.830691516399383545e-01 4.459159076213836670e-01 -8.024363964796066284e-02 -7.691081613302230835e-02 -1.089400959014892578e+01 0.000000000000000000e+00 -4.509464371949434280e-03 0.000000000000000000e+00 4.900000000000000000e+01 0.000000000000000000e+00
4.830691516399383545e-01 4.459159076213836670e-01 -8.024363964796066284e-02 -7.691081613302230835e-02 -1.089400959014892578e+01 0.000000000000000000e+00 -4.509464371949434280e-03 0.000000000000000000e+00 4.900000000000000000e+01 0.000000000000000000e+00
4.830691516399383545e-01 4.459159076213836670e-01 -8.024363964796066284e-02 -7.691081613302230835e-02 -1.089400959014892578e+01 0.000000000000000000e+00 -4.509464371949434280e-03 0.000000000000000000e+00 4.900000000000000000e+01 0.000000000000000000e+00
4.830691516399383545e-01 4.459159076213836670e-01 -8.024363964796066284e-02 -7.691081613302230835e-02 -1.089400959014892578e+01 0.000000000000000000e+00 -4.509464371949434280e-03 0.000000000000000000e+00 4.900000000000000000e+01 0.000000000000000000e+00
4.830691516399383545e-01 4.459159076213836670e-01 -8.024363964796066284e-02 -7.691081613302230835e-02 -1.089400959014892578e+01 0.000000000000000000e+00 -4.509464371949434280e-03 0.000000000000000000e+00 4.900000000000000000e+01 0.000000000000000000e+00
4.830691516399383545e-01 4.459159076213836670e-01 -8.024363964796066284e-02 -7.691081613302230835e-02 -1.089400959014892578e+01 0.000000000000000000e+00 -4.509464371949434280e-03 0.000000000000000000e+00 4.900000000000000000e+01 0.000000000000000000e+00
4.830691516399383545e-01 4.459159076213836670e-01 -8.024363964796066284e-02 -7.691081613302230835e-02 -1.089400959014892578e+01 0.000000000000000000e+00 -4.509464371949434280e-03 0.000000000000000000e+00 4.900000000000000000e+01 0.000000000000000000e+00
4.830691516399383545e-01 4.459159076213836670e-01 -8.024363964796066284e-02 -7.691081613302230835e-02 -1.089400959014892578e+01 0.000000000000000000e+00 -4.509464371949434280e-03 0.000000000000000000e+00 4.900000000000000000e+01 0.000000000000000000e+00
4.830691516399383545e-01 4.459159076213836670e-01 -8.024363964796066284e-02 -7.691081613302230835e-02 -1.089400959014892578e+01 0.000000000000000000e+00 -4.509464371949434280e-03 0.000000000000000000e+00 4.900000000000000000e+01 0.000000000000000000e+00
4.830691516399383545e-01 4.459159076213836670e-01 -8.024363964796066284e-02 -7.691081613302230835e-02 -1.089400959014892578e+01 0.000000000000000000e+00 -4.509464371949434280e-03 0.000000000000000000e+00 4.900000000000000000e+01 0.000000000000000000e+00
4.830691516399383545e-01 4.459159076213836670e-01 -8.024363964796066284e-02 -7.691081613302230835e-02 -1.089400959014892578e+01 0.000000000000000000e+00 -4.509464371949434280e-03 0.000000000000000000e+00 4.900000000000000000e+01 0.000000000000000000e+00
4.830691516399383545e-01 4.459159076213836670e-01 -8.024363964796066284e-02 -7.691081613302230835e-02 -1.089400959014892578e+01 0.000000000000000000e+00 -4.509464371949434280e-03 0.000000000000000000e+00 4.900000000000000000e+01 0.000000000000000000e+00
4.830691516399383545e-01 4.459159076213836670e-01 -8.024363964796066284e-02 -7.691081613302230835e-02 -1.089400959014892578e+01 0.000000000000000000e+00 -4.509464371949434280e-03 0.000000000000000000e+00 4.900000000000000000e+01 0.000000000000000000e+00
4.830691516399383545e-01 4.459159076213836670e-01 -8.024363964796066284e-02 -7.691081613302230835e-02 -1.089400959014892578e+01 0.000000000000000000e+00 -4.509464371949434280e-03 0.000000000000000000e+00 4.900000000000000000e+01 0.000000000000000000e+00
4.830691516399383545e-01 4.459159076213836670e-01 -8.024363964796066284e-02 -7.691081613302230835e-02 -1.089400959014892578e+01 0.000000000000000000e+00 -4.509464371949434280e-03 0.000000000000000000e+00 4.900000000000000000e+01 0.000000000000000000e+00
4.830691516399383545e-01 4.459159076213836670e-01 -8.024363964796066284e-02 -7.691081613302230835e-02 -1.089400959014892578e+01 0.000000000000000000e+00 -4.509464371949434280e-03 0.000000000000000000e+00 4.900000000000000000e+01 0.000000000000000000e+00
4.830691516399383545e-01 4.459159076213836670e-01 -8.024363964796066284e-02 -7.691081613302230835e-02 -1.089400959014892578e+01 0.000000000000000000e+00 -4.509464371949434280e-03 0.000000000000000000e+00 4.900000000000000000e+01 0.000000000000000000e+00
4.830691516399383545e-01 4.459159076213836670e-01 -8.024363964796066284e-02 -7.691081613302230835e-02 -1.089400959014892578e+01 0.000000000000000000e+00 -4.509464371949434280e-03 0.000000000000000000e+00 4.900000000000000000e+01 0.000000000000000000e+00
4.830691516399383545e-01 4.459159076213836670e-01 -8.024363964796066284e-02 -7.691081613302230835e-02 -1.089400959014892578e+01 0.000000000000000000e+00 -4.509464371949434280e-03 0.000000000000000000e+00 4.900000000000000000e+01 0.000000000000000000e+00
4.830691516399383545e-01 4.459159076213836670e-01 -8.024363964796066284e-02 -7.691081613302230835e-02 -1.089400959014892578e+01 0.000000000000000000e+00 -4.509464371949434280e-03 0.000000000000000000e+00 4.900000000000000000e+01 0.000000000000000000e+00
4.830691516399383545e-01 4.459159076213836670e-01 -8.024363964796066284e-02 -7.691081613302230835e-02 -1.089400959014892578e+01 0.000000000000000000e+00 -4.509464371949434280e-03 0.000000000000000000e+00 4.900000000000000000e+01 0.000000000000000000e+00
4.830691516399383545e-01 4.459159076213836670e-01 -8.024363964796066284e-02 -7.691081613302230835e-02 -1.089400959014892578e+01 0.000000000000000000e+00 -4.509464371949434280e-03 0.000000000000000000e+00 4.900000000000000000e+01 0.000000000000000000e+00
4.830691516399383545e-01 4.459159076213836670e-01 -8.024363964796066284e-02 -7.691081613302230835e-02 -1.089400959014892578e+01 0.000000000000000000e+00 -4.509464371949434280e-03 0.000000000000000000e+00 4.900000000000000000e+01 0.000000000000000000e+00
4.830691516399383545e-01 4.459159076213836670e-01 -8.024363964796066284e-02 -7.691081613302230835e-02 -1.089400959014892578e+01 0.000000000000000000e+00 -4.509464371949434280e-03 0.000000000000000000e+00 4.900000000000000000e+01 0.000000000000000000e+00
4.830691516399383545e-01 4.459159076213836670e-01 -8.024363964796066284e-02 -7.691081613302230835e-02 -1.089400959014892578e+01 0.000000000000000000e+00 -4.509464371949434280e-03 0.000000000000000000e+00 4.900000000000000000e+01 0.000000000000000000e+00
4.830691516399383545e-01 4.459159076213836670e-01 -8.024363964796066284e-02 -7.691081613302230835e-02 -1.089400959014892578e+01 0.000000000000000000e+00 -4.509464371949434280e-03 0.000000000000000000e+00 4.900000000000000000e+01 0.000000000000000000e+00
4.830691516399383545e-01 4.459159076213836670e-01 -8.024363964796066284e-02 -7.691081613302230835e-02 -1.089400959014892578e+01 0.000000000000000000e+00 -4.509464371949434280e-03 0.000000000000000000e+00 4.900000000000000000e+01 0.000000000000000000e+00
4.830691516399383545e-01 4.459159076213836670e-01 -8.024363964796066284e-02 -7.691081613302230835e-02 -1.089400959014892578e+01 0.000000000000000000e+00 -4.509464371949434280e-03 0.000000000000000000e+00 4.900000000000000000e+01 0.000000000000000000e+00
4.830691516399383545e-01 4.459159076213836670e-01 -8.024363964796066284e-02 -7.691081613302230835e-02 -1.089400959014892578e+01 0.000000000000000000e+00 -4.509464371949434280e-03 0.000000000000000000e+00 4.900000000000000000e+01 0.000000000000000000e+00
4.830691516399383545e-01 4.459159076213836670e-01 -8.024363964796066284e-02 -7.691081613302230835e-02 -1.089400959014892578e+01 0.000000000000000000e+00 -4.509464371949434280e-03 0.000000000000000000e+00 4.900000000000000000e+01 0.000000000000000000e+00
4.830691516399383545e-01 4.459159076213836670e-01 -8.024363964796066284e-02 -7.691081613302230835e-02 -1.089400959014892578e+01 0.000000000000000000e+00 -4.509464371949434280e-03 0.000000000000000000e+00 4.900000000000000000e+01 0.000000000000000000e+00
4.830691516399383545e-01 4.459159076213836670e-01 -8.024363964796066284e-02 -7.691081613302230835e-02 -1.089400959014892578e+01 0.000000000000000000e+00 -4.509464371949434280e-03 0.000000000000000000e+00 4.900000000000000000e+01 0.000000000000000000e+00
4.830691516399383545e-01 4.459159076213836670e-01 -8.024363964796066284e-02 -7.691081613302230835e-02 -1.089400959014892578e+01 0.000000000000000000e+00 -4.509464371949434280e-03 0.000000000000000000e+00 4.900000000000000000e+01 0.000000000000000000e+00
4.830691516399383545e-01 4.459159076213836670e-01 -8.024363964796066284e-02 -7.691081613302230835e-02 -1.089400959014892578e+01 0.000000000000000000e+00 -4.509464371949434280e-03 0.000000000000000000e+00 4.900000000000000000e+01 0.000000000000000000e+00
4.830691516399383545e-01 4.459159076213836670e-01 -8.024363964796066284e-02 -7.691081613302230835e-02 -1.089400959014892578e+01 0.000000000000000000e+00 -4.509464371949434280e-03 0.000000000000000000e+00 4.900000000000000000e+01 0.000000000000000000e+00
4.830691516399383545e-01 4.459159076213836670e-01 -8.024363964796066284e-02 -7.691081613302230835e-02 -1.089400959014892578e+01 0.000000000000000000e+00 -4.509464371949434280e-03 0.000000000000000000e+00 4.900000000000000000e+01 0.000000000000000000e+00
4.830691516399383545e-01 4.459159076213836670e-01 -8.024363964796066284e-02 -7.691081613302230835e-02 -1.089400959014892578e+01 0.000000000000000000e+00 -4.509464371949434280e-03 0.000000000000000000e+00 4.900000000000000000e+01 0.000000000000000000e+00
4.830691516399383545e-01 4.459159076213836670e-01 -8.024363964796066284e-02 -7.691081613302230835e-02 -1.089400959014892578e+01 0.000000000000000000e+00 -4.509464371949434280e-03 0.000000000000000000e+00 4.900000000000000000e+01 0.000000000000000000e+00
4.830691516399383545e-01 4.459159076213836670e-01 -8.024363964796066284e-02 -7.691081613302230835e-02 -1.089400959014892578e+01 0.000000000000000000e+00 -4.509464371949434280e-03 0.000000000000000000e+00 4.900000000000000000e+01 0.000000000000000000e+00
4.830691516399383545e-01 4.459159076213836670e-01 -8.024363964796066284e-02 -7.691081613302230835e-02 -1.089400959014892578e+01 0.000000000000000000e+00 -4.509464371949434280e-03 0.000000000000000000e+00 4.900000000000000000e+01 0.000000000000000000e+00
4.830691516399383545e-01 4.459159076213836670e-01 -8.024363964796066284e-02 -7.691081613302230835e-02 -1.089400959014892578e+01 0.000000000000000000e+00 -4.509464371949434280e-03 0.000000000000000000e+00 4.900000000000000000e+01 0.000000000000000000e+00
4.830691516399383545e-01 4.459159076213836670e-01 -8.024363964796066284e-02 -7.691081613302230835e-02 -1.089400959014892578e+01 0.000000000000000000e+00 -4.509464371949434280e-03 0.000000000000000000e+00 4.900000000000000000e+01 0.000000000000000000e+00
4.830691516399383545e-01 4.459159076213836670e-01 -8.024363964796066284e-02 -7.691081613302230835e-02 -1.089400959014892578e+01 0.000000000000000000e+00 -4.509464371949434280e-03 0.000000000000000000e+00 4.900000000000000000e+01 0.000000000000000000e+00
4.830691516399383545e-01 4.459159076213836670e-01 -8.024363964796066284e-02 -7.691081613302230835e-02 -1.089400959014892578e+01 0.000000000000000000e+00 -4.509464371949434280e-03 0.000000000000000000e+00 4.900000000000000000e+01 0.000000000000000000e+00
4.830691516399383545e-01 4.459159076213836670e-01 -8.024363964796066284e-02 -7.691081613302230835e-02 -1.089400959014892578e+01 0.000000000000000000e+00 -4.509464371949434280e-03 0.000000000000000000e+00 4.900000000000000000e+01 0.000000000000000000e+00
4.830691516399383545e-01 4.459159076213836670e-01 -8.024363964796066284e-02 -7.691081613302230835e-02 -1.089400959014892578e+01 0.000000000000000000e+00 -4.509464371949434280e-03 0.000000000000000000e+00 4.900000000000000000e+01 0.000000000000000000e+00
4.830691516399383545e-01 4.459159076213836670e-01 -8.024363964796066284e-02 -7.691081613302230835e-02 -1.089400959014892578e+01 0.000000000000000000e+00 -4.509464371949434280e-03 0.000000000000000000e+00 4.900000000000000000e+01 0.000000000000000000e+00
4.830691516399383545e-01 4.459159076213836670e-01 -8.024363964796066284e-02 -7.691081613302230835e-02 -1.089400959014892578e+01 0.000000000000000000e+00 -4.509464371949434280e-03 0.000000000000000000e+00 4.900000000000000000e+01 0.000000000000000000e+00
4.830691516399383545e-01 4.459159076213836670e-01 -8.024363964796066284e-02 -7.691081613302230835e-02 -1.089400959014892578e+01 0.000000000000000000e+00 -4.509464371949434280e-03 0.000000000000000000e+00 4.900000000000000000e+01 0.000000000000000000e+00
4.830691516399383545e-01 4.459159076213836670e-01 -8.024363964796066284e-02 -7.691081613302230835e-02 -1.089400959014892578e+01 0.000000000000000000e+00 -4.509464371949434280e-03 0.000000000000000000e+00 4.900000000000000000e+01 0.000000000000000000e+00
4.830691516399383545e-01 4.459159076213836670e-01 -8.024363964796066284e-02 -7.691081613302230835e-02 -1.089400959014892578e+01 0.000000000000000000e+00 -4.509464371949434280e-03 0.000000000000000000e+00 4.900000000000000000e+01 0.000000000000000000e+00
4.830691516399383545e-01 4.459159076213836670e-01 -8.024363964796066284e-02 -7.691081613302230835e-02 -1.089400959014892578e+01 0.000000000000000000e+00 -4.509464371949434280e-03 0.000000000000000000e+00 4.900000000000000000e+01 0.000000000000000000e+00
4.830691516399383545e-01 4.459159076213836670e-01 -8.024363964796066284e-02 -7.691081613302230835e-02 -1.089400959014892578e+01 0.000000000000000000e+00 -4.509464371949434280e-03 0.000000000000000000e+00 4.900000000000000000e+01 0.000000000000000000e+00
4.830691516399383545e-01 4.459159076213836670e-01 -8.024363964796066284e-02 -7.691081613302230835e-02 -1.089400959014892578e+01 0.000000000000000000e+00 -4.509464371949434280e-03 0.000000000000000000e+00 4.900000000000000000e+01 0.000000000000000000e+00
4.830691516399383545e-01 4.459159076213836670e-01 -8.024363964796066284e-02 -7.691081613302230835e-02 -1.089400959014892578e+01 0.000000000000000000e+00 -4.509464371949434280e-03 0.000000000000000000e+00 4.900000000000000000e+01 0.000000000000000000e+00
