4.526671469211578369e-01 4.019195437431335449e-01 -1.182983145117759705e-01 -1.121079847216606140e-01 -5.698047637939453125e+01 -3.229920959472656250e+01 -2.358648926019668579e-02 -4.851119592785835266e-02 1.840000000000000000e+02 1.340000000000000000e+02
4.526671469211578369e-01 4.041267931461334229e-01 -1.126162335276603699e-01 -1.072318926453590393e-01 -5.528830718994140625e+01 -3.060704040527343750e+01 -2.288603223860263824e-02 -4.596967250108718872e-02 1.810000000000000000e+02 1.310000000000000000e+02
4.526671469211578369e-01 4.038201868534088135e-01 -1.134422048926353455e-01 -1.079092249274253845e-01 -5.422013854980468750e+01 -2.953887367248535156e+01 -2.244387567043304443e-02 -4.436536133289337158e-02 1.790000000000000000e+02 1.290000000000000000e+02
4.526671469211578369e-01 4.050384461879730225e-01 -1.105367764830589294e-01 -1.052179336547851562e-01 -5.341903686523437500e+01 -2.873777198791503906e+01 -2.211226709187030792e-02 -4.316215962171554565e-02 1.770000000000000000e+02 1.270000000000000000e+02
4.526671469211578369e-01 4.065953493118286133e-01 -1.070967614650726318e-01 -1.017785295844078064e-01 -5.322975921630859375e+01 -2.854849243164062500e+01 -2.203391678631305695e-02 -4.287787526845932007e-02 1.760000000000000000e+02 1.260000000000000000e+02
4.526671469211578369e-01 4.036904871463775635e-01 -1.135923489928245544e-01 -1.081957444548606873e-01 -5.170837402343750000e+01 -2.702710723876953125e+01 -2.140415459871292114e-02 -4.059286043047904968e-02 1.740000000000000000e+02 1.240000000000000000e+02
4.526671469211578369e-01 4.057038128376007080e-01 -1.099593266844749451e-01 -1.037480533123016357e-01 -5.130421447753906250e+01 -2.662294387817382812e+01 -2.123685739934444427e-02 -3.998583555221557617e-02 1.730000000000000000e+02 1.230000000000000000e+02
4.526671469211578369e-01 4.078728258609771729e-01 -1.048674657940864563e-01 -9.895642101764678955e-02 -5.072959899902343750e+01 -2.604832839965820312e+01 -2.099900133907794952e-02 -3.912280127406120300e-02 1.710000000000000000e+02 1.210000000000000000e+02
4.526671469211578369e-01 4.078728258609771729e-01 -1.048674657940864563e-01 -9.895642101764678955e-02 -5.072959899902343750e+01 -2.604832839965820312e+01 -2.099900133907794952e-02 -3.912280127406120300e-02 1.710000000000000000e+02 1.210000000000000000e+02
4.526671469211578369e-01 4.088137447834014893e-01 -1.038344576954841614e-01 -9.687781333923339844e-02 -4.990904998779296875e+01 -2.522778511047363281e+01 -2.065934427082538605e-02 -3.789040073752403259e-02 1.680000000000000000e+02 1.180000000000000000e+02
4.526671469211578369e-01 4.096619784832000732e-01 -1.033380180597305298e-01 -9.500395506620407104e-02 -4.926390075683593750e+01 -2.458263397216796875e+01 -2.039229124784469604e-02 -3.692143037915229797e-02 1.660000000000000000e+02 1.160000000000000000e+02
4.526671469211578369e-01 4.042779803276062012e-01 -1.177945286035537720e-01 -1.068978980183601379e-01 -4.447367477416992188e+01 -1.979240798950195312e+01 -1.840942539274692535e-02 -2.972683869302272797e-02 1.530000000000000000e+02 1.030000000000000000e+02
4.526671469211578369e-01 4.046749770641326904e-01 -1.181423813104629517e-01 -1.060208827257156372e-01 -4.284516143798828125e+01 -1.816389465332031250e+01 -1.773531921207904816e-02 -2.728092297911643982e-02 1.480000000000000000e+02 9.800000000000000000e+01
4.526671469211578369e-01 3.949682414531707764e-01 -1.391652226448059082e-01 -1.274643093347549438e-01 -3.905081176757812500e+01 -1.436954212188720703e+01 -1.616468653082847595e-02 -2.158206515014171600e-02 1.410000000000000000e+02 9.100000000000000000e+01
4.526671469211578369e-01 3.925122022628784180e-01 -1.442583501338958740e-01 -1.328900158405303955e-01 -3.851374053955078125e+01 -1.383247280120849609e+01 -1.594237051904201508e-02 -2.077542431652545929e-02 1.390000000000000000e+02 8.900000000000000000e+01
4.526671469211578369e-01 3.891552686691284180e-01 -1.513869166374206543e-01 -1.403059214353561401e-01 -3.820228958129882812e+01 -1.352101993560791016e+01 -1.581344939768314362e-02 -2.030764333903789520e-02 1.380000000000000000e+02 8.800000000000000000e+01
4.526671469211578369e-01 3.912044465541839600e-01 -1.466101557016372681e-01 -1.357790231704711914e-01 -3.701502990722656250e+01 -1.233376312255859375e+01 -1.532199513167142868e-02 -1.852446608245372772e-02 1.360000000000000000e+02 8.600000000000000000e+01
4.526671469211578369e-01 3.879172801971435547e-01 -1.541933417320251465e-01 -1.430407911539077759e-01 -3.588640975952148438e+01 -1.120514392852783203e+01 -1.485481392592191696e-02 -1.682935655117034912e-02 1.320000000000000000e+02 8.200000000000000000e+01
4.526671469211578369e-01 3.850159049034118652e-01 -1.598125994205474854e-01 -1.494503021240234375e-01 -3.559882736206054688e+01 -1.091756153106689453e+01 -1.473577227443456650e-02 -1.639742776751518250e-02 1.310000000000000000e+02 8.100000000000000000e+01
4.526671469211578369e-01 3.853903114795684814e-01 -1.589713096618652344e-01 -1.486231833696365356e-01 -3.480507659912109375e+01 -1.012381076812744141e+01 -1.440720725804567337e-02 -1.520526874810457230e-02 1.280000000000000000e+02 7.800000000000000000e+01
4.526671469211578369e-01 3.834165632724761963e-01 -1.626050472259521484e-01 -1.529834568500518799e-01 -3.268183898925781250e+01 -8.000572204589843750e+00 -1.352831441909074783e-02 -1.201631035655736923e-02 1.170000000000000000e+02 6.700000000000000000e+01
4.526671469211578369e-01 3.828732967376708984e-01 -1.631913334131240845e-01 -1.541835963726043701e-01 -3.067419433593750000e+01 -5.992927551269531250e+00 -1.269727107137441635e-02 -9.000965394079685211e-03 1.050000000000000000e+02 5.500000000000000000e+01
4.526671469211578369e-01 3.911124467849731445e-01 -1.478168219327926636e-01 -1.359822601079940796e-01 -2.937030029296875000e+01 -4.689030647277832031e+00 -1.215753704309463501e-02 -7.042602170258760452e-03 9.500000000000000000e+01 4.500000000000000000e+01
4.526671469211578369e-01 3.904219865798950195e-01 -1.490952819585800171e-01 -1.375075727701187134e-01 -2.923323440551757812e+01 -4.551964759826660156e+00 -1.210079994052648544e-02 -6.836738437414169312e-03 9.400000000000000000e+01 4.400000000000000000e+01
4.526671469211578369e-01 3.940261304378509521e-01 -1.414406895637512207e-01 -1.295455545186996460e-01 -2.858128738403320312e+01 -3.900020599365234375e+00 -1.183093339204788208e-02 -5.857563111931085587e-03 8.800000000000000000e+01 3.800000000000000000e+01
4.526671469211578369e-01 4.014006257057189941e-01 -1.241115331649780273e-01 -1.132543459534645081e-01 -2.809797286987304688e+01 -3.416706323623657227e+00 -1.163087040185928345e-02 -5.131658166646957397e-03 8.400000000000000000e+01 3.400000000000000000e+01
4.526671469211578369e-01 4.079147875308990479e-01 -1.108957156538963318e-01 -9.886372089385986328e-02 -2.784720230102539062e+01 -3.165933132171630859e+00 -1.152706611901521683e-02 -4.755014088004827499e-03 8.100000000000000000e+01 3.100000000000000000e+01
4.526671469211578369e-01 4.045777320861816406e-01 -1.176905855536460876e-01 -1.062357053160667419e-01 -2.747907829284667969e+01 -2.797809839248657227e+00 -1.137468498200178146e-02 -4.202118143439292908e-03 7.900000000000000000e+01 2.900000000000000000e+01
4.526671469211578369e-01 4.045777320861816406e-01 -1.176905855536460876e-01 -1.062357053160667419e-01 -2.747907829284667969e+01 -2.797809839248657227e+00 -1.137468498200178146e-02 -4.202118143439292908e-03 7.900000000000000000e+01 2.900000000000000000e+01
4.526671469211578369e-01 4.402386844158172607e-01 -3.390283882617950439e-02 -2.745607309043407440e-02 -2.569959449768066406e+01 -1.018328189849853516e+00 -1.063808612525463104e-02 -1.529459026642143726e-03 6.500000000000000000e+01 1.500000000000000000e+01
4.526671469211578369e-01 4.193151891231536865e-01 -8.247529715299606323e-02 -7.367876917123794556e-02 -2.511424064636230469e+01 -4.329730868339538574e-01 -1.039578486233949661e-02 -6.502958713099360466e-04 5.900000000000000000e+01 9.000000000000000000e+00
4.526671469211578369e-01 4.293996989727020264e-01 -5.885853990912437439e-02 -5.140078812837600708e-02 -2.484732818603515625e+01 -1.660606265068054199e-01 -1.028529834002256393e-02 -2.494116488378494978e-04 5.400000000000000000e+01 4.000000000000000000e+00
4.526671469211578369e-01 4.293996989727020264e-01 -5.885853990912437439e-02 -5.140078812837600708e-02 -2.484732818603515625e+01 -1.660606265068054199e-01 -1.028529834002256393e-02 -2.494116488378494978e-04 5.400000000000000000e+01 4.000000000000000000e+00
4.526671469211578369e-01 4.293996989727020264e-01 -5.885853990912437439e-02 -5.140078812837600708e-02 -2.484732818603515625e+01 -1.660606265068054199e-01 -1.028529834002256393e-02 -2.494116488378494978e-04 5.400000000000000000e+01 4.000000000000000000e+00
4.526671469211578369e-01 4.292643368244171143e-01 -5.919787660241127014e-02 -5.169982090592384338e-02 -2.481018447875976562e+01 -1.289165616035461426e-01 -1.026992313563823700e-02 -1.936238259077072144e-04 5.300000000000000000e+01 3.000000000000000000e+00
4.526671469211578369e-01 4.208383560180664062e-01 -8.141716569662094116e-02 -7.031389325857162476e-02 -2.475833892822265625e+01 -7.707309722900390625e-02 -1.024846266955137253e-02 -1.157584993052296340e-04 5.200000000000000000e+01 2.000000000000000000e+00
4.526671469211578369e-01 4.118798077106475830e-01 -9.899225085973739624e-02 -9.010448306798934937e-02 -2.470997619628906250e+01 -2.871078252792358398e-02 -1.022844295948743820e-02 -4.312162491260096431e-05 5.100000000000000000e+01 1.000000000000000000e+00
4.526671469211578369e-01 4.118798077106475830e-01 -9.899225085973739624e-02 -9.010448306798934937e-02 -2.470997619628906250e+01 -2.871078252792358398e-02 -1.022844295948743820e-02 -4.312162491260096431e-05 5.100000000000000000e+01 1.000000000000000000e+00
4.526671469211578369e-01 4.024644792079925537e-01 -1.168861910700798035e-01 -1.109041571617126465e-01 -2.468126678466796875e+01 0.000000000000000000e+00 -1.021655928343534470e-02 0.000000000000000000e+00 5.000000000000000000e+01 0.000000000000000000e+00
4.526671469211578369e-01 4.024644792079925537e-01 -1.168861910700798035e-01 -1.109041571617126465e-01 -2.468126678466796875e+01 0.000000000000000000e+00 -1.021655928343534470e-02 0.000000000000000000e+00 5.000000000000000000e+01 0.000000000000000000e+00
4.526671469211578369e-01 4.024644792079925537e-01 -1.168861910700798035e-01 -1.109041571617126465e-01 -2.468126678466796875e+01 0.000000000000000000e+00 -1.021655928343534470e-02 0.000000000000000000e+00 5.000000000000000000e+01 0.000000000000000000e+00
4.526671469211578369e-01 4.024644792079925537e-01 -1.168861910700798035e-01 -1.109041571617126465e-01 -2.468126678466796875e+01 0.000000000000000000e+00 -1.021655928343534470e-02 0.000000000000000000e+00 5.000000000000000000e+01 0.000000000000000000e+00
4.526671469211578369e-01 4.024644792079925537e-01 -1.168861910700798035e-01 -1.109041571617126465e-01 -2.468126678466796875e+01 0.000000000000000000e+00 -1.021655928343534470e-02 0.000000000000000000e+00 5.000000000000000000e+01 0.000000000000000000e+00
4.526671469211578369e-01 4.024644792079925537e-01 -1.168861910700798035e-01 -1.109041571617126465e-01 -2.468126678466796875e+01 0.000000000000000000e+00 -1.021655928343534470e-02 0.000000000000000000e+00 5.000000000000000000e+01 0.000000000000000000e+00
4.526671469211578369e-01 4.024644792079925537e-01 -1.168861910700798035e-01 -1.109041571617126465e-01 -2.468126678466796875e+01 0.000000000000000000e+00 -1.021655928343534470e-02 0.000000000000000000e+00 5.000000000000000000e+01 0.000000000000000000e+00
4.526671469211578369e-01 4.024644792079925537e-01 -1.168861910700798035e-01 -1.109041571617126465e-01 -2.468126678466796875e+01 0.000000000000000000e+00 -1.021655928343534470e-02 0.000000000000000000e+00 5.000000000000000000e+01 0.000000000000000000e+00
4.526671469211578369e-01 4.024644792079925537e-01 -1.168861910700798035e-01 -1.109041571617126465e-01 -2.468126678466796875e+01 0.000000000000000000e+00 -1.021655928343534470e-02 0.000000000000000000e+00 5.000000000000000000e+01 0.000000000000000000e+00
4.526671469211578369e-01 4.024644792079925537e-01 -1.168861910700798035e-01 -1.109041571617126465e-01 -2.468126678466796875e+01 0.000000000000000000e+00 -1.021655928343534470e-02 0.000000000000000000e+00 5.000000000000000000e+01 0.000000000000000000e+00
4.526671469211578369e-01 4.024644792079925537e-01 -1.168861910700798035e-01 -1.109041571617126465e-01 -2.468126678466796875e+01 0.000000000000000000e+00 -1.021655928343534470e-02 0.000000000000000000e+00 5.000000000000000000e+01 0.000000000000000000e+00
4.526671469211578369e-01 4.024644792079925537e-01 -1.168861910700798035e-01 -1.109041571617126465e-01 -2.468126678466796875e+01 0.000000000000000000e+00 -1.021655928343534470e-02 0.000000000000000000e+00 5.000000000000000000e+01 0.000000000000000000e+00
4.526671469211578369e-01 4.024644792079925537e-01 -1.168861910700798035e-01 -1.109041571617126465e-01 -2.468126678466796875e+01 0.000000000000000000e+00 -1.021655928343534470e-02 0.000000000000000000e+00 5.000000000000000000e+01 0.000000000000000000e+00
4.526671469211578369e-01 4.024644792079925537e-01 -1.168861910700798035e-01 -1.109041571617126465e-01 -2.468126678466796875e+01 0.000000000000000000e+00 -1.021655928343534470e-02 0.000000000000000000e+00 5.000000000000000000e+01 0.000000000000000000e+00
4.526671469211578369e-01 4.024644792079925537e-01 -1.168861910700798035e-01 -1.109041571617126465e-01 -2.468126678466796875e+01 0.000000000000000000e+00 -1.021655928343534470e-02 0.000000000000000000e+00 5.000000000000000000e+01 0.000000000000000000e+00
4.526671469211578369e-01 4.024644792079925537e-01 -1.168861910700798035e-01 -1.109041571617126465e-01 -2.468126678466796875e+01 0.000000000000000000e+00 -1.021655928343534470e-02 0.000000000000000000e+00 5.000000000000000000e+01 0.000000000000000000e+00
4.526671469211578369e-01 4.024644792079925537e-01 -1.168861910700798035e-01 -1.109041571617126465e-01 -2.468126678466796875e+01 0.000000000000000000e+00 -1.021655928343534470e-02 0.000000000000000000e+00 5.000000000000000000e+01 0.000000000000000000e+00
4.526671469211578369e-01 4.024644792079925537e-01 -1.168861910700798035e-01 -1.109041571617126465e-01 -2.468126678466796875e+01 0.000000000000000000e+00 -1.021655928343534470e-02 0.000000000000000000e+00 5.000000000000000000e+01 0.000000000000000000e+00
4.526671469211578369e-01 4.024644792079925537e-01 -1.168861910700798035e-01 -1.109041571617126465e-01 -2.468126678466796875e+01 0.000000000000000000e+00 -1.021655928343534470e-02 0.000000000000000000e+00 5.000000000000000000e+01 0.000000000000000000e+00
4.526671469211578369e-01 4.024644792079925537e-01 -1.168861910700798035e-01 -1.109041571617126465e-01 -2.468126678466796875e+01 0.000000000000000000e+00 -1.021655928343534470e-02 0.000000000000000000e+00 5.000000000000000000e+01 0.000000000000000000e+00
4.526671469211578369e-01 4.024644792079925537e-01 -1.168861910700798035e-01 -1.109041571617126465e-01 -2.468126678466796875e+01 0.000000000000000000e+00 -1.021655928343534470e-02 0.000000000000000000e+00 5.000000000000000000e+01 0.000000000000000000e+00
4.526671469211578369e-01 4.024644792079925537e-01 -1.168861910700798035e-01 -1.109041571617126465e-01 -2.468126678466796875e+01 0.000000000000000000e+00 -1.021655928343534470e-02 0.000000000000000000e+00 5.000000000000000000e+01 0.000000000000000000e+00
4.526671469211578369e-01 4.024644792079925537e-01 -1.168861910700798035e-01 -1.109041571617126465e-01 -2.468126678466796875e+01 0.000000000000000000e+00 -1.021655928343534470e-02 0.000000000000000000e+00 5.000000000000000000e+01 0.000000000000000000e+00
4.526671469211578369e-01 4.024644792079925537e-01 -1.168861910700798035e-01 -1.109041571617126465e-01 -2.468126678466796875e+01 0.000000000000000000e+00 -1.021655928343534470e-02 0.000000000000000000e+00 5.000000000000000000e+01 0.000000000000000000e+00
4.526671469211578369e-01 4.024644792079925537e-01 -1.168861910700798035e-01 -1.109041571617126465e-01 -2.468126678466796875e+01 0.000000000000000000e+00 -1.021655928343534470e-02 0.000000000000000000e+00 5.000000000000000000e+01 0.000000000000000000e+00
4.526671469211578369e-01 4.024644792079925537e-01 -1.168861910700798035e-01 -1.109041571617126465e-01 -2.468126678466796875e+01 0.000000000000000000e+00 -1.021655928343534470e-02 0.000000000000000000e+00 5.000000000000000000e+01 0.000000000000000000e+00
4.526671469211578369e-01 4.024644792079925537e-01 -1.168861910700798035e-01 -1.109041571617126465e-01 -2.468126678466796875e+01 0.000000000000000000e+00 -1.021655928343534470e-02 0.000000000000000000e+00 5.000000000000000000e+01 0.000000000000000000e+00
4.526671469211578369e-01 4.024644792079925537e-01 -1.168861910700798035e-01 -1.109041571617126465e-01 -2.468126678466796875e+01 0.000000000000000000e+00 -1.021655928343534470e-02 0.000000000000000000e+00 5.000000000000000000e+01 0.000000000000000000e+00
4.526671469211578369e-01 4.024644792079925537e-01 -1.168861910700798035e-01 -1.109041571617126465e-01 -2.468126678466796875e+01 0.000000000000000000e+00 -1.021655928343534470e-02 0.000000000000000000e+00 5.000000000000000000e+01 0.000000000000000000e+00
4.526671469211578369e-01 4.024644792079925537e-01 -1.168861910700798035e-01 -1.109041571617126465e-01 -2.468126678466796875e+01 0.000000000000000000e+00 -1.021655928343534470e-02 0.000000000000000000e+00 5.000000000000000000e+01 0.000000000000000000e+00
4.526671469211578369e-01 4.024644792079925537e-01 -1.168861910700798035e-01 -1.109041571617126465e-01 -2.468126678466796875e+01 0.000000000000000000e+00 -1.021655928343534470e-02 0.000000000000000000e+00 5.000000000000000000e+01 0.000000000000000000e+00
4.526671469211578369e-01 4.024644792079925537e-01 -1.168861910700798035e-01 -1.109041571617126465e-01 -2.468126678466796875e+01 0.000000000000000000e+00 -1.021655928343534470e-02 0.000000000000000000e+00 5.000000000000000000e+01 0.000000000000000000e+00
4.526671469211578369e-01 4.024644792079925537e-01 -1.168861910700798035e-01 -1.109041571617126465e-01 -2.468126678466796875e+01 0.000000000000000000e+00 -1.021655928343534470e-02 0.000000000000000000e+00 5.000000000000000000e+01 0.000000000000000000e+00
4.526671469211578369e-01 4.024644792079925537e-01 -1.168861910700798035e-01 -1.109041571617126465e-01 -2.468126678466796875e+01 0.000000000000000000e+00 -1.021655928343534470e-02 0.000000000000000000e+00 5.000000000000000000e+01 0.000000000000000000e+00
4.526671469211578369e-01 4.024644792079925537e-01 -1.168861910700798035e-01 -1.109041571617126465e-01 -2.468126678466796875e+01 0.000000000000000000e+00 -1.021655928343534470e-02 0.000000000000000000e+00 5.000000000000000000e+01 0.000000000000000000e+00
4.526671469211578369e-01 4.024644792079925537e-01 -1.168861910700798035e-01 -1.109041571617126465e-01 -2.468126678466796875e+01 0.000000000000000000e+00 -1.021655928343534470e-02 0.000000000000000000e+00 5.000000000000000000e+01 0.000000000000000000e+00
4.526671469211578369e-01 4.024644792079925537e-01 -1.168861910700798035e-01 -1.109041571617126465e-01 -2.468126678466796875e+01 0.000000000000000000e+00 -1.021655928343534470e-02 0.000000000000000000e+00 5.000000000000000000e+01 0.000000000000000000e+00
4.526671469211578369e-01 4.024644792079925537e-01 -1.168861910700798035e-01 -1.109041571617126465e-01 -2.468126678466796875e+01 0.000000000000000000e+00 -1.021655928343534470e-02 0.000000000000000000e+00 5.000000000000000000e+01 0.000000000000000000e+00
4.526671469211578369e-01 4.024644792079925537e-01 -1.168861910700798035e-01 -1.109041571617126465e-01 -2.468126678466796875e+01 0.000000000000000000e+00 -1.021655928343534470e-02 0.000000000000000000e+00 5.000000000000000000e+01 0.000000000000000000e+00
4.526671469211578369e-01 4.024644792079925537e-01 -1.168861910700798035e-01 -1.109041571617126465e-01 -2.468126678466796875e+01 0.000000000000000000e+00 -1.021655928343534470e-02 0.000000000000000000e+00 5.000000000000000000e+01 0.000000000000000000e+00
4.526671469211578369e-01 4.024644792079925537e-01 -1.168861910700798035e-01 -1.109041571617126465e-01 -2.468126678466796875e+01 0.000000000000000000e+00 -1.021655928343534470e-02 0.000000000000000000e+00 5.000000000000000000e+01 0.000000000000000000e+00
4.526671469211578369e-01 4.024644792079925537e-01 -1.168861910700798035e-01 -1.109041571617126465e-01 -2.468126678466796875e+01 0.000000000000000000e+00 -1.021655928343534470e-02 0.000000000000000000e+00 5.000000000000000000e+01 0.000000000000000000e+00
4.526671469211578369e-01 4.024644792079925537e-01 -1.168861910700798035e-01 -1.109041571617126465e-01 -2.468126678466796875e+01 0.000000000000000000e+00 -1.021655928343534470e-02 0.000000000000000000e+00 5.000000000000000000e+01 0.000000000000000000e+00
4.526671469211578369e-01 4.024644792079925537e-01 -1.168861910700798035e-01 -1.109041571617126465e-01 -2.468126678466796875e+01 0.000000000000000000e+00 -1.021655928343534470e-02 0.000000000000000000e+00 5.000000000000000000e+01 0.000000000000000000e+00
4.526671469211578369e-01 4.024644792079925537e-01 -1.168861910700798035e-01 -1.109041571617126465e-01 -2.468126678466796875e+01 0.000000000000000000e+00 -1.021655928343534470e-02 0.000000000000000000e+00 5.000000000000000000e+01 0.000000000000000000e+00
4.526671469211578369e-01 4.024644792079925537e-01 -1.168861910700798035e-01 -1.109041571617126465e-01 -2.468126678466796875e+01 0.000000000000000000e+00 -1.021655928343534470e-02 0.000000000000000000e+00 5.000000000000000000e+01 0.000000000000000000e+00
4.526671469211578369e-01 4.024644792079925537e-01 -1.168861910700798035e-01 -1.109041571617126465e-01 -2.468126678466796875e+01 0.000000000000000000e+00 -1.021655928343534470e-02 0.000000000000000000e+00 5.000000000000000000e+01 0.000000000000000000e+00
4.526671469211578369e-01 4.024644792079925537e-01 -1.168861910700798035e-01 -1.109041571617126465e-01 -2.468126678466796875e+01 0.000000000000000000e+00 -1.021655928343534470e-02 0.000000000000000000e+00 5.000000000000000000e+01 0.000000000000000000e+00
4.526671469211578369e-01 4.024644792079925537e-01 -1.168861910700798035e-01 -1.109041571617126465e-01 -2.468126678466796875e+01 0.000000000000000000e+00 -1.021655928343534470e-02 0.000000000000000000e+00 5.000000000000000000e+01 0.000000000000000000e+00
4.526671469211578369e-01 4.024644792079925537e-01 -1.168861910700798035e-01 -1.109041571617126465e-01 -2.468126678466796875e+01 0.000000000000000000e+00 -1.021655928343534470e-02 0.000000000000000000e+00 5.000000000000000000e+01 0.000000000000000000e+00
4.526671469211578369e-01 4.024644792079925537e-01 -1.168861910700798035e-01 -1.109041571617126465e-01 -2.468126678466796875e+01 0.000000000000000000e+00 -1.021655928343534470e-02 0.000000000000000000e+00 5.000000000000000000e+01 0.000000000000000000e+00
4.526671469211578369e-01 4.024644792079925537e-01 -1.168861910700798035e-01 -1.109041571617126465e-01 -2.468126678466796875e+01 0.000000000000000000e+00 -1.021655928343534470e-02 0.000000000000000000e+00 5.000000000000000000e+01 0.000000000000000000e+00
4.526671469211578369e-01 4.024644792079925537e-01 -1.168861910700798035e-01 -1.109041571617126465e-01 -2.468126678466796875e+01 0.000000000000000000e+00 -1.021655928343534470e-02 0.000000000000000000e+00 5.000000000000000000e+01 0.000000000000000000e+00
