4.512161016464233398e-01 3.405539691448211670e-01 -2.594662308692932129e-01 -2.452530711889266968e-01 -9.445597839355468750e+01 -6.831539916992187500e+01 -3.909908980131149292e-02 -9.049876779317855835e-02 2.780000000000000000e+02 2.280000000000000000e+02
4.512161016464233398e-01 3.480774462223052979e-01 -2.413989901542663574e-01 -2.285792827606201172e-01 -8.781737518310546875e+01 -6.167678833007812500e+01 -3.635111078619956970e-02 -8.170446753501892090e-02 2.670000000000000000e+02 2.170000000000000000e+02
4.512161016464233398e-01 3.541115224361419678e-01 -2.276607453823089600e-01 -2.152063697576522827e-01 -8.307816314697265625e+01 -5.693758010864257812e+01 -3.438936173915863037e-02 -7.542634010314941406e-02 2.590000000000000000e+02 2.090000000000000000e+02
4.512161016464233398e-01 3.606550097465515137e-01 -2.114637494087219238e-01 -2.007044702768325806e-01 -7.935528564453125000e+01 -5.321470260620117188e+01 -3.284831345081329346e-02 -7.049456983804702759e-02 2.520000000000000000e+02 2.020000000000000000e+02
4.512161016464233398e-01 3.622454702854156494e-01 -2.082025110721588135e-01 -1.971796452999114990e-01 -7.763005828857421875e+01 -5.148947143554687500e+01 -3.213417157530784607e-02 -6.820912659168243408e-02 2.480000000000000000e+02 1.980000000000000000e+02
4.512161016464233398e-01 3.679756522178649902e-01 -1.942994892597198486e-01 -1.844802349805831909e-01 -7.469670104980468750e+01 -4.855610656738281250e+01 -3.091993927955627441e-02 -6.432323902845382690e-02 2.420000000000000000e+02 1.920000000000000000e+02
4.512161016464233398e-01 3.700305521488189697e-01 -1.901325583457946777e-01 -1.799260973930358887e-01 -7.258300018310546875e+01 -4.644241333007812500e+01 -3.004499524831771851e-02 -6.152318790555000305e-02 2.380000000000000000e+02 1.880000000000000000e+02
4.512161016464233398e-01 3.730390965938568115e-01 -1.840849518775939941e-01 -1.732584536075592041e-01 -7.055947875976562500e+01 -4.441889572143554688e+01 -2.920737862586975098e-02 -5.884259194135665894e-02 2.320000000000000000e+02 1.820000000000000000e+02
4.512161016464233398e-01 3.720433413982391357e-01 -1.863589435815811157e-01 -1.754652857780456543e-01 -6.963908386230468750e+01 -4.349849319458007812e+01 -2.882638946175575256e-02 -5.762331560254096985e-02 2.290000000000000000e+02 1.790000000000000000e+02
4.512161016464233398e-01 3.744288980960845947e-01 -1.813299655914306641e-01 -1.701783388853073120e-01 -6.836285400390625000e+01 -4.222227096557617188e+01 -2.829810790717601776e-02 -5.593268200755119324e-02 2.260000000000000000e+02 1.760000000000000000e+02
4.512161016464233398e-01 3.785249292850494385e-01 -1.719263046979904175e-01 -1.611005663871765137e-01 -6.616156005859375000e+01 -4.002097320556640625e+01 -2.738690562546253204e-02 -5.301657691597938538e-02 2.210000000000000000e+02 1.710000000000000000e+02
4.512161016464233398e-01 3.884737193584442139e-01 -1.505790650844573975e-01 -1.390517354011535645e-01 -5.808274841308593750e+01 -3.194216728210449219e+01 -2.404276281595230103e-02 -4.231442138552665710e-02 2.020000000000000000e+02 1.520000000000000000e+02
4.512161016464233398e-01 3.911298215389251709e-01 -1.459010541439056396e-01 -1.331651955842971802e-01 -5.289612197875976562e+01 -2.675553894042968750e+01 -2.189581096172332764e-02 -3.544359281659126282e-02 1.880000000000000000e+02 1.380000000000000000e+02
4.512161016464233398e-01 3.812145590782165527e-01 -1.656653583049774170e-01 -1.551397293806076050e-01 -4.792744445800781250e+01 -2.178686141967773438e+01 -1.983907818794250488e-02 -2.886148728430271149e-02 1.700000000000000000e+02 1.200000000000000000e+02
4.512161016464233398e-01 3.838165998458862305e-01 -1.593495905399322510e-01 -1.493729948997497559e-01 -4.600930786132812500e+01 -1.986872673034667969e+01 -1.904508471488952637e-02 -2.632049657404422760e-02 1.610000000000000000e+02 1.110000000000000000e+02
4.512161016464233398e-01 3.852542936801910400e-01 -1.563109606504440308e-01 -1.461867392063140869e-01 -4.476293945312500000e+01 -1.862235641479492188e+01 -1.852916367352008820e-02 -2.466940507292747498e-02 1.540000000000000000e+02 1.040000000000000000e+02
4.512161016464233398e-01 3.799091875553131104e-01 -1.667247861623764038e-01 -1.580327302217483521e-01 -4.244596099853515625e+01 -1.630537414550781250e+01 -1.757007464766502380e-02 -2.160005271434783936e-02 1.440000000000000000e+02 9.400000000000000000e+01
4.512161016464233398e-01 3.808706700801849365e-01 -1.641870439052581787e-01 -1.559018641710281372e-01 -4.156007385253906250e+01 -1.541948795318603516e+01 -1.720337010920047760e-02 -2.042650245130062103e-02 1.390000000000000000e+02 8.900000000000000000e+01
4.512161016464233398e-01 3.808830082416534424e-01 -1.639351248741149902e-01 -1.558745205402374268e-01 -4.050660705566406250e+01 -1.436602210998535156e+01 -1.676729880273342133e-02 -1.903095468878746033e-02 1.320000000000000000e+02 8.200000000000000000e+01
4.512161016464233398e-01 3.817300200462341309e-01 -1.624821573495864868e-01 -1.539973467588424683e-01 -3.862812042236328125e+01 -1.248753738403320312e+01 -1.598971709609031677e-02 -1.654248870909214020e-02 1.260000000000000000e+02 7.600000000000000000e+01
4.512161016464233398e-01 3.893104195594787598e-01 -1.477150470018386841e-01 -1.371974200010299683e-01 -3.424688720703125000e+01 -8.106303215026855469e+00 -1.417615078389644623e-02 -1.073858048766851425e-02 1.010000000000000000e+02 5.100000000000000000e+01
4.512161016464233398e-01 3.949632048606872559e-01 -1.358532756567001343e-01 -1.246695220470428467e-01 -3.187715339660644531e+01 -5.736570835113525391e+00 -1.319522317498922348e-02 -7.599349133670330048e-03 9.100000000000000000e+01 4.100000000000000000e+01
4.512161016464233398e-01 4.001020789146423340e-01 -1.241849511861801147e-01 -1.132805794477462769e-01 -3.108536529541015625e+01 -4.944779872894287109e+00 -1.286747120320796967e-02 -6.550448015332221985e-03 8.600000000000000000e+01 3.600000000000000000e+01
4.512161016464233398e-01 4.284101724624633789e-01 -6.509204953908920288e-02 -5.054325237870216370e-02 -2.957218170166015625e+01 -3.431596994400024414e+00 -1.224110368639230728e-02 -4.545904695987701416e-03 7.800000000000000000e+01 2.800000000000000000e+01
4.512161016464233398e-01 4.233748614788055420e-01 -7.617221027612686157e-02 -6.170267611742019653e-02 -2.914677047729492188e+01 -3.006184101104736328e+00 -1.206500921398401260e-02 -3.982351627200841904e-03 7.300000000000000000e+01 2.300000000000000000e+01
4.512161016464233398e-01 4.198904037475585938e-01 -8.317063003778457642e-02 -6.942504644393920898e-02 -2.814783287048339844e+01 -2.007247209548950195e+00 -1.165150944143533707e-02 -2.659040270373225212e-03 6.900000000000000000e+01 1.900000000000000000e+01
4.512161016464233398e-01 4.146069288253784180e-01 -9.512049704790115356e-02 -8.113445341587066650e-02 -2.798674392700195312e+01 -1.846158504486083984e+00 -1.158482767641544342e-02 -2.445642836391925812e-03 6.800000000000000000e+01 1.800000000000000000e+01
4.512161016464233398e-01 4.236821532249450684e-01 -7.589993625879287720e-02 -6.102164462208747864e-02 -2.765977287292480469e+01 -1.519189357757568359e+00 -1.144948136061429977e-02 -2.012500306591391563e-03 6.600000000000000000e+01 1.600000000000000000e+01
4.512161016464233398e-01 4.267984628677368164e-01 -6.878463923931121826e-02 -5.411517620086669922e-02 -2.741766738891601562e+01 -1.277082681655883789e+00 -1.134926453232765198e-02 -1.691776793450117111e-03 6.400000000000000000e+01 1.400000000000000000e+01
4.512161016464233398e-01 4.206951856613159180e-01 -8.060507476329803467e-02 -6.764145940542221069e-02 -2.663156890869140625e+01 -4.909860491752624512e-01 -1.102386694401502609e-02 -6.504189805127680302e-04 5.600000000000000000e+01 6.000000000000000000e+00
4.512161016464233398e-01 4.047805666923522949e-01 -1.128933057188987732e-01 -1.029119640588760376e-01 -2.627529525756835938e+01 -1.347116827964782715e-01 -1.087639108300209045e-02 -1.784552441677078605e-04 5.300000000000000000e+01 3.000000000000000000e+00
4.512161016464233398e-01 3.992033302783966064e-01 -1.243285164237022400e-01 -1.152724176645278931e-01 -2.623316192626953125e+01 -9.257853031158447266e-02 -1.085895020514726639e-02 -1.226406166097149253e-04 5.200000000000000000e+01 2.000000000000000000e+00
4.512161016464233398e-01 3.998395800590515137e-01 -1.229253187775611877e-01 -1.138623431324958801e-01 -2.619085693359375000e+01 -5.027461051940917969e-02 -1.084143854677677155e-02 -6.659977225353941321e-05 5.100000000000000000e+01 1.000000000000000000e+00
4.512161016464233398e-01 3.998395800590515137e-01 -1.229253187775611877e-01 -1.138623431324958801e-01 -2.619085693359375000e+01 -5.027461051940917969e-02 -1.084143854677677155e-02 -6.659977225353941321e-05 5.100000000000000000e+01 1.000000000000000000e+00
4.512161016464233398e-01 3.998395800590515137e-01 -1.229253187775611877e-01 -1.138623431324958801e-01 -2.619085693359375000e+01 -5.027461051940917969e-02 -1.084143854677677155e-02 -6.659977225353941321e-05 5.100000000000000000e+01 1.000000000000000000e+00
4.512161016464233398e-01 3.972586691379547119e-01 -1.278558820486068726e-01 -1.195822432637214661e-01 -2.614058303833007812e+01 0.000000000000000000e+00 -1.082062814384698868e-02 0.000000000000000000e+00 5.000000000000000000e+01 0.000000000000000000e+00
4.512161016464233398e-01 3.972586691379547119e-01 -1.278558820486068726e-01 -1.195822432637214661e-01 -2.614058303833007812e+01 0.000000000000000000e+00 -1.082062814384698868e-02 0.000000000000000000e+00 5.000000000000000000e+01 0.000000000000000000e+00
4.512161016464233398e-01 3.972586691379547119e-01 -1.278558820486068726e-01 -1.195822432637214661e-01 -2.614058303833007812e+01 0.000000000000000000e+00 -1.082062814384698868e-02 0.000000000000000000e+00 5.000000000000000000e+01 0.000000000000000000e+00
4.512161016464233398e-01 3.972586691379547119e-01 -1.278558820486068726e-01 -1.195822432637214661e-01 -2.614058303833007812e+01 0.000000000000000000e+00 -1.082062814384698868e-02 0.000000000000000000e+00 5.000000000000000000e+01 0.000000000000000000e+00
4.512161016464233398e-01 3.972586691379547119e-01 -1.278558820486068726e-01 -1.195822432637214661e-01 -2.614058303833007812e+01 0.000000000000000000e+00 -1.082062814384698868e-02 0.000000000000000000e+00 5.000000000000000000e+01 0.000000000000000000e+00
4.512161016464233398e-01 3.972586691379547119e-01 -1.278558820486068726e-01 -1.195822432637214661e-01 -2.614058303833007812e+01 0.000000000000000000e+00 -1.082062814384698868e-02 0.000000000000000000e+00 5.000000000000000000e+01 0.000000000000000000e+00
4.512161016464233398e-01 3.972586691379547119e-01 -1.278558820486068726e-01 -1.195822432637214661e-01 -2.614058303833007812e+01 0.000000000000000000e+00 -1.082062814384698868e-02 0.000000000000000000e+00 5.000000000000000000e+01 0.000000000000000000e+00
4.512161016464233398e-01 3.972586691379547119e-01 -1.278558820486068726e-01 -1.195822432637214661e-01 -2.614058303833007812e+01 0.000000000000000000e+00 -1.082062814384698868e-02 0.000000000000000000e+00 5.000000000000000000e+01 0.000000000000000000e+00
4.512161016464233398e-01 3.972586691379547119e-01 -1.278558820486068726e-01 -1.195822432637214661e-01 -2.614058303833007812e+01 0.000000000000000000e+00 -1.082062814384698868e-02 0.000000000000000000e+00 5.000000000000000000e+01 0.000000000000000000e+00
4.512161016464233398e-01 3.972586691379547119e-01 -1.278558820486068726e-01 -1.195822432637214661e-01 -2.614058303833007812e+01 0.000000000000000000e+00 -1.082062814384698868e-02 0.000000000000000000e+00 5.000000000000000000e+01 0.000000000000000000e+00
4.512161016464233398e-01 3.972586691379547119e-01 -1.278558820486068726e-01 -1.195822432637214661e-01 -2.614058303833007812e+01 0.000000000000000000e+00 -1.082062814384698868e-02 0.000000000000000000e+00 5.000000000000000000e+01 0.000000000000000000e+00
4.512161016464233398e-01 3.972586691379547119e-01 -1.278558820486068726e-01 -1.195822432637214661e-01 -2.614058303833007812e+01 0.000000000000000000e+00 -1.082062814384698868e-02 0.000000000000000000e+00 5.000000000000000000e+01 0.000000000000000000e+00
4.512161016464233398e-01 3.972586691379547119e-01 -1.278558820486068726e-01 -1.195822432637214661e-01 -2.614058303833007812e+01 0.000000000000000000e+00 -1.082062814384698868e-02 0.000000000000000000e+00 5.000000000000000000e+01 0.000000000000000000e+00
4.512161016464233398e-01 3.972586691379547119e-01 -1.278558820486068726e-01 -1.195822432637214661e-01 -2.614058303833007812e+01 0.000000000000000000e+00 -1.082062814384698868e-02 0.000000000000000000e+00 5.000000000000000000e+01 0.000000000000000000e+00
4.512161016464233398e-01 3.972586691379547119e-01 -1.278558820486068726e-01 -1.195822432637214661e-01 -2.614058303833007812e+01 0.000000000000000000e+00 -1.082062814384698868e-02 0.000000000000000000e+00 5.000000000000000000e+01 0.000000000000000000e+00
4.512161016464233398e-01 3.972586691379547119e-01 -1.278558820486068726e-01 -1.195822432637214661e-01 -2.614058303833007812e+01 0.000000000000000000e+00 -1.082062814384698868e-02 0.000000000000000000e+00 5.000000000000000000e+01 0.000000000000000000e+00
4.512161016464233398e-01 3.972586691379547119e-01 -1.278558820486068726e-01 -1.195822432637214661e-01 -2.614058303833007812e+01 0.000000000000000000e+00 -1.082062814384698868e-02 0.000000000000000000e+00 5.000000000000000000e+01 0.000000000000000000e+00
4.512161016464233398e-01 3.972586691379547119e-01 -1.278558820486068726e-01 -1.195822432637214661e-01 -2.614058303833007812e+01 0.000000000000000000e+00 -1.082062814384698868e-02 0.000000000000000000e+00 5.000000000000000000e+01 0.000000000000000000e+00
4.512161016464233398e-01 3.972586691379547119e-01 -1.278558820486068726e-01 -1.195822432637214661e-01 -2.614058303833007812e+01 0.000000000000000000e+00 -1.082062814384698868e-02 0.000000000000000000e+00 5.000000000000000000e+01 0.000000000000000000e+00
4.512161016464233398e-01 3.972586691379547119e-01 -1.278558820486068726e-01 -1.195822432637214661e-01 -2.614058303833007812e+01 0.000000000000000000e+00 -1.082062814384698868e-02 0.000000000000000000e+00 5.000000000000000000e+01 0.000000000000000000e+00
4.512161016464233398e-01 3.972586691379547119e-01 -1.278558820486068726e-01 -1.195822432637214661e-01 -2.614058303833007812e+01 0.000000000000000000e+00 -1.082062814384698868e-02 0.000000000000000000e+00 5.000000000000000000e+01 0.000000000000000000e+00
4.512161016464233398e-01 3.972586691379547119e-01 -1.278558820486068726e-01 -1.195822432637214661e-01 -2.614058303833007812e+01 0.000000000000000000e+00 -1.082062814384698868e-02 0.000000000000000000e+00 5.000000000000000000e+01 0.000000000000000000e+00
4.512161016464233398e-01 3.972586691379547119e-01 -1.278558820486068726e-01 -1.195822432637214661e-01 -2.614058303833007812e+01 0.000000000000000000e+00 -1.082062814384698868e-02 0.000000000000000000e+00 5.000000000000000000e+01 0.000000000000000000e+00
4.512161016464233398e-01 3.972586691379547119e-01 -1.278558820486068726e-01 -1.195822432637214661e-01 -2.614058303833007812e+01 0.000000000000000000e+00 -1.082062814384698868e-02 0.000000000000000000e+00 5.000000000000000000e+01 0.000000000000000000e+00
4.512161016464233398e-01 3.972586691379547119e-01 -1.278558820486068726e-01 -1.195822432637214661e-01 -2.614058303833007812e+01 0.000000000000000000e+00 -1.082062814384698868e-02 0.000000000000000000e+00 5.000000000000000000e+01 0.000000000000000000e+00
4.512161016464233398e-01 3.972586691379547119e-01 -1.278558820486068726e-01 -1.195822432637214661e-01 -2.614058303833007812e+01 0.000000000000000000e+00 -1.082062814384698868e-02 0.000000000000000000e+00 5.000000000000000000e+01 0.000000000000000000e+00
4.512161016464233398e-01 3.972586691379547119e-01 -1.278558820486068726e-01 -1.195822432637214661e-01 -2.614058303833007812e+01 0.000000000000000000e+00 -1.082062814384698868e-02 0.000000000000000000e+00 5.000000000000000000e+01 0.000000000000000000e+00
4.512161016464233398e-01 3.972586691379547119e-01 -1.278558820486068726e-01 -1.195822432637214661e-01 -2.614058303833007812e+01 0.000000000000000000e+00 -1.082062814384698868e-02 0.000000000000000000e+00 5.000000000000000000e+01 0.000000000000000000e+00
4.512161016464233398e-01 3.972586691379547119e-01 -1.278558820486068726e-01 -1.195822432637214661e-01 -2.614058303833007812e+01 0.000000000000000000e+00 -1.082062814384698868e-02 0.000000000000000000e+00 5.000000000000000000e+01 0.000000000000000000e+00
4.512161016464233398e-01 3.972586691379547119e-01 -1.278558820486068726e-01 -1.195822432637214661e-01 -2.614058303833007812e+01 0.000000000000000000e+00 -1.082062814384698868e-02 0.000000000000000000e+00 5.000000000000000000e+01 0.000000000000000000e+00
4.512161016464233398e-01 3.972586691379547119e-01 -1.278558820486068726e-01 -1.195822432637214661e-01 -2.614058303833007812e+01 0.000000000000000000e+00 -1.082062814384698868e-02 0.000000000000000000e+00 5.000000000000000000e+01 0.000000000000000000e+00
4.512161016464233398e-01 3.972586691379547119e-01 -1.278558820486068726e-01 -1.195822432637214661e-01 -2.614058303833007812e+01 0.000000000000000000e+00 -1.082062814384698868e-02 0.000000000000000000e+00 5.000000000000000000e+01 0.000000000000000000e+00
4.512161016464233398e-01 3.972586691379547119e-01 -1.278558820486068726e-01 -1.195822432637214661e-01 -2.614058303833007812e+01 0.000000000000000000e+00 -1.082062814384698868e-02 0.000000000000000000e+00 5.000000000000000000e+01 0.000000000000000000e+00
4.512161016464233398e-01 3.972586691379547119e-01 -1.278558820486068726e-01 -1.195822432637214661e-01 -2.614058303833007812e+01 0.000000000000000000e+00 -1.082062814384698868e-02 0.000000000000000000e+00 5.000000000000000000e+01 0.000000000000000000e+00
4.512161016464233398e-01 3.972586691379547119e-01 -1.278558820486068726e-01 -1.195822432637214661e-01 -2.614058303833007812e+01 0.000000000000000000e+00 -1.082062814384698868e-02 0.000000000000000000e+00 5.000000000000000000e+01 0.000000000000000000e+00
4.512161016464233398e-01 3.972586691379547119e-01 -1.278558820486068726e-01 -1.195822432637214661e-01 -2.614058303833007812e+01 0.000000000000000000e+00 -1.082062814384698868e-02 0.000000000000000000e+00 5.000000000000000000e+01 0.000000000000000000e+00
4.512161016464233398e-01 3.972586691379547119e-01 -1.278558820486068726e-01 -1.195822432637214661e-01 -2.614058303833007812e+01 0.000000000000000000e+00 -1.082062814384698868e-02 0.000000000000000000e+00 5.000000000000000000e+01 0.000000000000000000e+00
4.512161016464233398e-01 3.972586691379547119e-01 -1.278558820486068726e-01 -1.195822432637214661e-01 -2.614058303833007812e+01 0.000000000000000000e+00 -1.082062814384698868e-02 0.000000000000000000e+00 5.000000000000000000e+01 0.000000000000000000e+00
4.512161016464233398e-01 3.972586691379547119e-01 -1.278558820486068726e-01 -1.195822432637214661e-01 -2.614058303833007812e+01 0.000000000000000000e+00 -1.082062814384698868e-02 0.000000000000000000e+00 5.000000000000000000e+01 0.000000000000000000e+00
4.512161016464233398e-01 3.972586691379547119e-01 -1.278558820486068726e-01 -1.195822432637214661e-01 -2.614058303833007812e+01 0.000000000000000000e+00 -1.082062814384698868e-02 0.000000000000000000e+00 5.000000000000000000e+01 0.000000000000000000e+00
4.512161016464233398e-01 3.972586691379547119e-01 -1.278558820486068726e-01 -1.195822432637214661e-01 -2.614058303833007812e+01 0.000000000000000000e+00 -1.082062814384698868e-02 0.000000000000000000e+00 5.000000000000000000e+01 0.000000000000000000e+00
4.512161016464233398e-01 3.972586691379547119e-01 -1.278558820486068726e-01 -1.195822432637214661e-01 -2.614058303833007812e+01 0.000000000000000000e+00 -1.082062814384698868e-02 0.000000000000000000e+00 5.000000000000000000e+01 0.000000000000000000e+00
4.512161016464233398e-01 3.972586691379547119e-01 -1.278558820486068726e-01 -1.195822432637214661e-01 -2.614058303833007812e+01 0.000000000000000000e+00 -1.082062814384698868e-02 0.000000000000000000e+00 5.000000000000000000e+01 0.000000000000000000e+00
4.512161016464233398e-01 3.972586691379547119e-01 -1.278558820486068726e-01 -1.195822432637214661e-01 -2.614058303833007812e+01 0.000000000000000000e+00 -1.082062814384698868e-02 0.000000000000000000e+00 5.000000000000000000e+01 0.000000000000000000e+00
4.512161016464233398e-01 3.972586691379547119e-01 -1.278558820486068726e-01 -1.195822432637214661e-01 -2.614058303833007812e+01 0.000000000000000000e+00 -1.082062814384698868e-02 0.000000000000000000e+00 5.000000000000000000e+01 0.000000000000000000e+00
4.512161016464233398e-01 3.972586691379547119e-01 -1.278558820486068726e-01 -1.195822432637214661e-01 -2.614058303833007812e+01 0.000000000000000000e+00 -1.082062814384698868e-02 0.000000000000000000e+00 5.000000000000000000e+01 0.000000000000000000e+00
4.512161016464233398e-01 3.972586691379547119e-01 -1.278558820486068726e-01 -1.195822432637214661e-01 -2.614058303833007812e+01 0.000000000000000000e+00 -1.082062814384698868e-02 0.000000000000000000e+00 5.000000000000000000e+01 0.000000000000000000e+00
4.512161016464233398e-01 3.972586691379547119e-01 -1.278558820486068726e-01 -1.195822432637214661e-01 -2.614058303833007812e+01 0.000000000000000000e+00 -1.082062814384698868e-02 0.000000000000000000e+00 5.000000000000000000e+01 0.000000000000000000e+00
4.512161016464233398e-01 3.972586691379547119e-01 -1.278558820486068726e-01 -1.195822432637214661e-01 -2.614058303833007812e+01 0.000000000000000000e+00 -1.082062814384698868e-02 0.000000000000000000e+00 5.000000000000000000e+01 0.000000000000000000e+00
4.512161016464233398e-01 3.972586691379547119e-01 -1.278558820486068726e-01 -1.195822432637214661e-01 -2.614058303833007812e+01 0.000000000000000000e+00 -1.082062814384698868e-02 0.000000000000000000e+00 5.000000000000000000e+01 0.000000000000000000e+00
4.512161016464233398e-01 3.972586691379547119e-01 -1.278558820486068726e-01 -1.195822432637214661e-01 -2.614058303833007812e+01 0.000000000000000000e+00 -1.082062814384698868e-02 0.000000000000000000e+00 5.000000000000000000e+01 0.000000000000000000e+00
4.512161016464233398e-01 3.972586691379547119e-01 -1.278558820486068726e-01 -1.195822432637214661e-01 -2.614058303833007812e+01 0.000000000000000000e+00 -1.082062814384698868e-02 0.000000000000000000e+00 5.000000000000000000e+01 0.000000000000000000e+00
4.512161016464233398e-01 3.972586691379547119e-01 -1.278558820486068726e-01 -1.195822432637214661e-01 -2.614058303833007812e+01 0.000000000000000000e+00 -1.082062814384698868e-02 0.000000000000000000e+00 5.000000000000000000e+01 0.000000000000000000e+00
4.512161016464233398e-01 3.972586691379547119e-01 -1.278558820486068726e-01 -1.195822432637214661e-01 -2.614058303833007812e+01 0.000000000000000000e+00 -1.082062814384698868e-02 0.000000000000000000e+00 5.000000000000000000e+01 0.000000000000000000e+00
4.512161016464233398e-01 3.972586691379547119e-01 -1.278558820486068726e-01 -1.195822432637214661e-01 -2.614058303833007812e+01 0.000000000000000000e+00 -1.082062814384698868e-02 0.000000000000000000e+00 5.000000000000000000e+01 0.000000000000000000e+00
4.512161016464233398e-01 3.972586691379547119e-01 -1.278558820486068726e-01 -1.195822432637214661e-01 -2.614058303833007812e+01 0.000000000000000000e+00 -1.082062814384698868e-02 0.000000000000000000e+00 5.000000000000000000e+01 0.000000000000000000e+00
