4.386653304100036621e-01 3.621918261051177979e-01 -1.761611849069595337e-01 -1.743322312831878662e-01 -3.970214080810546875e+01 -2.467647552490234375e+00 -1.643429696559906006e-02 -2.779615577310323715e-03 5.800000000000000000e+01 8.000000000000000000e+00
4.386653304100036621e-01 3.621918261051177979e-01 -1.761611849069595337e-01 -1.743322312831878662e-01 -3.970214080810546875e+01 -2.467647552490234375e+00 -1.643429696559906006e-02 -2.779615577310323715e-03 5.800000000000000000e+01 8.000000000000000000e+00
4.386653304100036621e-01 3.625283241271972656e-01 -1.759130805730819702e-01 -1.735651344060897827e-01 -3.923894882202148438e+01 -2.004452943801879883e+00 -1.624256372451782227e-02 -2.257862361147999763e-03 5.600000000000000000e+01 6.000000000000000000e+00
4.386653304100036621e-01 3.625283241271972656e-01 -1.759130805730819702e-01 -1.735651344060897827e-01 -3.923894882202148438e+01 -2.004452943801879883e+00 -1.624256372451782227e-02 -2.257862361147999763e-03 5.600000000000000000e+01 6.000000000000000000e+00
4.386653304100036621e-01 3.633118271827697754e-01 -1.738808751106262207e-01 -1.717790216207504272e-01 -3.918326950073242188e+01 -1.948773741722106934e+00 -1.621951535344123840e-02 -2.195144072175025940e-03 5.500000000000000000e+01 5.000000000000000000e+00
4.386653304100036621e-01 3.633118271827697754e-01 -1.738808751106262207e-01 -1.717790216207504272e-01 -3.918326950073242188e+01 -1.948773741722106934e+00 -1.621951535344123840e-02 -2.195144072175025940e-03 5.500000000000000000e+01 5.000000000000000000e+00
4.386653304100036621e-01 3.633118271827697754e-01 -1.738808751106262207e-01 -1.717790216207504272e-01 -3.918326950073242188e+01 -1.948773741722106934e+00 -1.621951535344123840e-02 -2.195144072175025940e-03 5.500000000000000000e+01 5.000000000000000000e+00
4.386653304100036621e-01 3.633118271827697754e-01 -1.738808751106262207e-01 -1.717790216207504272e-01 -3.918326950073242188e+01 -1.948773741722106934e+00 -1.621951535344123840e-02 -2.195144072175025940e-03 5.500000000000000000e+01 5.000000000000000000e+00
4.386653304100036621e-01 3.633118271827697754e-01 -1.738808751106262207e-01 -1.717790216207504272e-01 -3.918326950073242188e+01 -1.948773741722106934e+00 -1.621951535344123840e-02 -2.195144072175025940e-03 5.500000000000000000e+01 5.000000000000000000e+00
4.386653304100036621e-01 3.633118271827697754e-01 -1.738808751106262207e-01 -1.717790216207504272e-01 -3.918326950073242188e+01 -1.948773741722106934e+00 -1.621951535344123840e-02 -2.195144072175025940e-03 5.500000000000000000e+01 5.000000000000000000e+00
4.386653304100036621e-01 3.633118271827697754e-01 -1.738808751106262207e-01 -1.717790216207504272e-01 -3.918326950073242188e+01 -1.948773741722106934e+00 -1.621951535344123840e-02 -2.195144072175025940e-03 5.500000000000000000e+01 5.000000000000000000e+00
4.386653304100036621e-01 3.639590442180633545e-01 -1.721939444541931152e-01 -1.703035980463027954e-01 -3.900495147705078125e+01 -1.770456075668334961e+00 -1.614570245146751404e-02 -1.994282938539981842e-03 5.400000000000000000e+01 4.000000000000000000e+00
4.386653304100036621e-01 3.661119043827056885e-01 -1.664166599512100220e-01 -1.653958559036254883e-01 -3.819885253906250000e+01 -9.643539190292358398e-01 -1.581202633678913116e-02 -1.086270669475197792e-03 5.300000000000000000e+01 3.000000000000000000e+00
4.386653304100036621e-01 3.661119043827056885e-01 -1.664166599512100220e-01 -1.653958559036254883e-01 -3.819885253906250000e+01 -9.643539190292358398e-01 -1.581202633678913116e-02 -1.086270669475197792e-03 5.300000000000000000e+01 3.000000000000000000e+00
4.386653304100036621e-01 3.711476325988769531e-01 -1.536956876516342163e-01 -1.539161950349807739e-01 -3.746386337280273438e+01 -2.293658256530761719e-01 -1.550778560340404510e-02 -2.583629975561052561e-04 5.200000000000000000e+01 2.000000000000000000e+00
4.386653304100036621e-01 3.711476325988769531e-01 -1.536956876516342163e-01 -1.539161950349807739e-01 -3.746386337280273438e+01 -2.293658256530761719e-01 -1.550778560340404510e-02 -2.583629975561052561e-04 5.200000000000000000e+01 2.000000000000000000e+00
4.386653304100036621e-01 3.711476325988769531e-01 -1.536956876516342163e-01 -1.539161950349807739e-01 -3.746386337280273438e+01 -2.293658256530761719e-01 -1.550778560340404510e-02 -2.583629975561052561e-04 5.200000000000000000e+01 2.000000000000000000e+00
4.386653304100036621e-01 3.711476325988769531e-01 -1.536956876516342163e-01 -1.539161950349807739e-01 -3.746386337280273438e+01 -2.293658256530761719e-01 -1.550778560340404510e-02 -2.583629975561052561e-04 5.200000000000000000e+01 2.000000000000000000e+00
4.386653304100036621e-01 3.713439106941223145e-01 -1.533002108335494995e-01 -1.534687429666519165e-01 -3.727746200561523438e+01 -4.296576976776123047e-02 -1.543062645941972733e-02 -4.839764369535259902e-05 5.100000000000000000e+01 1.000000000000000000e+00
4.386653304100036621e-01 3.713439106941223145e-01 -1.533002108335494995e-01 -1.534687429666519165e-01 -3.727746200561523438e+01 -4.296576976776123047e-02 -1.543062645941972733e-02 -4.839764369535259902e-05 5.100000000000000000e+01 1.000000000000000000e+00
4.386653304100036621e-01 3.713439106941223145e-01 -1.533002108335494995e-01 -1.534687429666519165e-01 -3.727746200561523438e+01 -4.296576976776123047e-02 -1.543062645941972733e-02 -4.839764369535259902e-05 5.100000000000000000e+01 1.000000000000000000e+00
4.386653304100036621e-01 3.713439106941223145e-01 -1.533002108335494995e-01 -1.534687429666519165e-01 -3.727746200561523438e+01 -4.296576976776123047e-02 -1.543062645941972733e-02 -4.839764369535259902e-05 5.100000000000000000e+01 1.000000000000000000e+00
4.386653304100036621e-01 3.702479600906372070e-01 -1.555088758468627930e-01 -1.559671312570571899e-01 -3.723449707031250000e+01 0.000000000000000000e+00 -1.541284099221229553e-02 0.000000000000000000e+00 5.000000000000000000e+01 0.000000000000000000e+00
4.386653304100036621e-01 3.702479600906372070e-01 -1.555088758468627930e-01 -1.559671312570571899e-01 -3.723449707031250000e+01 0.000000000000000000e+00 -1.541284099221229553e-02 0.000000000000000000e+00 5.000000000000000000e+01 0.000000000000000000e+00
4.386653304100036621e-01 3.702479600906372070e-01 -1.555088758468627930e-01 -1.559671312570571899e-01 -3.723449707031250000e+01 0.000000000000000000e+00 -1.541284099221229553e-02 0.000000000000000000e+00 5.000000000000000000e+01 0.000000000000000000e+00
4.386653304100036621e-01 3.702479600906372070e-01 -1.555088758468627930e-01 -1.559671312570571899e-01 -3.723449707031250000e+01 0.000000000000000000e+00 -1.541284099221229553e-02 0.000000000000000000e+00 5.000000000000000000e+01 0.000000000000000000e+00
4.386653304100036621e-01 3.702479600906372070e-01 -1.555088758468627930e-01 -1.559671312570571899e-01 -3.723449707031250000e+01 0.000000000000000000e+00 -1.541284099221229553e-02 0.000000000000000000e+00 5.000000000000000000e+01 0.000000000000000000e+00
4.386653304100036621e-01 3.702479600906372070e-01 -1.555088758468627930e-01 -1.559671312570571899e-01 -3.723449707031250000e+01 0.000000000000000000e+00 -1.541284099221229553e-02 0.000000000000000000e+00 5.000000000000000000e+01 0.000000000000000000e+00
4.386653304100036621e-01 3.702479600906372070e-01 -1.555088758468627930e-01 -1.559671312570571899e-01 -3.723449707031250000e+01 0.000000000000000000e+00 -1.541284099221229553e-02 0.000000000000000000e+00 5.000000000000000000e+01 0.000000000000000000e+00
4.386653304100036621e-01 3.702479600906372070e-01 -1.555088758468627930e-01 -1.559671312570571899e-01 -3.723449707031250000e+01 0.000000000000000000e+00 -1.541284099221229553e-02 0.000000000000000000e+00 5.000000000000000000e+01 0.000000000000000000e+00
4.386653304100036621e-01 3.702479600906372070e-01 -1.555088758468627930e-01 -1.559671312570571899e-01 -3.723449707031250000e+01 0.000000000000000000e+00 -1.541284099221229553e-02 0.000000000000000000e+00 5.000000000000000000e+01 0.000000000000000000e+00
4.386653304100036621e-01 3.702479600906372070e-01 -1.555088758468627930e-01 -1.559671312570571899e-01 -3.723449707031250000e+01 0.000000000000000000e+00 -1.541284099221229553e-02 0.000000000000000000e+00 5.000000000000000000e+01 0.000000000000000000e+00
4.386653304100036621e-01 3.702479600906372070e-01 -1.555088758468627930e-01 -1.559671312570571899e-01 -3.723449707031250000e+01 0.000000000000000000e+00 -1.541284099221229553e-02 0.000000000000000000e+00 5.000000000000000000e+01 0.000000000000000000e+00
4.386653304100036621e-01 3.702479600906372070e-01 -1.555088758468627930e-01 -1.559671312570571899e-01 -3.723449707031250000e+01 0.000000000000000000e+00 -1.541284099221229553e-02 0.000000000000000000e+00 5.000000000000000000e+01 0.000000000000000000e+00
4.386653304100036621e-01 3.702479600906372070e-01 -1.555088758468627930e-01 -1.559671312570571899e-01 -3.723449707031250000e+01 0.000000000000000000e+00 -1.541284099221229553e-02 0.000000000000000000e+00 5.000000000000000000e+01 0.000000000000000000e+00
4.386653304100036621e-01 3.702479600906372070e-01 -1.555088758468627930e-01 -1.559671312570571899e-01 -3.723449707031250000e+01 0.000000000000000000e+00 -1.541284099221229553e-02 0.000000000000000000e+00 5.000000000000000000e+01 0.000000000000000000e+00
4.386653304100036621e-01 3.702479600906372070e-01 -1.555088758468627930e-01 -1.559671312570571899e-01 -3.723449707031250000e+01 0.000000000000000000e+00 -1.541284099221229553e-02 0.000000000000000000e+00 5.000000000000000000e+01 0.000000000000000000e+00
4.386653304100036621e-01 3.702479600906372070e-01 -1.555088758468627930e-01 -1.559671312570571899e-01 -3.723449707031250000e+01 0.000000000000000000e+00 -1.541284099221229553e-02 0.000000000000000000e+00 5.000000000000000000e+01 0.000000000000000000e+00
4.386653304100036621e-01 3.702479600906372070e-01 -1.555088758468627930e-01 -1.559671312570571899e-01 -3.723449707031250000e+01 0.000000000000000000e+00 -1.541284099221229553e-02 0.000000000000000000e+00 5.000000000000000000e+01 0.000000000000000000e+00
4.386653304100036621e-01 3.702479600906372070e-01 -1.555088758468627930e-01 -1.559671312570571899e-01 -3.723449707031250000e+01 0.000000000000000000e+00 -1.541284099221229553e-02 0.000000000000000000e+00 5.000000000000000000e+01 0.000000000000000000e+00
4.386653304100036621e-01 3.702479600906372070e-01 -1.555088758468627930e-01 -1.559671312570571899e-01 -3.723449707031250000e+01 0.000000000000000000e+00 -1.541284099221229553e-02 0.000000000000000000e+00 5.000000000000000000e+01 0.000000000000000000e+00
4.386653304100036621e-01 3.702479600906372070e-01 -1.555088758468627930e-01 -1.559671312570571899e-01 -3.723449707031250000e+01 0.000000000000000000e+00 -1.541284099221229553e-02 0.000000000000000000e+00 5.000000000000000000e+01 0.000000000000000000e+00
4.386653304100036621e-01 3.702479600906372070e-01 -1.555088758468627930e-01 -1.559671312570571899e-01 -3.723449707031250000e+01 0.000000000000000000e+00 -1.541284099221229553e-02 0.000000000000000000e+00 5.000000000000000000e+01 0.000000000000000000e+00
4.386653304100036621e-01 3.702479600906372070e-01 -1.555088758468627930e-01 -1.559671312570571899e-01 -3.723449707031250000e+01 0.000000000000000000e+00 -1.541284099221229553e-02 0.000000000000000000e+00 5.000000000000000000e+01 0.000000000000000000e+00
4.386653304100036621e-01 3.702479600906372070e-01 -1.555088758468627930e-01 -1.559671312570571899e-01 -3.723449707031250000e+01 0.000000000000000000e+00 -1.541284099221229553e-02 0.000000000000000000e+00 5.000000000000000000e+01 0.000000000000000000e+00
4.386653304100036621e-01 3.702479600906372070e-01 -1.555088758468627930e-01 -1.559671312570571899e-01 -3.723449707031250000e+01 0.000000000000000000e+00 -1.541284099221229553e-02 0.000000000000000000e+00 5.000000000000000000e+01 0.000000000000000000e+00
4.386653304100036621e-01 3.702479600906372070e-01 -1.555088758468627930e-01 -1.559671312570571899e-01 -3.723449707031250000e+01 0.000000000000000000e+00 -1.541284099221229553e-02 0.000000000000000000e+00 5.000000000000000000e+01 0.000000000000000000e+00
4.386653304100036621e-01 3.702479600906372070e-01 -1.555088758468627930e-01 -1.559671312570571899e-01 -3.723449707031250000e+01 0.000000000000000000e+00 -1.541284099221229553e-02 0.000000000000000000e+00 5.000000000000000000e+01 0.000000000000000000e+00
4.386653304100036621e-01 3.702479600906372070e-01 -1.555088758468627930e-01 -1.559671312570571899e-01 -3.723449707031250000e+01 0.000000000000000000e+00 -1.541284099221229553e-02 0.000000000000000000e+00 5.000000000000000000e+01 0.000000000000000000e+00
4.386653304100036621e-01 3.702479600906372070e-01 -1.555088758468627930e-01 -1.559671312570571899e-01 -3.723449707031250000e+01 0.000000000000000000e+00 -1.541284099221229553e-02 0.000000000000000000e+00 5.000000000000000000e+01 0.000000000000000000e+00
4.386653304100036621e-01 3.702479600906372070e-01 -1.555088758468627930e-01 -1.559671312570571899e-01 -3.723449707031250000e+01 0.000000000000000000e+00 -1.541284099221229553e-02 0.000000000000000000e+00 5.000000000000000000e+01 0.000000000000000000e+00
4.386653304100036621e-01 3.702479600906372070e-01 -1.555088758468627930e-01 -1.559671312570571899e-01 -3.723449707031250000e+01 0.000000000000000000e+00 -1.541284099221229553e-02 0.000000000000000000e+00 5.000000000000000000e+01 0.000000000000000000e+00
4.386653304100036621e-01 3.702479600906372070e-01 -1.555088758468627930e-01 -1.559671312570571899e-01 -3.723449707031250000e+01 0.000000000000000000e+00 -1.541284099221229553e-02 0.000000000000000000e+00 5.000000000000000000e+01 0.000000000000000000e+00
4.386653304100036621e-01 3.702479600906372070e-01 -1.555088758468627930e-01 -1.559671312570571899e-01 -3.723449707031250000e+01 0.000000000000000000e+00 -1.541284099221229553e-02 0.000000000000000000e+00 5.000000000000000000e+01 0.000000000000000000e+00
4.386653304100036621e-01 3.702479600906372070e-01 -1.555088758468627930e-01 -1.559671312570571899e-01 -3.723449707031250000e+01 0.000000000000000000e+00 -1.541284099221229553e-02 0.000000000000000000e+00 5.000000000000000000e+01 0.000000000000000000e+00
4.386653304100036621e-01 3.702479600906372070e-01 -1.555088758468627930e-01 -1.559671312570571899e-01 -3.723449707031250000e+01 0.000000000000000000e+00 -1.541284099221229553e-02 0.000000000000000000e+00 5.000000000000000000e+01 0.000000000000000000e+00
4.386653304100036621e-01 3.702479600906372070e-01 -1.555088758468627930e-01 -1.559671312570571899e-01 -3.723449707031250000e+01 0.000000000000000000e+00 -1.541284099221229553e-02 0.000000000000000000e+00 5.000000000000000000e+01 0.000000000000000000e+00
4.386653304100036621e-01 3.702479600906372070e-01 -1.555088758468627930e-01 -1.559671312570571899e-01 -3.723449707031250000e+01 0.000000000000000000e+00 -1.541284099221229553e-02 0.000000000000000000e+00 5.000000000000000000e+01 0.000000000000000000e+00
4.386653304100036621e-01 3.702479600906372070e-01 -1.555088758468627930e-01 -1.559671312570571899e-01 -3.723449707031250000e+01 0.000000000000000000e+00 -1.541284099221229553e-02 0.000000000000000000e+00 5.000000000000000000e+01 0.000000000000000000e+00
4.386653304100036621e-01 3.702479600906372070e-01 -1.555088758468627930e-01 -1.559671312570571899e-01 -3.723449707031250000e+01 0.000000000000000000e+00 -1.541284099221229553e-02 0.000000000000000000e+00 5.000000000000000000e+01 0.000000000000000000e+00
4.386653304100036621e-01 3.702479600906372070e-01 -1.555088758468627930e-01 -1.559671312570571899e-01 -3.723449707031250000e+01 0.000000000000000000e+00 -1.541284099221229553e-02 0.000000000000000000e+00 5.000000000000000000e+01 0.000000000000000000e+00
4.386653304100036621e-01 3.702479600906372070e-01 -1.555088758468627930e-01 -1.559671312570571899e-01 -3.723449707031250000e+01 0.000000000000000000e+00 -1.541284099221229553e-02 0.000000000000000000e+00 5.000000000000000000e+01 0.000000000000000000e+00
4.386653304100036621e-01 3.702479600906372070e-01 -1.555088758468627930e-01 -1.559671312570571899e-01 -3.723449707031250000e+01 0.000000000000000000e+00 -1.541284099221229553e-02 0.000000000000000000e+00 5.000000000000000000e+01 0.000000000000000000e+00
4.386653304100036621e-01 3.702479600906372070e-01 -1.555088758468627930e-01 -1.559671312570571899e-01 -3.723449707031250000e+01 0.000000000000000000e+00 -1.541284099221229553e-02 0.000000000000000000e+00 5.000000000000000000e+01 0.000000000000000000e+00
4.386653304100036621e-01 3.702479600906372070e-01 -1.555088758468627930e-01 -1.559671312570571899e-01 -3.723449707031250000e+01 0.000000000000000000e+00 -1.541284099221229553e-02 0.000000000000000000e+00 5.000000000000000000e+01 0.000000000000000000e+00
4.386653304100036621e-01 3.702479600906372070e-01 -1.555088758468627930e-01 -1.559671312570571899e-01 -3.723449707031250000e+01 0.000000000000000000e+00 -1.541284099221229553e-02 0.000000000000000000e+00 5.000000000000000000e+01 0.000000000000000000e+00
4.386653304100036621e-01 3.702479600906372070e-01 -1.555088758468627930e-01 -1.559671312570571899e-01 -3.723449707031250000e+01 0.000000000000000000e+00 -1.541284099221229553e-02 0.000000000000000000e+00 5.000000000000000000e+01 0.000000000000000000e+00
4.386653304100036621e-01 3.702479600906372070e-01 -1.555088758468627930e-01 -1.559671312570571899e-01 -3.723449707031250000e+01 0.000000000000000000e+00 -1.541284099221229553e-02 0.000000000000000000e+00 5.000000000000000000e+01 0.000000000000000000e+00
4.386653304100036621e-01 3.702479600906372070e-01 -1.555088758468627930e-01 -1.559671312570571899e-01 -3.723449707031250000e+01 0.000000000000000000e+00 -1.541284099221229553e-02 0.000000000000000000e+00 5.000000000000000000e+01 0.000000000000000000e+00
4.386653304100036621e-01 3.702479600906372070e-01 -1.555088758468627930e-01 -1.559671312570571899e-01 -3.723449707031250000e+01 0.000000000000000000e+00 -1.541284099221229553e-02 0.000000000000000000e+00 5.000000000000000000e+01 0.000000000000000000e+00
4.386653304100036621e-01 3.702479600906372070e-01 -1.555088758468627930e-01 -1.559671312570571899e-01 -3.723449707031250000e+01 0.000000000000000000e+00 -1.541284099221229553e-02 0.000000000000000000e+00 5.000000000000000000e+01 0.000000000000000000e+00
4.386653304100036621e-01 3.702479600906372070e-01 -1.555088758468627930e-01 -1.559671312570571899e-01 -3.723449707031250000e+01 0.000000000000000000e+00 -1.541284099221229553e-02 0.000000000000000000e+00 5.000000000000000000e+01 0.000000000000000000e+00
4.386653304100036621e-01 3.702479600906372070e-01 -1.555088758468627930e-01 -1.559671312570571899e-01 -3.723449707031250000e+01 0.000000000000000000e+00 -1.541284099221229553e-02 0.000000000000000000e+00 5.000000000000000000e+01 0.000000000000000000e+00
4.386653304100036621e-01 3.702479600906372070e-01 -1.555088758468627930e-01 -1.559671312570571899e-01 -3.723449707031250000e+01 0.000000000000000000e+00 -1.541284099221229553e-02 0.000000000000000000e+00 5.000000000000000000e+01 0.000000000000000000e+00
4.386653304100036621e-01 3.702479600906372070e-01 -1.555088758468627930e-01 -1.559671312570571899e-01 -3.723449707031250000e+01 0.000000000000000000e+00 -1.541284099221229553e-02 0.000000000000000000e+00 5.000000000000000000e+01 0.000000000000000000e+00
4.386653304100036621e-01 3.702479600906372070e-01 -1.555088758468627930e-01 -1.559671312570571899e-01 -3.723449707031250000e+01 0.000000000000000000e+00 -1.541284099221229553e-02 0.000000000000000000e+00 5.000000000000000000e+01 0.000000000000000000e+00
4.386653304100036621e-01 3.702479600906372070e-01 -1.555088758468627930e-01 -1.559671312570571899e-01 -3.723449707031250000e+01 0.000000000000000000e+00 -1.541284099221229553e-02 0.000000000000000000e+00 5.000000000000000000e+01 0.000000000000000000e+00
4.386653304100036621e-01 3.702479600906372070e-01 -1.555088758468627930e-01 -1.559671312570571899e-01 -3.723449707031250000e+01 0.000000000000000000e+00 -1.541284099221229553e-02 0.000000000000000000e+00 5.000000000000000000e+01 0.000000000000000000e+00
4.386653304100036621e-01 3.702479600906372070e-01 -1.555088758468627930e-01 -1.559671312570571899e-01 -3.723449707031250000e+01 0.000000000000000000e+00 -1.541284099221229553e-02 0.000000000000000000e+00 5.000000000000000000e+01 0.000000000000000000e+00
4.386653304100036621e-01 3.702479600906372070e-01 -1.555088758468627930e-01 -1.559671312570571899e-01 -3.723449707031250000e+01 0.000000000000000000e+00 -1.541284099221229553e-02 0.000000000000000000e+00 5.000000000000000000e+01 0.000000000000000000e+00
4.386653304100036621e-01 3.702479600906372070e-01 -1.555088758468627930e-01 -1.559671312570571899e-01 -3.723449707031250000e+01 0.000000000000000000e+00 -1.541284099221229553e-02 0.000000000000000000e+00 5.000000000000000000e+01 0.000000000000000000e+00
4.386653304100036621e-01 3.702479600906372070e-01 -1.555088758468627930e-01 -1.559671312570571899e-01 -3.723449707031250000e+01 0.000000000000000000e+00 -1.541284099221229553e-02 0.000000000000000000e+00 5.000000000000000000e+01 0.000000000000000000e+00
4.386653304100036621e-01 3.702479600906372070e-01 -1.555088758468627930e-01 -1.559671312570571899e-01 -3.723449707031250000e+01 0.000000000000000000e+00 -1.541284099221229553e-02 0.000000000000000000e+00 5.000000000000000000e+01 0.000000000000000000e+00
4.386653304100036621e-01 3.702479600906372070e-01 -1.555088758468627930e-01 -1.559671312570571899e-01 -3.723449707031250000e+01 0.000000000000000000e+00 -1.541284099221229553e-02 0.000000000000000000e+00 5.000000000000000000e+01 0.000000000000000000e+00
4.386653304100036621e-01 3.702479600906372070e-01 -1.555088758468627930e-01 -1.559671312570571899e-01 -3.723449707031250000e+01 0.000000000000000000e+00 -1.541284099221229553e-02 0.000000000000000000e+00 5.000000000000000000e+01 0.000000000000000000e+00
4.386653304100036621e-01 3.702479600906372070e-01 -1.555088758468627930e-01 -1.559671312570571899e-01 -3.723449707031250000e+01 0.000000000000000000e+00 -1.541284099221229553e-02 0.000000000000000000e+00 5.000000000000000000e+01 0.000000000000000000e+00
4.386653304100036621e-01 3.702479600906372070e-01 -1.555088758468627930e-01 -1.559671312570571899e-01 -3.723449707031250000e+01 0.000000000000000000e+00 -1.541284099221229553e-02 0.000000000000000000e+00 5.000000000000000000e+01 0.000000000000000000e+00
4.386653304100036621e-01 3.702479600906372070e-01 -1.555088758468627930e-01 -1.559671312570571899e-01 -3.723449707031250000e+01 0.000000000000000000e+00 -1.541284099221229553e-02 0.000000000000000000e+00 5.000000000000000000e+01 0.000000000000000000e+00
4.386653304100036621e-01 3.702479600906372070e-01 -1.555088758468627930e-01 -1.559671312570571899e-01 -3.723449707031250000e+01 0.000000000000000000e+00 -1.541284099221229553e-02 0.000000000000000000e+00 5.000000000000000000e+01 0.000000000000000000e+00
4.386653304100036621e-01 3.702479600906372070e-01 -1.555088758468627930e-01 -1.559671312570571899e-01 -3.723449707031250000e+01 0.000000000000000000e+00 -1.541284099221229553e-02 0.000000000000000000e+00 5.000000000000000000e+01 0.000000000000000000e+00
4.386653304100036621e-01 3.702479600906372070e-01 -1.555088758468627930e-01 -1.559671312570571899e-01 -3.723449707031250000e+01 0.000000000000000000e+00 -1.541284099221229553e-02 0.000000000000000000e+00 5.000000000000000000e+01 0.000000000000000000e+00
