4.320927262306213379e-01 3.019093573093414307e-01 -2.990815639495849609e-01 -3.012857139110565186e-01 -3.848590087890625000e+01 -2.831739664077758789e+00 -1.593084633350372314e-02 -2.556788735091686249e-03 6.100000000000000000e+01 1.100000000000000000e+01
4.320927262306213379e-01 3.076239824295043945e-01 -2.844505608081817627e-01 -2.880602478981018066e-01 -3.708094787597656250e+01 -1.426784753799438477e+00 -1.534928102046251297e-02 -1.288249506615102291e-03 5.600000000000000000e+01 6.000000000000000000e+00
4.320927262306213379e-01 3.076239824295043945e-01 -2.844505608081817627e-01 -2.880602478981018066e-01 -3.708094787597656250e+01 -1.426784753799438477e+00 -1.534928102046251297e-02 -1.288249506615102291e-03 5.600000000000000000e+01 6.000000000000000000e+00
4.320927262306213379e-01 3.076239824295043945e-01 -2.844505608081817627e-01 -2.880602478981018066e-01 -3.708094787597656250e+01 -1.426784753799438477e+00 -1.534928102046251297e-02 -1.288249506615102291e-03 5.600000000000000000e+01 6.000000000000000000e+00
4.320927262306213379e-01 3.076239824295043945e-01 -2.844505608081817627e-01 -2.880602478981018066e-01 -3.708094787597656250e+01 -1.426784753799438477e+00 -1.534928102046251297e-02 -1.288249506615102291e-03 5.600000000000000000e+01 6.000000000000000000e+00
4.320927262306213379e-01 3.121354579925537109e-01 -2.739910483360290527e-01 -2.776192724704742432e-01 -3.660157394409179688e+01 -9.474126100540161133e-01 -1.515084877610206604e-02 -8.554225205443799496e-04 5.400000000000000000e+01 4.000000000000000000e+00
4.320927262306213379e-01 3.138983845710754395e-01 -2.697763741016387939e-01 -2.735393047332763672e-01 -3.627291870117187500e+01 -6.187600493431091309e-01 -1.501480583101511002e-02 -5.586808547377586365e-04 5.200000000000000000e+01 2.000000000000000000e+00
4.320927262306213379e-01 3.138984143733978271e-01 -2.697763741016387939e-01 -2.735392451286315918e-01 -3.627291870117187500e+01 -6.187600493431091309e-01 -1.501480583101511002e-02 -5.586808547377586365e-04 5.200000000000000000e+01 2.000000000000000000e+00
4.320927262306213379e-01 3.163252472877502441e-01 -2.646105587482452393e-01 -2.679227590560913086e-01 -3.576789855957031250e+01 -1.137403845787048340e-01 -1.480575744062662125e-02 -1.026966347126290202e-04 5.100000000000000000e+01 1.000000000000000000e+00
4.320927262306213379e-01 3.163252472877502441e-01 -2.646105587482452393e-01 -2.679227590560913086e-01 -3.576789855957031250e+01 -1.137403845787048340e-01 -1.480575744062662125e-02 -1.026966347126290202e-04 5.100000000000000000e+01 1.000000000000000000e+00
4.320927262306213379e-01 3.163252472877502441e-01 -2.646105587482452393e-01 -2.679227590560913086e-01 -3.576789855957031250e+01 -1.137403845787048340e-01 -1.480575744062662125e-02 -1.026966347126290202e-04 5.100000000000000000e+01 1.000000000000000000e+00
4.320927262306213379e-01 3.163252472877502441e-01 -2.646105587482452393e-01 -2.679227590560913086e-01 -3.576789855957031250e+01 -1.137403845787048340e-01 -1.480575744062662125e-02 -1.026966347126290202e-04 5.100000000000000000e+01 1.000000000000000000e+00
4.320927262306213379e-01 3.163252472877502441e-01 -2.646105587482452393e-01 -2.679227590560913086e-01 -3.576789855957031250e+01 -1.137403845787048340e-01 -1.480575744062662125e-02 -1.026966347126290202e-04 5.100000000000000000e+01 1.000000000000000000e+00
4.320927262306213379e-01 3.163252472877502441e-01 -2.646105587482452393e-01 -2.679227590560913086e-01 -3.576789855957031250e+01 -1.137403845787048340e-01 -1.480575744062662125e-02 -1.026966347126290202e-04 5.100000000000000000e+01 1.000000000000000000e+00
4.320927262306213379e-01 3.163252472877502441e-01 -2.646105587482452393e-01 -2.679227590560913086e-01 -3.576789855957031250e+01 -1.137403845787048340e-01 -1.480575744062662125e-02 -1.026966347126290202e-04 5.100000000000000000e+01 1.000000000000000000e+00
4.320927262306213379e-01 3.163252472877502441e-01 -2.646105587482452393e-01 -2.679227590560913086e-01 -3.576789855957031250e+01 -1.137403845787048340e-01 -1.480575744062662125e-02 -1.026966347126290202e-04 5.100000000000000000e+01 1.000000000000000000e+00
4.320927262306213379e-01 3.163252472877502441e-01 -2.646105587482452393e-01 -2.679227590560913086e-01 -3.576789855957031250e+01 -1.137403845787048340e-01 -1.480575744062662125e-02 -1.026966347126290202e-04 5.100000000000000000e+01 1.000000000000000000e+00
4.320927262306213379e-01 3.163252472877502441e-01 -2.646105587482452393e-01 -2.679227590560913086e-01 -3.576789855957031250e+01 -1.137403845787048340e-01 -1.480575744062662125e-02 -1.026966347126290202e-04 5.100000000000000000e+01 1.000000000000000000e+00
4.320927262306213379e-01 3.163252472877502441e-01 -2.646105587482452393e-01 -2.679227590560913086e-01 -3.576789855957031250e+01 -1.137403845787048340e-01 -1.480575744062662125e-02 -1.026966347126290202e-04 5.100000000000000000e+01 1.000000000000000000e+00
4.320927262306213379e-01 3.163252472877502441e-01 -2.646105587482452393e-01 -2.679227590560913086e-01 -3.576789855957031250e+01 -1.137403845787048340e-01 -1.480575744062662125e-02 -1.026966347126290202e-04 5.100000000000000000e+01 1.000000000000000000e+00
4.320927262306213379e-01 3.154844343662261963e-01 -2.667860388755798340e-01 -2.698686718940734863e-01 -3.565415954589843750e+01 0.000000000000000000e+00 -1.475867629051208496e-02 0.000000000000000000e+00 5.000000000000000000e+01 0.000000000000000000e+00
4.320927262306213379e-01 3.154844343662261963e-01 -2.667860388755798340e-01 -2.698686718940734863e-01 -3.565415954589843750e+01 0.000000000000000000e+00 -1.475867629051208496e-02 0.000000000000000000e+00 5.000000000000000000e+01 0.000000000000000000e+00
4.320927262306213379e-01 3.154844343662261963e-01 -2.667860388755798340e-01 -2.698686718940734863e-01 -3.565415954589843750e+01 0.000000000000000000e+00 -1.475867629051208496e-02 0.000000000000000000e+00 5.000000000000000000e+01 0.000000000000000000e+00
4.320927262306213379e-01 3.154844343662261963e-01 -2.667860388755798340e-01 -2.698686718940734863e-01 -3.565415954589843750e+01 0.000000000000000000e+00 -1.475867629051208496e-02 0.000000000000000000e+00 5.000000000000000000e+01 0.000000000000000000e+00
4.320927262306213379e-01 3.154844343662261963e-01 -2.667860388755798340e-01 -2.698686718940734863e-01 -3.565415954589843750e+01 0.000000000000000000e+00 -1.475867629051208496e-02 0.000000000000000000e+00 5.000000000000000000e+01 0.000000000000000000e+00
4.320927262306213379e-01 3.154844343662261963e-01 -2.667860388755798340e-01 -2.698686718940734863e-01 -3.565415954589843750e+01 0.000000000000000000e+00 -1.475867629051208496e-02 0.000000000000000000e+00 5.000000000000000000e+01 0.000000000000000000e+00
4.320927262306213379e-01 3.154844343662261963e-01 -2.667860388755798340e-01 -2.698686718940734863e-01 -3.565415954589843750e+01 0.000000000000000000e+00 -1.475867629051208496e-02 0.000000000000000000e+00 5.000000000000000000e+01 0.000000000000000000e+00
4.320927262306213379e-01 3.154844343662261963e-01 -2.667860388755798340e-01 -2.698686718940734863e-01 -3.565415954589843750e+01 0.000000000000000000e+00 -1.475867629051208496e-02 0.000000000000000000e+00 5.000000000000000000e+01 0.000000000000000000e+00
4.320927262306213379e-01 3.154844343662261963e-01 -2.667860388755798340e-01 -2.698686718940734863e-01 -3.565415954589843750e+01 0.000000000000000000e+00 -1.475867629051208496e-02 0.000000000000000000e+00 5.000000000000000000e+01 0.000000000000000000e+00
4.320927262306213379e-01 3.154844343662261963e-01 -2.667860388755798340e-01 -2.698686718940734863e-01 -3.565415954589843750e+01 0.000000000000000000e+00 -1.475867629051208496e-02 0.000000000000000000e+00 5.000000000000000000e+01 0.000000000000000000e+00
4.320927262306213379e-01 3.154844343662261963e-01 -2.667860388755798340e-01 -2.698686718940734863e-01 -3.565415954589843750e+01 0.000000000000000000e+00 -1.475867629051208496e-02 0.000000000000000000e+00 5.000000000000000000e+01 0.000000000000000000e+00
4.320927262306213379e-01 3.154844343662261963e-01 -2.667860388755798340e-01 -2.698686718940734863e-01 -3.565415954589843750e+01 0.000000000000000000e+00 -1.475867629051208496e-02 0.000000000000000000e+00 5.000000000000000000e+01 0.000000000000000000e+00
4.320927262306213379e-01 3.154844343662261963e-01 -2.667860388755798340e-01 -2.698686718940734863e-01 -3.565415954589843750e+01 0.000000000000000000e+00 -1.475867629051208496e-02 0.000000000000000000e+00 5.000000000000000000e+01 0.000000000000000000e+00
4.320927262306213379e-01 3.154844343662261963e-01 -2.667860388755798340e-01 -2.698686718940734863e-01 -3.565415954589843750e+01 0.000000000000000000e+00 -1.475867629051208496e-02 0.000000000000000000e+00 5.000000000000000000e+01 0.000000000000000000e+00
4.320927262306213379e-01 3.154844343662261963e-01 -2.667860388755798340e-01 -2.698686718940734863e-01 -3.565415954589843750e+01 0.000000000000000000e+00 -1.475867629051208496e-02 0.000000000000000000e+00 5.000000000000000000e+01 0.000000000000000000e+00
4.320927262306213379e-01 3.154844343662261963e-01 -2.667860388755798340e-01 -2.698686718940734863e-01 -3.565415954589843750e+01 0.000000000000000000e+00 -1.475867629051208496e-02 0.000000000000000000e+00 5.000000000000000000e+01 0.000000000000000000e+00
4.320927262306213379e-01 3.154844343662261963e-01 -2.667860388755798340e-01 -2.698686718940734863e-01 -3.565415954589843750e+01 0.000000000000000000e+00 -1.475867629051208496e-02 0.000000000000000000e+00 5.000000000000000000e+01 0.000000000000000000e+00
4.320927262306213379e-01 3.154844343662261963e-01 -2.667860388755798340e-01 -2.698686718940734863e-01 -3.565415954589843750e+01 0.000000000000000000e+00 -1.475867629051208496e-02 0.000000000000000000e+00 5.000000000000000000e+01 0.000000000000000000e+00
4.320927262306213379e-01 3.154844343662261963e-01 -2.667860388755798340e-01 -2.698686718940734863e-01 -3.565415954589843750e+01 0.000000000000000000e+00 -1.475867629051208496e-02 0.000000000000000000e+00 5.000000000000000000e+01 0.000000000000000000e+00
4.320927262306213379e-01 3.154844343662261963e-01 -2.667860388755798340e-01 -2.698686718940734863e-01 -3.565415954589843750e+01 0.000000000000000000e+00 -1.475867629051208496e-02 0.000000000000000000e+00 5.000000000000000000e+01 0.000000000000000000e+00
4.320927262306213379e-01 3.154844343662261963e-01 -2.667860388755798340e-01 -2.698686718940734863e-01 -3.565415954589843750e+01 0.000000000000000000e+00 -1.475867629051208496e-02 0.000000000000000000e+00 5.000000000000000000e+01 0.000000000000000000e+00
4.320927262306213379e-01 3.154844343662261963e-01 -2.667860388755798340e-01 -2.698686718940734863e-01 -3.565415954589843750e+01 0.000000000000000000e+00 -1.475867629051208496e-02 0.000000000000000000e+00 5.000000000000000000e+01 0.000000000000000000e+00
4.320927262306213379e-01 3.154844343662261963e-01 -2.667860388755798340e-01 -2.698686718940734863e-01 -3.565415954589843750e+01 0.000000000000000000e+00 -1.475867629051208496e-02 0.000000000000000000e+00 5.000000000000000000e+01 0.000000000000000000e+00
4.320927262306213379e-01 3.154844343662261963e-01 -2.667860388755798340e-01 -2.698686718940734863e-01 -3.565415954589843750e+01 0.000000000000000000e+00 -1.475867629051208496e-02 0.000000000000000000e+00 5.000000000000000000e+01 0.000000000000000000e+00
4.320927262306213379e-01 3.154844343662261963e-01 -2.667860388755798340e-01 -2.698686718940734863e-01 -3.565415954589843750e+01 0.000000000000000000e+00 -1.475867629051208496e-02 0.000000000000000000e+00 5.000000000000000000e+01 0.000000000000000000e+00
4.320927262306213379e-01 3.154844343662261963e-01 -2.667860388755798340e-01 -2.698686718940734863e-01 -3.565415954589843750e+01 0.000000000000000000e+00 -1.475867629051208496e-02 0.000000000000000000e+00 5.000000000000000000e+01 0.000000000000000000e+00
4.320927262306213379e-01 3.154844343662261963e-01 -2.667860388755798340e-01 -2.698686718940734863e-01 -3.565415954589843750e+01 0.000000000000000000e+00 -1.475867629051208496e-02 0.000000000000000000e+00 5.000000000000000000e+01 0.000000000000000000e+00
4.320927262306213379e-01 3.154844343662261963e-01 -2.667860388755798340e-01 -2.698686718940734863e-01 -3.565415954589843750e+01 0.000000000000000000e+00 -1.475867629051208496e-02 0.000000000000000000e+00 5.000000000000000000e+01 0.000000000000000000e+00
4.320927262306213379e-01 3.154844343662261963e-01 -2.667860388755798340e-01 -2.698686718940734863e-01 -3.565415954589843750e+01 0.000000000000000000e+00 -1.475867629051208496e-02 0.000000000000000000e+00 5.000000000000000000e+01 0.000000000000000000e+00
4.320927262306213379e-01 3.154844343662261963e-01 -2.667860388755798340e-01 -2.698686718940734863e-01 -3.565415954589843750e+01 0.000000000000000000e+00 -1.475867629051208496e-02 0.000000000000000000e+00 5.000000000000000000e+01 0.000000000000000000e+00
4.320927262306213379e-01 3.154844343662261963e-01 -2.667860388755798340e-01 -2.698686718940734863e-01 -3.565415954589843750e+01 0.000000000000000000e+00 -1.475867629051208496e-02 0.000000000000000000e+00 5.000000000000000000e+01 0.000000000000000000e+00
4.320927262306213379e-01 3.154844343662261963e-01 -2.667860388755798340e-01 -2.698686718940734863e-01 -3.565415954589843750e+01 0.000000000000000000e+00 -1.475867629051208496e-02 0.000000000000000000e+00 5.000000000000000000e+01 0.000000000000000000e+00
4.320927262306213379e-01 3.154844343662261963e-01 -2.667860388755798340e-01 -2.698686718940734863e-01 -3.565415954589843750e+01 0.000000000000000000e+00 -1.475867629051208496e-02 0.000000000000000000e+00 5.000000000000000000e+01 0.000000000000000000e+00
4.320927262306213379e-01 3.154844343662261963e-01 -2.667860388755798340e-01 -2.698686718940734863e-01 -3.565415954589843750e+01 0.000000000000000000e+00 -1.475867629051208496e-02 0.000000000000000000e+00 5.000000000000000000e+01 0.000000000000000000e+00
4.320927262306213379e-01 3.154844343662261963e-01 -2.667860388755798340e-01 -2.698686718940734863e-01 -3.565415954589843750e+01 0.000000000000000000e+00 -1.475867629051208496e-02 0.000000000000000000e+00 5.000000000000000000e+01 0.000000000000000000e+00
4.320927262306213379e-01 3.154844343662261963e-01 -2.667860388755798340e-01 -2.698686718940734863e-01 -3.565415954589843750e+01 0.000000000000000000e+00 -1.475867629051208496e-02 0.000000000000000000e+00 5.000000000000000000e+01 0.000000000000000000e+00
4.320927262306213379e-01 3.154844343662261963e-01 -2.667860388755798340e-01 -2.698686718940734863e-01 -3.565415954589843750e+01 0.000000000000000000e+00 -1.475867629051208496e-02 0.000000000000000000e+00 5.000000000000000000e+01 0.000000000000000000e+00
4.320927262306213379e-01 3.154844343662261963e-01 -2.667860388755798340e-01 -2.698686718940734863e-01 -3.565415954589843750e+01 0.000000000000000000e+00 -1.475867629051208496e-02 0.000000000000000000e+00 5.000000000000000000e+01 0.000000000000000000e+00
4.320927262306213379e-01 3.154844343662261963e-01 -2.667860388755798340e-01 -2.698686718940734863e-01 -3.565415954589843750e+01 0.000000000000000000e+00 -1.475867629051208496e-02 0.000000000000000000e+00 5.000000000000000000e+01 0.000000000000000000e+00
4.320927262306213379e-01 3.154844343662261963e-01 -2.667860388755798340e-01 -2.698686718940734863e-01 -3.565415954589843750e+01 0.000000000000000000e+00 -1.475867629051208496e-02 0.000000000000000000e+00 5.000000000000000000e+01 0.000000000000000000e+00
4.320927262306213379e-01 3.154844343662261963e-01 -2.667860388755798340e-01 -2.698686718940734863e-01 -3.565415954589843750e+01 0.000000000000000000e+00 -1.475867629051208496e-02 0.000000000000000000e+00 5.000000000000000000e+01 0.000000000000000000e+00
4.320927262306213379e-01 3.154844343662261963e-01 -2.667860388755798340e-01 -2.698686718940734863e-01 -3.565415954589843750e+01 0.000000000000000000e+00 -1.475867629051208496e-02 0.000000000000000000e+00 5.000000000000000000e+01 0.000000000000000000e+00
4.320927262306213379e-01 3.154844343662261963e-01 -2.667860388755798340e-01 -2.698686718940734863e-01 -3.565415954589843750e+01 0.000000000000000000e+00 -1.475867629051208496e-02 0.000000000000000000e+00 5.000000000000000000e+01 0.000000000000000000e+00
4.320927262306213379e-01 3.154844343662261963e-01 -2.667860388755798340e-01 -2.698686718940734863e-01 -3.565415954589843750e+01 0.000000000000000000e+00 -1.475867629051208496e-02 0.000000000000000000e+00 5.000000000000000000e+01 0.000000000000000000e+00
4.320927262306213379e-01 3.154844343662261963e-01 -2.667860388755798340e-01 -2.698686718940734863e-01 -3.565415954589843750e+01 0.000000000000000000e+00 -1.475867629051208496e-02 0.000000000000000000e+00 5.000000000000000000e+01 0.000000000000000000e+00
4.320927262306213379e-01 3.154844343662261963e-01 -2.667860388755798340e-01 -2.698686718940734863e-01 -3.565415954589843750e+01 0.000000000000000000e+00 -1.475867629051208496e-02 0.000000000000000000e+00 5.000000000000000000e+01 0.000000000000000000e+00
4.320927262306213379e-01 3.154844343662261963e-01 -2.667860388755798340e-01 -2.698686718940734863e-01 -3.565415954589843750e+01 0.000000000000000000e+00 -1.475867629051208496e-02 0.000000000000000000e+00 5.000000000000000000e+01 0.000000000000000000e+00
4.320927262306213379e-01 3.154844343662261963e-01 -2.667860388755798340e-01 -2.698686718940734863e-01 -3.565415954589843750e+01 0.000000000000000000e+00 -1.475867629051208496e-02 0.000000000000000000e+00 5.000000000000000000e+01 0.000000000000000000e+00
4.320927262306213379e-01 3.154844343662261963e-01 -2.667860388755798340e-01 -2.698686718940734863e-01 -3.565415954589843750e+01 0.000000000000000000e+00 -1.475867629051208496e-02 0.000000000000000000e+00 5.000000000000000000e+01 0.000000000000000000e+00
4.320927262306213379e-01 3.154844343662261963e-01 -2.667860388755798340e-01 -2.698686718940734863e-01 -3.565415954589843750e+01 0.000000000000000000e+00 -1.475867629051208496e-02 0.000000000000000000e+00 5.000000000000000000e+01 0.000000000000000000e+00
4.320927262306213379e-01 3.154844343662261963e-01 -2.667860388755798340e-01 -2.698686718940734863e-01 -3.565415954589843750e+01 0.000000000000000000e+00 -1.475867629051208496e-02 0.000000000000000000e+00 5.000000000000000000e+01 0.000000000000000000e+00
4.320927262306213379e-01 3.154844343662261963e-01 -2.667860388755798340e-01 -2.698686718940734863e-01 -3.565415954589843750e+01 0.000000000000000000e+00 -1.475867629051208496e-02 0.000000000000000000e+00 5.000000000000000000e+01 0.000000000000000000e+00
4.320927262306213379e-01 3.154844343662261963e-01 -2.667860388755798340e-01 -2.698686718940734863e-01 -3.565415954589843750e+01 0.000000000000000000e+00 -1.475867629051208496e-02 0.000000000000000000e+00 5.000000000000000000e+01 0.000000000000000000e+00
4.320927262306213379e-01 3.154844343662261963e-01 -2.667860388755798340e-01 -2.698686718940734863e-01 -3.565415954589843750e+01 0.000000000000000000e+00 -1.475867629051208496e-02 0.000000000000000000e+00 5.000000000000000000e+01 0.000000000000000000e+00
4.320927262306213379e-01 3.154844343662261963e-01 -2.667860388755798340e-01 -2.698686718940734863e-01 -3.565415954589843750e+01 0.000000000000000000e+00 -1.475867629051208496e-02 0.000000000000000000e+00 5.000000000000000000e+01 0.000000000000000000e+00
4.320927262306213379e-01 3.154844343662261963e-01 -2.667860388755798340e-01 -2.698686718940734863e-01 -3.565415954589843750e+01 0.000000000000000000e+00 -1.475867629051208496e-02 0.000000000000000000e+00 5.000000000000000000e+01 0.000000000000000000e+00
4.320927262306213379e-01 3.154844343662261963e-01 -2.667860388755798340e-01 -2.698686718940734863e-01 -3.565415954589843750e+01 0.000000000000000000e+00 -1.475867629051208496e-02 0.000000000000000000e+00 5.000000000000000000e+01 0.000000000000000000e+00
4.320927262306213379e-01 3.154844343662261963e-01 -2.667860388755798340e-01 -2.698686718940734863e-01 -3.565415954589843750e+01 0.000000000000000000e+00 -1.475867629051208496e-02 0.000000000000000000e+00 5.000000000000000000e+01 0.000000000000000000e+00
4.320927262306213379e-01 3.154844343662261963e-01 -2.667860388755798340e-01 -2.698686718940734863e-01 -3.565415954589843750e+01 0.000000000000000000e+00 -1.475867629051208496e-02 0.000000000000000000e+00 5.000000000000000000e+01 0.000000000000000000e+00
4.320927262306213379e-01 3.154844343662261963e-01 -2.667860388755798340e-01 -2.698686718940734863e-01 -3.565415954589843750e+01 0.000000000000000000e+00 -1.475867629051208496e-02 0.000000000000000000e+00 5.000000000000000000e+01 0.000000000000000000e+00
4.320927262306213379e-01 3.154844343662261963e-01 -2.667860388755798340e-01 -2.698686718940734863e-01 -3.565415954589843750e+01 0.000000000000000000e+00 -1.475867629051208496e-02 0.000000000000000000e+00 5.000000000000000000e+01 0.000000000000000000e+00
4.320927262306213379e-01 3.154844343662261963e-01 -2.667860388755798340e-01 -2.698686718940734863e-01 -3.565415954589843750e+01 0.000000000000000000e+00 -1.475867629051208496e-02 0.000000000000000000e+00 5.000000000000000000e+01 0.000000000000000000e+00
4.320927262306213379e-01 3.154844343662261963e-01 -2.667860388755798340e-01 -2.698686718940734863e-01 -3.565415954589843750e+01 0.000000000000000000e+00 -1.475867629051208496e-02 0.000000000000000000e+00 5.000000000000000000e+01 0.000000000000000000e+00
4.320927262306213379e-01 3.154844343662261963e-01 -2.667860388755798340e-01 -2.698686718940734863e-01 -3.565415954589843750e+01 0.000000000000000000e+00 -1.475867629051208496e-02 0.000000000000000000e+00 5.000000000000000000e+01 0.000000000000000000e+00
4.320927262306213379e-01 3.154844343662261963e-01 -2.667860388755798340e-01 -2.698686718940734863e-01 -3.565415954589843750e+01 0.000000000000000000e+00 -1.475867629051208496e-02 0.000000000000000000e+00 5.000000000000000000e+01 0.000000000000000000e+00
4.320927262306213379e-01 3.154844343662261963e-01 -2.667860388755798340e-01 -2.698686718940734863e-01 -3.565415954589843750e+01 0.000000000000000000e+00 -1.475867629051208496e-02 0.000000000000000000e+00 5.000000000000000000e+01 0.000000000000000000e+00
4.320927262306213379e-01 3.154844343662261963e-01 -2.667860388755798340e-01 -2.698686718940734863e-01 -3.565415954589843750e+01 0.000000000000000000e+00 -1.475867629051208496e-02 0.000000000000000000e+00 5.000000000000000000e+01 0.000000000000000000e+00
4.320927262306213379e-01 3.154844343662261963e-01 -2.667860388755798340e-01 -2.698686718940734863e-01 -3.565415954589843750e+01 0.000000000000000000e+00 -1.475867629051208496e-02 0.000000000000000000e+00 5.000000000000000000e+01 0.000000000000000000e+00
4.320927262306213379e-01 3.154844343662261963e-01 -2.667860388755798340e-01 -2.698686718940734863e-01 -3.565415954589843750e+01 0.000000000000000000e+00 -1.475867629051208496e-02 0.000000000000000000e+00 5.000000000000000000e+01 0.000000000000000000e+00
4.320927262306213379e-01 3.154844343662261963e-01 -2.667860388755798340e-01 -2.698686718940734863e-01 -3.565415954589843750e+01 0.000000000000000000e+00 -1.475867629051208496e-02 0.000000000000000000e+00 5.000000000000000000e+01 0.000000000000000000e+00
4.320927262306213379e-01 3.154844343662261963e-01 -2.667860388755798340e-01 -2.698686718940734863e-01 -3.565415954589843750e+01 0.000000000000000000e+00 -1.475867629051208496e-02 0.000000000000000000e+00 5.000000000000000000e+01 0.000000000000000000e+00
