4.759504199028015137e-01 7.426971197128295898e-01 5.542508363723754883e-01 5.604506134986877441e-01 -1.978155517578125000e+02 -1.766940917968750000e+02 -8.188373595476150513e-02 -2.230912148952484131e-01 5.550000000000000000e+02 5.050000000000000000e+02
4.759504199028015137e-01 7.415856122970581055e-01 5.517453551292419434e-01 5.581152439117431641e-01 -1.784541320800781250e+02 -1.573326721191406250e+02 -7.386927306652069092e-02 -1.986457854509353638e-01 5.250000000000000000e+02 4.750000000000000000e+02
4.759504199028015137e-01 7.464785575866699219e-01 5.620670914649963379e-01 5.683956146240234375e-01 -1.686920013427734375e+02 -1.475705261230468750e+02 -6.982833892107009888e-02 -1.863202452659606934e-01 5.080000000000000000e+02 4.580000000000000000e+02
4.759504199028015137e-01 7.539466023445129395e-01 5.778505802154541016e-01 5.840864181518554688e-01 -1.610748596191406250e+02 -1.399533843994140625e+02 -6.667529791593551636e-02 -1.767029613256454468e-01 4.910000000000000000e+02 4.410000000000000000e+02
4.759504199028015137e-01 7.515389323234558105e-01 5.723324418067932129e-01 5.790277719497680664e-01 -1.570095977783203125e+02 -1.358881378173828125e+02 -6.499252468347549438e-02 -1.715702414512634277e-01 4.820000000000000000e+02 4.320000000000000000e+02
4.759504199028015137e-01 7.521829009056091309e-01 5.742119550704956055e-01 5.803807973861694336e-01 -1.463551177978515625e+02 -1.252336578369140625e+02 -6.058221310377120972e-02 -1.581180691719055176e-01 4.600000000000000000e+02 4.100000000000000000e+02
4.759504199028015137e-01 7.544683814048767090e-01 5.803992748260498047e-01 5.851827263832092285e-01 -1.417820434570312500e+02 -1.206605682373046875e+02 -5.868923291563987732e-02 -1.523441523313522339e-01 4.470000000000000000e+02 3.970000000000000000e+02
4.759504199028015137e-01 7.533599138259887695e-01 5.782509446144104004e-01 5.828537940979003906e-01 -1.374191589355468750e+02 -1.162976989746093750e+02 -5.688326433300971985e-02 -1.468356698751449585e-01 4.330000000000000000e+02 3.830000000000000000e+02
4.759504199028015137e-01 7.558361887931823730e-01 5.843068957328796387e-01 5.880565643310546875e-01 -1.320702514648437500e+02 -1.109487838745117188e+02 -5.466913804411888123e-02 -1.400822103023529053e-01 4.220000000000000000e+02 3.720000000000000000e+02
4.759504199028015137e-01 7.586193680763244629e-01 5.911554694175720215e-01 5.939041972160339355e-01 -1.269692840576171875e+02 -1.058478088378906250e+02 -5.255764350295066833e-02 -1.336417943239212036e-01 4.070000000000000000e+02 3.570000000000000000e+02
4.759504199028015137e-01 7.554313540458679199e-01 5.845961570739746094e-01 5.872060060501098633e-01 -1.222792510986328125e+02 -1.011577758789062500e+02 -5.061625316739082336e-02 -1.277202367782592773e-01 3.980000000000000000e+02 3.480000000000000000e+02
4.759504199028015137e-01 7.239317297935485840e-01 5.108078122138977051e-01 5.210233926773071289e-01 -9.270776367187500000e+01 -7.158628845214843750e+01 -3.837543725967407227e-02 -9.038373082876205444e-02 3.110000000000000000e+02 2.610000000000000000e+02
4.759504199028015137e-01 7.156356573104858398e-01 4.953546524047851562e-01 5.035928487777709961e-01 -7.882835388183593750e+01 -5.770687866210937500e+01 -3.263019397854804993e-02 -7.285980880260467529e-02 2.630000000000000000e+02 2.130000000000000000e+02
4.759504199028015137e-01 6.959583163261413574e-01 4.570259749889373779e-01 4.622496068477630615e-01 -6.669072723388671875e+01 -4.556925582885742188e+01 -2.760594896972179413e-02 -5.753503367304801941e-02 2.210000000000000000e+02 1.710000000000000000e+02
4.759504199028015137e-01 6.968743801116943359e-01 4.610885977745056152e-01 4.641743004322052002e-01 -5.874130630493164062e+01 -3.761983489990234375e+01 -2.431536652147769928e-02 -4.749821871519088745e-02 1.950000000000000000e+02 1.450000000000000000e+02
4.759504199028015137e-01 6.868246197700500488e-01 4.393293261528015137e-01 4.430591762065887451e-01 -5.575403976440429688e+01 -3.463256835937500000e+01 -2.307881787419319153e-02 -4.372654110193252563e-02 1.810000000000000000e+02 1.310000000000000000e+02
4.759504199028015137e-01 6.715816259384155273e-01 4.085613489151000977e-01 4.110327363014221191e-01 -5.165206909179687500e+01 -3.053059768676757812e+01 -2.138084918260574341e-02 -3.854745626449584961e-02 1.680000000000000000e+02 1.180000000000000000e+02
4.759504199028015137e-01 6.614619493484497070e-01 3.874667584896087646e-01 3.897707164287567139e-01 -4.758666610717773438e+01 -2.646519851684570312e+01 -1.969801634550094604e-02 -3.341454640030860901e-02 1.510000000000000000e+02 1.010000000000000000e+02
4.759504199028015137e-01 6.410334706306457520e-01 3.402046859264373779e-01 3.468492627143859863e-01 -4.296008300781250000e+01 -2.183861541748046875e+01 -1.778288930654525757e-02 -2.757309563457965851e-02 1.350000000000000000e+02 8.500000000000000000e+01
4.759504199028015137e-01 6.354647278785705566e-01 3.276611268520355225e-01 3.351489901542663574e-01 -4.139151000976562500e+01 -2.027004241943359375e+01 -1.713359542191028595e-02 -2.559264004230499268e-02 1.290000000000000000e+02 7.900000000000000000e+01
4.759504199028015137e-01 5.733785033226013184e-01 1.996565610170364380e-01 2.047021687030792236e-01 -2.995118713378906250e+01 -8.829717636108398438e+00 -1.239798963069915771e-02 -1.114826370030641556e-02 8.600000000000000000e+01 3.600000000000000000e+01
4.759504199028015137e-01 5.437853336334228516e-01 1.356096267700195312e-01 1.425251662731170654e-01 -2.692460250854492188e+01 -5.803133964538574219e+00 -1.114516519010066986e-02 -7.326946593821048737e-03 7.300000000000000000e+01 2.300000000000000000e+01
4.759504199028015137e-01 5.137999057769775391e-01 7.451376318931579590e-02 7.952401041984558105e-02 -2.445424079895019531e+01 -3.332772254943847656e+00 -1.012258417904376984e-02 -4.207906313240528107e-03 6.400000000000000000e+01 1.400000000000000000e+01
4.759504199028015137e-01 5.015357732772827148e-01 4.928766936063766479e-02 5.375634133815765381e-02 -2.334756660461425781e+01 -2.226097583770751953e+00 -9.664488025009632111e-03 -2.810636069625616074e-03 5.800000000000000000e+01 8.000000000000000000e+00
4.759504199028015137e-01 5.010146498680114746e-01 4.822573438286781311e-02 5.266143009066581726e-02 -2.314102172851562500e+01 -2.019553184509277344e+00 -9.578990750014781952e-03 -2.549856435507535934e-03 5.700000000000000000e+01 7.000000000000000000e+00
4.759504199028015137e-01 4.931299388408660889e-01 3.240505233407020569e-02 3.609518706798553467e-02 -2.266942977905273438e+01 -1.547960400581359863e+00 -9.383779950439929962e-03 -1.954430714249610901e-03 5.600000000000000000e+01 6.000000000000000000e+00
4.759504199028015137e-01 4.871285259723663330e-01 2.096968516707420349e-02 2.348586171865463257e-02 -2.225827026367187500e+01 -1.136801958084106445e+00 -9.213584475219249725e-03 -1.435308484360575676e-03 5.400000000000000000e+01 4.000000000000000000e+00
4.759504199028015137e-01 4.870444238185882568e-01 2.080398052930831909e-02 2.330915816128253937e-02 -2.197724914550781250e+01 -8.557805418968200684e-01 -9.097258560359477997e-03 -1.080495188944041729e-03 5.300000000000000000e+01 3.000000000000000000e+00
4.759504199028015137e-01 4.726885557174682617e-01 -7.187812123447656631e-03 -6.853369530290365219e-03 -2.125304794311523438e+01 -1.315785646438598633e-01 -8.797482587397098541e-03 -1.661290443735197186e-04 5.100000000000000000e+01 1.000000000000000000e+00
4.759504199028015137e-01 4.643929302692413330e-01 -2.394255995750427246e-02 -2.428296953439712524e-02 -2.112146759033203125e+01 0.000000000000000000e+00 -8.743016980588436127e-03 0.000000000000000000e+00 5.000000000000000000e+01 0.000000000000000000e+00
4.759504199028015137e-01 4.643929302692413330e-01 -2.394255995750427246e-02 -2.428296953439712524e-02 -2.112146759033203125e+01 0.000000000000000000e+00 -8.743016980588436127e-03 0.000000000000000000e+00 5.000000000000000000e+01 0.000000000000000000e+00
4.759504199028015137e-01 4.643929302692413330e-01 -2.394255995750427246e-02 -2.428296953439712524e-02 -2.112146759033203125e+01 0.000000000000000000e+00 -8.743016980588436127e-03 0.000000000000000000e+00 5.000000000000000000e+01 0.000000000000000000e+00
4.759504199028015137e-01 4.643929302692413330e-01 -2.394255995750427246e-02 -2.428296953439712524e-02 -2.112146759033203125e+01 0.000000000000000000e+00 -8.743016980588436127e-03 0.000000000000000000e+00 5.000000000000000000e+01 0.000000000000000000e+00
4.759504199028015137e-01 4.643929302692413330e-01 -2.394255995750427246e-02 -2.428296953439712524e-02 -2.112146759033203125e+01 0.000000000000000000e+00 -8.743016980588436127e-03 0.000000000000000000e+00 5.000000000000000000e+01 0.000000000000000000e+00
4.759504199028015137e-01 4.643929302692413330e-01 -2.394255995750427246e-02 -2.428296953439712524e-02 -2.112146759033203125e+01 0.000000000000000000e+00 -8.743016980588436127e-03 0.000000000000000000e+00 5.000000000000000000e+01 0.000000000000000000e+00
4.759504199028015137e-01 4.643929302692413330e-01 -2.394255995750427246e-02 -2.428296953439712524e-02 -2.112146759033203125e+01 0.000000000000000000e+00 -8.743016980588436127e-03 0.000000000000000000e+00 5.000000000000000000e+01 0.000000000000000000e+00
4.759504199028015137e-01 4.643929302692413330e-01 -2.394255995750427246e-02 -2.428296953439712524e-02 -2.112146759033203125e+01 0.000000000000000000e+00 -8.743016980588436127e-03 0.000000000000000000e+00 5.000000000000000000e+01 0.000000000000000000e+00
4.759504199028015137e-01 4.643929302692413330e-01 -2.394255995750427246e-02 -2.428296953439712524e-02 -2.112146759033203125e+01 0.000000000000000000e+00 -8.743016980588436127e-03 0.000000000000000000e+00 5.000000000000000000e+01 0.000000000000000000e+00
4.759504199028015137e-01 4.643929302692413330e-01 -2.394255995750427246e-02 -2.428296953439712524e-02 -2.112146759033203125e+01 0.000000000000000000e+00 -8.743016980588436127e-03 0.000000000000000000e+00 5.000000000000000000e+01 0.000000000000000000e+00
4.759504199028015137e-01 4.643929302692413330e-01 -2.394255995750427246e-02 -2.428296953439712524e-02 -2.112146759033203125e+01 0.000000000000000000e+00 -8.743016980588436127e-03 0.000000000000000000e+00 5.000000000000000000e+01 0.000000000000000000e+00
4.759504199028015137e-01 4.643929302692413330e-01 -2.394255995750427246e-02 -2.428296953439712524e-02 -2.112146759033203125e+01 0.000000000000000000e+00 -8.743016980588436127e-03 0.000000000000000000e+00 5.000000000000000000e+01 0.000000000000000000e+00
4.759504199028015137e-01 4.643929302692413330e-01 -2.394255995750427246e-02 -2.428296953439712524e-02 -2.112146759033203125e+01 0.000000000000000000e+00 -8.743016980588436127e-03 0.000000000000000000e+00 5.000000000000000000e+01 0.000000000000000000e+00
4.759504199028015137e-01 4.643929302692413330e-01 -2.394255995750427246e-02 -2.428296953439712524e-02 -2.112146759033203125e+01 0.000000000000000000e+00 -8.743016980588436127e-03 0.000000000000000000e+00 5.000000000000000000e+01 0.000000000000000000e+00
4.759504199028015137e-01 4.643929302692413330e-01 -2.394255995750427246e-02 -2.428296953439712524e-02 -2.112146759033203125e+01 0.000000000000000000e+00 -8.743016980588436127e-03 0.000000000000000000e+00 5.000000000000000000e+01 0.000000000000000000e+00
4.759504199028015137e-01 4.643929302692413330e-01 -2.394255995750427246e-02 -2.428296953439712524e-02 -2.112146759033203125e+01 0.000000000000000000e+00 -8.743016980588436127e-03 0.000000000000000000e+00 5.000000000000000000e+01 0.000000000000000000e+00
4.759504199028015137e-01 4.643929302692413330e-01 -2.394255995750427246e-02 -2.428296953439712524e-02 -2.112146759033203125e+01 0.000000000000000000e+00 -8.743016980588436127e-03 0.000000000000000000e+00 5.000000000000000000e+01 0.000000000000000000e+00
4.759504199028015137e-01 4.643929302692413330e-01 -2.394255995750427246e-02 -2.428296953439712524e-02 -2.112146759033203125e+01 0.000000000000000000e+00 -8.743016980588436127e-03 0.000000000000000000e+00 5.000000000000000000e+01 0.000000000000000000e+00
4.759504199028015137e-01 4.643929302692413330e-01 -2.394255995750427246e-02 -2.428296953439712524e-02 -2.112146759033203125e+01 0.000000000000000000e+00 -8.743016980588436127e-03 0.000000000000000000e+00 5.000000000000000000e+01 0.000000000000000000e+00
4.759504199028015137e-01 4.643929302692413330e-01 -2.394255995750427246e-02 -2.428296953439712524e-02 -2.112146759033203125e+01 0.000000000000000000e+00 -8.743016980588436127e-03 0.000000000000000000e+00 5.000000000000000000e+01 0.000000000000000000e+00
4.759504199028015137e-01 4.643929302692413330e-01 -2.394255995750427246e-02 -2.428296953439712524e-02 -2.112146759033203125e+01 0.000000000000000000e+00 -8.743016980588436127e-03 0.000000000000000000e+00 5.000000000000000000e+01 0.000000000000000000e+00
4.759504199028015137e-01 4.643929302692413330e-01 -2.394255995750427246e-02 -2.428296953439712524e-02 -2.112146759033203125e+01 0.000000000000000000e+00 -8.743016980588436127e-03 0.000000000000000000e+00 5.000000000000000000e+01 0.000000000000000000e+00
4.759504199028015137e-01 4.643929302692413330e-01 -2.394255995750427246e-02 -2.428296953439712524e-02 -2.112146759033203125e+01 0.000000000000000000e+00 -8.743016980588436127e-03 0.000000000000000000e+00 5.000000000000000000e+01 0.000000000000000000e+00
4.759504199028015137e-01 4.643929302692413330e-01 -2.394255995750427246e-02 -2.428296953439712524e-02 -2.112146759033203125e+01 0.000000000000000000e+00 -8.743016980588436127e-03 0.000000000000000000e+00 5.000000000000000000e+01 0.000000000000000000e+00
4.759504199028015137e-01 4.643929302692413330e-01 -2.394255995750427246e-02 -2.428296953439712524e-02 -2.112146759033203125e+01 0.000000000000000000e+00 -8.743016980588436127e-03 0.000000000000000000e+00 5.000000000000000000e+01 0.000000000000000000e+00
4.759504199028015137e-01 4.643929302692413330e-01 -2.394255995750427246e-02 -2.428296953439712524e-02 -2.112146759033203125e+01 0.000000000000000000e+00 -8.743016980588436127e-03 0.000000000000000000e+00 5.000000000000000000e+01 0.000000000000000000e+00
4.759504199028015137e-01 4.643929302692413330e-01 -2.394255995750427246e-02 -2.428296953439712524e-02 -2.112146759033203125e+01 0.000000000000000000e+00 -8.743016980588436127e-03 0.000000000000000000e+00 5.000000000000000000e+01 0.000000000000000000e+00
4.759504199028015137e-01 4.643929302692413330e-01 -2.394255995750427246e-02 -2.428296953439712524e-02 -2.112146759033203125e+01 0.000000000000000000e+00 -8.743016980588436127e-03 0.000000000000000000e+00 5.000000000000000000e+01 0.000000000000000000e+00
4.759504199028015137e-01 4.643929302692413330e-01 -2.394255995750427246e-02 -2.428296953439712524e-02 -2.112146759033203125e+01 0.000000000000000000e+00 -8.743016980588436127e-03 0.000000000000000000e+00 5.000000000000000000e+01 0.000000000000000000e+00
4.759504199028015137e-01 4.643929302692413330e-01 -2.394255995750427246e-02 -2.428296953439712524e-02 -2.112146759033203125e+01 0.000000000000000000e+00 -8.743016980588436127e-03 0.000000000000000000e+00 5.000000000000000000e+01 0.000000000000000000e+00
4.759504199028015137e-01 4.643929302692413330e-01 -2.394255995750427246e-02 -2.428296953439712524e-02 -2.112146759033203125e+01 0.000000000000000000e+00 -8.743016980588436127e-03 0.000000000000000000e+00 5.000000000000000000e+01 0.000000000000000000e+00
4.759504199028015137e-01 4.643929302692413330e-01 -2.394255995750427246e-02 -2.428296953439712524e-02 -2.112146759033203125e+01 0.000000000000000000e+00 -8.743016980588436127e-03 0.000000000000000000e+00 5.000000000000000000e+01 0.000000000000000000e+00
4.759504199028015137e-01 4.643929302692413330e-01 -2.394255995750427246e-02 -2.428296953439712524e-02 -2.112146759033203125e+01 0.000000000000000000e+00 -8.743016980588436127e-03 0.000000000000000000e+00 5.000000000000000000e+01 0.000000000000000000e+00
4.759504199028015137e-01 4.643929302692413330e-01 -2.394255995750427246e-02 -2.428296953439712524e-02 -2.112146759033203125e+01 0.000000000000000000e+00 -8.743016980588436127e-03 0.000000000000000000e+00 5.000000000000000000e+01 0.000000000000000000e+00
4.759504199028015137e-01 4.643929302692413330e-01 -2.394255995750427246e-02 -2.428296953439712524e-02 -2.112146759033203125e+01 0.000000000000000000e+00 -8.743016980588436127e-03 0.000000000000000000e+00 5.000000000000000000e+01 0.000000000000000000e+00
4.759504199028015137e-01 4.643929302692413330e-01 -2.394255995750427246e-02 -2.428296953439712524e-02 -2.112146759033203125e+01 0.000000000000000000e+00 -8.743016980588436127e-03 0.000000000000000000e+00 5.000000000000000000e+01 0.000000000000000000e+00
4.759504199028015137e-01 4.643929302692413330e-01 -2.394255995750427246e-02 -2.428296953439712524e-02 -2.112146759033203125e+01 0.000000000000000000e+00 -8.743016980588436127e-03 0.000000000000000000e+00 5.000000000000000000e+01 0.000000000000000000e+00
4.759504199028015137e-01 4.643929302692413330e-01 -2.394255995750427246e-02 -2.428296953439712524e-02 -2.112146759033203125e+01 0.000000000000000000e+00 -8.743016980588436127e-03 0.000000000000000000e+00 5.000000000000000000e+01 0.000000000000000000e+00
4.759504199028015137e-01 4.643929302692413330e-01 -2.394255995750427246e-02 -2.428296953439712524e-02 -2.112146759033203125e+01 0.000000000000000000e+00 -8.743016980588436127e-03 0.000000000000000000e+00 5.000000000000000000e+01 0.000000000000000000e+00
4.759504199028015137e-01 4.643929302692413330e-01 -2.394255995750427246e-02 -2.428296953439712524e-02 -2.112146759033203125e+01 0.000000000000000000e+00 -8.743016980588436127e-03 0.000000000000000000e+00 5.000000000000000000e+01 0.000000000000000000e+00
4.759504199028015137e-01 4.643929302692413330e-01 -2.394255995750427246e-02 -2.428296953439712524e-02 -2.112146759033203125e+01 0.000000000000000000e+00 -8.743016980588436127e-03 0.000000000000000000e+00 5.000000000000000000e+01 0.000000000000000000e+00
4.759504199028015137e-01 4.643929302692413330e-01 -2.394255995750427246e-02 -2.428296953439712524e-02 -2.112146759033203125e+01 0.000000000000000000e+00 -8.743016980588436127e-03 0.000000000000000000e+00 5.000000000000000000e+01 0.000000000000000000e+00
4.759504199028015137e-01 4.643929302692413330e-01 -2.394255995750427246e-02 -2.428296953439712524e-02 -2.112146759033203125e+01 0.000000000000000000e+00 -8.743016980588436127e-03 0.000000000000000000e+00 5.000000000000000000e+01 0.000000000000000000e+00
4.759504199028015137e-01 4.643929302692413330e-01 -2.394255995750427246e-02 -2.428296953439712524e-02 -2.112146759033203125e+01 0.000000000000000000e+00 -8.743016980588436127e-03 0.000000000000000000e+00 5.000000000000000000e+01 0.000000000000000000e+00
4.759504199028015137e-01 4.643929302692413330e-01 -2.394255995750427246e-02 -2.428296953439712524e-02 -2.112146759033203125e+01 0.000000000000000000e+00 -8.743016980588436127e-03 0.000000000000000000e+00 5.000000000000000000e+01 0.000000000000000000e+00
4.759504199028015137e-01 4.643929302692413330e-01 -2.394255995750427246e-02 -2.428296953439712524e-02 -2.112146759033203125e+01 0.000000000000000000e+00 -8.743016980588436127e-03 0.000000000000000000e+00 5.000000000000000000e+01 0.000000000000000000e+00
4.759504199028015137e-01 4.643929302692413330e-01 -2.394255995750427246e-02 -2.428296953439712524e-02 -2.112146759033203125e+01 0.000000000000000000e+00 -8.743016980588436127e-03 0.000000000000000000e+00 5.000000000000000000e+01 0.000000000000000000e+00
4.759504199028015137e-01 4.643929302692413330e-01 -2.394255995750427246e-02 -2.428296953439712524e-02 -2.112146759033203125e+01 0.000000000000000000e+00 -8.743016980588436127e-03 0.000000000000000000e+00 5.000000000000000000e+01 0.000000000000000000e+00
4.759504199028015137e-01 4.643929302692413330e-01 -2.394255995750427246e-02 -2.428296953439712524e-02 -2.112146759033203125e+01 0.000000000000000000e+00 -8.743016980588436127e-03 0.000000000000000000e+00 5.000000000000000000e+01 0.000000000000000000e+00
4.759504199028015137e-01 4.643929302692413330e-01 -2.394255995750427246e-02 -2.428296953439712524e-02 -2.112146759033203125e+01 0.000000000000000000e+00 -8.743016980588436127e-03 0.000000000000000000e+00 5.000000000000000000e+01 0.000000000000000000e+00
4.759504199028015137e-01 4.643929302692413330e-01 -2.394255995750427246e-02 -2.428296953439712524e-02 -2.112146759033203125e+01 0.000000000000000000e+00 -8.743016980588436127e-03 0.000000000000000000e+00 5.000000000000000000e+01 0.000000000000000000e+00
4.759504199028015137e-01 4.643929302692413330e-01 -2.394255995750427246e-02 -2.428296953439712524e-02 -2.112146759033203125e+01 0.000000000000000000e+00 -8.743016980588436127e-03 0.000000000000000000e+00 5.000000000000000000e+01 0.000000000000000000e+00
4.759504199028015137e-01 4.643929302692413330e-01 -2.394255995750427246e-02 -2.428296953439712524e-02 -2.112146759033203125e+01 0.000000000000000000e+00 -8.743016980588436127e-03 0.000000000000000000e+00 5.000000000000000000e+01 0.000000000000000000e+00
4.759504199028015137e-01 4.643929302692413330e-01 -2.394255995750427246e-02 -2.428296953439712524e-02 -2.112146759033203125e+01 0.000000000000000000e+00 -8.743016980588436127e-03 0.000000000000000000e+00 5.000000000000000000e+01 0.000000000000000000e+00
4.759504199028015137e-01 4.643929302692413330e-01 -2.394255995750427246e-02 -2.428296953439712524e-02 -2.112146759033203125e+01 0.000000000000000000e+00 -8.743016980588436127e-03 0.000000000000000000e+00 5.000000000000000000e+01 0.000000000000000000e+00
4.759504199028015137e-01 4.643929302692413330e-01 -2.394255995750427246e-02 -2.428296953439712524e-02 -2.112146759033203125e+01 0.000000000000000000e+00 -8.743016980588436127e-03 0.000000000000000000e+00 5.000000000000000000e+01 0.000000000000000000e+00
4.759504199028015137e-01 4.643929302692413330e-01 -2.394255995750427246e-02 -2.428296953439712524e-02 -2.112146759033203125e+01 0.000000000000000000e+00 -8.743016980588436127e-03 0.000000000000000000e+00 5.000000000000000000e+01 0.000000000000000000e+00
4.759504199028015137e-01 4.643929302692413330e-01 -2.394255995750427246e-02 -2.428296953439712524e-02 -2.112146759033203125e+01 0.000000000000000000e+00 -8.743016980588436127e-03 0.000000000000000000e+00 5.000000000000000000e+01 0.000000000000000000e+00
4.759504199028015137e-01 4.643929302692413330e-01 -2.394255995750427246e-02 -2.428296953439712524e-02 -2.112146759033203125e+01 0.000000000000000000e+00 -8.743016980588436127e-03 0.000000000000000000e+00 5.000000000000000000e+01 0.000000000000000000e+00
4.759504199028015137e-01 4.643929302692413330e-01 -2.394255995750427246e-02 -2.428296953439712524e-02 -2.112146759033203125e+01 0.000000000000000000e+00 -8.743016980588436127e-03 0.000000000000000000e+00 5.000000000000000000e+01 0.000000000000000000e+00
4.759504199028015137e-01 4.643929302692413330e-01 -2.394255995750427246e-02 -2.428296953439712524e-02 -2.112146759033203125e+01 0.000000000000000000e+00 -8.743016980588436127e-03 0.000000000000000000e+00 5.000000000000000000e+01 0.000000000000000000e+00
4.759504199028015137e-01 4.643929302692413330e-01 -2.394255995750427246e-02 -2.428296953439712524e-02 -2.112146759033203125e+01 0.000000000000000000e+00 -8.743016980588436127e-03 0.000000000000000000e+00 5.000000000000000000e+01 0.000000000000000000e+00
