4.542043209075927734e-01 3.558370769023895264e-01 -2.211923897266387939e-01 -2.165704667568206787e-01 -1.780788116455078125e+02 -1.532635803222656250e+02 -7.371391355991363525e-02 -2.246493697166442871e-01 3.530000000000000000e+02 3.030000000000000000e+02
4.542043209075927734e-01 3.619823455810546875e-01 -2.075895667076110840e-01 -2.030407339334487915e-01 -1.594862365722656250e+02 -1.346710205078125000e+02 -6.601770222187042236e-02 -1.973969340324401855e-01 3.230000000000000000e+02 2.730000000000000000e+02
4.542043209075927734e-01 3.624705374240875244e-01 -2.048913836479187012e-01 -2.019658982753753662e-01 -1.472595367431640625e+02 -1.224443206787109375e+02 -6.095658615231513977e-02 -1.794753819704055786e-01 3.030000000000000000e+02 2.530000000000000000e+02
4.542043209075927734e-01 3.568189442157745361e-01 -2.151074558496475220e-01 -2.144087404012680054e-01 -1.369538574218750000e+02 -1.121386260986328125e+02 -5.669065564870834351e-02 -1.643695980310440063e-01 2.830000000000000000e+02 2.330000000000000000e+02
4.542043209075927734e-01 3.474665284156799316e-01 -2.341073900461196899e-01 -2.349995076656341553e-01 -1.267271575927734375e+02 -1.019119338989257812e+02 -5.245741829276084900e-02 -1.493795961141586304e-01 2.650000000000000000e+02 2.150000000000000000e+02
4.542043209075927734e-01 3.476010859012603760e-01 -2.326911240816116333e-01 -2.347032576799392700e-01 -1.153319473266601562e+02 -9.051672363281250000e+01 -4.774048551917076111e-02 -1.326768249273300171e-01 2.430000000000000000e+02 1.930000000000000000e+02
4.542043209075927734e-01 3.454242646694183350e-01 -2.369938045740127563e-01 -2.394958585500717163e-01 -1.043986358642578125e+02 -7.958341217041015625e+01 -4.321475327014923096e-02 -1.166510879993438721e-01 2.200000000000000000e+02 1.700000000000000000e+02
4.542043209075927734e-01 3.472241461277008057e-01 -2.336205840110778809e-01 -2.355331480503082275e-01 -9.768331146240234375e+01 -7.286808776855468750e+01 -4.043501242995262146e-02 -1.068079620599746704e-01 2.060000000000000000e+02 1.560000000000000000e+02
4.542043209075927734e-01 3.463962972164154053e-01 -2.375976890325546265e-01 -2.373557835817337036e-01 -8.954610443115234375e+01 -6.473089599609375000e+01 -3.706669807434082031e-02 -9.488070011138916016e-02 1.890000000000000000e+02 1.390000000000000000e+02
4.542043209075927734e-01 3.539438843727111816e-01 -2.207727581262588501e-01 -2.207386195659637451e-01 -8.461561584472656250e+01 -5.980039978027343750e+01 -3.502577170729637146e-02 -8.765371888875961304e-02 1.780000000000000000e+02 1.280000000000000000e+02
4.542043209075927734e-01 3.559783101081848145e-01 -2.164081335067749023e-01 -2.162595242261886597e-01 -8.048851013183593750e+01 -5.567329406738281250e+01 -3.331739827990531921e-02 -8.160432428121566772e-02 1.700000000000000000e+02 1.200000000000000000e+02
4.542043209075927734e-01 3.987931013107299805e-01 -1.232184842228889465e-01 -1.219962388277053833e-01 -5.538063812255859375e+01 -3.056542015075683594e+01 -2.292425185441970825e-02 -4.480192065238952637e-02 1.160000000000000000e+02 6.600000000000000000e+01
4.542043209075927734e-01 4.369699358940124512e-01 -3.652309626340866089e-02 -3.794412314891815186e-02 -4.609258270263671875e+01 -2.127736473083496094e+01 -1.907955482602119446e-02 -3.118775226175785065e-02 9.700000000000000000e+01 4.700000000000000000e+01
4.542043209075927734e-01 4.568910002708435059e-01 8.756656199693679810e-03 5.915133748203516006e-03 -3.837066268920898438e+01 -1.355544471740722656e+01 -1.588314585387706757e-02 -1.986918412148952484e-02 8.100000000000000000e+01 3.100000000000000000e+01
4.542043209075927734e-01 4.514776766300201416e-01 -4.020066000521183014e-03 -6.003122776746749878e-03 -3.680373764038085938e+01 -1.198851585388183594e+01 -1.523453276604413986e-02 -1.757242344319820404e-02 7.800000000000000000e+01 2.800000000000000000e+01
4.542043209075927734e-01 4.459973871707916260e-01 -1.536443643271923065e-02 -1.806881465017795563e-02 -3.474448394775390625e+01 -9.929264068603515625e+00 -1.438212580978870392e-02 -1.455403119325637817e-02 7.300000000000000000e+01 2.300000000000000000e+01
4.542043209075927734e-01 4.716349542140960693e-01 4.583563283085823059e-02 3.837619349360466003e-02 -3.258067703247070312e+01 -7.765457630157470703e+00 -1.348644029349088669e-02 -1.138238608837127686e-02 6.900000000000000000e+01 1.900000000000000000e+01
4.542043209075927734e-01 4.635314941406250000e-01 2.700668573379516602e-02 2.053519338369369507e-02 -3.094088935852050781e+01 -6.125670909881591797e+00 -1.280766632407903671e-02 -8.978833444416522980e-03 6.500000000000000000e+01 1.500000000000000000e+01
4.542043209075927734e-01 4.669755399227142334e-01 3.360929712653160095e-02 2.811778336763381958e-02 -2.987229156494140625e+01 -5.057070732116699219e+00 -1.236533094197511673e-02 -7.412509527057409286e-03 6.300000000000000000e+01 1.300000000000000000e+01
4.542043209075927734e-01 4.669755399227142334e-01 3.360929712653160095e-02 2.811778336763381958e-02 -2.987229156494140625e+01 -5.057070732116699219e+00 -1.236533094197511673e-02 -7.412509527057409286e-03 6.300000000000000000e+01 1.300000000000000000e+01
4.542043209075927734e-01 4.320139884948730469e-01 -4.874136671423912048e-02 -4.885539785027503967e-02 -2.568215942382812500e+01 -8.669400215148925781e-01 -1.063086837530136108e-02 -1.270735869184136391e-03 5.200000000000000000e+01 2.000000000000000000e+00
4.542043209075927734e-01 4.266468584537506104e-01 -6.049798056483268738e-02 -6.067195162177085876e-02 -2.541180801391601562e+01 -5.965899229049682617e-01 -1.051895972341299057e-02 -8.744644583202898502e-04 5.100000000000000000e+01 1.000000000000000000e+00
4.542043209075927734e-01 4.265552461147308350e-01 -6.073584407567977905e-02 -6.087365001440048218e-02 -2.481521987915039062e+01 0.000000000000000000e+00 -1.027200743556022644e-02 0.000000000000000000e+00 5.000000000000000000e+01 0.000000000000000000e+00
4.542043209075927734e-01 4.265552461147308350e-01 -6.073584407567977905e-02 -6.087365001440048218e-02 -2.481521987915039062e+01 0.000000000000000000e+00 -1.027200743556022644e-02 0.000000000000000000e+00 5.000000000000000000e+01 0.000000000000000000e+00
4.542043209075927734e-01 4.265552461147308350e-01 -6.073584407567977905e-02 -6.087365001440048218e-02 -2.481521987915039062e+01 0.000000000000000000e+00 -1.027200743556022644e-02 0.000000000000000000e+00 5.000000000000000000e+01 0.000000000000000000e+00
4.542043209075927734e-01 4.265552461147308350e-01 -6.073584407567977905e-02 -6.087365001440048218e-02 -2.481521987915039062e+01 0.000000000000000000e+00 -1.027200743556022644e-02 0.000000000000000000e+00 5.000000000000000000e+01 0.000000000000000000e+00
4.542043209075927734e-01 4.265552461147308350e-01 -6.073584407567977905e-02 -6.087365001440048218e-02 -2.481521987915039062e+01 0.000000000000000000e+00 -1.027200743556022644e-02 0.000000000000000000e+00 5.000000000000000000e+01 0.000000000000000000e+00
4.542043209075927734e-01 4.265552461147308350e-01 -6.073584407567977905e-02 -6.087365001440048218e-02 -2.481521987915039062e+01 0.000000000000000000e+00 -1.027200743556022644e-02 0.000000000000000000e+00 5.000000000000000000e+01 0.000000000000000000e+00
4.542043209075927734e-01 4.265552461147308350e-01 -6.073584407567977905e-02 -6.087365001440048218e-02 -2.481521987915039062e+01 0.000000000000000000e+00 -1.027200743556022644e-02 0.000000000000000000e+00 5.000000000000000000e+01 0.000000000000000000e+00
4.542043209075927734e-01 4.265552461147308350e-01 -6.073584407567977905e-02 -6.087365001440048218e-02 -2.481521987915039062e+01 0.000000000000000000e+00 -1.027200743556022644e-02 0.000000000000000000e+00 5.000000000000000000e+01 0.000000000000000000e+00
4.542043209075927734e-01 4.265552461147308350e-01 -6.073584407567977905e-02 -6.087365001440048218e-02 -2.481521987915039062e+01 0.000000000000000000e+00 -1.027200743556022644e-02 0.000000000000000000e+00 5.000000000000000000e+01 0.000000000000000000e+00
4.542043209075927734e-01 4.265552461147308350e-01 -6.073584407567977905e-02 -6.087365001440048218e-02 -2.481521987915039062e+01 0.000000000000000000e+00 -1.027200743556022644e-02 0.000000000000000000e+00 5.000000000000000000e+01 0.000000000000000000e+00
4.542043209075927734e-01 4.265552461147308350e-01 -6.073584407567977905e-02 -6.087365001440048218e-02 -2.481521987915039062e+01 0.000000000000000000e+00 -1.027200743556022644e-02 0.000000000000000000e+00 5.000000000000000000e+01 0.000000000000000000e+00
4.542043209075927734e-01 4.265552461147308350e-01 -6.073584407567977905e-02 -6.087365001440048218e-02 -2.481521987915039062e+01 0.000000000000000000e+00 -1.027200743556022644e-02 0.000000000000000000e+00 5.000000000000000000e+01 0.000000000000000000e+00
4.542043209075927734e-01 4.265552461147308350e-01 -6.073584407567977905e-02 -6.087365001440048218e-02 -2.481521987915039062e+01 0.000000000000000000e+00 -1.027200743556022644e-02 0.000000000000000000e+00 5.000000000000000000e+01 0.000000000000000000e+00
4.542043209075927734e-01 4.265552461147308350e-01 -6.073584407567977905e-02 -6.087365001440048218e-02 -2.481521987915039062e+01 0.000000000000000000e+00 -1.027200743556022644e-02 0.000000000000000000e+00 5.000000000000000000e+01 0.000000000000000000e+00
4.542043209075927734e-01 4.265552461147308350e-01 -6.073584407567977905e-02 -6.087365001440048218e-02 -2.481521987915039062e+01 0.000000000000000000e+00 -1.027200743556022644e-02 0.000000000000000000e+00 5.000000000000000000e+01 0.000000000000000000e+00
4.542043209075927734e-01 4.265552461147308350e-01 -6.073584407567977905e-02 -6.087365001440048218e-02 -2.481521987915039062e+01 0.000000000000000000e+00 -1.027200743556022644e-02 0.000000000000000000e+00 5.000000000000000000e+01 0.000000000000000000e+00
4.542043209075927734e-01 4.265552461147308350e-01 -6.073584407567977905e-02 -6.087365001440048218e-02 -2.481521987915039062e+01 0.000000000000000000e+00 -1.027200743556022644e-02 0.000000000000000000e+00 5.000000000000000000e+01 0.000000000000000000e+00
4.542043209075927734e-01 4.265552461147308350e-01 -6.073584407567977905e-02 -6.087365001440048218e-02 -2.481521987915039062e+01 0.000000000000000000e+00 -1.027200743556022644e-02 0.000000000000000000e+00 5.000000000000000000e+01 0.000000000000000000e+00
4.542043209075927734e-01 4.265552461147308350e-01 -6.073584407567977905e-02 -6.087365001440048218e-02 -2.481521987915039062e+01 0.000000000000000000e+00 -1.027200743556022644e-02 0.000000000000000000e+00 5.000000000000000000e+01 0.000000000000000000e+00
4.542043209075927734e-01 4.265552461147308350e-01 -6.073584407567977905e-02 -6.087365001440048218e-02 -2.481521987915039062e+01 0.000000000000000000e+00 -1.027200743556022644e-02 0.000000000000000000e+00 5.000000000000000000e+01 0.000000000000000000e+00
4.542043209075927734e-01 4.265552461147308350e-01 -6.073584407567977905e-02 -6.087365001440048218e-02 -2.481521987915039062e+01 0.000000000000000000e+00 -1.027200743556022644e-02 0.000000000000000000e+00 5.000000000000000000e+01 0.000000000000000000e+00
4.542043209075927734e-01 4.265552461147308350e-01 -6.073584407567977905e-02 -6.087365001440048218e-02 -2.481521987915039062e+01 0.000000000000000000e+00 -1.027200743556022644e-02 0.000000000000000000e+00 5.000000000000000000e+01 0.000000000000000000e+00
4.542043209075927734e-01 4.265552461147308350e-01 -6.073584407567977905e-02 -6.087365001440048218e-02 -2.481521987915039062e+01 0.000000000000000000e+00 -1.027200743556022644e-02 0.000000000000000000e+00 5.000000000000000000e+01 0.000000000000000000e+00
4.542043209075927734e-01 4.265552461147308350e-01 -6.073584407567977905e-02 -6.087365001440048218e-02 -2.481521987915039062e+01 0.000000000000000000e+00 -1.027200743556022644e-02 0.000000000000000000e+00 5.000000000000000000e+01 0.000000000000000000e+00
4.542043209075927734e-01 4.265552461147308350e-01 -6.073584407567977905e-02 -6.087365001440048218e-02 -2.481521987915039062e+01 0.000000000000000000e+00 -1.027200743556022644e-02 0.000000000000000000e+00 5.000000000000000000e+01 0.000000000000000000e+00
4.542043209075927734e-01 4.265552461147308350e-01 -6.073584407567977905e-02 -6.087365001440048218e-02 -2.481521987915039062e+01 0.000000000000000000e+00 -1.027200743556022644e-02 0.000000000000000000e+00 5.000000000000000000e+01 0.000000000000000000e+00
4.542043209075927734e-01 4.265552461147308350e-01 -6.073584407567977905e-02 -6.087365001440048218e-02 -2.481521987915039062e+01 0.000000000000000000e+00 -1.027200743556022644e-02 0.000000000000000000e+00 5.000000000000000000e+01 0.000000000000000000e+00
4.542043209075927734e-01 4.265552461147308350e-01 -6.073584407567977905e-02 -6.087365001440048218e-02 -2.481521987915039062e+01 0.000000000000000000e+00 -1.027200743556022644e-02 0.000000000000000000e+00 5.000000000000000000e+01 0.000000000000000000e+00
4.542043209075927734e-01 4.265552461147308350e-01 -6.073584407567977905e-02 -6.087365001440048218e-02 -2.481521987915039062e+01 0.000000000000000000e+00 -1.027200743556022644e-02 0.000000000000000000e+00 5.000000000000000000e+01 0.000000000000000000e+00
4.542043209075927734e-01 4.265552461147308350e-01 -6.073584407567977905e-02 -6.087365001440048218e-02 -2.481521987915039062e+01 0.000000000000000000e+00 -1.027200743556022644e-02 0.000000000000000000e+00 5.000000000000000000e+01 0.000000000000000000e+00
4.542043209075927734e-01 4.265552461147308350e-01 -6.073584407567977905e-02 -6.087365001440048218e-02 -2.481521987915039062e+01 0.000000000000000000e+00 -1.027200743556022644e-02 0.000000000000000000e+00 5.000000000000000000e+01 0.000000000000000000e+00
4.542043209075927734e-01 4.265552461147308350e-01 -6.073584407567977905e-02 -6.087365001440048218e-02 -2.481521987915039062e+01 0.000000000000000000e+00 -1.027200743556022644e-02 0.000000000000000000e+00 5.000000000000000000e+01 0.000000000000000000e+00
4.542043209075927734e-01 4.265552461147308350e-01 -6.073584407567977905e-02 -6.087365001440048218e-02 -2.481521987915039062e+01 0.000000000000000000e+00 -1.027200743556022644e-02 0.000000000000000000e+00 5.000000000000000000e+01 0.000000000000000000e+00
4.542043209075927734e-01 4.265552461147308350e-01 -6.073584407567977905e-02 -6.087365001440048218e-02 -2.481521987915039062e+01 0.000000000000000000e+00 -1.027200743556022644e-02 0.000000000000000000e+00 5.000000000000000000e+01 0.000000000000000000e+00
4.542043209075927734e-01 4.265552461147308350e-01 -6.073584407567977905e-02 -6.087365001440048218e-02 -2.481521987915039062e+01 0.000000000000000000e+00 -1.027200743556022644e-02 0.000000000000000000e+00 5.000000000000000000e+01 0.000000000000000000e+00
4.542043209075927734e-01 4.265552461147308350e-01 -6.073584407567977905e-02 -6.087365001440048218e-02 -2.481521987915039062e+01 0.000000000000000000e+00 -1.027200743556022644e-02 0.000000000000000000e+00 5.000000000000000000e+01 0.000000000000000000e+00
4.542043209075927734e-01 4.265552461147308350e-01 -6.073584407567977905e-02 -6.087365001440048218e-02 -2.481521987915039062e+01 0.000000000000000000e+00 -1.027200743556022644e-02 0.000000000000000000e+00 5.000000000000000000e+01 0.000000000000000000e+00
4.542043209075927734e-01 4.265552461147308350e-01 -6.073584407567977905e-02 -6.087365001440048218e-02 -2.481521987915039062e+01 0.000000000000000000e+00 -1.027200743556022644e-02 0.000000000000000000e+00 5.000000000000000000e+01 0.000000000000000000e+00
4.542043209075927734e-01 4.265552461147308350e-01 -6.073584407567977905e-02 -6.087365001440048218e-02 -2.481521987915039062e+01 0.000000000000000000e+00 -1.027200743556022644e-02 0.000000000000000000e+00 5.000000000000000000e+01 0.000000000000000000e+00
4.542043209075927734e-01 4.265552461147308350e-01 -6.073584407567977905e-02 -6.087365001440048218e-02 -2.481521987915039062e+01 0.000000000000000000e+00 -1.027200743556022644e-02 0.000000000000000000e+00 5.000000000000000000e+01 0.000000000000000000e+00
4.542043209075927734e-01 4.265552461147308350e-01 -6.073584407567977905e-02 -6.087365001440048218e-02 -2.481521987915039062e+01 0.000000000000000000e+00 -1.027200743556022644e-02 0.000000000000000000e+00 5.000000000000000000e+01 0.000000000000000000e+00
4.542043209075927734e-01 4.265552461147308350e-01 -6.073584407567977905e-02 -6.087365001440048218e-02 -2.481521987915039062e+01 0.000000000000000000e+00 -1.027200743556022644e-02 0.000000000000000000e+00 5.000000000000000000e+01 0.000000000000000000e+00
4.542043209075927734e-01 4.265552461147308350e-01 -6.073584407567977905e-02 -6.087365001440048218e-02 -2.481521987915039062e+01 0.000000000000000000e+00 -1.027200743556022644e-02 0.000000000000000000e+00 5.000000000000000000e+01 0.000000000000000000e+00
4.542043209075927734e-01 4.265552461147308350e-01 -6.073584407567977905e-02 -6.087365001440048218e-02 -2.481521987915039062e+01 0.000000000000000000e+00 -1.027200743556022644e-02 0.000000000000000000e+00 5.000000000000000000e+01 0.000000000000000000e+00
4.542043209075927734e-01 4.265552461147308350e-01 -6.073584407567977905e-02 -6.087365001440048218e-02 -2.481521987915039062e+01 0.000000000000000000e+00 -1.027200743556022644e-02 0.000000000000000000e+00 5.000000000000000000e+01 0.000000000000000000e+00
4.542043209075927734e-01 4.265552461147308350e-01 -6.073584407567977905e-02 -6.087365001440048218e-02 -2.481521987915039062e+01 0.000000000000000000e+00 -1.027200743556022644e-02 0.000000000000000000e+00 5.000000000000000000e+01 0.000000000000000000e+00
4.542043209075927734e-01 4.265552461147308350e-01 -6.073584407567977905e-02 -6.087365001440048218e-02 -2.481521987915039062e+01 0.000000000000000000e+00 -1.027200743556022644e-02 0.000000000000000000e+00 5.000000000000000000e+01 0.000000000000000000e+00
4.542043209075927734e-01 4.265552461147308350e-01 -6.073584407567977905e-02 -6.087365001440048218e-02 -2.481521987915039062e+01 0.000000000000000000e+00 -1.027200743556022644e-02 0.000000000000000000e+00 5.000000000000000000e+01 0.000000000000000000e+00
4.542043209075927734e-01 4.265552461147308350e-01 -6.073584407567977905e-02 -6.087365001440048218e-02 -2.481521987915039062e+01 0.000000000000000000e+00 -1.027200743556022644e-02 0.000000000000000000e+00 5.000000000000000000e+01 0.000000000000000000e+00
4.542043209075927734e-01 4.265552461147308350e-01 -6.073584407567977905e-02 -6.087365001440048218e-02 -2.481521987915039062e+01 0.000000000000000000e+00 -1.027200743556022644e-02 0.000000000000000000e+00 5.000000000000000000e+01 0.000000000000000000e+00
4.542043209075927734e-01 4.265552461147308350e-01 -6.073584407567977905e-02 -6.087365001440048218e-02 -2.481521987915039062e+01 0.000000000000000000e+00 -1.027200743556022644e-02 0.000000000000000000e+00 5.000000000000000000e+01 0.000000000000000000e+00
4.542043209075927734e-01 4.265552461147308350e-01 -6.073584407567977905e-02 -6.087365001440048218e-02 -2.481521987915039062e+01 0.000000000000000000e+00 -1.027200743556022644e-02 0.000000000000000000e+00 5.000000000000000000e+01 0.000000000000000000e+00
4.542043209075927734e-01 4.265552461147308350e-01 -6.073584407567977905e-02 -6.087365001440048218e-02 -2.481521987915039062e+01 0.000000000000000000e+00 -1.027200743556022644e-02 0.000000000000000000e+00 5.000000000000000000e+01 0.000000000000000000e+00
4.542043209075927734e-01 4.265552461147308350e-01 -6.073584407567977905e-02 -6.087365001440048218e-02 -2.481521987915039062e+01 0.000000000000000000e+00 -1.027200743556022644e-02 0.000000000000000000e+00 5.000000000000000000e+01 0.000000000000000000e+00
4.542043209075927734e-01 4.265552461147308350e-01 -6.073584407567977905e-02 -6.087365001440048218e-02 -2.481521987915039062e+01 0.000000000000000000e+00 -1.027200743556022644e-02 0.000000000000000000e+00 5.000000000000000000e+01 0.000000000000000000e+00
4.542043209075927734e-01 4.265552461147308350e-01 -6.073584407567977905e-02 -6.087365001440048218e-02 -2.481521987915039062e+01 0.000000000000000000e+00 -1.027200743556022644e-02 0.000000000000000000e+00 5.000000000000000000e+01 0.000000000000000000e+00
4.542043209075927734e-01 4.265552461147308350e-01 -6.073584407567977905e-02 -6.087365001440048218e-02 -2.481521987915039062e+01 0.000000000000000000e+00 -1.027200743556022644e-02 0.000000000000000000e+00 5.000000000000000000e+01 0.000000000000000000e+00
4.542043209075927734e-01 4.265552461147308350e-01 -6.073584407567977905e-02 -6.087365001440048218e-02 -2.481521987915039062e+01 0.000000000000000000e+00 -1.027200743556022644e-02 0.000000000000000000e+00 5.000000000000000000e+01 0.000000000000000000e+00
4.542043209075927734e-01 4.265552461147308350e-01 -6.073584407567977905e-02 -6.087365001440048218e-02 -2.481521987915039062e+01 0.000000000000000000e+00 -1.027200743556022644e-02 0.000000000000000000e+00 5.000000000000000000e+01 0.000000000000000000e+00
4.542043209075927734e-01 4.265552461147308350e-01 -6.073584407567977905e-02 -6.087365001440048218e-02 -2.481521987915039062e+01 0.000000000000000000e+00 -1.027200743556022644e-02 0.000000000000000000e+00 5.000000000000000000e+01 0.000000000000000000e+00
4.542043209075927734e-01 4.265552461147308350e-01 -6.073584407567977905e-02 -6.087365001440048218e-02 -2.481521987915039062e+01 0.000000000000000000e+00 -1.027200743556022644e-02 0.000000000000000000e+00 5.000000000000000000e+01 0.000000000000000000e+00
4.542043209075927734e-01 4.265552461147308350e-01 -6.073584407567977905e-02 -6.087365001440048218e-02 -2.481521987915039062e+01 0.000000000000000000e+00 -1.027200743556022644e-02 0.000000000000000000e+00 5.000000000000000000e+01 0.000000000000000000e+00
4.542043209075927734e-01 4.265552461147308350e-01 -6.073584407567977905e-02 -6.087365001440048218e-02 -2.481521987915039062e+01 0.000000000000000000e+00 -1.027200743556022644e-02 0.000000000000000000e+00 5.000000000000000000e+01 0.000000000000000000e+00
4.542043209075927734e-01 4.265552461147308350e-01 -6.073584407567977905e-02 -6.087365001440048218e-02 -2.481521987915039062e+01 0.000000000000000000e+00 -1.027200743556022644e-02 0.000000000000000000e+00 5.000000000000000000e+01 0.000000000000000000e+00
4.542043209075927734e-01 4.265552461147308350e-01 -6.073584407567977905e-02 -6.087365001440048218e-02 -2.481521987915039062e+01 0.000000000000000000e+00 -1.027200743556022644e-02 0.000000000000000000e+00 5.000000000000000000e+01 0.000000000000000000e+00
4.542043209075927734e-01 4.265552461147308350e-01 -6.073584407567977905e-02 -6.087365001440048218e-02 -2.481521987915039062e+01 0.000000000000000000e+00 -1.027200743556022644e-02 0.000000000000000000e+00 5.000000000000000000e+01 0.000000000000000000e+00
4.542043209075927734e-01 4.265552461147308350e-01 -6.073584407567977905e-02 -6.087365001440048218e-02 -2.481521987915039062e+01 0.000000000000000000e+00 -1.027200743556022644e-02 0.000000000000000000e+00 5.000000000000000000e+01 0.000000000000000000e+00
4.542043209075927734e-01 4.265552461147308350e-01 -6.073584407567977905e-02 -6.087365001440048218e-02 -2.481521987915039062e+01 0.000000000000000000e+00 -1.027200743556022644e-02 0.000000000000000000e+00 5.000000000000000000e+01 0.000000000000000000e+00
4.542043209075927734e-01 4.265552461147308350e-01 -6.073584407567977905e-02 -6.087365001440048218e-02 -2.481521987915039062e+01 0.000000000000000000e+00 -1.027200743556022644e-02 0.000000000000000000e+00 5.000000000000000000e+01 0.000000000000000000e+00
