4.343025088310241699e-01 5.575795769691467285e-01 2.801896333694458008e-01 2.838506996631622314e-01 -6.262799835205078125e+01 -3.704949188232421875e+01 -2.592422254383563995e-02 -3.938879817724227905e-02 1.620000000000000000e+02 1.120000000000000000e+02
4.343025088310241699e-01 5.575795769691467285e-01 2.801896333694458008e-01 2.838506996631622314e-01 -6.262799835205078125e+01 -3.704949188232421875e+01 -2.592422254383563995e-02 -3.938879817724227905e-02 1.620000000000000000e+02 1.120000000000000000e+02
4.343025088310241699e-01 5.575795769691467285e-01 2.801896333694458008e-01 2.838506996631622314e-01 -6.262799835205078125e+01 -3.704949188232421875e+01 -2.592422254383563995e-02 -3.938879817724227905e-02 1.620000000000000000e+02 1.120000000000000000e+02
4.343025088310241699e-01 5.575428605079650879e-01 2.801029384136199951e-01 2.837661504745483398e-01 -6.179747772216796875e+01 -3.621897125244140625e+01 -2.558043785393238068e-02 -3.850583732128143311e-02 1.600000000000000000e+02 1.100000000000000000e+02
4.343025088310241699e-01 5.575183629989624023e-01 2.800466418266296387e-01 2.837097346782684326e-01 -6.141844177246093750e+01 -3.583993530273437500e+01 -2.542353980243206024e-02 -3.810286894440650940e-02 1.590000000000000000e+02 1.090000000000000000e+02
4.343025088310241699e-01 5.575183629989624023e-01 2.800466418266296387e-01 2.837097346782684326e-01 -6.141844177246093750e+01 -3.583993530273437500e+01 -2.542353980243206024e-02 -3.810286894440650940e-02 1.590000000000000000e+02 1.090000000000000000e+02
4.343025088310241699e-01 5.574890375137329102e-01 2.799749374389648438e-01 2.836422324180603027e-01 -6.115216445922851562e+01 -3.557366180419921875e+01 -2.531331591308116913e-02 -3.781978413462638855e-02 1.580000000000000000e+02 1.080000000000000000e+02
4.343025088310241699e-01 5.574890375137329102e-01 2.799749374389648438e-01 2.836422324180603027e-01 -6.115216445922851562e+01 -3.557366180419921875e+01 -2.531331591308116913e-02 -3.781978413462638855e-02 1.580000000000000000e+02 1.080000000000000000e+02
4.343025088310241699e-01 5.573357343673706055e-01 2.795650362968444824e-01 2.832892239093780518e-01 -6.018394088745117188e+01 -3.460543823242187500e+01 -2.491253055632114410e-02 -3.679042682051658630e-02 1.570000000000000000e+02 1.070000000000000000e+02
4.343025088310241699e-01 5.572922229766845703e-01 2.794504165649414062e-01 2.831890583038330078e-01 -5.993642807006835938e+01 -3.435792541503906250e+01 -2.481007389724254608e-02 -3.652728721499443054e-02 1.560000000000000000e+02 1.060000000000000000e+02
4.343025088310241699e-01 5.572701096534729004e-01 2.794027030467987061e-01 2.831381261348724365e-01 -5.982085037231445312e+01 -3.424234390258789062e+01 -2.476223185658454895e-02 -3.640440478920936584e-02 1.550000000000000000e+02 1.050000000000000000e+02
4.343025088310241699e-01 5.566896200180053711e-01 2.779799699783325195e-01 2.818015217781066895e-01 -5.775208282470703125e+01 -3.217358016967773438e+01 -2.390588633716106415e-02 -3.420501947402954102e-02 1.520000000000000000e+02 1.020000000000000000e+02
4.343025088310241699e-01 5.554603934288024902e-01 2.750613093376159668e-01 2.789711952209472656e-01 -5.522215652465820312e+01 -2.964365386962890625e+01 -2.285864949226379395e-02 -3.151535615324974060e-02 1.460000000000000000e+02 9.600000000000000000e+01
4.343025088310241699e-01 5.533362627029418945e-01 2.700810730457305908e-01 2.740802764892578125e-01 -5.215642166137695312e+01 -2.657791709899902344e+01 -2.158962003886699677e-02 -2.825604751706123352e-02 1.410000000000000000e+02 9.100000000000000000e+01
4.343025088310241699e-01 5.508487820625305176e-01 2.642469108104705811e-01 2.683527469635009766e-01 -4.924294281005859375e+01 -2.366443824768066406e+01 -2.038361504673957825e-02 -2.515861205756664276e-02 1.340000000000000000e+02 8.400000000000000000e+01
4.343025088310241699e-01 5.492913722991943359e-01 2.602797150611877441e-01 2.647667527198791504e-01 -4.790953826904296875e+01 -2.233103370666503906e+01 -1.983166672289371490e-02 -2.374101616442203522e-02 1.320000000000000000e+02 8.200000000000000000e+01
4.343025088310241699e-01 5.492913722991943359e-01 2.602797150611877441e-01 2.647667527198791504e-01 -4.790953826904296875e+01 -2.233103370666503906e+01 -1.983166672289371490e-02 -2.374101616442203522e-02 1.320000000000000000e+02 8.200000000000000000e+01
4.343025088310241699e-01 5.444400310516357422e-01 2.482835352420806885e-01 2.535963356494903564e-01 -4.466154098510742188e+01 -1.908303833007812500e+01 -1.848719082772731781e-02 -2.028794214129447937e-02 1.230000000000000000e+02 7.300000000000000000e+01
4.343025088310241699e-01 5.415090918540954590e-01 2.412771880626678467e-01 2.468477189540863037e-01 -4.299071884155273438e+01 -1.741221237182617188e+01 -1.779557019472122192e-02 -1.851161941885948181e-02 1.200000000000000000e+02 7.000000000000000000e+01
4.343025088310241699e-01 5.413065552711486816e-01 2.408210635185241699e-01 2.463813722133636475e-01 -4.288807678222656250e+01 -1.730957031250000000e+01 -1.775308325886726379e-02 -1.840249635279178619e-02 1.190000000000000000e+02 6.900000000000000000e+01
4.343025088310241699e-01 5.238810777664184570e-01 2.022119462490081787e-01 2.062584608793258667e-01 -3.716729354858398438e+01 -1.158878707885742188e+01 -1.538502331823110580e-02 -1.232050359249114990e-02 1.000000000000000000e+02 5.000000000000000000e+01
4.343025088310241699e-01 4.970861375331878662e-01 1.383338123559951782e-01 1.445619761943817139e-01 -3.190380477905273438e+01 -6.325300216674804688e+00 -1.320625562220811844e-02 -6.724679842591285706e-03 8.800000000000000000e+01 3.800000000000000000e+01
4.343025088310241699e-01 4.894602894783020020e-01 1.192751675844192505e-01 1.270031332969665527e-01 -3.075204467773437500e+01 -5.173539161682128906e+00 -1.272949576377868652e-02 -5.500196479260921478e-03 8.400000000000000000e+01 3.400000000000000000e+01
4.343025088310241699e-01 4.784542620182037354e-01 9.541988372802734375e-02 1.016612872481346130e-01 -2.948472213745117188e+01 -3.906217098236083984e+00 -1.220490038394927979e-02 -4.152855835855007172e-03 8.000000000000000000e+01 3.000000000000000000e+01
4.343025088310241699e-01 4.703329503536224365e-01 7.668881118297576904e-02 8.296162635087966919e-02 -2.872567749023437500e+01 -3.147173166275024414e+00 -1.189070194959640503e-02 -3.345885779708623886e-03 7.600000000000000000e+01 2.600000000000000000e+01
4.343025088310241699e-01 4.591210782527923584e-01 5.181785300374031067e-02 5.714581161737442017e-02 -2.790482521057128906e+01 -2.326322555541992188e+00 -1.155091822147369385e-02 -2.473206724971532822e-03 7.200000000000000000e+01 2.200000000000000000e+01
4.343025088310241699e-01 4.498249590396881104e-01 3.177840262651443481e-02 3.574110195040702820e-02 -2.729257965087890625e+01 -1.714075326919555664e+00 -1.129748579114675522e-02 -1.822302117943763733e-03 6.800000000000000000e+01 1.800000000000000000e+01
4.343025088310241699e-01 4.479249119758605957e-01 2.742083184421062469e-02 3.136616200208663940e-02 -2.717607879638671875e+01 -1.597575306892395020e+00 -1.124926097691059113e-02 -1.698446227237582207e-03 6.700000000000000000e+01 1.700000000000000000e+01
4.343025088310241699e-01 4.414502382278442383e-01 1.258814707398414612e-02 1.645795069634914398e-02 -2.683985519409179688e+01 -1.261351108551025391e+00 -1.111008506268262863e-02 -1.340992865152657032e-03 6.400000000000000000e+01 1.400000000000000000e+01
4.343025088310241699e-01 4.151018559932708740e-01 -4.755396768450737000e-02 -4.421031847596168518e-02 -2.592535018920898438e+01 -3.468472361564636230e-01 -1.073153503239154816e-02 -3.687471908051520586e-04 5.500000000000000000e+01 5.000000000000000000e+00
4.343025088310241699e-01 4.061912298202514648e-01 -6.746485829353332520e-02 -6.472741812467575073e-02 -2.572941970825195312e+01 -1.509168744087219238e-01 -1.065043173730373383e-02 -1.604457647772505879e-04 5.300000000000000000e+01 3.000000000000000000e+00
4.343025088310241699e-01 4.027055501937866211e-01 -7.541081309318542480e-02 -7.275334000587463379e-02 -2.567350387573242188e+01 -9.500044584274291992e-02 -1.062728557735681534e-02 -1.009987754514440894e-04 5.200000000000000000e+01 2.000000000000000000e+00
4.343025088310241699e-01 4.027055501937866211e-01 -7.541081309318542480e-02 -7.275334000587463379e-02 -2.567350387573242188e+01 -9.500044584274291992e-02 -1.062728557735681534e-02 -1.009987754514440894e-04 5.200000000000000000e+01 2.000000000000000000e+00
4.343025088310241699e-01 4.027055501937866211e-01 -7.541081309318542480e-02 -7.275334000587463379e-02 -2.567350387573242188e+01 -9.500044584274291992e-02 -1.062728557735681534e-02 -1.009987754514440894e-04 5.200000000000000000e+01 2.000000000000000000e+00
4.343025088310241699e-01 4.027055501937866211e-01 -7.541081309318542480e-02 -7.275334000587463379e-02 -2.567350387573242188e+01 -9.500044584274291992e-02 -1.062728557735681534e-02 -1.009987754514440894e-04 5.200000000000000000e+01 2.000000000000000000e+00
4.343025088310241699e-01 3.888269662857055664e-01 -1.062352508306503296e-01 -1.047093719244003296e-01 -2.557850265502929688e+01 0.000000000000000000e+00 -1.058796141296625137e-02 0.000000000000000000e+00 5.000000000000000000e+01 0.000000000000000000e+00
4.343025088310241699e-01 3.888269662857055664e-01 -1.062352508306503296e-01 -1.047093719244003296e-01 -2.557850265502929688e+01 0.000000000000000000e+00 -1.058796141296625137e-02 0.000000000000000000e+00 5.000000000000000000e+01 0.000000000000000000e+00
4.343025088310241699e-01 3.888269662857055664e-01 -1.062352508306503296e-01 -1.047093719244003296e-01 -2.557850265502929688e+01 0.000000000000000000e+00 -1.058796141296625137e-02 0.000000000000000000e+00 5.000000000000000000e+01 0.000000000000000000e+00
4.343025088310241699e-01 3.888269662857055664e-01 -1.062352508306503296e-01 -1.047093719244003296e-01 -2.557850265502929688e+01 0.000000000000000000e+00 -1.058796141296625137e-02 0.000000000000000000e+00 5.000000000000000000e+01 0.000000000000000000e+00
4.343025088310241699e-01 3.888269662857055664e-01 -1.062352508306503296e-01 -1.047093719244003296e-01 -2.557850265502929688e+01 0.000000000000000000e+00 -1.058796141296625137e-02 0.000000000000000000e+00 5.000000000000000000e+01 0.000000000000000000e+00
4.343025088310241699e-01 3.888269662857055664e-01 -1.062352508306503296e-01 -1.047093719244003296e-01 -2.557850265502929688e+01 0.000000000000000000e+00 -1.058796141296625137e-02 0.000000000000000000e+00 5.000000000000000000e+01 0.000000000000000000e+00
4.343025088310241699e-01 3.888269662857055664e-01 -1.062352508306503296e-01 -1.047093719244003296e-01 -2.557850265502929688e+01 0.000000000000000000e+00 -1.058796141296625137e-02 0.000000000000000000e+00 5.000000000000000000e+01 0.000000000000000000e+00
4.343025088310241699e-01 3.888269662857055664e-01 -1.062352508306503296e-01 -1.047093719244003296e-01 -2.557850265502929688e+01 0.000000000000000000e+00 -1.058796141296625137e-02 0.000000000000000000e+00 5.000000000000000000e+01 0.000000000000000000e+00
4.343025088310241699e-01 3.888269662857055664e-01 -1.062352508306503296e-01 -1.047093719244003296e-01 -2.557850265502929688e+01 0.000000000000000000e+00 -1.058796141296625137e-02 0.000000000000000000e+00 5.000000000000000000e+01 0.000000000000000000e+00
4.343025088310241699e-01 3.888269662857055664e-01 -1.062352508306503296e-01 -1.047093719244003296e-01 -2.557850265502929688e+01 0.000000000000000000e+00 -1.058796141296625137e-02 0.000000000000000000e+00 5.000000000000000000e+01 0.000000000000000000e+00
4.343025088310241699e-01 3.888269662857055664e-01 -1.062352508306503296e-01 -1.047093719244003296e-01 -2.557850265502929688e+01 0.000000000000000000e+00 -1.058796141296625137e-02 0.000000000000000000e+00 5.000000000000000000e+01 0.000000000000000000e+00
4.343025088310241699e-01 3.888269662857055664e-01 -1.062352508306503296e-01 -1.047093719244003296e-01 -2.557850265502929688e+01 0.000000000000000000e+00 -1.058796141296625137e-02 0.000000000000000000e+00 5.000000000000000000e+01 0.000000000000000000e+00
4.343025088310241699e-01 3.888269662857055664e-01 -1.062352508306503296e-01 -1.047093719244003296e-01 -2.557850265502929688e+01 0.000000000000000000e+00 -1.058796141296625137e-02 0.000000000000000000e+00 5.000000000000000000e+01 0.000000000000000000e+00
4.343025088310241699e-01 3.888269662857055664e-01 -1.062352508306503296e-01 -1.047093719244003296e-01 -2.557850265502929688e+01 0.000000000000000000e+00 -1.058796141296625137e-02 0.000000000000000000e+00 5.000000000000000000e+01 0.000000000000000000e+00
4.343025088310241699e-01 3.888269662857055664e-01 -1.062352508306503296e-01 -1.047093719244003296e-01 -2.557850265502929688e+01 0.000000000000000000e+00 -1.058796141296625137e-02 0.000000000000000000e+00 5.000000000000000000e+01 0.000000000000000000e+00
4.343025088310241699e-01 3.888269662857055664e-01 -1.062352508306503296e-01 -1.047093719244003296e-01 -2.557850265502929688e+01 0.000000000000000000e+00 -1.058796141296625137e-02 0.000000000000000000e+00 5.000000000000000000e+01 0.000000000000000000e+00
4.343025088310241699e-01 3.888269662857055664e-01 -1.062352508306503296e-01 -1.047093719244003296e-01 -2.557850265502929688e+01 0.000000000000000000e+00 -1.058796141296625137e-02 0.000000000000000000e+00 5.000000000000000000e+01 0.000000000000000000e+00
4.343025088310241699e-01 3.888269662857055664e-01 -1.062352508306503296e-01 -1.047093719244003296e-01 -2.557850265502929688e+01 0.000000000000000000e+00 -1.058796141296625137e-02 0.000000000000000000e+00 5.000000000000000000e+01 0.000000000000000000e+00
4.343025088310241699e-01 3.888269662857055664e-01 -1.062352508306503296e-01 -1.047093719244003296e-01 -2.557850265502929688e+01 0.000000000000000000e+00 -1.058796141296625137e-02 0.000000000000000000e+00 5.000000000000000000e+01 0.000000000000000000e+00
4.343025088310241699e-01 3.888269662857055664e-01 -1.062352508306503296e-01 -1.047093719244003296e-01 -2.557850265502929688e+01 0.000000000000000000e+00 -1.058796141296625137e-02 0.000000000000000000e+00 5.000000000000000000e+01 0.000000000000000000e+00
4.343025088310241699e-01 3.888269662857055664e-01 -1.062352508306503296e-01 -1.047093719244003296e-01 -2.557850265502929688e+01 0.000000000000000000e+00 -1.058796141296625137e-02 0.000000000000000000e+00 5.000000000000000000e+01 0.000000000000000000e+00
4.343025088310241699e-01 3.888269662857055664e-01 -1.062352508306503296e-01 -1.047093719244003296e-01 -2.557850265502929688e+01 0.000000000000000000e+00 -1.058796141296625137e-02 0.000000000000000000e+00 5.000000000000000000e+01 0.000000000000000000e+00
4.343025088310241699e-01 3.888269662857055664e-01 -1.062352508306503296e-01 -1.047093719244003296e-01 -2.557850265502929688e+01 0.000000000000000000e+00 -1.058796141296625137e-02 0.000000000000000000e+00 5.000000000000000000e+01 0.000000000000000000e+00
4.343025088310241699e-01 3.888269662857055664e-01 -1.062352508306503296e-01 -1.047093719244003296e-01 -2.557850265502929688e+01 0.000000000000000000e+00 -1.058796141296625137e-02 0.000000000000000000e+00 5.000000000000000000e+01 0.000000000000000000e+00
4.343025088310241699e-01 3.888269662857055664e-01 -1.062352508306503296e-01 -1.047093719244003296e-01 -2.557850265502929688e+01 0.000000000000000000e+00 -1.058796141296625137e-02 0.000000000000000000e+00 5.000000000000000000e+01 0.000000000000000000e+00
4.343025088310241699e-01 3.888269662857055664e-01 -1.062352508306503296e-01 -1.047093719244003296e-01 -2.557850265502929688e+01 0.000000000000000000e+00 -1.058796141296625137e-02 0.000000000000000000e+00 5.000000000000000000e+01 0.000000000000000000e+00
4.343025088310241699e-01 3.888269662857055664e-01 -1.062352508306503296e-01 -1.047093719244003296e-01 -2.557850265502929688e+01 0.000000000000000000e+00 -1.058796141296625137e-02 0.000000000000000000e+00 5.000000000000000000e+01 0.000000000000000000e+00
4.343025088310241699e-01 3.888269662857055664e-01 -1.062352508306503296e-01 -1.047093719244003296e-01 -2.557850265502929688e+01 0.000000000000000000e+00 -1.058796141296625137e-02 0.000000000000000000e+00 5.000000000000000000e+01 0.000000000000000000e+00
4.343025088310241699e-01 3.888269662857055664e-01 -1.062352508306503296e-01 -1.047093719244003296e-01 -2.557850265502929688e+01 0.000000000000000000e+00 -1.058796141296625137e-02 0.000000000000000000e+00 5.000000000000000000e+01 0.000000000000000000e+00
4.343025088310241699e-01 3.888269662857055664e-01 -1.062352508306503296e-01 -1.047093719244003296e-01 -2.557850265502929688e+01 0.000000000000000000e+00 -1.058796141296625137e-02 0.000000000000000000e+00 5.000000000000000000e+01 0.000000000000000000e+00
4.343025088310241699e-01 3.888269662857055664e-01 -1.062352508306503296e-01 -1.047093719244003296e-01 -2.557850265502929688e+01 0.000000000000000000e+00 -1.058796141296625137e-02 0.000000000000000000e+00 5.000000000000000000e+01 0.000000000000000000e+00
4.343025088310241699e-01 3.888269662857055664e-01 -1.062352508306503296e-01 -1.047093719244003296e-01 -2.557850265502929688e+01 0.000000000000000000e+00 -1.058796141296625137e-02 0.000000000000000000e+00 5.000000000000000000e+01 0.000000000000000000e+00
4.343025088310241699e-01 3.888269662857055664e-01 -1.062352508306503296e-01 -1.047093719244003296e-01 -2.557850265502929688e+01 0.000000000000000000e+00 -1.058796141296625137e-02 0.000000000000000000e+00 5.000000000000000000e+01 0.000000000000000000e+00
4.343025088310241699e-01 3.888269662857055664e-01 -1.062352508306503296e-01 -1.047093719244003296e-01 -2.557850265502929688e+01 0.000000000000000000e+00 -1.058796141296625137e-02 0.000000000000000000e+00 5.000000000000000000e+01 0.000000000000000000e+00
4.343025088310241699e-01 3.888269662857055664e-01 -1.062352508306503296e-01 -1.047093719244003296e-01 -2.557850265502929688e+01 0.000000000000000000e+00 -1.058796141296625137e-02 0.000000000000000000e+00 5.000000000000000000e+01 0.000000000000000000e+00
4.343025088310241699e-01 3.888269662857055664e-01 -1.062352508306503296e-01 -1.047093719244003296e-01 -2.557850265502929688e+01 0.000000000000000000e+00 -1.058796141296625137e-02 0.000000000000000000e+00 5.000000000000000000e+01 0.000000000000000000e+00
4.343025088310241699e-01 3.888269662857055664e-01 -1.062352508306503296e-01 -1.047093719244003296e-01 -2.557850265502929688e+01 0.000000000000000000e+00 -1.058796141296625137e-02 0.000000000000000000e+00 5.000000000000000000e+01 0.000000000000000000e+00
4.343025088310241699e-01 3.888269662857055664e-01 -1.062352508306503296e-01 -1.047093719244003296e-01 -2.557850265502929688e+01 0.000000000000000000e+00 -1.058796141296625137e-02 0.000000000000000000e+00 5.000000000000000000e+01 0.000000000000000000e+00
4.343025088310241699e-01 3.888269662857055664e-01 -1.062352508306503296e-01 -1.047093719244003296e-01 -2.557850265502929688e+01 0.000000000000000000e+00 -1.058796141296625137e-02 0.000000000000000000e+00 5.000000000000000000e+01 0.000000000000000000e+00
4.343025088310241699e-01 3.888269662857055664e-01 -1.062352508306503296e-01 -1.047093719244003296e-01 -2.557850265502929688e+01 0.000000000000000000e+00 -1.058796141296625137e-02 0.000000000000000000e+00 5.000000000000000000e+01 0.000000000000000000e+00
4.343025088310241699e-01 3.888269662857055664e-01 -1.062352508306503296e-01 -1.047093719244003296e-01 -2.557850265502929688e+01 0.000000000000000000e+00 -1.058796141296625137e-02 0.000000000000000000e+00 5.000000000000000000e+01 0.000000000000000000e+00
4.343025088310241699e-01 3.888269662857055664e-01 -1.062352508306503296e-01 -1.047093719244003296e-01 -2.557850265502929688e+01 0.000000000000000000e+00 -1.058796141296625137e-02 0.000000000000000000e+00 5.000000000000000000e+01 0.000000000000000000e+00
4.343025088310241699e-01 3.888269662857055664e-01 -1.062352508306503296e-01 -1.047093719244003296e-01 -2.557850265502929688e+01 0.000000000000000000e+00 -1.058796141296625137e-02 0.000000000000000000e+00 5.000000000000000000e+01 0.000000000000000000e+00
4.343025088310241699e-01 3.888269662857055664e-01 -1.062352508306503296e-01 -1.047093719244003296e-01 -2.557850265502929688e+01 0.000000000000000000e+00 -1.058796141296625137e-02 0.000000000000000000e+00 5.000000000000000000e+01 0.000000000000000000e+00
4.343025088310241699e-01 3.888269662857055664e-01 -1.062352508306503296e-01 -1.047093719244003296e-01 -2.557850265502929688e+01 0.000000000000000000e+00 -1.058796141296625137e-02 0.000000000000000000e+00 5.000000000000000000e+01 0.000000000000000000e+00
4.343025088310241699e-01 3.888269662857055664e-01 -1.062352508306503296e-01 -1.047093719244003296e-01 -2.557850265502929688e+01 0.000000000000000000e+00 -1.058796141296625137e-02 0.000000000000000000e+00 5.000000000000000000e+01 0.000000000000000000e+00
4.343025088310241699e-01 3.888269662857055664e-01 -1.062352508306503296e-01 -1.047093719244003296e-01 -2.557850265502929688e+01 0.000000000000000000e+00 -1.058796141296625137e-02 0.000000000000000000e+00 5.000000000000000000e+01 0.000000000000000000e+00
4.343025088310241699e-01 3.888269662857055664e-01 -1.062352508306503296e-01 -1.047093719244003296e-01 -2.557850265502929688e+01 0.000000000000000000e+00 -1.058796141296625137e-02 0.000000000000000000e+00 5.000000000000000000e+01 0.000000000000000000e+00
4.343025088310241699e-01 3.888269662857055664e-01 -1.062352508306503296e-01 -1.047093719244003296e-01 -2.557850265502929688e+01 0.000000000000000000e+00 -1.058796141296625137e-02 0.000000000000000000e+00 5.000000000000000000e+01 0.000000000000000000e+00
4.343025088310241699e-01 3.888269662857055664e-01 -1.062352508306503296e-01 -1.047093719244003296e-01 -2.557850265502929688e+01 0.000000000000000000e+00 -1.058796141296625137e-02 0.000000000000000000e+00 5.000000000000000000e+01 0.000000000000000000e+00
4.343025088310241699e-01 3.888269662857055664e-01 -1.062352508306503296e-01 -1.047093719244003296e-01 -2.557850265502929688e+01 0.000000000000000000e+00 -1.058796141296625137e-02 0.000000000000000000e+00 5.000000000000000000e+01 0.000000000000000000e+00
4.343025088310241699e-01 3.888269662857055664e-01 -1.062352508306503296e-01 -1.047093719244003296e-01 -2.557850265502929688e+01 0.000000000000000000e+00 -1.058796141296625137e-02 0.000000000000000000e+00 5.000000000000000000e+01 0.000000000000000000e+00
4.343025088310241699e-01 3.888269662857055664e-01 -1.062352508306503296e-01 -1.047093719244003296e-01 -2.557850265502929688e+01 0.000000000000000000e+00 -1.058796141296625137e-02 0.000000000000000000e+00 5.000000000000000000e+01 0.000000000000000000e+00
4.343025088310241699e-01 3.888269662857055664e-01 -1.062352508306503296e-01 -1.047093719244003296e-01 -2.557850265502929688e+01 0.000000000000000000e+00 -1.058796141296625137e-02 0.000000000000000000e+00 5.000000000000000000e+01 0.000000000000000000e+00
4.343025088310241699e-01 3.888269662857055664e-01 -1.062352508306503296e-01 -1.047093719244003296e-01 -2.557850265502929688e+01 0.000000000000000000e+00 -1.058796141296625137e-02 0.000000000000000000e+00 5.000000000000000000e+01 0.000000000000000000e+00
4.343025088310241699e-01 3.888269662857055664e-01 -1.062352508306503296e-01 -1.047093719244003296e-01 -2.557850265502929688e+01 0.000000000000000000e+00 -1.058796141296625137e-02 0.000000000000000000e+00 5.000000000000000000e+01 0.000000000000000000e+00
