4.707342088222503662e-01 8.600971698760986328e-01 8.361015319824218750e-01 8.271397352218627930e-01 -8.844724273681640625e+01 -7.267984008789062500e+01 -3.661183640360832214e-02 -1.098157390952110291e-01 3.460000000000000000e+02 2.960000000000000000e+02
4.707342088222503662e-01 8.600590229034423828e-01 8.360195755958557129e-01 8.270586729049682617e-01 -7.716925811767578125e+01 -6.140186309814453125e+01 -3.194342926144599915e-02 -9.277525544166564941e-02 3.120000000000000000e+02 2.620000000000000000e+02
4.707342088222503662e-01 8.600069880485534668e-01 8.358988165855407715e-01 8.269481658935546875e-01 -7.526165771484375000e+01 -5.949426269531250000e+01 -3.115379810333251953e-02 -8.989296108484268188e-02 3.030000000000000000e+02 2.530000000000000000e+02
4.707342088222503662e-01 8.599051237106323242e-01 8.356460332870483398e-01 8.267317414283752441e-01 -7.304243469238281250e+01 -5.727503967285156250e+01 -3.023517318069934845e-02 -8.653982728719711304e-02 2.950000000000000000e+02 2.450000000000000000e+02
4.707342088222503662e-01 8.597300648689270020e-01 8.352339267730712891e-01 8.263598680496215820e-01 -7.038668823242187500e+01 -5.461928939819335938e+01 -2.913585305213928223e-02 -8.252711594104766846e-02 2.880000000000000000e+02 2.380000000000000000e+02
4.707342088222503662e-01 8.595466613769531250e-01 8.348002433776855469e-01 8.259702324867248535e-01 -6.833381652832031250e+01 -5.256641769409179688e+01 -2.828608825802803040e-02 -7.942532747983932495e-02 2.830000000000000000e+02 2.330000000000000000e+02
4.707342088222503662e-01 8.594306111335754395e-01 8.345425128936767578e-01 8.257237076759338379e-01 -6.731500244140625000e+01 -5.154760360717773438e+01 -2.786436118185520172e-02 -7.788594812154769897e-02 2.810000000000000000e+02 2.310000000000000000e+02
4.707342088222503662e-01 8.592611551284790039e-01 8.341569304466247559e-01 8.253637552261352539e-01 -6.597767639160156250e+01 -5.021027755737304688e+01 -2.731078863143920898e-02 -7.586531341075897217e-02 2.780000000000000000e+02 2.280000000000000000e+02
4.707342088222503662e-01 8.591943979263305664e-01 8.339865803718566895e-01 8.252218961715698242e-01 -6.553262329101562500e+01 -4.976522064208984375e+01 -2.712656371295452118e-02 -7.519285380840301514e-02 2.750000000000000000e+02 2.250000000000000000e+02
4.707342088222503662e-01 8.590519428253173828e-01 8.336293101310729980e-01 8.249192833900451660e-01 -6.461135864257812500e+01 -4.884395599365234375e+01 -2.674521505832672119e-02 -7.380086183547973633e-02 2.730000000000000000e+02 2.230000000000000000e+02
4.707342088222503662e-01 8.590519428253173828e-01 8.336293101310729980e-01 8.249192833900451660e-01 -6.461135864257812500e+01 -4.884395599365234375e+01 -2.674521505832672119e-02 -7.380086183547973633e-02 2.730000000000000000e+02 2.230000000000000000e+02
4.707342088222503662e-01 8.577381968498229980e-01 8.306471109390258789e-01 8.221284747123718262e-01 -6.039950561523437500e+01 -4.463210296630859375e+01 -2.500176057219505310e-02 -6.743695586919784546e-02 2.610000000000000000e+02 2.110000000000000000e+02
4.707342088222503662e-01 8.553794622421264648e-01 8.249463438987731934e-01 8.171176910400390625e-01 -5.543437576293945312e+01 -3.966697692871093750e+01 -2.294649556279182434e-02 -5.993489176034927368e-02 2.440000000000000000e+02 1.940000000000000000e+02
4.707342088222503662e-01 8.540704846382141113e-01 8.218950629234313965e-01 8.143369555473327637e-01 -5.336711883544921875e+01 -3.759972381591796875e+01 -2.209077589213848114e-02 -5.681136995553970337e-02 2.390000000000000000e+02 1.890000000000000000e+02
4.707342088222503662e-01 8.522400259971618652e-01 8.178454637527465820e-01 8.104484677314758301e-01 -5.136663818359375000e+01 -3.559924316406250000e+01 -2.126269787549972534e-02 -5.378874018788337708e-02 2.320000000000000000e+02 1.820000000000000000e+02
4.707342088222503662e-01 8.488238453865051270e-01 8.097456693649291992e-01 8.031913042068481445e-01 -4.822608184814453125e+01 -3.245868301391601562e+01 -1.996269635856151581e-02 -4.904350638389587402e-02 2.220000000000000000e+02 1.720000000000000000e+02
4.707342088222503662e-01 8.440362215042114258e-01 7.990123629570007324e-01 7.930207848548889160e-01 -4.458790588378906250e+01 -2.882050704956054688e+01 -1.845671050250530243e-02 -4.354639723896980286e-02 2.110000000000000000e+02 1.610000000000000000e+02
4.707342088222503662e-01 8.434768319129943848e-01 7.975969314575195312e-01 7.918324470520019531e-01 -4.421434020996093750e+01 -2.844694137573242188e+01 -1.830207556486129761e-02 -4.298195615410804749e-02 2.090000000000000000e+02 1.590000000000000000e+02
4.707342088222503662e-01 8.399998545646667480e-01 7.889374494552612305e-01 7.844461798667907715e-01 -4.210102462768554688e+01 -2.633362579345703125e+01 -1.742729172110557556e-02 -3.978883847594261169e-02 2.050000000000000000e+02 1.550000000000000000e+02
4.707342088222503662e-01 8.377748131752014160e-01 7.834836244583129883e-01 7.797194123268127441e-01 -4.093621444702148438e+01 -2.516881561279296875e+01 -1.694512926042079926e-02 -3.802886605262756348e-02 2.010000000000000000e+02 1.510000000000000000e+02
4.707342088222503662e-01 8.146458864212036133e-01 7.310007810592651367e-01 7.305856943130493164e-01 -3.257096862792968750e+01 -1.680357170104980469e+01 -1.348242070525884628e-02 -2.538938634097576141e-02 1.730000000000000000e+02 1.230000000000000000e+02
4.707342088222503662e-01 8.051931858062744141e-01 7.101432681083679199e-01 7.105049490928649902e-01 -3.028926849365234375e+01 -1.452187156677246094e+01 -1.253793481737375259e-02 -2.194184809923171997e-02 1.600000000000000000e+02 1.100000000000000000e+02
4.707342088222503662e-01 7.728961110115051270e-01 6.360936760902404785e-01 6.418949365615844727e-01 -2.569054794311523438e+01 -9.923151969909667969e+00 -1.063434127718210220e-02 -1.499340496957302094e-02 1.440000000000000000e+02 9.400000000000000000e+01
4.707342088222503662e-01 7.598392367362976074e-01 6.051168441772460938e-01 6.141576766967773438e-01 -2.421240615844726562e+01 -8.445009231567382812e+00 -1.002247910946607590e-02 -1.276000216603279114e-02 1.350000000000000000e+02 8.500000000000000000e+01
4.707342088222503662e-01 7.403791546821594238e-01 5.615693330764770508e-01 5.728178024291992188e-01 -2.241673660278320312e+01 -6.649340629577636719e+00 -9.279180318117141724e-03 -1.004683319479227066e-02 1.310000000000000000e+02 8.100000000000000000e+01
4.707342088222503662e-01 7.053215503692626953e-01 4.792386591434478760e-01 4.983435273170471191e-01 -1.975805091857910156e+01 -3.990653276443481445e+00 -8.178643882274627686e-03 -6.029685027897357941e-03 1.190000000000000000e+02 6.900000000000000000e+01
4.707342088222503662e-01 7.050771117210388184e-01 4.787305295467376709e-01 4.978242516517639160e-01 -1.970322036743164062e+01 -3.935823917388916016e+00 -8.155947551131248474e-03 -5.946840159595012665e-03 1.190000000000000000e+02 6.900000000000000000e+01
4.707342088222503662e-01 6.986868381500244141e-01 4.636947214603424072e-01 4.842491149902343750e-01 -1.933505630493164062e+01 -3.567659378051757812e+00 -8.003549650311470032e-03 -5.390561651438474655e-03 1.140000000000000000e+02 6.400000000000000000e+01
4.707342088222503662e-01 6.911877989768981934e-01 4.486664235591888428e-01 4.683186113834381104e-01 -1.893785858154296875e+01 -3.170461177825927734e+00 -7.839133962988853455e-03 -4.790414124727249146e-03 1.100000000000000000e+02 6.000000000000000000e+01
4.707342088222503662e-01 6.475456357002258301e-01 3.557462990283966064e-01 3.756077587604522705e-01 -1.733210754394531250e+01 -1.564709186553955078e+00 -7.174449507147073746e-03 -2.364200307056307793e-03 9.300000000000000000e+01 4.300000000000000000e+01
4.707342088222503662e-01 6.244336366653442383e-01 3.092231154441833496e-01 3.265100121498107910e-01 -1.682845306396484375e+01 -1.061056494712829590e+00 -6.965966895222663879e-03 -1.603205222636461258e-03 8.300000000000000000e+01 3.300000000000000000e+01
4.707342088222503662e-01 5.925358533859252930e-01 2.418804615736007690e-01 2.587482333183288574e-01 -1.636013793945312500e+01 -5.927405953407287598e-01 -6.772112566977739334e-03 -8.956024539656937122e-04 7.400000000000000000e+01 2.400000000000000000e+01
4.707342088222503662e-01 5.880425572395324707e-01 2.326589077711105347e-01 2.492029368877410889e-01 -1.630943298339843750e+01 -5.420357584953308105e-01 -6.751123815774917603e-03 -8.189899381250143051e-04 7.100000000000000000e+01 2.100000000000000000e+01
4.707342088222503662e-01 5.717005729675292969e-01 2.028787583112716675e-01 2.144869863986968994e-01 -1.616170120239257812e+01 -3.943051099777221680e-01 -6.689971778541803360e-03 -5.957760149613022804e-04 6.900000000000000000e+01 1.900000000000000000e+01
4.707342088222503662e-01 5.533933639526367188e-01 1.617767661809921265e-01 1.755962371826171875e-01 -1.601920318603515625e+01 -2.518067955970764160e-01 -6.630985997617244720e-03 -3.804679436143487692e-04 6.600000000000000000e+01 1.600000000000000000e+01
4.707342088222503662e-01 5.533933639526367188e-01 1.617767661809921265e-01 1.755962371826171875e-01 -1.601920318603515625e+01 -2.518067955970764160e-01 -6.630985997617244720e-03 -3.804679436143487692e-04 6.600000000000000000e+01 1.600000000000000000e+01
4.707342088222503662e-01 5.465859174728393555e-01 1.453971713781356812e-01 1.611348986625671387e-01 -1.597974872589111328e+01 -2.123509049415588379e-01 -6.614654324948787689e-03 -3.208519774489104748e-04 6.400000000000000000e+01 1.400000000000000000e+01
4.707342088222503662e-01 5.393523573875427246e-01 1.315091699361801147e-01 1.457683444023132324e-01 -1.594115543365478516e+01 -1.737583875656127930e-01 -6.598679348826408386e-03 -2.625405613798648119e-04 6.200000000000000000e+01 1.200000000000000000e+01
4.707342088222503662e-01 5.050769448280334473e-01 6.202648952603340149e-02 7.295568287372589111e-02 -1.581613254547119141e+01 -4.873591661453247070e-02 -6.546927150338888168e-03 -7.363762415479868650e-05 5.400000000000000000e+01 4.000000000000000000e+00
4.707342088222503662e-01 4.978198409080505371e-01 4.769481718540191650e-02 5.753912031650543213e-02 -1.580264377593994141e+01 -3.524672985076904297e-02 -6.541343871504068375e-03 -5.325610982254147530e-05 5.300000000000000000e+01 3.000000000000000000e+00
4.707342088222503662e-01 4.978198409080505371e-01 4.769481718540191650e-02 5.753912031650543213e-02 -1.580264377593994141e+01 -3.524672985076904297e-02 -6.541343871504068375e-03 -5.325610982254147530e-05 5.300000000000000000e+01 3.000000000000000000e+00
4.707342088222503662e-01 4.978198409080505371e-01 4.769481718540191650e-02 5.753912031650543213e-02 -1.580264377593994141e+01 -3.524672985076904297e-02 -6.541343871504068375e-03 -5.325610982254147530e-05 5.300000000000000000e+01 3.000000000000000000e+00
4.707342088222503662e-01 4.592182040214538574e-01 -3.200457617640495300e-02 -2.446392178535461426e-02 -1.576739692687988281e+01 0.000000000000000000e+00 -6.526753772050142288e-03 0.000000000000000000e+00 5.000000000000000000e+01 0.000000000000000000e+00
4.707342088222503662e-01 4.592182040214538574e-01 -3.200457617640495300e-02 -2.446392178535461426e-02 -1.576739692687988281e+01 0.000000000000000000e+00 -6.526753772050142288e-03 0.000000000000000000e+00 5.000000000000000000e+01 0.000000000000000000e+00
4.707342088222503662e-01 4.592182040214538574e-01 -3.200457617640495300e-02 -2.446392178535461426e-02 -1.576739692687988281e+01 0.000000000000000000e+00 -6.526753772050142288e-03 0.000000000000000000e+00 5.000000000000000000e+01 0.000000000000000000e+00
4.707342088222503662e-01 4.592182040214538574e-01 -3.200457617640495300e-02 -2.446392178535461426e-02 -1.576739692687988281e+01 0.000000000000000000e+00 -6.526753772050142288e-03 0.000000000000000000e+00 5.000000000000000000e+01 0.000000000000000000e+00
4.707342088222503662e-01 4.592182040214538574e-01 -3.200457617640495300e-02 -2.446392178535461426e-02 -1.576739692687988281e+01 0.000000000000000000e+00 -6.526753772050142288e-03 0.000000000000000000e+00 5.000000000000000000e+01 0.000000000000000000e+00
4.707342088222503662e-01 4.592182040214538574e-01 -3.200457617640495300e-02 -2.446392178535461426e-02 -1.576739692687988281e+01 0.000000000000000000e+00 -6.526753772050142288e-03 0.000000000000000000e+00 5.000000000000000000e+01 0.000000000000000000e+00
4.707342088222503662e-01 4.592182040214538574e-01 -3.200457617640495300e-02 -2.446392178535461426e-02 -1.576739692687988281e+01 0.000000000000000000e+00 -6.526753772050142288e-03 0.000000000000000000e+00 5.000000000000000000e+01 0.000000000000000000e+00
4.707342088222503662e-01 4.592182040214538574e-01 -3.200457617640495300e-02 -2.446392178535461426e-02 -1.576739692687988281e+01 0.000000000000000000e+00 -6.526753772050142288e-03 0.000000000000000000e+00 5.000000000000000000e+01 0.000000000000000000e+00
4.707342088222503662e-01 4.592182040214538574e-01 -3.200457617640495300e-02 -2.446392178535461426e-02 -1.576739692687988281e+01 0.000000000000000000e+00 -6.526753772050142288e-03 0.000000000000000000e+00 5.000000000000000000e+01 0.000000000000000000e+00
4.707342088222503662e-01 4.592182040214538574e-01 -3.200457617640495300e-02 -2.446392178535461426e-02 -1.576739692687988281e+01 0.000000000000000000e+00 -6.526753772050142288e-03 0.000000000000000000e+00 5.000000000000000000e+01 0.000000000000000000e+00
4.707342088222503662e-01 4.592182040214538574e-01 -3.200457617640495300e-02 -2.446392178535461426e-02 -1.576739692687988281e+01 0.000000000000000000e+00 -6.526753772050142288e-03 0.000000000000000000e+00 5.000000000000000000e+01 0.000000000000000000e+00
4.707342088222503662e-01 4.592182040214538574e-01 -3.200457617640495300e-02 -2.446392178535461426e-02 -1.576739692687988281e+01 0.000000000000000000e+00 -6.526753772050142288e-03 0.000000000000000000e+00 5.000000000000000000e+01 0.000000000000000000e+00
4.707342088222503662e-01 4.592182040214538574e-01 -3.200457617640495300e-02 -2.446392178535461426e-02 -1.576739692687988281e+01 0.000000000000000000e+00 -6.526753772050142288e-03 0.000000000000000000e+00 5.000000000000000000e+01 0.000000000000000000e+00
4.707342088222503662e-01 4.592182040214538574e-01 -3.200457617640495300e-02 -2.446392178535461426e-02 -1.576739692687988281e+01 0.000000000000000000e+00 -6.526753772050142288e-03 0.000000000000000000e+00 5.000000000000000000e+01 0.000000000000000000e+00
4.707342088222503662e-01 4.592182040214538574e-01 -3.200457617640495300e-02 -2.446392178535461426e-02 -1.576739692687988281e+01 0.000000000000000000e+00 -6.526753772050142288e-03 0.000000000000000000e+00 5.000000000000000000e+01 0.000000000000000000e+00
4.707342088222503662e-01 4.592182040214538574e-01 -3.200457617640495300e-02 -2.446392178535461426e-02 -1.576739692687988281e+01 0.000000000000000000e+00 -6.526753772050142288e-03 0.000000000000000000e+00 5.000000000000000000e+01 0.000000000000000000e+00
4.707342088222503662e-01 4.592182040214538574e-01 -3.200457617640495300e-02 -2.446392178535461426e-02 -1.576739692687988281e+01 0.000000000000000000e+00 -6.526753772050142288e-03 0.000000000000000000e+00 5.000000000000000000e+01 0.000000000000000000e+00
4.707342088222503662e-01 4.592182040214538574e-01 -3.200457617640495300e-02 -2.446392178535461426e-02 -1.576739692687988281e+01 0.000000000000000000e+00 -6.526753772050142288e-03 0.000000000000000000e+00 5.000000000000000000e+01 0.000000000000000000e+00
4.707342088222503662e-01 4.592182040214538574e-01 -3.200457617640495300e-02 -2.446392178535461426e-02 -1.576739692687988281e+01 0.000000000000000000e+00 -6.526753772050142288e-03 0.000000000000000000e+00 5.000000000000000000e+01 0.000000000000000000e+00
4.707342088222503662e-01 4.592182040214538574e-01 -3.200457617640495300e-02 -2.446392178535461426e-02 -1.576739692687988281e+01 0.000000000000000000e+00 -6.526753772050142288e-03 0.000000000000000000e+00 5.000000000000000000e+01 0.000000000000000000e+00
4.707342088222503662e-01 4.592182040214538574e-01 -3.200457617640495300e-02 -2.446392178535461426e-02 -1.576739692687988281e+01 0.000000000000000000e+00 -6.526753772050142288e-03 0.000000000000000000e+00 5.000000000000000000e+01 0.000000000000000000e+00
4.707342088222503662e-01 4.592182040214538574e-01 -3.200457617640495300e-02 -2.446392178535461426e-02 -1.576739692687988281e+01 0.000000000000000000e+00 -6.526753772050142288e-03 0.000000000000000000e+00 5.000000000000000000e+01 0.000000000000000000e+00
4.707342088222503662e-01 4.592182040214538574e-01 -3.200457617640495300e-02 -2.446392178535461426e-02 -1.576739692687988281e+01 0.000000000000000000e+00 -6.526753772050142288e-03 0.000000000000000000e+00 5.000000000000000000e+01 0.000000000000000000e+00
4.707342088222503662e-01 4.592182040214538574e-01 -3.200457617640495300e-02 -2.446392178535461426e-02 -1.576739692687988281e+01 0.000000000000000000e+00 -6.526753772050142288e-03 0.000000000000000000e+00 5.000000000000000000e+01 0.000000000000000000e+00
4.707342088222503662e-01 4.592182040214538574e-01 -3.200457617640495300e-02 -2.446392178535461426e-02 -1.576739692687988281e+01 0.000000000000000000e+00 -6.526753772050142288e-03 0.000000000000000000e+00 5.000000000000000000e+01 0.000000000000000000e+00
4.707342088222503662e-01 4.592182040214538574e-01 -3.200457617640495300e-02 -2.446392178535461426e-02 -1.576739692687988281e+01 0.000000000000000000e+00 -6.526753772050142288e-03 0.000000000000000000e+00 5.000000000000000000e+01 0.000000000000000000e+00
4.707342088222503662e-01 4.592182040214538574e-01 -3.200457617640495300e-02 -2.446392178535461426e-02 -1.576739692687988281e+01 0.000000000000000000e+00 -6.526753772050142288e-03 0.000000000000000000e+00 5.000000000000000000e+01 0.000000000000000000e+00
4.707342088222503662e-01 4.592182040214538574e-01 -3.200457617640495300e-02 -2.446392178535461426e-02 -1.576739692687988281e+01 0.000000000000000000e+00 -6.526753772050142288e-03 0.000000000000000000e+00 5.000000000000000000e+01 0.000000000000000000e+00
4.707342088222503662e-01 4.592182040214538574e-01 -3.200457617640495300e-02 -2.446392178535461426e-02 -1.576739692687988281e+01 0.000000000000000000e+00 -6.526753772050142288e-03 0.000000000000000000e+00 5.000000000000000000e+01 0.000000000000000000e+00
4.707342088222503662e-01 4.592182040214538574e-01 -3.200457617640495300e-02 -2.446392178535461426e-02 -1.576739692687988281e+01 0.000000000000000000e+00 -6.526753772050142288e-03 0.000000000000000000e+00 5.000000000000000000e+01 0.000000000000000000e+00
4.707342088222503662e-01 4.592182040214538574e-01 -3.200457617640495300e-02 -2.446392178535461426e-02 -1.576739692687988281e+01 0.000000000000000000e+00 -6.526753772050142288e-03 0.000000000000000000e+00 5.000000000000000000e+01 0.000000000000000000e+00
4.707342088222503662e-01 4.592182040214538574e-01 -3.200457617640495300e-02 -2.446392178535461426e-02 -1.576739692687988281e+01 0.000000000000000000e+00 -6.526753772050142288e-03 0.000000000000000000e+00 5.000000000000000000e+01 0.000000000000000000e+00
4.707342088222503662e-01 4.592182040214538574e-01 -3.200457617640495300e-02 -2.446392178535461426e-02 -1.576739692687988281e+01 0.000000000000000000e+00 -6.526753772050142288e-03 0.000000000000000000e+00 5.000000000000000000e+01 0.000000000000000000e+00
4.707342088222503662e-01 4.592182040214538574e-01 -3.200457617640495300e-02 -2.446392178535461426e-02 -1.576739692687988281e+01 0.000000000000000000e+00 -6.526753772050142288e-03 0.000000000000000000e+00 5.000000000000000000e+01 0.000000000000000000e+00
4.707342088222503662e-01 4.592182040214538574e-01 -3.200457617640495300e-02 -2.446392178535461426e-02 -1.576739692687988281e+01 0.000000000000000000e+00 -6.526753772050142288e-03 0.000000000000000000e+00 5.000000000000000000e+01 0.000000000000000000e+00
4.707342088222503662e-01 4.592182040214538574e-01 -3.200457617640495300e-02 -2.446392178535461426e-02 -1.576739692687988281e+01 0.000000000000000000e+00 -6.526753772050142288e-03 0.000000000000000000e+00 5.000000000000000000e+01 0.000000000000000000e+00
4.707342088222503662e-01 4.592182040214538574e-01 -3.200457617640495300e-02 -2.446392178535461426e-02 -1.576739692687988281e+01 0.000000000000000000e+00 -6.526753772050142288e-03 0.000000000000000000e+00 5.000000000000000000e+01 0.000000000000000000e+00
4.707342088222503662e-01 4.592182040214538574e-01 -3.200457617640495300e-02 -2.446392178535461426e-02 -1.576739692687988281e+01 0.000000000000000000e+00 -6.526753772050142288e-03 0.000000000000000000e+00 5.000000000000000000e+01 0.000000000000000000e+00
4.707342088222503662e-01 4.592182040214538574e-01 -3.200457617640495300e-02 -2.446392178535461426e-02 -1.576739692687988281e+01 0.000000000000000000e+00 -6.526753772050142288e-03 0.000000000000000000e+00 5.000000000000000000e+01 0.000000000000000000e+00
4.707342088222503662e-01 4.592182040214538574e-01 -3.200457617640495300e-02 -2.446392178535461426e-02 -1.576739692687988281e+01 0.000000000000000000e+00 -6.526753772050142288e-03 0.000000000000000000e+00 5.000000000000000000e+01 0.000000000000000000e+00
4.707342088222503662e-01 4.592182040214538574e-01 -3.200457617640495300e-02 -2.446392178535461426e-02 -1.576739692687988281e+01 0.000000000000000000e+00 -6.526753772050142288e-03 0.000000000000000000e+00 5.000000000000000000e+01 0.000000000000000000e+00
4.707342088222503662e-01 4.592182040214538574e-01 -3.200457617640495300e-02 -2.446392178535461426e-02 -1.576739692687988281e+01 0.000000000000000000e+00 -6.526753772050142288e-03 0.000000000000000000e+00 5.000000000000000000e+01 0.000000000000000000e+00
4.707342088222503662e-01 4.592182040214538574e-01 -3.200457617640495300e-02 -2.446392178535461426e-02 -1.576739692687988281e+01 0.000000000000000000e+00 -6.526753772050142288e-03 0.000000000000000000e+00 5.000000000000000000e+01 0.000000000000000000e+00
4.707342088222503662e-01 4.592182040214538574e-01 -3.200457617640495300e-02 -2.446392178535461426e-02 -1.576739692687988281e+01 0.000000000000000000e+00 -6.526753772050142288e-03 0.000000000000000000e+00 5.000000000000000000e+01 0.000000000000000000e+00
4.707342088222503662e-01 4.592182040214538574e-01 -3.200457617640495300e-02 -2.446392178535461426e-02 -1.576739692687988281e+01 0.000000000000000000e+00 -6.526753772050142288e-03 0.000000000000000000e+00 5.000000000000000000e+01 0.000000000000000000e+00
4.707342088222503662e-01 4.592182040214538574e-01 -3.200457617640495300e-02 -2.446392178535461426e-02 -1.576739692687988281e+01 0.000000000000000000e+00 -6.526753772050142288e-03 0.000000000000000000e+00 5.000000000000000000e+01 0.000000000000000000e+00
4.707342088222503662e-01 4.592182040214538574e-01 -3.200457617640495300e-02 -2.446392178535461426e-02 -1.576739692687988281e+01 0.000000000000000000e+00 -6.526753772050142288e-03 0.000000000000000000e+00 5.000000000000000000e+01 0.000000000000000000e+00
4.707342088222503662e-01 4.592182040214538574e-01 -3.200457617640495300e-02 -2.446392178535461426e-02 -1.576739692687988281e+01 0.000000000000000000e+00 -6.526753772050142288e-03 0.000000000000000000e+00 5.000000000000000000e+01 0.000000000000000000e+00
4.707342088222503662e-01 4.592182040214538574e-01 -3.200457617640495300e-02 -2.446392178535461426e-02 -1.576739692687988281e+01 0.000000000000000000e+00 -6.526753772050142288e-03 0.000000000000000000e+00 5.000000000000000000e+01 0.000000000000000000e+00
