4.682605564594268799e-01 9.167147874832153320e-01 9.766157269477844238e-01 9.577023386955261230e-01 -5.332678985595703125e+01 -4.207422637939453125e+01 -2.207408286631107330e-02 -5.091986060142517090e-02 4.290000000000000000e+02 3.810000000000000000e+02
4.682605564594268799e-01 9.166868329048156738e-01 9.765533208847045898e-01 9.576426148414611816e-01 -3.697826385498046875e+01 -2.572570419311523438e+01 -1.530677638947963715e-02 -3.113424591720104218e-02 3.390000000000000000e+02 2.910000000000000000e+02
4.682605564594268799e-01 9.166339039802551270e-01 9.764420986175537109e-01 9.575296044349670410e-01 -3.491973876953125000e+01 -2.366718101501464844e+01 -1.445467025041580200e-02 -2.864294126629829407e-02 3.240000000000000000e+02 2.760000000000000000e+02
4.682605564594268799e-01 9.165918231010437012e-01 9.763518571853637695e-01 9.574397206306457520e-01 -3.387530899047851562e+01 -2.262274932861328125e+01 -1.402233913540840149e-02 -2.737892977893352509e-02 3.150000000000000000e+02 2.670000000000000000e+02
4.682605564594268799e-01 9.165612459182739258e-01 9.762845635414123535e-01 9.573744535446166992e-01 -3.341688537597656250e+01 -2.216432571411132812e+01 -1.383257936686277390e-02 -2.682412788271903992e-02 3.100000000000000000e+02 2.620000000000000000e+02
4.682605564594268799e-01 9.165145754814147949e-01 9.761803746223449707e-01 9.572747945785522461e-01 -3.242671585083007812e+01 -2.117415618896484375e+01 -1.342270895838737488e-02 -2.562578581273555756e-02 3.040000000000000000e+02 2.560000000000000000e+02
4.682605564594268799e-01 9.165059924125671387e-01 9.761599302291870117e-01 9.572564363479614258e-01 -3.223429107666015625e+01 -2.098173332214355469e+01 -1.334305666387081146e-02 -2.539290860295295715e-02 3.010000000000000000e+02 2.530000000000000000e+02
4.682605564594268799e-01 9.164220094680786133e-01 9.759480357170104980e-01 9.570770859718322754e-01 -3.071655464172363281e+01 -1.946399497985839844e+01 -1.271480508148670197e-02 -2.355608157813549042e-02 2.990000000000000000e+02 2.510000000000000000e+02
4.682605564594268799e-01 9.164146184921264648e-01 9.759342074394226074e-01 9.570612907409667969e-01 -3.066551971435546875e+01 -1.941296195983886719e+01 -1.269367989152669907e-02 -2.349431999027729034e-02 2.970000000000000000e+02 2.490000000000000000e+02
4.682605564594268799e-01 9.163231253623962402e-01 9.757412672042846680e-01 9.568659067153930664e-01 -3.007262992858886719e+01 -1.882007217407226562e+01 -1.244825962930917740e-02 -2.277678251266479492e-02 2.940000000000000000e+02 2.460000000000000000e+02
4.682605564594268799e-01 9.162843823432922363e-01 9.756549000740051270e-01 9.567831754684448242e-01 -2.987185287475585938e+01 -1.861929321289062500e+01 -1.236514933407306671e-02 -2.253379113972187042e-02 2.910000000000000000e+02 2.430000000000000000e+02
4.682605564594268799e-01 9.151876568794250488e-01 9.729939103126525879e-01 9.544410705566406250e-01 -2.567650985717773438e+01 -1.442395019531250000e+01 -1.062852982431650162e-02 -1.745642349123954773e-02 2.730000000000000000e+02 2.250000000000000000e+02
4.682605564594268799e-01 9.138430356979370117e-01 9.700101017951965332e-01 9.515695571899414062e-01 -2.285493469238281250e+01 -1.160237407684326172e+01 -9.460567496716976166e-03 -1.404164358973503113e-02 2.600000000000000000e+02 2.120000000000000000e+02
4.682605564594268799e-01 9.132502675056457520e-01 9.685072302818298340e-01 9.503036141395568848e-01 -2.202352333068847656e+01 -1.077096462249755859e+01 -9.116413071751594543e-03 -1.303543895483016968e-02 2.540000000000000000e+02 2.060000000000000000e+02
4.682605564594268799e-01 9.130380749702453613e-01 9.679520130157470703e-01 9.498504996299743652e-01 -2.180056762695312500e+01 -1.054800796508789062e+01 -9.024123661220073700e-03 -1.276560872793197632e-02 2.490000000000000000e+02 2.010000000000000000e+02
4.682605564594268799e-01 9.128532409667968750e-01 9.675257802009582520e-01 9.494557380676269531e-01 -2.163682556152343750e+01 -1.038426399230957031e+01 -8.956343866884708405e-03 -1.256743911653757095e-02 2.460000000000000000e+02 1.980000000000000000e+02
4.682605564594268799e-01 9.126965403556823730e-01 9.671862721443176270e-01 9.491211175918579102e-01 -2.053491210937500000e+01 -9.282350540161132812e+00 -8.500218391418457031e-03 -1.123386062681674957e-02 2.430000000000000000e+02 1.950000000000000000e+02
4.682605564594268799e-01 9.115020632743835449e-01 9.644508957862854004e-01 9.465702176094055176e-01 -1.971620941162109375e+01 -8.463649749755859375e+00 -8.161324076354503632e-03 -1.024303771555423737e-02 2.390000000000000000e+02 1.910000000000000000e+02
4.682605564594268799e-01 9.107815623283386230e-01 9.626135826110839844e-01 9.450315833091735840e-01 -1.923594665527343750e+01 -7.983387470245361328e+00 -7.962524890899658203e-03 -9.661804884672164917e-03 2.370000000000000000e+02 1.890000000000000000e+02
4.682605564594268799e-01 9.105975031852722168e-01 9.622007608413696289e-01 9.446384906768798828e-01 -1.911584281921386719e+01 -7.863283157348632812e+00 -7.912809029221534729e-03 -9.516450576484203339e-03 2.330000000000000000e+02 1.850000000000000000e+02
4.682605564594268799e-01 9.072448015213012695e-01 9.540308713912963867e-01 9.374786019325256348e-01 -1.791963195800781250e+01 -6.667071342468261719e+00 -7.417649496346712112e-03 -8.068748749792575836e-03 2.150000000000000000e+02 1.670000000000000000e+02
4.682605564594268799e-01 9.069359302520751953e-01 9.533954262733459473e-01 9.368189573287963867e-01 -1.783259963989257812e+01 -6.580039024353027344e+00 -7.381623145192861557e-03 -7.963418960571289062e-03 2.080000000000000000e+02 1.600000000000000000e+02
4.682605564594268799e-01 8.996263742446899414e-01 9.354417324066162109e-01 9.212089776992797852e-01 -1.680251312255859375e+01 -5.549954414367675781e+00 -6.955229211598634720e-03 -6.716770119965076447e-03 1.980000000000000000e+02 1.500000000000000000e+02
4.682605564594268799e-01 8.882973194122314453e-01 9.091392159461975098e-01 8.970150351524353027e-01 -1.558778476715087891e+01 -4.335225105285644531e+00 -6.452404893934726715e-03 -5.246657878160476685e-03 1.930000000000000000e+02 1.450000000000000000e+02
4.682605564594268799e-01 8.819341659545898438e-01 8.961817622184753418e-01 8.834261298179626465e-01 -1.499710178375244141e+01 -3.744541645050048828e+00 -6.207897793501615524e-03 -4.531789571046829224e-03 1.870000000000000000e+02 1.390000000000000000e+02
4.682605564594268799e-01 8.756853938102722168e-01 8.815870285034179688e-01 8.700814843177795410e-01 -1.454379653930664062e+01 -3.291236400604248047e+00 -6.020256783813238144e-03 -3.983181901276111603e-03 1.780000000000000000e+02 1.300000000000000000e+02
4.682605564594268799e-01 8.635947704315185547e-01 8.574720025062561035e-01 8.442611694335937500e-01 -1.369766807556152344e+01 -2.445107936859130859e+00 -5.670010577887296677e-03 -2.959164557978510857e-03 1.750000000000000000e+02 1.270000000000000000e+02
4.682605564594268799e-01 8.588573932647705078e-01 8.454664349555969238e-01 8.341442346572875977e-01 -1.342229557037353516e+01 -2.169735670089721680e+00 -5.556022748351097107e-03 -2.625898225232958794e-03 1.720000000000000000e+02 1.240000000000000000e+02
4.682605564594268799e-01 8.585984706878662109e-01 8.448392152786254883e-01 8.335912823677062988e-01 -1.340824127197265625e+01 -2.155681610107421875e+00 -5.550205241888761520e-03 -2.608889481052756310e-03 1.700000000000000000e+02 1.220000000000000000e+02
4.682605564594268799e-01 8.359163999557495117e-01 7.911396622657775879e-01 7.851522564888000488e-01 -1.246080970764160156e+01 -1.208249092102050781e+00 -5.158025305718183517e-03 -1.462269923649728298e-03 1.540000000000000000e+02 1.060000000000000000e+02
4.682605564594268799e-01 8.265292048454284668e-01 7.692273259162902832e-01 7.651053071022033691e-01 -1.227684974670410156e+01 -1.024289846420288086e+00 -5.081877112388610840e-03 -1.239635283127427101e-03 1.390000000000000000e+02 9.100000000000000000e+01
4.682605564594268799e-01 8.164826035499572754e-01 7.481721043586730957e-01 7.436501979827880859e-01 -1.212454223632812500e+01 -8.719823956489562988e-01 -5.018830765038728714e-03 -1.055306987836956978e-03 1.330000000000000000e+02 8.500000000000000000e+01
4.682605564594268799e-01 7.985219955444335938e-01 7.083306908607482910e-01 7.052941918373107910e-01 -1.190638542175292969e+01 -6.538251638412475586e-01 -4.928526934236288071e-03 -7.912846049293875694e-04 1.300000000000000000e+02 8.200000000000000000e+01
4.682605564594268799e-01 7.850691676139831543e-01 6.763023138046264648e-01 6.765648126602172852e-01 -1.177412223815917969e+01 -5.215628743171691895e-01 -4.873778205364942551e-03 -6.312156328931450844e-04 1.270000000000000000e+02 7.900000000000000000e+01
4.682605564594268799e-01 7.697283625602722168e-01 6.447600126266479492e-01 6.438035368919372559e-01 -1.165670680999755859e+01 -4.041460156440734863e-01 -4.825175274163484573e-03 -4.891132120974361897e-04 1.230000000000000000e+02 7.500000000000000000e+01
4.682605564594268799e-01 7.684569954872131348e-01 6.413015723228454590e-01 6.410884857177734375e-01 -1.164017868041992188e+01 -3.876188993453979492e-01 -4.818333778530359268e-03 -4.691114299930632114e-04 1.220000000000000000e+02 7.400000000000000000e+01
4.682605564594268799e-01 7.594155669212341309e-01 6.217544078826904297e-01 6.217799186706542969e-01 -1.156842041015625000e+01 -3.158606886863708496e-01 -4.788630176335573196e-03 -3.822668513748794794e-04 1.180000000000000000e+02 7.000000000000000000e+01
4.682605564594268799e-01 7.542492747306823730e-01 6.098331212997436523e-01 6.107469797134399414e-01 -1.153880691528320312e+01 -2.862474918365478516e-01 -4.776371642947196960e-03 -3.464278124738484621e-04 1.130000000000000000e+02 6.500000000000000000e+01
4.682605564594268799e-01 7.138595581054687500e-01 5.173138380050659180e-01 5.244922041893005371e-01 -1.139248943328857422e+01 -1.399291157722473145e-01 -4.715804941952228546e-03 -1.693476515356451273e-04 9.700000000000000000e+01 4.900000000000000000e+01
4.682605564594268799e-01 6.927373409271240234e-01 4.731280505657196045e-01 4.793843626976013184e-01 -1.134721755981445312e+01 -9.465712308883666992e-02 -4.697065334767103195e-03 -1.145577261922881007e-04 8.900000000000000000e+01 4.100000000000000000e+01
4.682605564594268799e-01 6.764880418777465820e-01 4.359370768070220947e-01 4.446829557418823242e-01 -1.132350349426269531e+01 -7.094365358352661133e-02 -4.687249194830656052e-03 -8.585876639699563384e-05 8.300000000000000000e+01 3.500000000000000000e+01
4.682605564594268799e-01 6.714796423912048340e-01 4.253746569156646729e-01 4.339872002601623535e-01 -1.131741142272949219e+01 -6.485104560852050781e-02 -4.684727173298597336e-03 -7.848525274312123656e-05 8.000000000000000000e+01 3.200000000000000000e+01
4.682605564594268799e-01 6.537463068962097168e-01 3.927797973155975342e-01 3.961165249347686768e-01 -1.130021858215332031e+01 -4.765766859054565430e-02 -4.677610471844673157e-03 -5.767715992988087237e-05 7.600000000000000000e+01 2.800000000000000000e+01
4.682605564594268799e-01 6.432898044586181641e-01 3.693475127220153809e-01 3.737860023975372314e-01 -1.129210090637207031e+01 -3.954023122787475586e-02 -4.674250259995460510e-03 -4.785312194144353271e-05 7.200000000000000000e+01 2.400000000000000000e+01
4.682605564594268799e-01 6.348789930343627930e-01 3.504614233970642090e-01 3.558242022991180420e-01 -1.128613471984863281e+01 -3.357344865798950195e-02 -4.671780858188867569e-03 -4.063189044245518744e-05 7.000000000000000000e+01 2.200000000000000000e+01
4.682605564594268799e-01 6.305814981460571289e-01 3.419835865497589111e-01 3.466466367244720459e-01 -1.128369522094726562e+01 -3.113436698913574219e-02 -4.670770838856697083e-03 -3.768001988646574318e-05 6.800000000000000000e+01 2.000000000000000000e+01
4.682605564594268799e-01 6.285455226898193359e-01 3.380244672298431396e-01 3.422986567020416260e-01 -1.128260231018066406e+01 -3.004145622253417969e-02 -4.670318681746721268e-03 -3.635733446571975946e-05 6.700000000000000000e+01 1.900000000000000000e+01
4.682605564594268799e-01 5.809763669967651367e-01 2.390923202037811279e-01 2.407117336988449097e-01 -1.126390838623046875e+01 -1.134860515594482422e-02 -4.662580322474241257e-03 -1.373452232655836269e-05 6.000000000000000000e+01 1.200000000000000000e+01
4.682605564594268799e-01 5.411960482597351074e-01 1.466995924711227417e-01 1.557583510875701904e-01 -1.125587940216064453e+01 -3.318667411804199219e-03 -4.659256897866725922e-03 -4.016379989479901269e-06 5.600000000000000000e+01 8.000000000000000000e+00
4.682605564594268799e-01 5.308683514595031738e-01 1.250399798154830933e-01 1.337029039859771729e-01 -1.125443077087402344e+01 -1.871228218078613281e-03 -4.658657126128673553e-03 -2.264632939841249026e-06 5.400000000000000000e+01 6.000000000000000000e+00
4.682605564594268799e-01 5.263113975524902344e-01 1.139298975467681885e-01 1.239712387323379517e-01 -1.125396537780761719e+01 -1.405298709869384766e-03 -4.658464342355728149e-03 -1.700747020549897570e-06 5.300000000000000000e+01 5.000000000000000000e+00
4.682605564594268799e-01 5.263113975524902344e-01 1.139298975467681885e-01 1.239712387323379517e-01 -1.125396537780761719e+01 -1.405298709869384766e-03 -4.658464342355728149e-03 -1.700747020549897570e-06 5.300000000000000000e+01 5.000000000000000000e+00
4.682605564594268799e-01 5.263113975524902344e-01 1.139299049973487854e-01 1.239712387323379517e-01 -1.125396537780761719e+01 -1.405298709869384766e-03 -4.658464342355728149e-03 -1.700747020549897570e-06 5.300000000000000000e+01 5.000000000000000000e+00
4.682605564594268799e-01 5.263113975524902344e-01 1.139298975467681885e-01 1.239712387323379517e-01 -1.125396537780761719e+01 -1.405298709869384766e-03 -4.658464342355728149e-03 -1.700747020549897570e-06 5.300000000000000000e+01 5.000000000000000000e+00
4.682605564594268799e-01 5.263113975524902344e-01 1.139298975467681885e-01 1.239712387323379517e-01 -1.125396537780761719e+01 -1.405298709869384766e-03 -4.658464342355728149e-03 -1.700747020549897570e-06 5.300000000000000000e+01 5.000000000000000000e+00
4.682605564594268799e-01 5.263113975524902344e-01 1.139298975467681885e-01 1.239712387323379517e-01 -1.125396537780761719e+01 -1.405298709869384766e-03 -4.658464342355728149e-03 -1.700747020549897570e-06 5.300000000000000000e+01 5.000000000000000000e+00
4.682605564594268799e-01 4.918961524963378906e-01 4.461686685681343079e-02 5.047530680894851685e-02 -1.125255966186523438e+01 0.000000000000000000e+00 -4.657882731407880783e-03 0.000000000000000000e+00 4.800000000000000000e+01 0.000000000000000000e+00
4.682605564594268799e-01 4.918961524963378906e-01 4.461686685681343079e-02 5.047530680894851685e-02 -1.125255966186523438e+01 0.000000000000000000e+00 -4.657882731407880783e-03 0.000000000000000000e+00 4.800000000000000000e+01 0.000000000000000000e+00
4.682605564594268799e-01 4.918961524963378906e-01 4.461686685681343079e-02 5.047530680894851685e-02 -1.125255966186523438e+01 0.000000000000000000e+00 -4.657882731407880783e-03 0.000000000000000000e+00 4.800000000000000000e+01 0.000000000000000000e+00
4.682605564594268799e-01 4.918961524963378906e-01 4.461686685681343079e-02 5.047530680894851685e-02 -1.125255966186523438e+01 0.000000000000000000e+00 -4.657882731407880783e-03 0.000000000000000000e+00 4.800000000000000000e+01 0.000000000000000000e+00
4.682605564594268799e-01 4.918961524963378906e-01 4.461686685681343079e-02 5.047530680894851685e-02 -1.125255966186523438e+01 0.000000000000000000e+00 -4.657882731407880783e-03 0.000000000000000000e+00 4.800000000000000000e+01 0.000000000000000000e+00
4.682605564594268799e-01 4.918961524963378906e-01 4.461686685681343079e-02 5.047530680894851685e-02 -1.125255966186523438e+01 0.000000000000000000e+00 -4.657882731407880783e-03 0.000000000000000000e+00 4.800000000000000000e+01 0.000000000000000000e+00
4.682605564594268799e-01 4.918961524963378906e-01 4.461686685681343079e-02 5.047530680894851685e-02 -1.125255966186523438e+01 0.000000000000000000e+00 -4.657882731407880783e-03 0.000000000000000000e+00 4.800000000000000000e+01 0.000000000000000000e+00
4.682605564594268799e-01 4.918961524963378906e-01 4.461686685681343079e-02 5.047530680894851685e-02 -1.125255966186523438e+01 0.000000000000000000e+00 -4.657882731407880783e-03 0.000000000000000000e+00 4.800000000000000000e+01 0.000000000000000000e+00
4.682605564594268799e-01 4.918961524963378906e-01 4.461686685681343079e-02 5.047530680894851685e-02 -1.125255966186523438e+01 0.000000000000000000e+00 -4.657882731407880783e-03 0.000000000000000000e+00 4.800000000000000000e+01 0.000000000000000000e+00
4.682605564594268799e-01 4.918961524963378906e-01 4.461686685681343079e-02 5.047530680894851685e-02 -1.125255966186523438e+01 0.000000000000000000e+00 -4.657882731407880783e-03 0.000000000000000000e+00 4.800000000000000000e+01 0.000000000000000000e+00
4.682605564594268799e-01 4.918961524963378906e-01 4.461686685681343079e-02 5.047530680894851685e-02 -1.125255966186523438e+01 0.000000000000000000e+00 -4.657882731407880783e-03 0.000000000000000000e+00 4.800000000000000000e+01 0.000000000000000000e+00
4.682605564594268799e-01 4.918961524963378906e-01 4.461686685681343079e-02 5.047530680894851685e-02 -1.125255966186523438e+01 0.000000000000000000e+00 -4.657882731407880783e-03 0.000000000000000000e+00 4.800000000000000000e+01 0.000000000000000000e+00
4.682605564594268799e-01 4.918961524963378906e-01 4.461686685681343079e-02 5.047530680894851685e-02 -1.125255966186523438e+01 0.000000000000000000e+00 -4.657882731407880783e-03 0.000000000000000000e+00 4.800000000000000000e+01 0.000000000000000000e+00
4.682605564594268799e-01 4.918961524963378906e-01 4.461686685681343079e-02 5.047530680894851685e-02 -1.125255966186523438e+01 0.000000000000000000e+00 -4.657882731407880783e-03 0.000000000000000000e+00 4.800000000000000000e+01 0.000000000000000000e+00
4.682605564594268799e-01 4.918961524963378906e-01 4.461686685681343079e-02 5.047530680894851685e-02 -1.125255966186523438e+01 0.000000000000000000e+00 -4.657882731407880783e-03 0.000000000000000000e+00 4.800000000000000000e+01 0.000000000000000000e+00
4.682605564594268799e-01 4.918961524963378906e-01 4.461686685681343079e-02 5.047530680894851685e-02 -1.125255966186523438e+01 0.000000000000000000e+00 -4.657882731407880783e-03 0.000000000000000000e+00 4.800000000000000000e+01 0.000000000000000000e+00
4.682605564594268799e-01 4.918961524963378906e-01 4.461686685681343079e-02 5.047530680894851685e-02 -1.125255966186523438e+01 0.000000000000000000e+00 -4.657882731407880783e-03 0.000000000000000000e+00 4.800000000000000000e+01 0.000000000000000000e+00
4.682605564594268799e-01 4.918961524963378906e-01 4.461686685681343079e-02 5.047530680894851685e-02 -1.125255966186523438e+01 0.000000000000000000e+00 -4.657882731407880783e-03 0.000000000000000000e+00 4.800000000000000000e+01 0.000000000000000000e+00
4.682605564594268799e-01 4.918961524963378906e-01 4.461686685681343079e-02 5.047530680894851685e-02 -1.125255966186523438e+01 0.000000000000000000e+00 -4.657882731407880783e-03 0.000000000000000000e+00 4.800000000000000000e+01 0.000000000000000000e+00
4.682605564594268799e-01 4.918961524963378906e-01 4.461686685681343079e-02 5.047530680894851685e-02 -1.125255966186523438e+01 0.000000000000000000e+00 -4.657882731407880783e-03 0.000000000000000000e+00 4.800000000000000000e+01 0.000000000000000000e+00
4.682605564594268799e-01 4.918961524963378906e-01 4.461686685681343079e-02 5.047530680894851685e-02 -1.125255966186523438e+01 0.000000000000000000e+00 -4.657882731407880783e-03 0.000000000000000000e+00 4.800000000000000000e+01 0.000000000000000000e+00
4.682605564594268799e-01 4.918961524963378906e-01 4.461686685681343079e-02 5.047530680894851685e-02 -1.125255966186523438e+01 0.000000000000000000e+00 -4.657882731407880783e-03 0.000000000000000000e+00 4.800000000000000000e+01 0.000000000000000000e+00
4.682605564594268799e-01 4.918961524963378906e-01 4.461686685681343079e-02 5.047530680894851685e-02 -1.125255966186523438e+01 0.000000000000000000e+00 -4.657882731407880783e-03 0.000000000000000000e+00 4.800000000000000000e+01 0.000000000000000000e+00
4.682605564594268799e-01 4.918961524963378906e-01 4.461686685681343079e-02 5.047530680894851685e-02 -1.125255966186523438e+01 0.000000000000000000e+00 -4.657882731407880783e-03 0.000000000000000000e+00 4.800000000000000000e+01 0.000000000000000000e+00
4.682605564594268799e-01 4.918961524963378906e-01 4.461686685681343079e-02 5.047530680894851685e-02 -1.125255966186523438e+01 0.000000000000000000e+00 -4.657882731407880783e-03 0.000000000000000000e+00 4.800000000000000000e+01 0.000000000000000000e+00
4.682605564594268799e-01 4.918961524963378906e-01 4.461686685681343079e-02 5.047530680894851685e-02 -1.125255966186523438e+01 0.000000000000000000e+00 -4.657882731407880783e-03 0.000000000000000000e+00 4.800000000000000000e+01 0.000000000000000000e+00
4.682605564594268799e-01 4.918961524963378906e-01 4.461686685681343079e-02 5.047530680894851685e-02 -1.125255966186523438e+01 0.000000000000000000e+00 -4.657882731407880783e-03 0.000000000000000000e+00 4.800000000000000000e+01 0.000000000000000000e+00
4.682605564594268799e-01 4.918961524963378906e-01 4.461686685681343079e-02 5.047530680894851685e-02 -1.125255966186523438e+01 0.000000000000000000e+00 -4.657882731407880783e-03 0.000000000000000000e+00 4.800000000000000000e+01 0.000000000000000000e+00
4.682605564594268799e-01 4.918961524963378906e-01 4.461686685681343079e-02 5.047530680894851685e-02 -1.125255966186523438e+01 0.000000000000000000e+00 -4.657882731407880783e-03 0.000000000000000000e+00 4.800000000000000000e+01 0.000000000000000000e+00
4.682605564594268799e-01 4.918961524963378906e-01 4.461686685681343079e-02 5.047530680894851685e-02 -1.125255966186523438e+01 0.000000000000000000e+00 -4.657882731407880783e-03 0.000000000000000000e+00 4.800000000000000000e+01 0.000000000000000000e+00
4.682605564594268799e-01 4.918961524963378906e-01 4.461686685681343079e-02 5.047530680894851685e-02 -1.125255966186523438e+01 0.000000000000000000e+00 -4.657882731407880783e-03 0.000000000000000000e+00 4.800000000000000000e+01 0.000000000000000000e+00
4.682605564594268799e-01 4.918961524963378906e-01 4.461686685681343079e-02 5.047530680894851685e-02 -1.125255966186523438e+01 0.000000000000000000e+00 -4.657882731407880783e-03 0.000000000000000000e+00 4.800000000000000000e+01 0.000000000000000000e+00
4.682605564594268799e-01 4.918961524963378906e-01 4.461686685681343079e-02 5.047530680894851685e-02 -1.125255966186523438e+01 0.000000000000000000e+00 -4.657882731407880783e-03 0.000000000000000000e+00 4.800000000000000000e+01 0.000000000000000000e+00
4.682605564594268799e-01 4.918961524963378906e-01 4.461686685681343079e-02 5.047530680894851685e-02 -1.125255966186523438e+01 0.000000000000000000e+00 -4.657882731407880783e-03 0.000000000000000000e+00 4.800000000000000000e+01 0.000000000000000000e+00
4.682605564594268799e-01 4.918961524963378906e-01 4.461686685681343079e-02 5.047530680894851685e-02 -1.125255966186523438e+01 0.000000000000000000e+00 -4.657882731407880783e-03 0.000000000000000000e+00 4.800000000000000000e+01 0.000000000000000000e+00
