4.286958277225494385e-01 3.348258137702941895e-01 -2.161126732826232910e-01 -2.189664691686630249e-01 -7.708261871337890625e+01 -3.499412536621093750e+01 -3.190756589174270630e-02 -3.450239822268486023e-02 9.300000000000000000e+01 4.300000000000000000e+01
4.286958277225494385e-01 3.348203897476196289e-01 -2.161267399787902832e-01 -2.189791202545166016e-01 -7.649992370605468750e+01 -3.441142654418945312e+01 -3.166636452078819275e-02 -3.392788767814636230e-02 9.200000000000000000e+01 4.200000000000000000e+01
4.286958277225494385e-01 3.348203897476196289e-01 -2.161267399787902832e-01 -2.189791202545166016e-01 -7.649992370605468750e+01 -3.441142654418945312e+01 -3.166636452078819275e-02 -3.392788767814636230e-02 9.200000000000000000e+01 4.200000000000000000e+01
4.286958277225494385e-01 3.348203897476196289e-01 -2.161267399787902832e-01 -2.189791202545166016e-01 -7.649992370605468750e+01 -3.441142654418945312e+01 -3.166636452078819275e-02 -3.392788767814636230e-02 9.200000000000000000e+01 4.200000000000000000e+01
4.286958277225494385e-01 3.348203897476196289e-01 -2.161267399787902832e-01 -2.189791202545166016e-01 -7.649992370605468750e+01 -3.441142654418945312e+01 -3.166636452078819275e-02 -3.392788767814636230e-02 9.200000000000000000e+01 4.200000000000000000e+01
4.286958277225494385e-01 3.348203897476196289e-01 -2.161267399787902832e-01 -2.189791202545166016e-01 -7.649992370605468750e+01 -3.441142654418945312e+01 -3.166636452078819275e-02 -3.392788767814636230e-02 9.200000000000000000e+01 4.200000000000000000e+01
4.286958277225494385e-01 3.348203897476196289e-01 -2.161267399787902832e-01 -2.189791202545166016e-01 -7.649992370605468750e+01 -3.441142654418945312e+01 -3.166636452078819275e-02 -3.392788767814636230e-02 9.200000000000000000e+01 4.200000000000000000e+01
4.286958277225494385e-01 3.348203897476196289e-01 -2.161267399787902832e-01 -2.189791202545166016e-01 -7.649992370605468750e+01 -3.441142654418945312e+01 -3.166636452078819275e-02 -3.392788767814636230e-02 9.200000000000000000e+01 4.200000000000000000e+01
4.286958277225494385e-01 3.348203897476196289e-01 -2.161267399787902832e-01 -2.189791202545166016e-01 -7.649992370605468750e+01 -3.441142654418945312e+01 -3.166636452078819275e-02 -3.392788767814636230e-02 9.200000000000000000e+01 4.200000000000000000e+01
4.286958277225494385e-01 3.346720337867736816e-01 -2.164665162563323975e-01 -2.193251848220825195e-01 -7.565806579589843750e+01 -3.356958007812500000e+01 -3.131788596510887146e-02 -3.309787064790725708e-02 9.100000000000000000e+01 4.100000000000000000e+01
4.286958277225494385e-01 3.345173299312591553e-01 -2.168611884117126465e-01 -2.196860611438751221e-01 -7.484129333496093750e+01 -3.275279617309570312e+01 -3.097979165613651276e-02 -3.229256346821784973e-02 9.000000000000000000e+01 4.000000000000000000e+01
4.286958277225494385e-01 3.335124850273132324e-01 -2.192061692476272583e-01 -2.220300137996673584e-01 -7.147957611083984375e+01 -2.939108467102050781e+01 -2.958824299275875092e-02 -2.897809073328971863e-02 8.600000000000000000e+01 3.600000000000000000e+01
4.286958277225494385e-01 3.314490914344787598e-01 -2.240763306617736816e-01 -2.268432080745697021e-01 -6.737271118164062500e+01 -2.528422355651855469e+01 -2.788824774324893951e-02 -2.492893673479557037e-02 8.100000000000000000e+01 3.100000000000000000e+01
4.286958277225494385e-01 3.285914063453674316e-01 -2.309031933546066284e-01 -2.335091978311538696e-01 -6.340185165405273438e+01 -2.131335830688476562e+01 -2.624455094337463379e-02 -2.101386897265911102e-02 7.600000000000000000e+01 2.600000000000000000e+01
4.286958277225494385e-01 3.237223327159881592e-01 -2.424495220184326172e-01 -2.448670715093612671e-01 -5.820548248291015625e+01 -1.611699295043945312e+01 -2.409356832504272461e-02 -1.589052192866802216e-02 7.000000000000000000e+01 2.000000000000000000e+01
4.286958277225494385e-01 3.208455443382263184e-01 -2.490464597940444946e-01 -2.515776455402374268e-01 -5.559386444091796875e+01 -1.350537586212158203e+01 -2.301251515746116638e-02 -1.331560220569372177e-02 6.700000000000000000e+01 1.700000000000000000e+01
4.286958277225494385e-01 3.188022673130035400e-01 -2.539493143558502197e-01 -2.563439011573791504e-01 -5.400362396240234375e+01 -1.191513538360595703e+01 -2.235425077378749847e-02 -1.174770761281251907e-02 6.500000000000000000e+01 1.500000000000000000e+01
4.286958277225494385e-01 3.160787224769592285e-01 -2.604082822799682617e-01 -2.626969814300537109e-01 -5.213041305541992188e+01 -1.004192066192626953e+01 -2.157885394990444183e-02 -9.900814853608608246e-03 6.300000000000000000e+01 1.300000000000000000e+01
4.286958277225494385e-01 3.148600757122039795e-01 -2.627098560333251953e-01 -2.655396759510040283e-01 -5.139765548706054688e+01 -9.309164047241210938e+00 -2.127553708851337433e-02 -9.178354404866695404e-03 6.200000000000000000e+01 1.200000000000000000e+01
4.286958277225494385e-01 3.130243718624114990e-01 -2.668644189834594727e-01 -2.698217332363128662e-01 -5.045347595214843750e+01 -8.364987373352050781e+00 -2.088470384478569031e-02 -8.247445337474346161e-03 6.100000000000000000e+01 1.100000000000000000e+01
4.286958277225494385e-01 2.954691648483276367e-01 -3.075159788131713867e-01 -3.107720017433166504e-01 -4.372143554687500000e+01 -1.632941603660583496e+00 -1.809804327785968781e-02 -1.609995961189270020e-03 5.200000000000000000e+01 2.000000000000000000e+00
4.286958277225494385e-01 2.865308225154876709e-01 -3.295967876911163330e-01 -3.316220939159393311e-01 -4.208849334716796875e+01 0.000000000000000000e+00 -1.742210425436496735e-02 0.000000000000000000e+00 5.000000000000000000e+01 0.000000000000000000e+00
4.286958277225494385e-01 2.865308225154876709e-01 -3.295967876911163330e-01 -3.316220939159393311e-01 -4.208849334716796875e+01 0.000000000000000000e+00 -1.742210425436496735e-02 0.000000000000000000e+00 5.000000000000000000e+01 0.000000000000000000e+00
4.286958277225494385e-01 2.865308225154876709e-01 -3.295967876911163330e-01 -3.316220939159393311e-01 -4.208849334716796875e+01 0.000000000000000000e+00 -1.742210425436496735e-02 0.000000000000000000e+00 5.000000000000000000e+01 0.000000000000000000e+00
4.286958277225494385e-01 2.865308225154876709e-01 -3.295967876911163330e-01 -3.316220939159393311e-01 -4.208849334716796875e+01 0.000000000000000000e+00 -1.742210425436496735e-02 0.000000000000000000e+00 5.000000000000000000e+01 0.000000000000000000e+00
4.286958277225494385e-01 2.865308225154876709e-01 -3.295967876911163330e-01 -3.316220939159393311e-01 -4.208849334716796875e+01 0.000000000000000000e+00 -1.742210425436496735e-02 0.000000000000000000e+00 5.000000000000000000e+01 0.000000000000000000e+00
4.286958277225494385e-01 2.865308225154876709e-01 -3.295967876911163330e-01 -3.316220939159393311e-01 -4.208849334716796875e+01 0.000000000000000000e+00 -1.742210425436496735e-02 0.000000000000000000e+00 5.000000000000000000e+01 0.000000000000000000e+00
4.286958277225494385e-01 2.865308225154876709e-01 -3.295967876911163330e-01 -3.316220939159393311e-01 -4.208849334716796875e+01 0.000000000000000000e+00 -1.742210425436496735e-02 0.000000000000000000e+00 5.000000000000000000e+01 0.000000000000000000e+00
4.286958277225494385e-01 2.865308225154876709e-01 -3.295967876911163330e-01 -3.316220939159393311e-01 -4.208849334716796875e+01 0.000000000000000000e+00 -1.742210425436496735e-02 0.000000000000000000e+00 5.000000000000000000e+01 0.000000000000000000e+00
4.286958277225494385e-01 2.865308225154876709e-01 -3.295967876911163330e-01 -3.316220939159393311e-01 -4.208849334716796875e+01 0.000000000000000000e+00 -1.742210425436496735e-02 0.000000000000000000e+00 5.000000000000000000e+01 0.000000000000000000e+00
4.286958277225494385e-01 2.865308225154876709e-01 -3.295967876911163330e-01 -3.316220939159393311e-01 -4.208849334716796875e+01 0.000000000000000000e+00 -1.742210425436496735e-02 0.000000000000000000e+00 5.000000000000000000e+01 0.000000000000000000e+00
4.286958277225494385e-01 2.865308225154876709e-01 -3.295967876911163330e-01 -3.316220939159393311e-01 -4.208849334716796875e+01 0.000000000000000000e+00 -1.742210425436496735e-02 0.000000000000000000e+00 5.000000000000000000e+01 0.000000000000000000e+00
4.286958277225494385e-01 2.865308225154876709e-01 -3.295967876911163330e-01 -3.316220939159393311e-01 -4.208849334716796875e+01 0.000000000000000000e+00 -1.742210425436496735e-02 0.000000000000000000e+00 5.000000000000000000e+01 0.000000000000000000e+00
4.286958277225494385e-01 2.865308225154876709e-01 -3.295967876911163330e-01 -3.316220939159393311e-01 -4.208849334716796875e+01 0.000000000000000000e+00 -1.742210425436496735e-02 0.000000000000000000e+00 5.000000000000000000e+01 0.000000000000000000e+00
4.286958277225494385e-01 2.865308225154876709e-01 -3.295967876911163330e-01 -3.316220939159393311e-01 -4.208849334716796875e+01 0.000000000000000000e+00 -1.742210425436496735e-02 0.000000000000000000e+00 5.000000000000000000e+01 0.000000000000000000e+00
4.286958277225494385e-01 2.865308225154876709e-01 -3.295967876911163330e-01 -3.316220939159393311e-01 -4.208849334716796875e+01 0.000000000000000000e+00 -1.742210425436496735e-02 0.000000000000000000e+00 5.000000000000000000e+01 0.000000000000000000e+00
4.286958277225494385e-01 2.865308225154876709e-01 -3.295967876911163330e-01 -3.316220939159393311e-01 -4.208849334716796875e+01 0.000000000000000000e+00 -1.742210425436496735e-02 0.000000000000000000e+00 5.000000000000000000e+01 0.000000000000000000e+00
4.286958277225494385e-01 2.865308225154876709e-01 -3.295967876911163330e-01 -3.316220939159393311e-01 -4.208849334716796875e+01 0.000000000000000000e+00 -1.742210425436496735e-02 0.000000000000000000e+00 5.000000000000000000e+01 0.000000000000000000e+00
4.286958277225494385e-01 2.865308225154876709e-01 -3.295967876911163330e-01 -3.316220939159393311e-01 -4.208849334716796875e+01 0.000000000000000000e+00 -1.742210425436496735e-02 0.000000000000000000e+00 5.000000000000000000e+01 0.000000000000000000e+00
4.286958277225494385e-01 2.865308225154876709e-01 -3.295967876911163330e-01 -3.316220939159393311e-01 -4.208849334716796875e+01 0.000000000000000000e+00 -1.742210425436496735e-02 0.000000000000000000e+00 5.000000000000000000e+01 0.000000000000000000e+00
4.286958277225494385e-01 2.865308225154876709e-01 -3.295967876911163330e-01 -3.316220939159393311e-01 -4.208849334716796875e+01 0.000000000000000000e+00 -1.742210425436496735e-02 0.000000000000000000e+00 5.000000000000000000e+01 0.000000000000000000e+00
4.286958277225494385e-01 2.865308225154876709e-01 -3.295967876911163330e-01 -3.316220939159393311e-01 -4.208849334716796875e+01 0.000000000000000000e+00 -1.742210425436496735e-02 0.000000000000000000e+00 5.000000000000000000e+01 0.000000000000000000e+00
4.286958277225494385e-01 2.865308225154876709e-01 -3.295967876911163330e-01 -3.316220939159393311e-01 -4.208849334716796875e+01 0.000000000000000000e+00 -1.742210425436496735e-02 0.000000000000000000e+00 5.000000000000000000e+01 0.000000000000000000e+00
4.286958277225494385e-01 2.865308225154876709e-01 -3.295967876911163330e-01 -3.316220939159393311e-01 -4.208849334716796875e+01 0.000000000000000000e+00 -1.742210425436496735e-02 0.000000000000000000e+00 5.000000000000000000e+01 0.000000000000000000e+00
4.286958277225494385e-01 2.865308225154876709e-01 -3.295967876911163330e-01 -3.316220939159393311e-01 -4.208849334716796875e+01 0.000000000000000000e+00 -1.742210425436496735e-02 0.000000000000000000e+00 5.000000000000000000e+01 0.000000000000000000e+00
4.286958277225494385e-01 2.865308225154876709e-01 -3.295967876911163330e-01 -3.316220939159393311e-01 -4.208849334716796875e+01 0.000000000000000000e+00 -1.742210425436496735e-02 0.000000000000000000e+00 5.000000000000000000e+01 0.000000000000000000e+00
4.286958277225494385e-01 2.865308225154876709e-01 -3.295967876911163330e-01 -3.316220939159393311e-01 -4.208849334716796875e+01 0.000000000000000000e+00 -1.742210425436496735e-02 0.000000000000000000e+00 5.000000000000000000e+01 0.000000000000000000e+00
4.286958277225494385e-01 2.865308225154876709e-01 -3.295967876911163330e-01 -3.316220939159393311e-01 -4.208849334716796875e+01 0.000000000000000000e+00 -1.742210425436496735e-02 0.000000000000000000e+00 5.000000000000000000e+01 0.000000000000000000e+00
4.286958277225494385e-01 2.865308225154876709e-01 -3.295967876911163330e-01 -3.316220939159393311e-01 -4.208849334716796875e+01 0.000000000000000000e+00 -1.742210425436496735e-02 0.000000000000000000e+00 5.000000000000000000e+01 0.000000000000000000e+00
4.286958277225494385e-01 2.865308225154876709e-01 -3.295967876911163330e-01 -3.316220939159393311e-01 -4.208849334716796875e+01 0.000000000000000000e+00 -1.742210425436496735e-02 0.000000000000000000e+00 5.000000000000000000e+01 0.000000000000000000e+00
4.286958277225494385e-01 2.865308225154876709e-01 -3.295967876911163330e-01 -3.316220939159393311e-01 -4.208849334716796875e+01 0.000000000000000000e+00 -1.742210425436496735e-02 0.000000000000000000e+00 5.000000000000000000e+01 0.000000000000000000e+00
4.286958277225494385e-01 2.865308225154876709e-01 -3.295967876911163330e-01 -3.316220939159393311e-01 -4.208849334716796875e+01 0.000000000000000000e+00 -1.742210425436496735e-02 0.000000000000000000e+00 5.000000000000000000e+01 0.000000000000000000e+00
4.286958277225494385e-01 2.865308225154876709e-01 -3.295967876911163330e-01 -3.316220939159393311e-01 -4.208849334716796875e+01 0.000000000000000000e+00 -1.742210425436496735e-02 0.000000000000000000e+00 5.000000000000000000e+01 0.000000000000000000e+00
4.286958277225494385e-01 2.865308225154876709e-01 -3.295967876911163330e-01 -3.316220939159393311e-01 -4.208849334716796875e+01 0.000000000000000000e+00 -1.742210425436496735e-02 0.000000000000000000e+00 5.000000000000000000e+01 0.000000000000000000e+00
4.286958277225494385e-01 2.865308225154876709e-01 -3.295967876911163330e-01 -3.316220939159393311e-01 -4.208849334716796875e+01 0.000000000000000000e+00 -1.742210425436496735e-02 0.000000000000000000e+00 5.000000000000000000e+01 0.000000000000000000e+00
4.286958277225494385e-01 2.865308225154876709e-01 -3.295967876911163330e-01 -3.316220939159393311e-01 -4.208849334716796875e+01 0.000000000000000000e+00 -1.742210425436496735e-02 0.000000000000000000e+00 5.000000000000000000e+01 0.000000000000000000e+00
4.286958277225494385e-01 2.865308225154876709e-01 -3.295967876911163330e-01 -3.316220939159393311e-01 -4.208849334716796875e+01 0.000000000000000000e+00 -1.742210425436496735e-02 0.000000000000000000e+00 5.000000000000000000e+01 0.000000000000000000e+00
4.286958277225494385e-01 2.865308225154876709e-01 -3.295967876911163330e-01 -3.316220939159393311e-01 -4.208849334716796875e+01 0.000000000000000000e+00 -1.742210425436496735e-02 0.000000000000000000e+00 5.000000000000000000e+01 0.000000000000000000e+00
4.286958277225494385e-01 2.865308225154876709e-01 -3.295967876911163330e-01 -3.316220939159393311e-01 -4.208849334716796875e+01 0.000000000000000000e+00 -1.742210425436496735e-02 0.000000000000000000e+00 5.000000000000000000e+01 0.000000000000000000e+00
4.286958277225494385e-01 2.865308225154876709e-01 -3.295967876911163330e-01 -3.316220939159393311e-01 -4.208849334716796875e+01 0.000000000000000000e+00 -1.742210425436496735e-02 0.000000000000000000e+00 5.000000000000000000e+01 0.000000000000000000e+00
4.286958277225494385e-01 2.865308225154876709e-01 -3.295967876911163330e-01 -3.316220939159393311e-01 -4.208849334716796875e+01 0.000000000000000000e+00 -1.742210425436496735e-02 0.000000000000000000e+00 5.000000000000000000e+01 0.000000000000000000e+00
4.286958277225494385e-01 2.865308225154876709e-01 -3.295967876911163330e-01 -3.316220939159393311e-01 -4.208849334716796875e+01 0.000000000000000000e+00 -1.742210425436496735e-02 0.000000000000000000e+00 5.000000000000000000e+01 0.000000000000000000e+00
4.286958277225494385e-01 2.865308225154876709e-01 -3.295967876911163330e-01 -3.316220939159393311e-01 -4.208849334716796875e+01 0.000000000000000000e+00 -1.742210425436496735e-02 0.000000000000000000e+00 5.000000000000000000e+01 0.000000000000000000e+00
4.286958277225494385e-01 2.865308225154876709e-01 -3.295967876911163330e-01 -3.316220939159393311e-01 -4.208849334716796875e+01 0.000000000000000000e+00 -1.742210425436496735e-02 0.000000000000000000e+00 5.000000000000000000e+01 0.000000000000000000e+00
4.286958277225494385e-01 2.865308225154876709e-01 -3.295967876911163330e-01 -3.316220939159393311e-01 -4.208849334716796875e+01 0.000000000000000000e+00 -1.742210425436496735e-02 0.000000000000000000e+00 5.000000000000000000e+01 0.000000000000000000e+00
4.286958277225494385e-01 2.865308225154876709e-01 -3.295967876911163330e-01 -3.316220939159393311e-01 -4.208849334716796875e+01 0.000000000000000000e+00 -1.742210425436496735e-02 0.000000000000000000e+00 5.000000000000000000e+01 0.000000000000000000e+00
4.286958277225494385e-01 2.865308225154876709e-01 -3.295967876911163330e-01 -3.316220939159393311e-01 -4.208849334716796875e+01 0.000000000000000000e+00 -1.742210425436496735e-02 0.000000000000000000e+00 5.000000000000000000e+01 0.000000000000000000e+00
4.286958277225494385e-01 2.865308225154876709e-01 -3.295967876911163330e-01 -3.316220939159393311e-01 -4.208849334716796875e+01 0.000000000000000000e+00 -1.742210425436496735e-02 0.000000000000000000e+00 5.000000000000000000e+01 0.000000000000000000e+00
4.286958277225494385e-01 2.865308225154876709e-01 -3.295967876911163330e-01 -3.316220939159393311e-01 -4.208849334716796875e+01 0.000000000000000000e+00 -1.742210425436496735e-02 0.000000000000000000e+00 5.000000000000000000e+01 0.000000000000000000e+00
4.286958277225494385e-01 2.865308225154876709e-01 -3.295967876911163330e-01 -3.316220939159393311e-01 -4.208849334716796875e+01 0.000000000000000000e+00 -1.742210425436496735e-02 0.000000000000000000e+00 5.000000000000000000e+01 0.000000000000000000e+00
4.286958277225494385e-01 2.865308225154876709e-01 -3.295967876911163330e-01 -3.316220939159393311e-01 -4.208849334716796875e+01 0.000000000000000000e+00 -1.742210425436496735e-02 0.000000000000000000e+00 5.000000000000000000e+01 0.000000000000000000e+00
4.286958277225494385e-01 2.865308225154876709e-01 -3.295967876911163330e-01 -3.316220939159393311e-01 -4.208849334716796875e+01 0.000000000000000000e+00 -1.742210425436496735e-02 0.000000000000000000e+00 5.000000000000000000e+01 0.000000000000000000e+00
4.286958277225494385e-01 2.865308225154876709e-01 -3.295967876911163330e-01 -3.316220939159393311e-01 -4.208849334716796875e+01 0.000000000000000000e+00 -1.742210425436496735e-02 0.000000000000000000e+00 5.000000000000000000e+01 0.000000000000000000e+00
4.286958277225494385e-01 2.865308225154876709e-01 -3.295967876911163330e-01 -3.316220939159393311e-01 -4.208849334716796875e+01 0.000000000000000000e+00 -1.742210425436496735e-02 0.000000000000000000e+00 5.000000000000000000e+01 0.000000000000000000e+00
4.286958277225494385e-01 2.865308225154876709e-01 -3.295967876911163330e-01 -3.316220939159393311e-01 -4.208849334716796875e+01 0.000000000000000000e+00 -1.742210425436496735e-02 0.000000000000000000e+00 5.000000000000000000e+01 0.000000000000000000e+00
4.286958277225494385e-01 2.865308225154876709e-01 -3.295967876911163330e-01 -3.316220939159393311e-01 -4.208849334716796875e+01 0.000000000000000000e+00 -1.742210425436496735e-02 0.000000000000000000e+00 5.000000000000000000e+01 0.000000000000000000e+00
4.286958277225494385e-01 2.865308225154876709e-01 -3.295967876911163330e-01 -3.316220939159393311e-01 -4.208849334716796875e+01 0.000000000000000000e+00 -1.742210425436496735e-02 0.000000000000000000e+00 5.000000000000000000e+01 0.000000000000000000e+00
4.286958277225494385e-01 2.865308225154876709e-01 -3.295967876911163330e-01 -3.316220939159393311e-01 -4.208849334716796875e+01 0.000000000000000000e+00 -1.742210425436496735e-02 0.000000000000000000e+00 5.000000000000000000e+01 0.000000000000000000e+00
4.286958277225494385e-01 2.865308225154876709e-01 -3.295967876911163330e-01 -3.316220939159393311e-01 -4.208849334716796875e+01 0.000000000000000000e+00 -1.742210425436496735e-02 0.000000000000000000e+00 5.000000000000000000e+01 0.000000000000000000e+00
4.286958277225494385e-01 2.865308225154876709e-01 -3.295967876911163330e-01 -3.316220939159393311e-01 -4.208849334716796875e+01 0.000000000000000000e+00 -1.742210425436496735e-02 0.000000000000000000e+00 5.000000000000000000e+01 0.000000000000000000e+00
4.286958277225494385e-01 2.865308225154876709e-01 -3.295967876911163330e-01 -3.316220939159393311e-01 -4.208849334716796875e+01 0.000000000000000000e+00 -1.742210425436496735e-02 0.000000000000000000e+00 5.000000000000000000e+01 0.000000000000000000e+00
4.286958277225494385e-01 2.865308225154876709e-01 -3.295967876911163330e-01 -3.316220939159393311e-01 -4.208849334716796875e+01 0.000000000000000000e+00 -1.742210425436496735e-02 0.000000000000000000e+00 5.000000000000000000e+01 0.000000000000000000e+00
4.286958277225494385e-01 2.865308225154876709e-01 -3.295967876911163330e-01 -3.316220939159393311e-01 -4.208849334716796875e+01 0.000000000000000000e+00 -1.742210425436496735e-02 0.000000000000000000e+00 5.000000000000000000e+01 0.000000000000000000e+00
4.286958277225494385e-01 2.865308225154876709e-01 -3.295967876911163330e-01 -3.316220939159393311e-01 -4.208849334716796875e+01 0.000000000000000000e+00 -1.742210425436496735e-02 0.000000000000000000e+00 5.000000000000000000e+01 0.000000000000000000e+00
4.286958277225494385e-01 2.865308225154876709e-01 -3.295967876911163330e-01 -3.316220939159393311e-01 -4.208849334716796875e+01 0.000000000000000000e+00 -1.742210425436496735e-02 0.000000000000000000e+00 5.000000000000000000e+01 0.000000000000000000e+00
4.286958277225494385e-01 2.865308225154876709e-01 -3.295967876911163330e-01 -3.316220939159393311e-01 -4.208849334716796875e+01 0.000000000000000000e+00 -1.742210425436496735e-02 0.000000000000000000e+00 5.000000000000000000e+01 0.000000000000000000e+00
4.286958277225494385e-01 2.865308225154876709e-01 -3.295967876911163330e-01 -3.316220939159393311e-01 -4.208849334716796875e+01 0.000000000000000000e+00 -1.742210425436496735e-02 0.000000000000000000e+00 5.000000000000000000e+01 0.000000000000000000e+00
4.286958277225494385e-01 2.865308225154876709e-01 -3.295967876911163330e-01 -3.316220939159393311e-01 -4.208849334716796875e+01 0.000000000000000000e+00 -1.742210425436496735e-02 0.000000000000000000e+00 5.000000000000000000e+01 0.000000000000000000e+00
4.286958277225494385e-01 2.865308225154876709e-01 -3.295967876911163330e-01 -3.316220939159393311e-01 -4.208849334716796875e+01 0.000000000000000000e+00 -1.742210425436496735e-02 0.000000000000000000e+00 5.000000000000000000e+01 0.000000000000000000e+00
4.286958277225494385e-01 2.865308225154876709e-01 -3.295967876911163330e-01 -3.316220939159393311e-01 -4.208849334716796875e+01 0.000000000000000000e+00 -1.742210425436496735e-02 0.000000000000000000e+00 5.000000000000000000e+01 0.000000000000000000e+00
4.286958277225494385e-01 2.865308225154876709e-01 -3.295967876911163330e-01 -3.316220939159393311e-01 -4.208849334716796875e+01 0.000000000000000000e+00 -1.742210425436496735e-02 0.000000000000000000e+00 5.000000000000000000e+01 0.000000000000000000e+00
