4.482651948928833008e-01 7.522651553153991699e-01 6.790765523910522461e-01 6.781699061393737793e-01 -7.623330688476562500e+01 -5.998879241943359375e+01 -3.155600279569625854e-02 -8.558657765388488770e-02 2.610000000000000000e+02 2.110000000000000000e+02
4.482651948928833008e-01 7.522471547126770020e-01 6.790418624877929688e-01 6.781297326087951660e-01 -7.405318450927734375e+01 -5.780867004394531250e+01 -3.065356239676475525e-02 -8.247617632150650024e-02 2.540000000000000000e+02 2.040000000000000000e+02
4.482651948928833008e-01 7.521218657493591309e-01 6.787734627723693848e-01 6.778502464294433594e-01 -7.020819091796875000e+01 -5.396368026733398438e+01 -2.906196564435958862e-02 -7.699049264192581177e-02 2.470000000000000000e+02 1.970000000000000000e+02
4.482651948928833008e-01 7.520829439163208008e-01 6.786946058273315430e-01 6.777634024620056152e-01 -6.937421417236328125e+01 -5.312969589233398438e+01 -2.871675044298171997e-02 -7.580063492059707642e-02 2.430000000000000000e+02 1.930000000000000000e+02
4.482651948928833008e-01 7.520050406455993652e-01 6.785334348678588867e-01 6.775896549224853516e-01 -6.835311889648437500e+01 -5.210860443115234375e+01 -2.829407900571823120e-02 -7.434383779764175415e-02 2.410000000000000000e+02 1.910000000000000000e+02
4.482651948928833008e-01 7.518294453620910645e-01 6.781254410743713379e-01 6.771979331970214844e-01 -6.631915283203125000e+01 -5.007463836669921875e+01 -2.745213918387889862e-02 -7.144195586442947388e-02 2.360000000000000000e+02 1.860000000000000000e+02
4.482651948928833008e-01 7.516161203384399414e-01 6.776381731033325195e-01 6.767219901084899902e-01 -6.450167083740234375e+01 -4.825714874267578125e+01 -2.669981122016906738e-02 -6.884893029928207397e-02 2.330000000000000000e+02 1.830000000000000000e+02
4.482651948928833008e-01 7.515931725502014160e-01 6.775910854339599609e-01 6.766708493232727051e-01 -6.432337951660156250e+01 -4.807885742187500000e+01 -2.662600949406623840e-02 -6.859456002712249756e-02 2.320000000000000000e+02 1.820000000000000000e+02
4.482651948928833008e-01 7.515931725502014160e-01 6.775910854339599609e-01 6.766708493232727051e-01 -6.432337951660156250e+01 -4.807885742187500000e+01 -2.662600949406623840e-02 -6.859456002712249756e-02 2.320000000000000000e+02 1.820000000000000000e+02
4.482651948928833008e-01 7.514650821685791016e-01 6.772820949554443359e-01 6.763850450515747070e-01 -6.356242370605468750e+01 -4.731790924072265625e+01 -2.631101943552494049e-02 -6.750890612602233887e-02 2.280000000000000000e+02 1.780000000000000000e+02
4.482651948928833008e-01 7.514650821685791016e-01 6.772820949554443359e-01 6.763850450515747070e-01 -6.356242370605468750e+01 -4.731790924072265625e+01 -2.631101943552494049e-02 -6.750890612602233887e-02 2.280000000000000000e+02 1.780000000000000000e+02
4.482651948928833008e-01 7.501128911972045898e-01 6.741437911987304688e-01 6.733685731887817383e-01 -5.862324523925781250e+01 -4.237873077392578125e+01 -2.426649630069732666e-02 -6.046213582158088684e-02 2.120000000000000000e+02 1.620000000000000000e+02
4.482651948928833008e-01 7.491863965988159180e-01 6.719843745231628418e-01 6.713017225265502930e-01 -5.663196182250976562e+01 -4.038744354248046875e+01 -2.344222366809844971e-02 -5.762114748358726501e-02 2.030000000000000000e+02 1.530000000000000000e+02
4.482651948928833008e-01 7.469981312751770020e-01 6.666637063026428223e-01 6.664201021194458008e-01 -5.346215057373046875e+01 -3.721763610839843750e+01 -2.213011309504508972e-02 -5.309875309467315674e-02 1.970000000000000000e+02 1.470000000000000000e+02
4.482651948928833008e-01 7.442111968994140625e-01 6.602447628974914551e-01 6.602029204368591309e-01 -5.010954284667968750e+01 -3.386502838134765625e+01 -2.074233628809452057e-02 -4.831555485725402832e-02 1.910000000000000000e+02 1.410000000000000000e+02
4.482651948928833008e-01 7.427160739898681641e-01 6.567941904067993164e-01 6.568675637245178223e-01 -4.881357955932617188e+01 -3.256906509399414062e+01 -2.020588517189025879e-02 -4.646659269928932190e-02 1.870000000000000000e+02 1.370000000000000000e+02
4.482651948928833008e-01 7.417471408843994141e-01 6.544380187988281250e-01 6.547060608863830566e-01 -4.803559112548828125e+01 -3.179107666015625000e+01 -1.988384500145912170e-02 -4.535662755370140076e-02 1.850000000000000000e+02 1.350000000000000000e+02
4.482651948928833008e-01 7.394218444824218750e-01 6.490244865417480469e-01 6.495187282562255859e-01 -4.650753402709960938e+01 -3.026301956176757812e+01 -1.925132051110267639e-02 -4.317653551697731018e-02 1.790000000000000000e+02 1.290000000000000000e+02
4.482651948928833008e-01 7.386293411254882812e-01 6.470814943313598633e-01 6.477507948875427246e-01 -4.603774261474609375e+01 -2.979323005676269531e+01 -1.905685476958751678e-02 -4.250628128647804260e-02 1.770000000000000000e+02 1.270000000000000000e+02
4.482651948928833008e-01 7.360279560089111328e-01 6.418079733848571777e-01 6.419475674629211426e-01 -4.468540191650390625e+01 -2.844088745117187500e+01 -1.849706843495368958e-02 -4.057688266038894653e-02 1.730000000000000000e+02 1.230000000000000000e+02
4.482651948928833008e-01 7.068051099777221680e-01 5.735181570053100586e-01 5.767565965652465820e-01 -3.469450378417968750e+01 -1.844998931884765625e+01 -1.436143647879362106e-02 -2.632277272641658783e-02 1.440000000000000000e+02 9.400000000000000000e+01
4.482651948928833008e-01 6.861057281494140625e-01 5.258030295372009277e-01 5.305799841880798340e-01 -3.039492034912109375e+01 -1.415040588378906250e+01 -1.258166786283254623e-02 -2.018851786851882935e-02 1.300000000000000000e+02 8.000000000000000000e+01
4.482651948928833008e-01 6.548437476158142090e-01 4.528608918190002441e-01 4.608400464057922363e-01 -2.606126403808593750e+01 -9.816751480102539062e+00 -1.078779529780149460e-02 -1.400565169751644135e-02 1.130000000000000000e+02 6.300000000000000000e+01
4.482651948928833008e-01 6.416706442832946777e-01 4.206153452396392822e-01 4.314531981945037842e-01 -2.462393188476562500e+01 -8.379417419433593750e+00 -1.019282639026641846e-02 -1.195499394088983536e-02 1.040000000000000000e+02 5.400000000000000000e+01
4.482651948928833008e-01 6.288446784019470215e-01 3.935660421848297119e-01 4.028407335281372070e-01 -2.345918273925781250e+01 -7.214667797088623047e+00 -9.710690006613731384e-03 -1.029323413968086243e-02 9.700000000000000000e+01 4.700000000000000000e+01
4.482651948928833008e-01 6.175344586372375488e-01 3.660596907138824463e-01 3.776096403598785400e-01 -2.255550384521484375e+01 -6.310990333557128906e+00 -9.336621500551700592e-03 -9.003949351608753204e-03 9.400000000000000000e+01 4.400000000000000000e+01
4.482651948928833008e-01 6.038810610771179199e-01 3.355684876441955566e-01 3.471513390541076660e-01 -2.161801338195800781e+01 -5.373497962951660156e+00 -8.948557078838348389e-03 -7.666420191526412964e-03 8.900000000000000000e+01 3.900000000000000000e+01
4.482651948928833008e-01 5.972336530685424805e-01 3.217983245849609375e-01 3.323221504688262939e-01 -2.122329139709472656e+01 -4.978775978088378906e+00 -8.785165846347808838e-03 -7.103266660124063492e-03 8.500000000000000000e+01 3.500000000000000000e+01
4.482651948928833008e-01 5.972336530685424805e-01 3.217983245849609375e-01 3.323221504688262939e-01 -2.122329139709472656e+01 -4.978775978088378906e+00 -8.785165846347808838e-03 -7.103266660124063492e-03 8.500000000000000000e+01 3.500000000000000000e+01
4.482651948928833008e-01 5.003055334091186523e-01 9.867887943983078003e-02 1.160927489399909973e-01 -1.781265449523925781e+01 -1.568140387535095215e+00 -7.373366970568895340e-03 -2.237280597910284996e-03 6.200000000000000000e+01 1.200000000000000000e+01
4.482651948928833008e-01 4.334838092327117920e-01 -4.498211666941642761e-02 -3.297464549541473389e-02 -1.648240661621093750e+01 -2.378925085067749023e-01 -6.822724360972642899e-03 -3.394034865777939558e-04 5.300000000000000000e+01 3.000000000000000000e+00
4.482651948928833008e-01 4.289426207542419434e-01 -5.319209769368171692e-02 -4.310522973537445068e-02 -1.641933441162109375e+01 -1.748200058937072754e-01 -6.796616595238447189e-03 -2.494173531886190176e-04 5.200000000000000000e+01 2.000000000000000000e+00
4.482651948928833008e-01 4.129136800765991211e-01 -8.604250103235244751e-02 -7.886295020580291748e-02 -1.624451446533203125e+01 0.000000000000000000e+00 -6.724251434206962585e-03 0.000000000000000000e+00 5.000000000000000000e+01 0.000000000000000000e+00
4.482651948928833008e-01 4.129136800765991211e-01 -8.604250103235244751e-02 -7.886295020580291748e-02 -1.624451446533203125e+01 0.000000000000000000e+00 -6.724251434206962585e-03 0.000000000000000000e+00 5.000000000000000000e+01 0.000000000000000000e+00
4.482651948928833008e-01 4.129136800765991211e-01 -8.604250103235244751e-02 -7.886295020580291748e-02 -1.624451446533203125e+01 0.000000000000000000e+00 -6.724251434206962585e-03 0.000000000000000000e+00 5.000000000000000000e+01 0.000000000000000000e+00
4.482651948928833008e-01 4.129136800765991211e-01 -8.604250103235244751e-02 -7.886295020580291748e-02 -1.624451446533203125e+01 0.000000000000000000e+00 -6.724251434206962585e-03 0.000000000000000000e+00 5.000000000000000000e+01 0.000000000000000000e+00
4.482651948928833008e-01 4.129136800765991211e-01 -8.604250103235244751e-02 -7.886295020580291748e-02 -1.624451446533203125e+01 0.000000000000000000e+00 -6.724251434206962585e-03 0.000000000000000000e+00 5.000000000000000000e+01 0.000000000000000000e+00
4.482651948928833008e-01 4.129136800765991211e-01 -8.604250103235244751e-02 -7.886295020580291748e-02 -1.624451446533203125e+01 0.000000000000000000e+00 -6.724251434206962585e-03 0.000000000000000000e+00 5.000000000000000000e+01 0.000000000000000000e+00
4.482651948928833008e-01 4.129136800765991211e-01 -8.604250103235244751e-02 -7.886295020580291748e-02 -1.624451446533203125e+01 0.000000000000000000e+00 -6.724251434206962585e-03 0.000000000000000000e+00 5.000000000000000000e+01 0.000000000000000000e+00
4.482651948928833008e-01 4.129136800765991211e-01 -8.604250103235244751e-02 -7.886295020580291748e-02 -1.624451446533203125e+01 0.000000000000000000e+00 -6.724251434206962585e-03 0.000000000000000000e+00 5.000000000000000000e+01 0.000000000000000000e+00
4.482651948928833008e-01 4.129136800765991211e-01 -8.604250103235244751e-02 -7.886295020580291748e-02 -1.624451446533203125e+01 0.000000000000000000e+00 -6.724251434206962585e-03 0.000000000000000000e+00 5.000000000000000000e+01 0.000000000000000000e+00
4.482651948928833008e-01 4.129136800765991211e-01 -8.604250103235244751e-02 -7.886295020580291748e-02 -1.624451446533203125e+01 0.000000000000000000e+00 -6.724251434206962585e-03 0.000000000000000000e+00 5.000000000000000000e+01 0.000000000000000000e+00
4.482651948928833008e-01 4.129136800765991211e-01 -8.604250103235244751e-02 -7.886295020580291748e-02 -1.624451446533203125e+01 0.000000000000000000e+00 -6.724251434206962585e-03 0.000000000000000000e+00 5.000000000000000000e+01 0.000000000000000000e+00
4.482651948928833008e-01 4.129136800765991211e-01 -8.604250103235244751e-02 -7.886295020580291748e-02 -1.624451446533203125e+01 0.000000000000000000e+00 -6.724251434206962585e-03 0.000000000000000000e+00 5.000000000000000000e+01 0.000000000000000000e+00
4.482651948928833008e-01 4.129136800765991211e-01 -8.604250103235244751e-02 -7.886295020580291748e-02 -1.624451446533203125e+01 0.000000000000000000e+00 -6.724251434206962585e-03 0.000000000000000000e+00 5.000000000000000000e+01 0.000000000000000000e+00
4.482651948928833008e-01 4.129136800765991211e-01 -8.604250103235244751e-02 -7.886295020580291748e-02 -1.624451446533203125e+01 0.000000000000000000e+00 -6.724251434206962585e-03 0.000000000000000000e+00 5.000000000000000000e+01 0.000000000000000000e+00
4.482651948928833008e-01 4.129136800765991211e-01 -8.604250103235244751e-02 -7.886295020580291748e-02 -1.624451446533203125e+01 0.000000000000000000e+00 -6.724251434206962585e-03 0.000000000000000000e+00 5.000000000000000000e+01 0.000000000000000000e+00
4.482651948928833008e-01 4.129136800765991211e-01 -8.604250103235244751e-02 -7.886295020580291748e-02 -1.624451446533203125e+01 0.000000000000000000e+00 -6.724251434206962585e-03 0.000000000000000000e+00 5.000000000000000000e+01 0.000000000000000000e+00
4.482651948928833008e-01 4.129136800765991211e-01 -8.604250103235244751e-02 -7.886295020580291748e-02 -1.624451446533203125e+01 0.000000000000000000e+00 -6.724251434206962585e-03 0.000000000000000000e+00 5.000000000000000000e+01 0.000000000000000000e+00
4.482651948928833008e-01 4.129136800765991211e-01 -8.604250103235244751e-02 -7.886295020580291748e-02 -1.624451446533203125e+01 0.000000000000000000e+00 -6.724251434206962585e-03 0.000000000000000000e+00 5.000000000000000000e+01 0.000000000000000000e+00
4.482651948928833008e-01 4.129136800765991211e-01 -8.604250103235244751e-02 -7.886295020580291748e-02 -1.624451446533203125e+01 0.000000000000000000e+00 -6.724251434206962585e-03 0.000000000000000000e+00 5.000000000000000000e+01 0.000000000000000000e+00
4.482651948928833008e-01 4.129136800765991211e-01 -8.604250103235244751e-02 -7.886295020580291748e-02 -1.624451446533203125e+01 0.000000000000000000e+00 -6.724251434206962585e-03 0.000000000000000000e+00 5.000000000000000000e+01 0.000000000000000000e+00
4.482651948928833008e-01 4.129136800765991211e-01 -8.604250103235244751e-02 -7.886295020580291748e-02 -1.624451446533203125e+01 0.000000000000000000e+00 -6.724251434206962585e-03 0.000000000000000000e+00 5.000000000000000000e+01 0.000000000000000000e+00
4.482651948928833008e-01 4.129136800765991211e-01 -8.604250103235244751e-02 -7.886295020580291748e-02 -1.624451446533203125e+01 0.000000000000000000e+00 -6.724251434206962585e-03 0.000000000000000000e+00 5.000000000000000000e+01 0.000000000000000000e+00
4.482651948928833008e-01 4.129136800765991211e-01 -8.604250103235244751e-02 -7.886295020580291748e-02 -1.624451446533203125e+01 0.000000000000000000e+00 -6.724251434206962585e-03 0.000000000000000000e+00 5.000000000000000000e+01 0.000000000000000000e+00
4.482651948928833008e-01 4.129136800765991211e-01 -8.604250103235244751e-02 -7.886295020580291748e-02 -1.624451446533203125e+01 0.000000000000000000e+00 -6.724251434206962585e-03 0.000000000000000000e+00 5.000000000000000000e+01 0.000000000000000000e+00
4.482651948928833008e-01 4.129136800765991211e-01 -8.604250103235244751e-02 -7.886295020580291748e-02 -1.624451446533203125e+01 0.000000000000000000e+00 -6.724251434206962585e-03 0.000000000000000000e+00 5.000000000000000000e+01 0.000000000000000000e+00
4.482651948928833008e-01 4.129136800765991211e-01 -8.604250103235244751e-02 -7.886295020580291748e-02 -1.624451446533203125e+01 0.000000000000000000e+00 -6.724251434206962585e-03 0.000000000000000000e+00 5.000000000000000000e+01 0.000000000000000000e+00
4.482651948928833008e-01 4.129136800765991211e-01 -8.604250103235244751e-02 -7.886295020580291748e-02 -1.624451446533203125e+01 0.000000000000000000e+00 -6.724251434206962585e-03 0.000000000000000000e+00 5.000000000000000000e+01 0.000000000000000000e+00
4.482651948928833008e-01 4.129136800765991211e-01 -8.604250103235244751e-02 -7.886295020580291748e-02 -1.624451446533203125e+01 0.000000000000000000e+00 -6.724251434206962585e-03 0.000000000000000000e+00 5.000000000000000000e+01 0.000000000000000000e+00
4.482651948928833008e-01 4.129136800765991211e-01 -8.604250103235244751e-02 -7.886295020580291748e-02 -1.624451446533203125e+01 0.000000000000000000e+00 -6.724251434206962585e-03 0.000000000000000000e+00 5.000000000000000000e+01 0.000000000000000000e+00
4.482651948928833008e-01 4.129136800765991211e-01 -8.604250103235244751e-02 -7.886295020580291748e-02 -1.624451446533203125e+01 0.000000000000000000e+00 -6.724251434206962585e-03 0.000000000000000000e+00 5.000000000000000000e+01 0.000000000000000000e+00
4.482651948928833008e-01 4.129136800765991211e-01 -8.604250103235244751e-02 -7.886295020580291748e-02 -1.624451446533203125e+01 0.000000000000000000e+00 -6.724251434206962585e-03 0.000000000000000000e+00 5.000000000000000000e+01 0.000000000000000000e+00
4.482651948928833008e-01 4.129136800765991211e-01 -8.604250103235244751e-02 -7.886295020580291748e-02 -1.624451446533203125e+01 0.000000000000000000e+00 -6.724251434206962585e-03 0.000000000000000000e+00 5.000000000000000000e+01 0.000000000000000000e+00
4.482651948928833008e-01 4.129136800765991211e-01 -8.604250103235244751e-02 -7.886295020580291748e-02 -1.624451446533203125e+01 0.000000000000000000e+00 -6.724251434206962585e-03 0.000000000000000000e+00 5.000000000000000000e+01 0.000000000000000000e+00
4.482651948928833008e-01 4.129136800765991211e-01 -8.604250103235244751e-02 -7.886295020580291748e-02 -1.624451446533203125e+01 0.000000000000000000e+00 -6.724251434206962585e-03 0.000000000000000000e+00 5.000000000000000000e+01 0.000000000000000000e+00
4.482651948928833008e-01 4.129136800765991211e-01 -8.604250103235244751e-02 -7.886295020580291748e-02 -1.624451446533203125e+01 0.000000000000000000e+00 -6.724251434206962585e-03 0.000000000000000000e+00 5.000000000000000000e+01 0.000000000000000000e+00
4.482651948928833008e-01 4.129136800765991211e-01 -8.604250103235244751e-02 -7.886295020580291748e-02 -1.624451446533203125e+01 0.000000000000000000e+00 -6.724251434206962585e-03 0.000000000000000000e+00 5.000000000000000000e+01 0.000000000000000000e+00
4.482651948928833008e-01 4.129136800765991211e-01 -8.604250103235244751e-02 -7.886295020580291748e-02 -1.624451446533203125e+01 0.000000000000000000e+00 -6.724251434206962585e-03 0.000000000000000000e+00 5.000000000000000000e+01 0.000000000000000000e+00
4.482651948928833008e-01 4.129136800765991211e-01 -8.604250103235244751e-02 -7.886295020580291748e-02 -1.624451446533203125e+01 0.000000000000000000e+00 -6.724251434206962585e-03 0.000000000000000000e+00 5.000000000000000000e+01 0.000000000000000000e+00
4.482651948928833008e-01 4.129136800765991211e-01 -8.604250103235244751e-02 -7.886295020580291748e-02 -1.624451446533203125e+01 0.000000000000000000e+00 -6.724251434206962585e-03 0.000000000000000000e+00 5.000000000000000000e+01 0.000000000000000000e+00
4.482651948928833008e-01 4.129136800765991211e-01 -8.604250103235244751e-02 -7.886295020580291748e-02 -1.624451446533203125e+01 0.000000000000000000e+00 -6.724251434206962585e-03 0.000000000000000000e+00 5.000000000000000000e+01 0.000000000000000000e+00
4.482651948928833008e-01 4.129136800765991211e-01 -8.604250103235244751e-02 -7.886295020580291748e-02 -1.624451446533203125e+01 0.000000000000000000e+00 -6.724251434206962585e-03 0.000000000000000000e+00 5.000000000000000000e+01 0.000000000000000000e+00
4.482651948928833008e-01 4.129136800765991211e-01 -8.604250103235244751e-02 -7.886295020580291748e-02 -1.624451446533203125e+01 0.000000000000000000e+00 -6.724251434206962585e-03 0.000000000000000000e+00 5.000000000000000000e+01 0.000000000000000000e+00
4.482651948928833008e-01 4.129136800765991211e-01 -8.604250103235244751e-02 -7.886295020580291748e-02 -1.624451446533203125e+01 0.000000000000000000e+00 -6.724251434206962585e-03 0.000000000000000000e+00 5.000000000000000000e+01 0.000000000000000000e+00
4.482651948928833008e-01 4.129136800765991211e-01 -8.604250103235244751e-02 -7.886295020580291748e-02 -1.624451446533203125e+01 0.000000000000000000e+00 -6.724251434206962585e-03 0.000000000000000000e+00 5.000000000000000000e+01 0.000000000000000000e+00
4.482651948928833008e-01 4.129136800765991211e-01 -8.604250103235244751e-02 -7.886295020580291748e-02 -1.624451446533203125e+01 0.000000000000000000e+00 -6.724251434206962585e-03 0.000000000000000000e+00 5.000000000000000000e+01 0.000000000000000000e+00
4.482651948928833008e-01 4.129136800765991211e-01 -8.604250103235244751e-02 -7.886295020580291748e-02 -1.624451446533203125e+01 0.000000000000000000e+00 -6.724251434206962585e-03 0.000000000000000000e+00 5.000000000000000000e+01 0.000000000000000000e+00
4.482651948928833008e-01 4.129136800765991211e-01 -8.604250103235244751e-02 -7.886295020580291748e-02 -1.624451446533203125e+01 0.000000000000000000e+00 -6.724251434206962585e-03 0.000000000000000000e+00 5.000000000000000000e+01 0.000000000000000000e+00
4.482651948928833008e-01 4.129136800765991211e-01 -8.604250103235244751e-02 -7.886295020580291748e-02 -1.624451446533203125e+01 0.000000000000000000e+00 -6.724251434206962585e-03 0.000000000000000000e+00 5.000000000000000000e+01 0.000000000000000000e+00
4.482651948928833008e-01 4.129136800765991211e-01 -8.604250103235244751e-02 -7.886295020580291748e-02 -1.624451446533203125e+01 0.000000000000000000e+00 -6.724251434206962585e-03 0.000000000000000000e+00 5.000000000000000000e+01 0.000000000000000000e+00
4.482651948928833008e-01 4.129136800765991211e-01 -8.604250103235244751e-02 -7.886295020580291748e-02 -1.624451446533203125e+01 0.000000000000000000e+00 -6.724251434206962585e-03 0.000000000000000000e+00 5.000000000000000000e+01 0.000000000000000000e+00
4.482651948928833008e-01 4.129136800765991211e-01 -8.604250103235244751e-02 -7.886295020580291748e-02 -1.624451446533203125e+01 0.000000000000000000e+00 -6.724251434206962585e-03 0.000000000000000000e+00 5.000000000000000000e+01 0.000000000000000000e+00
4.482651948928833008e-01 4.129136800765991211e-01 -8.604250103235244751e-02 -7.886295020580291748e-02 -1.624451446533203125e+01 0.000000000000000000e+00 -6.724251434206962585e-03 0.000000000000000000e+00 5.000000000000000000e+01 0.000000000000000000e+00
4.482651948928833008e-01 4.129136800765991211e-01 -8.604250103235244751e-02 -7.886295020580291748e-02 -1.624451446533203125e+01 0.000000000000000000e+00 -6.724251434206962585e-03 0.000000000000000000e+00 5.000000000000000000e+01 0.000000000000000000e+00
4.482651948928833008e-01 4.129136800765991211e-01 -8.604250103235244751e-02 -7.886295020580291748e-02 -1.624451446533203125e+01 0.000000000000000000e+00 -6.724251434206962585e-03 0.000000000000000000e+00 5.000000000000000000e+01 0.000000000000000000e+00
4.482651948928833008e-01 4.129136800765991211e-01 -8.604250103235244751e-02 -7.886295020580291748e-02 -1.624451446533203125e+01 0.000000000000000000e+00 -6.724251434206962585e-03 0.000000000000000000e+00 5.000000000000000000e+01 0.000000000000000000e+00
4.482651948928833008e-01 4.129136800765991211e-01 -8.604250103235244751e-02 -7.886295020580291748e-02 -1.624451446533203125e+01 0.000000000000000000e+00 -6.724251434206962585e-03 0.000000000000000000e+00 5.000000000000000000e+01 0.000000000000000000e+00
4.482651948928833008e-01 4.129136800765991211e-01 -8.604250103235244751e-02 -7.886295020580291748e-02 -1.624451446533203125e+01 0.000000000000000000e+00 -6.724251434206962585e-03 0.000000000000000000e+00 5.000000000000000000e+01 0.000000000000000000e+00
4.482651948928833008e-01 4.129136800765991211e-01 -8.604250103235244751e-02 -7.886295020580291748e-02 -1.624451446533203125e+01 0.000000000000000000e+00 -6.724251434206962585e-03 0.000000000000000000e+00 5.000000000000000000e+01 0.000000000000000000e+00
4.482651948928833008e-01 4.129136800765991211e-01 -8.604250103235244751e-02 -7.886295020580291748e-02 -1.624451446533203125e+01 0.000000000000000000e+00 -6.724251434206962585e-03 0.000000000000000000e+00 5.000000000000000000e+01 0.000000000000000000e+00
