4.281013309955596924e-01 4.888868927955627441e-01 1.343176960945129395e-01 1.419887244701385498e-01 -1.228546600341796875e+02 -8.717874145507812500e+01 -5.085443705320358276e-02 -9.312703460454940796e-02 1.750000000000000000e+02 1.250000000000000000e+02
4.281013309955596924e-01 4.888725876808166504e-01 1.342860162258148193e-01 1.419553160667419434e-01 -1.219277267456054688e+02 -8.625181579589843750e+01 -5.047074332833290100e-02 -9.213686734437942505e-02 1.740000000000000000e+02 1.240000000000000000e+02
4.281013309955596924e-01 4.888191521167755127e-01 1.341697722673416138e-01 1.418304890394210815e-01 -1.200367813110351562e+02 -8.436086273193359375e+01 -4.968800395727157593e-02 -9.011689573526382446e-02 1.710000000000000000e+02 1.210000000000000000e+02
4.281013309955596924e-01 4.887225925922393799e-01 1.339541226625442505e-01 1.416049301624298096e-01 -1.182027282714843750e+02 -8.252680969238281250e+01 -4.892881587147712708e-02 -8.815769851207733154e-02 1.690000000000000000e+02 1.190000000000000000e+02
4.281013309955596924e-01 4.885555207729339600e-01 1.335898786783218384e-01 1.412146687507629395e-01 -1.157362213134765625e+02 -8.006030273437500000e+01 -4.790783300995826721e-02 -8.552289754152297974e-02 1.660000000000000000e+02 1.160000000000000000e+02
4.281013309955596924e-01 4.882257282733917236e-01 1.328258514404296875e-01 1.404443085193634033e-01 -1.121016387939453125e+02 -7.642572021484375000e+01 -4.640333354473114014e-02 -8.164032548666000366e-02 1.610000000000000000e+02 1.110000000000000000e+02
4.281013309955596924e-01 4.880897402763366699e-01 1.325339525938034058e-01 1.401266604661941528e-01 -1.108398361206054688e+02 -7.516391754150390625e+01 -4.588102176785469055e-02 -8.029243350028991699e-02 1.590000000000000000e+02 1.090000000000000000e+02
4.281013309955596924e-01 4.879855215549468994e-01 1.323166042566299438e-01 1.398832201957702637e-01 -1.100168914794921875e+02 -7.434097290039062500e+01 -4.554037377238273621e-02 -7.941333204507827759e-02 1.580000000000000000e+02 1.080000000000000000e+02
4.281013309955596924e-01 4.877215325832366943e-01 1.317495852708816528e-01 1.392665654420852661e-01 -1.083097534179687500e+02 -7.263382720947265625e+01 -4.483371973037719727e-02 -7.758970558643341064e-02 1.540000000000000000e+02 1.040000000000000000e+02
4.281013309955596924e-01 4.874056875705718994e-01 1.309868842363357544e-01 1.385287791490554810e-01 -1.064156341552734375e+02 -7.073971557617187500e+01 -4.404966905713081360e-02 -7.556635886430740356e-02 1.520000000000000000e+02 1.020000000000000000e+02
4.281013309955596924e-01 4.871863126754760742e-01 1.305336952209472656e-01 1.380163431167602539e-01 -1.052254791259765625e+02 -6.954956054687500000e+01 -4.355701804161071777e-02 -7.429499924182891846e-02 1.500000000000000000e+02 1.000000000000000000e+02
4.281013309955596924e-01 4.843114614486694336e-01 1.239019781351089478e-01 1.313010007143020630e-01 -9.507263183593750000e+01 -5.939670944213867188e+01 -3.935435041785240173e-02 -6.344940513372421265e-02 1.360000000000000000e+02 8.600000000000000000e+01
4.281013309955596924e-01 4.799890518188476562e-01 1.134635061025619507e-01 1.212042942643165588e-01 -8.639252471923828125e+01 -5.071660614013671875e+01 -3.576130792498588562e-02 -5.417705327272415161e-02 1.250000000000000000e+02 7.500000000000000000e+01
4.281013309955596924e-01 4.766107499599456787e-01 1.053566411137580872e-01 1.133129373192787170e-01 -8.146692657470703125e+01 -4.579100799560546875e+01 -3.372240439057350159e-02 -4.891537502408027649e-02 1.180000000000000000e+02 6.800000000000000000e+01
4.281013309955596924e-01 4.685432612895965576e-01 8.699435740709304810e-02 9.446812421083450317e-02 -7.250141143798828125e+01 -3.682550048828125000e+01 -3.001122176647186279e-02 -3.933814167976379395e-02 1.050000000000000000e+02 5.500000000000000000e+01
4.281013309955596924e-01 4.600932300090789795e-01 6.804433465003967285e-02 7.472973316907882690e-02 -6.488862609863281250e+01 -2.921270370483398438e+01 -2.685998752713203430e-02 -3.120591677725315094e-02 9.400000000000000000e+01 4.400000000000000000e+01
4.281013309955596924e-01 4.569622278213500977e-01 6.087947264313697815e-02 6.741604208946228027e-02 -6.247115707397460938e+01 -2.679524230957031250e+01 -2.585930004715919495e-02 -2.862351015210151672e-02 9.000000000000000000e+01 4.000000000000000000e+01
4.281013309955596924e-01 4.523089528083801270e-01 5.012873932719230652e-02 5.654647573828697205e-02 -5.923655319213867188e+01 -2.356063461303710938e+01 -2.452036924660205841e-02 -2.516820095479488373e-02 8.600000000000000000e+01 3.600000000000000000e+01
4.281013309955596924e-01 4.501937031745910645e-01 4.563602432608604431e-02 5.160547420382499695e-02 -5.796284484863281250e+01 -2.228692626953125000e+01 -2.399313077330589294e-02 -2.380758710205554962e-02 8.400000000000000000e+01 3.400000000000000000e+01
4.281013309955596924e-01 4.472502171993255615e-01 3.807033970952033997e-02 4.472979903221130371e-02 -5.643020629882812500e+01 -2.075428771972656250e+01 -2.335871011018753052e-02 -2.217037416994571686e-02 8.200000000000000000e+01 3.200000000000000000e+01
4.281013309955596924e-01 4.157367348670959473e-01 -3.440131619572639465e-02 -2.888240478932857513e-02 -4.469612121582031250e+01 -9.020202636718750000e+00 -1.850150525569915771e-02 -9.635660797357559204e-03 6.600000000000000000e+01 1.600000000000000000e+01
4.281013309955596924e-01 3.882175385951995850e-01 -9.552256017923355103e-02 -9.316437691450119019e-02 -3.910364532470703125e+01 -3.427728891372680664e+00 -1.618655584752559662e-02 -3.661606460809707642e-03 5.800000000000000000e+01 8.000000000000000000e+00
4.281013309955596924e-01 3.754304051399230957e-01 -1.239328160881996155e-01 -1.230337843298912048e-01 -3.739349365234375000e+01 -1.717578411102294922e+00 -1.547865662723779678e-02 -1.834770548157393932e-03 5.300000000000000000e+01 3.000000000000000000e+00
4.281013309955596924e-01 3.754304051399230957e-01 -1.239328160881996155e-01 -1.230337843298912048e-01 -3.739349365234375000e+01 -1.717578411102294922e+00 -1.547865662723779678e-02 -1.834770548157393932e-03 5.300000000000000000e+01 3.000000000000000000e+00
4.281013309955596924e-01 3.675350546836853027e-01 -1.408176720142364502e-01 -1.414764970541000366e-01 -3.665568923950195312e+01 -9.797735810279846191e-01 -1.517324987798929214e-02 -1.046624500304460526e-03 5.200000000000000000e+01 2.000000000000000000e+00
4.281013309955596924e-01 3.658009171485900879e-01 -1.440922021865844727e-01 -1.455272585153579712e-01 -3.652358245849609375e+01 -8.476652503013610840e-01 -1.511856541037559509e-02 -9.055023547261953354e-04 5.100000000000000000e+01 1.000000000000000000e+00
4.281013309955596924e-01 3.524868786334991455e-01 -1.773914992809295654e-01 -1.766274571418762207e-01 -3.567591857910156250e+01 0.000000000000000000e+00 -1.476768404245376587e-02 0.000000000000000000e+00 5.000000000000000000e+01 0.000000000000000000e+00
4.281013309955596924e-01 3.524868786334991455e-01 -1.773914992809295654e-01 -1.766274571418762207e-01 -3.567591857910156250e+01 0.000000000000000000e+00 -1.476768404245376587e-02 0.000000000000000000e+00 5.000000000000000000e+01 0.000000000000000000e+00
4.281013309955596924e-01 3.524868786334991455e-01 -1.773914992809295654e-01 -1.766274571418762207e-01 -3.567591857910156250e+01 0.000000000000000000e+00 -1.476768404245376587e-02 0.000000000000000000e+00 5.000000000000000000e+01 0.000000000000000000e+00
4.281013309955596924e-01 3.524868786334991455e-01 -1.773914992809295654e-01 -1.766274571418762207e-01 -3.567591857910156250e+01 0.000000000000000000e+00 -1.476768404245376587e-02 0.000000000000000000e+00 5.000000000000000000e+01 0.000000000000000000e+00
4.281013309955596924e-01 3.524868786334991455e-01 -1.773914992809295654e-01 -1.766274571418762207e-01 -3.567591857910156250e+01 0.000000000000000000e+00 -1.476768404245376587e-02 0.000000000000000000e+00 5.000000000000000000e+01 0.000000000000000000e+00
4.281013309955596924e-01 3.524868786334991455e-01 -1.773914992809295654e-01 -1.766274571418762207e-01 -3.567591857910156250e+01 0.000000000000000000e+00 -1.476768404245376587e-02 0.000000000000000000e+00 5.000000000000000000e+01 0.000000000000000000e+00
4.281013309955596924e-01 3.524868786334991455e-01 -1.773914992809295654e-01 -1.766274571418762207e-01 -3.567591857910156250e+01 0.000000000000000000e+00 -1.476768404245376587e-02 0.000000000000000000e+00 5.000000000000000000e+01 0.000000000000000000e+00
4.281013309955596924e-01 3.524868786334991455e-01 -1.773914992809295654e-01 -1.766274571418762207e-01 -3.567591857910156250e+01 0.000000000000000000e+00 -1.476768404245376587e-02 0.000000000000000000e+00 5.000000000000000000e+01 0.000000000000000000e+00
4.281013309955596924e-01 3.524868786334991455e-01 -1.773914992809295654e-01 -1.766274571418762207e-01 -3.567591857910156250e+01 0.000000000000000000e+00 -1.476768404245376587e-02 0.000000000000000000e+00 5.000000000000000000e+01 0.000000000000000000e+00
4.281013309955596924e-01 3.524868786334991455e-01 -1.773914992809295654e-01 -1.766274571418762207e-01 -3.567591857910156250e+01 0.000000000000000000e+00 -1.476768404245376587e-02 0.000000000000000000e+00 5.000000000000000000e+01 0.000000000000000000e+00
4.281013309955596924e-01 3.524868786334991455e-01 -1.773914992809295654e-01 -1.766274571418762207e-01 -3.567591857910156250e+01 0.000000000000000000e+00 -1.476768404245376587e-02 0.000000000000000000e+00 5.000000000000000000e+01 0.000000000000000000e+00
4.281013309955596924e-01 3.524868786334991455e-01 -1.773914992809295654e-01 -1.766274571418762207e-01 -3.567591857910156250e+01 0.000000000000000000e+00 -1.476768404245376587e-02 0.000000000000000000e+00 5.000000000000000000e+01 0.000000000000000000e+00
4.281013309955596924e-01 3.524868786334991455e-01 -1.773914992809295654e-01 -1.766274571418762207e-01 -3.567591857910156250e+01 0.000000000000000000e+00 -1.476768404245376587e-02 0.000000000000000000e+00 5.000000000000000000e+01 0.000000000000000000e+00
4.281013309955596924e-01 3.524868786334991455e-01 -1.773914992809295654e-01 -1.766274571418762207e-01 -3.567591857910156250e+01 0.000000000000000000e+00 -1.476768404245376587e-02 0.000000000000000000e+00 5.000000000000000000e+01 0.000000000000000000e+00
4.281013309955596924e-01 3.524868786334991455e-01 -1.773914992809295654e-01 -1.766274571418762207e-01 -3.567591857910156250e+01 0.000000000000000000e+00 -1.476768404245376587e-02 0.000000000000000000e+00 5.000000000000000000e+01 0.000000000000000000e+00
4.281013309955596924e-01 3.524868786334991455e-01 -1.773914992809295654e-01 -1.766274571418762207e-01 -3.567591857910156250e+01 0.000000000000000000e+00 -1.476768404245376587e-02 0.000000000000000000e+00 5.000000000000000000e+01 0.000000000000000000e+00
4.281013309955596924e-01 3.524868786334991455e-01 -1.773914992809295654e-01 -1.766274571418762207e-01 -3.567591857910156250e+01 0.000000000000000000e+00 -1.476768404245376587e-02 0.000000000000000000e+00 5.000000000000000000e+01 0.000000000000000000e+00
4.281013309955596924e-01 3.524868786334991455e-01 -1.773914992809295654e-01 -1.766274571418762207e-01 -3.567591857910156250e+01 0.000000000000000000e+00 -1.476768404245376587e-02 0.000000000000000000e+00 5.000000000000000000e+01 0.000000000000000000e+00
4.281013309955596924e-01 3.524868786334991455e-01 -1.773914992809295654e-01 -1.766274571418762207e-01 -3.567591857910156250e+01 0.000000000000000000e+00 -1.476768404245376587e-02 0.000000000000000000e+00 5.000000000000000000e+01 0.000000000000000000e+00
4.281013309955596924e-01 3.524868786334991455e-01 -1.773914992809295654e-01 -1.766274571418762207e-01 -3.567591857910156250e+01 0.000000000000000000e+00 -1.476768404245376587e-02 0.000000000000000000e+00 5.000000000000000000e+01 0.000000000000000000e+00
4.281013309955596924e-01 3.524868786334991455e-01 -1.773914992809295654e-01 -1.766274571418762207e-01 -3.567591857910156250e+01 0.000000000000000000e+00 -1.476768404245376587e-02 0.000000000000000000e+00 5.000000000000000000e+01 0.000000000000000000e+00
4.281013309955596924e-01 3.524868786334991455e-01 -1.773914992809295654e-01 -1.766274571418762207e-01 -3.567591857910156250e+01 0.000000000000000000e+00 -1.476768404245376587e-02 0.000000000000000000e+00 5.000000000000000000e+01 0.000000000000000000e+00
4.281013309955596924e-01 3.524868786334991455e-01 -1.773914992809295654e-01 -1.766274571418762207e-01 -3.567591857910156250e+01 0.000000000000000000e+00 -1.476768404245376587e-02 0.000000000000000000e+00 5.000000000000000000e+01 0.000000000000000000e+00
4.281013309955596924e-01 3.524868786334991455e-01 -1.773914992809295654e-01 -1.766274571418762207e-01 -3.567591857910156250e+01 0.000000000000000000e+00 -1.476768404245376587e-02 0.000000000000000000e+00 5.000000000000000000e+01 0.000000000000000000e+00
4.281013309955596924e-01 3.524868786334991455e-01 -1.773914992809295654e-01 -1.766274571418762207e-01 -3.567591857910156250e+01 0.000000000000000000e+00 -1.476768404245376587e-02 0.000000000000000000e+00 5.000000000000000000e+01 0.000000000000000000e+00
4.281013309955596924e-01 3.524868786334991455e-01 -1.773914992809295654e-01 -1.766274571418762207e-01 -3.567591857910156250e+01 0.000000000000000000e+00 -1.476768404245376587e-02 0.000000000000000000e+00 5.000000000000000000e+01 0.000000000000000000e+00
4.281013309955596924e-01 3.524868786334991455e-01 -1.773914992809295654e-01 -1.766274571418762207e-01 -3.567591857910156250e+01 0.000000000000000000e+00 -1.476768404245376587e-02 0.000000000000000000e+00 5.000000000000000000e+01 0.000000000000000000e+00
4.281013309955596924e-01 3.524868786334991455e-01 -1.773914992809295654e-01 -1.766274571418762207e-01 -3.567591857910156250e+01 0.000000000000000000e+00 -1.476768404245376587e-02 0.000000000000000000e+00 5.000000000000000000e+01 0.000000000000000000e+00
4.281013309955596924e-01 3.524868786334991455e-01 -1.773914992809295654e-01 -1.766274571418762207e-01 -3.567591857910156250e+01 0.000000000000000000e+00 -1.476768404245376587e-02 0.000000000000000000e+00 5.000000000000000000e+01 0.000000000000000000e+00
4.281013309955596924e-01 3.524868786334991455e-01 -1.773914992809295654e-01 -1.766274571418762207e-01 -3.567591857910156250e+01 0.000000000000000000e+00 -1.476768404245376587e-02 0.000000000000000000e+00 5.000000000000000000e+01 0.000000000000000000e+00
4.281013309955596924e-01 3.524868786334991455e-01 -1.773914992809295654e-01 -1.766274571418762207e-01 -3.567591857910156250e+01 0.000000000000000000e+00 -1.476768404245376587e-02 0.000000000000000000e+00 5.000000000000000000e+01 0.000000000000000000e+00
4.281013309955596924e-01 3.524868786334991455e-01 -1.773914992809295654e-01 -1.766274571418762207e-01 -3.567591857910156250e+01 0.000000000000000000e+00 -1.476768404245376587e-02 0.000000000000000000e+00 5.000000000000000000e+01 0.000000000000000000e+00
4.281013309955596924e-01 3.524868786334991455e-01 -1.773914992809295654e-01 -1.766274571418762207e-01 -3.567591857910156250e+01 0.000000000000000000e+00 -1.476768404245376587e-02 0.000000000000000000e+00 5.000000000000000000e+01 0.000000000000000000e+00
4.281013309955596924e-01 3.524868786334991455e-01 -1.773914992809295654e-01 -1.766274571418762207e-01 -3.567591857910156250e+01 0.000000000000000000e+00 -1.476768404245376587e-02 0.000000000000000000e+00 5.000000000000000000e+01 0.000000000000000000e+00
4.281013309955596924e-01 3.524868786334991455e-01 -1.773914992809295654e-01 -1.766274571418762207e-01 -3.567591857910156250e+01 0.000000000000000000e+00 -1.476768404245376587e-02 0.000000000000000000e+00 5.000000000000000000e+01 0.000000000000000000e+00
4.281013309955596924e-01 3.524868786334991455e-01 -1.773914992809295654e-01 -1.766274571418762207e-01 -3.567591857910156250e+01 0.000000000000000000e+00 -1.476768404245376587e-02 0.000000000000000000e+00 5.000000000000000000e+01 0.000000000000000000e+00
4.281013309955596924e-01 3.524868786334991455e-01 -1.773914992809295654e-01 -1.766274571418762207e-01 -3.567591857910156250e+01 0.000000000000000000e+00 -1.476768404245376587e-02 0.000000000000000000e+00 5.000000000000000000e+01 0.000000000000000000e+00
4.281013309955596924e-01 3.524868786334991455e-01 -1.773914992809295654e-01 -1.766274571418762207e-01 -3.567591857910156250e+01 0.000000000000000000e+00 -1.476768404245376587e-02 0.000000000000000000e+00 5.000000000000000000e+01 0.000000000000000000e+00
4.281013309955596924e-01 3.524868786334991455e-01 -1.773914992809295654e-01 -1.766274571418762207e-01 -3.567591857910156250e+01 0.000000000000000000e+00 -1.476768404245376587e-02 0.000000000000000000e+00 5.000000000000000000e+01 0.000000000000000000e+00
4.281013309955596924e-01 3.524868786334991455e-01 -1.773914992809295654e-01 -1.766274571418762207e-01 -3.567591857910156250e+01 0.000000000000000000e+00 -1.476768404245376587e-02 0.000000000000000000e+00 5.000000000000000000e+01 0.000000000000000000e+00
4.281013309955596924e-01 3.524868786334991455e-01 -1.773914992809295654e-01 -1.766274571418762207e-01 -3.567591857910156250e+01 0.000000000000000000e+00 -1.476768404245376587e-02 0.000000000000000000e+00 5.000000000000000000e+01 0.000000000000000000e+00
4.281013309955596924e-01 3.524868786334991455e-01 -1.773914992809295654e-01 -1.766274571418762207e-01 -3.567591857910156250e+01 0.000000000000000000e+00 -1.476768404245376587e-02 0.000000000000000000e+00 5.000000000000000000e+01 0.000000000000000000e+00
4.281013309955596924e-01 3.524868786334991455e-01 -1.773914992809295654e-01 -1.766274571418762207e-01 -3.567591857910156250e+01 0.000000000000000000e+00 -1.476768404245376587e-02 0.000000000000000000e+00 5.000000000000000000e+01 0.000000000000000000e+00
4.281013309955596924e-01 3.524868786334991455e-01 -1.773914992809295654e-01 -1.766274571418762207e-01 -3.567591857910156250e+01 0.000000000000000000e+00 -1.476768404245376587e-02 0.000000000000000000e+00 5.000000000000000000e+01 0.000000000000000000e+00
4.281013309955596924e-01 3.524868786334991455e-01 -1.773914992809295654e-01 -1.766274571418762207e-01 -3.567591857910156250e+01 0.000000000000000000e+00 -1.476768404245376587e-02 0.000000000000000000e+00 5.000000000000000000e+01 0.000000000000000000e+00
4.281013309955596924e-01 3.524868786334991455e-01 -1.773914992809295654e-01 -1.766274571418762207e-01 -3.567591857910156250e+01 0.000000000000000000e+00 -1.476768404245376587e-02 0.000000000000000000e+00 5.000000000000000000e+01 0.000000000000000000e+00
4.281013309955596924e-01 3.524868786334991455e-01 -1.773914992809295654e-01 -1.766274571418762207e-01 -3.567591857910156250e+01 0.000000000000000000e+00 -1.476768404245376587e-02 0.000000000000000000e+00 5.000000000000000000e+01 0.000000000000000000e+00
4.281013309955596924e-01 3.524868786334991455e-01 -1.773914992809295654e-01 -1.766274571418762207e-01 -3.567591857910156250e+01 0.000000000000000000e+00 -1.476768404245376587e-02 0.000000000000000000e+00 5.000000000000000000e+01 0.000000000000000000e+00
4.281013309955596924e-01 3.524868786334991455e-01 -1.773914992809295654e-01 -1.766274571418762207e-01 -3.567591857910156250e+01 0.000000000000000000e+00 -1.476768404245376587e-02 0.000000000000000000e+00 5.000000000000000000e+01 0.000000000000000000e+00
4.281013309955596924e-01 3.524868786334991455e-01 -1.773914992809295654e-01 -1.766274571418762207e-01 -3.567591857910156250e+01 0.000000000000000000e+00 -1.476768404245376587e-02 0.000000000000000000e+00 5.000000000000000000e+01 0.000000000000000000e+00
4.281013309955596924e-01 3.524868786334991455e-01 -1.773914992809295654e-01 -1.766274571418762207e-01 -3.567591857910156250e+01 0.000000000000000000e+00 -1.476768404245376587e-02 0.000000000000000000e+00 5.000000000000000000e+01 0.000000000000000000e+00
4.281013309955596924e-01 3.524868786334991455e-01 -1.773914992809295654e-01 -1.766274571418762207e-01 -3.567591857910156250e+01 0.000000000000000000e+00 -1.476768404245376587e-02 0.000000000000000000e+00 5.000000000000000000e+01 0.000000000000000000e+00
4.281013309955596924e-01 3.524868786334991455e-01 -1.773914992809295654e-01 -1.766274571418762207e-01 -3.567591857910156250e+01 0.000000000000000000e+00 -1.476768404245376587e-02 0.000000000000000000e+00 5.000000000000000000e+01 0.000000000000000000e+00
4.281013309955596924e-01 3.524868786334991455e-01 -1.773914992809295654e-01 -1.766274571418762207e-01 -3.567591857910156250e+01 0.000000000000000000e+00 -1.476768404245376587e-02 0.000000000000000000e+00 5.000000000000000000e+01 0.000000000000000000e+00
4.281013309955596924e-01 3.524868786334991455e-01 -1.773914992809295654e-01 -1.766274571418762207e-01 -3.567591857910156250e+01 0.000000000000000000e+00 -1.476768404245376587e-02 0.000000000000000000e+00 5.000000000000000000e+01 0.000000000000000000e+00
4.281013309955596924e-01 3.524868786334991455e-01 -1.773914992809295654e-01 -1.766274571418762207e-01 -3.567591857910156250e+01 0.000000000000000000e+00 -1.476768404245376587e-02 0.000000000000000000e+00 5.000000000000000000e+01 0.000000000000000000e+00
4.281013309955596924e-01 3.524868786334991455e-01 -1.773914992809295654e-01 -1.766274571418762207e-01 -3.567591857910156250e+01 0.000000000000000000e+00 -1.476768404245376587e-02 0.000000000000000000e+00 5.000000000000000000e+01 0.000000000000000000e+00
4.281013309955596924e-01 3.524868786334991455e-01 -1.773914992809295654e-01 -1.766274571418762207e-01 -3.567591857910156250e+01 0.000000000000000000e+00 -1.476768404245376587e-02 0.000000000000000000e+00 5.000000000000000000e+01 0.000000000000000000e+00
4.281013309955596924e-01 3.524868786334991455e-01 -1.773914992809295654e-01 -1.766274571418762207e-01 -3.567591857910156250e+01 0.000000000000000000e+00 -1.476768404245376587e-02 0.000000000000000000e+00 5.000000000000000000e+01 0.000000000000000000e+00
4.281013309955596924e-01 3.524868786334991455e-01 -1.773914992809295654e-01 -1.766274571418762207e-01 -3.567591857910156250e+01 0.000000000000000000e+00 -1.476768404245376587e-02 0.000000000000000000e+00 5.000000000000000000e+01 0.000000000000000000e+00
4.281013309955596924e-01 3.524868786334991455e-01 -1.773914992809295654e-01 -1.766274571418762207e-01 -3.567591857910156250e+01 0.000000000000000000e+00 -1.476768404245376587e-02 0.000000000000000000e+00 5.000000000000000000e+01 0.000000000000000000e+00
4.281013309955596924e-01 3.524868786334991455e-01 -1.773914992809295654e-01 -1.766274571418762207e-01 -3.567591857910156250e+01 0.000000000000000000e+00 -1.476768404245376587e-02 0.000000000000000000e+00 5.000000000000000000e+01 0.000000000000000000e+00
4.281013309955596924e-01 3.524868786334991455e-01 -1.773914992809295654e-01 -1.766274571418762207e-01 -3.567591857910156250e+01 0.000000000000000000e+00 -1.476768404245376587e-02 0.000000000000000000e+00 5.000000000000000000e+01 0.000000000000000000e+00
4.281013309955596924e-01 3.524868786334991455e-01 -1.773914992809295654e-01 -1.766274571418762207e-01 -3.567591857910156250e+01 0.000000000000000000e+00 -1.476768404245376587e-02 0.000000000000000000e+00 5.000000000000000000e+01 0.000000000000000000e+00
4.281013309955596924e-01 3.524868786334991455e-01 -1.773914992809295654e-01 -1.766274571418762207e-01 -3.567591857910156250e+01 0.000000000000000000e+00 -1.476768404245376587e-02 0.000000000000000000e+00 5.000000000000000000e+01 0.000000000000000000e+00
