4.960346519947052002e-01 9.442498683929443359e-01 9.226204752922058105e-01 9.035965800285339355e-01 -1.042298965454101562e+02 -9.510146331787109375e+01 -4.314490407705307007e-02 -1.027904599905014038e-01 5.900000000000000000e+02 5.400000000000000000e+02
4.960346519947052002e-01 9.441491961479187012e-01 9.224091172218322754e-01 9.033936262130737305e-01 -4.813076019287109375e+01 -3.900231933593750000e+01 -1.992323808372020721e-02 -4.215567559003829956e-02 3.600000000000000000e+02 3.100000000000000000e+02
4.960346519947052002e-01 9.440423250198364258e-01 9.221816658973693848e-01 9.031781554222106934e-01 -4.416655731201171875e+01 -3.503811645507812500e+01 -1.828229799866676331e-02 -3.787096217274665833e-02 3.360000000000000000e+02 2.860000000000000000e+02
4.960346519947052002e-01 9.439253211021423340e-01 9.219205975532531738e-01 9.029422998428344727e-01 -4.166030883789062500e+01 -3.253186035156250000e+01 -1.724486052989959717e-02 -3.516207635402679443e-02 3.240000000000000000e+02 2.740000000000000000e+02
4.960346519947052002e-01 9.438168406486511230e-01 9.216927886009216309e-01 9.027236104011535645e-01 -4.008042144775390625e+01 -3.095198059082031250e+01 -1.659088209271430969e-02 -3.345446288585662842e-02 3.130000000000000000e+02 2.630000000000000000e+02
4.960346519947052002e-01 9.437488913536071777e-01 9.215463995933532715e-01 9.025866389274597168e-01 -3.927491760253906250e+01 -3.014647483825683594e+01 -1.625745184719562531e-02 -3.258382901549339294e-02 3.050000000000000000e+02 2.550000000000000000e+02
4.960346519947052002e-01 9.436956048011779785e-01 9.214357733726501465e-01 9.024791717529296875e-01 -3.857548522949218750e+01 -2.944703674316406250e+01 -1.596792973577976227e-02 -3.182784095406532288e-02 3.020000000000000000e+02 2.520000000000000000e+02
4.960346519947052002e-01 9.435986280441284180e-01 9.212421774864196777e-01 9.022836685180664062e-01 -3.775067901611328125e+01 -2.862223815917968750e+01 -1.562650874257087708e-02 -3.093635849654674530e-02 2.950000000000000000e+02 2.450000000000000000e+02
4.960346519947052002e-01 9.435648918151855469e-01 9.211758971214294434e-01 9.022156596183776855e-01 -3.752017974853515625e+01 -2.839173507690429688e+01 -1.553109660744667053e-02 -3.068721853196620941e-02 2.910000000000000000e+02 2.410000000000000000e+02
4.960346519947052002e-01 9.435145258903503418e-01 9.210754036903381348e-01 9.021141529083251953e-01 -3.721853637695312500e+01 -2.809009170532226562e+01 -1.540623418986797333e-02 -3.036118857562541962e-02 2.860000000000000000e+02 2.360000000000000000e+02
4.960346519947052002e-01 9.434818625450134277e-01 9.210069179534912109e-01 9.020482897758483887e-01 -3.692885589599609375e+01 -2.780040931701660156e+01 -1.528632454574108124e-02 -3.004808537662029266e-02 2.850000000000000000e+02 2.350000000000000000e+02
4.960346519947052002e-01 9.424537420272827148e-01 9.187589287757873535e-01 8.999755978584289551e-01 -3.274891662597656250e+01 -2.362047576904296875e+01 -1.355608087033033371e-02 -2.553020231425762177e-02 2.610000000000000000e+02 2.110000000000000000e+02
4.960346519947052002e-01 9.419417381286621094e-01 9.176807403564453125e-01 8.989434242248535156e-01 -3.103121185302734375e+01 -2.190277099609375000e+01 -1.284505426883697510e-02 -2.367362007498741150e-02 2.480000000000000000e+02 1.980000000000000000e+02
4.960346519947052002e-01 9.413188099861145020e-01 9.164477586746215820e-01 8.976876139640808105e-01 -3.000812911987304688e+01 -2.087968635559082031e+01 -1.242155954241752625e-02 -2.256781794130802155e-02 2.390000000000000000e+02 1.890000000000000000e+02
4.960346519947052002e-01 9.399011135101318359e-01 9.133033752441406250e-01 8.948295712471008301e-01 -2.830340194702148438e+01 -1.917495727539062500e+01 -1.171590574085712433e-02 -2.072526142001152039e-02 2.290000000000000000e+02 1.790000000000000000e+02
4.960346519947052002e-01 9.390686750411987305e-01 9.115868210792541504e-01 8.931513428688049316e-01 -2.751873779296875000e+01 -1.839029693603515625e+01 -1.139110140502452850e-02 -1.987715996801853180e-02 2.200000000000000000e+02 1.700000000000000000e+02
4.960346519947052002e-01 9.381660223007202148e-01 9.097557067871093750e-01 8.913316130638122559e-01 -2.659460067749023438e+01 -1.746615982055664062e+01 -1.100856438279151917e-02 -1.887830719351768494e-02 2.180000000000000000e+02 1.680000000000000000e+02
4.960346519947052002e-01 9.372822642326354980e-01 9.076690673828125000e-01 8.895499706268310547e-01 -2.599148941040039062e+01 -1.686304664611816406e+01 -1.075891219079494476e-02 -1.822643168270587921e-02 2.150000000000000000e+02 1.650000000000000000e+02
4.960346519947052002e-01 9.368392825126647949e-01 9.067163467407226562e-01 8.886569142341613770e-01 -2.572800827026367188e+01 -1.659956550598144531e+01 -1.064984686672687531e-02 -1.794164814054965973e-02 2.110000000000000000e+02 1.610000000000000000e+02
4.960346519947052002e-01 9.352651834487915039e-01 9.033380150794982910e-01 8.854835629463195801e-01 -2.486170387268066406e+01 -1.573326110839843750e+01 -1.029124949127435684e-02 -1.700530201196670532e-02 2.070000000000000000e+02 1.570000000000000000e+02
4.960346519947052002e-01 9.247838854789733887e-01 8.818641304969787598e-01 8.643534183502197266e-01 -2.010694885253906250e+01 -1.097850799560546875e+01 -8.323066867887973785e-03 -1.186612527817487717e-02 1.830000000000000000e+02 1.330000000000000000e+02
4.960346519947052002e-01 9.157719016075134277e-01 8.624063134193420410e-01 8.461853265762329102e-01 -1.822076797485351562e+01 -9.092326164245605469e+00 -7.542301435023546219e-03 -9.827444329857826233e-03 1.720000000000000000e+02 1.220000000000000000e+02
4.960346519947052002e-01 9.112039208412170410e-01 8.526476025581359863e-01 8.369763493537902832e-01 -1.744474792480468750e+01 -8.316305160522460938e+00 -7.221076171845197678e-03 -8.988682180643081665e-03 1.590000000000000000e+02 1.090000000000000000e+02
4.960346519947052002e-01 9.068861007690429688e-01 8.430370688438415527e-01 8.282716870307922363e-01 -1.693955612182617188e+01 -7.811111927032470703e+00 -7.011957000941038132e-03 -8.442644029855728149e-03 1.520000000000000000e+02 1.020000000000000000e+02
4.960346519947052002e-01 9.017122387886047363e-01 8.328396677970886230e-01 8.178412318229675293e-01 -1.632806777954101562e+01 -7.199624538421630859e+00 -6.758837494999170303e-03 -7.781717460602521896e-03 1.460000000000000000e+02 9.600000000000000000e+01
4.960346519947052002e-01 8.959140777587890625e-01 8.207415342330932617e-01 8.061522245407104492e-01 -1.588382339477539062e+01 -6.755379676818847656e+00 -6.574946921318769455e-03 -7.301555015146732330e-03 1.420000000000000000e+02 9.200000000000000000e+01
4.960346519947052002e-01 8.891770839691162109e-01 8.063123226165771484e-01 7.925704717636108398e-01 -1.543400192260742188e+01 -6.305559158325195312e+00 -6.388748064637184143e-03 -6.815366446971893311e-03 1.350000000000000000e+02 8.500000000000000000e+01
4.960346519947052002e-01 8.822667598724365234e-01 7.909586429595947266e-01 7.786393761634826660e-01 -1.496309089660644531e+01 -5.834648132324218750e+00 -6.193819455802440643e-03 -6.306381896138191223e-03 1.310000000000000000e+02 8.100000000000000000e+01
4.960346519947052002e-01 8.800728917121887207e-01 7.864582538604736328e-01 7.742165327072143555e-01 -1.483677196502685547e+01 -5.708329200744628906e+00 -6.141530815511941910e-03 -6.169850006699562073e-03 1.280000000000000000e+02 7.800000000000000000e+01
4.960346519947052002e-01 8.032637834548950195e-01 6.280960440635681152e-01 6.193702816963195801e-01 -1.197092437744140625e+01 -2.842480659484863281e+00 -4.955242387950420380e-03 -3.072296502068638802e-03 1.030000000000000000e+02 5.300000000000000000e+01
4.960346519947052002e-01 7.648825049400329590e-01 5.499440431594848633e-01 5.419940948486328125e-01 -1.116324996948242188e+01 -2.034807205200195312e+00 -4.620913881808519363e-03 -2.199322218075394630e-03 9.200000000000000000e+01 4.200000000000000000e+01
4.960346519947052002e-01 7.188507914543151855e-01 4.567225873470306396e-01 4.491946995258331299e-01 -1.046835517883300781e+01 -1.339912295341491699e+00 -4.333269316703081131e-03 -1.448244787752628326e-03 8.500000000000000000e+01 3.500000000000000000e+01
4.960346519947052002e-01 6.935262680053710938e-01 4.053951799869537354e-01 3.981407582759857178e-01 -1.018181037902832031e+01 -1.053367853164672852e+00 -4.214657004922628403e-03 -1.138533116318285465e-03 7.900000000000000000e+01 2.900000000000000000e+01
4.960346519947052002e-01 6.705456972122192383e-01 3.583016097545623779e-01 3.518122136592864990e-01 -9.970276832580566406e+00 -8.418334126472473145e-01 -4.127094522118568420e-03 -9.098959853872656822e-04 7.400000000000000000e+01 2.400000000000000000e+01
4.960346519947052002e-01 6.336382627487182617e-01 2.843458354473114014e-01 2.774072587490081787e-01 -9.678644180297851562e+00 -5.502007007598876953e-01 -4.006376489996910095e-03 -5.946846795268356800e-04 6.900000000000000000e+01 1.900000000000000000e+01
4.960346519947052002e-01 6.035783886909484863e-01 2.213250100612640381e-01 2.168069034814834595e-01 -9.479997634887695312e+00 -3.515540957450866699e-01 -3.924148622900247574e-03 -3.799773985520005226e-04 6.500000000000000000e+01 1.500000000000000000e+01
4.960346519947052002e-01 5.969228744506835938e-01 2.084631472826004028e-01 2.033894658088684082e-01 -9.440771102905273438e+00 -3.123286366462707520e-01 -3.907911013811826706e-03 -3.375805390533059835e-04 6.400000000000000000e+01 1.400000000000000000e+01
4.960346519947052002e-01 5.880968570709228516e-01 1.920861452817916870e-01 1.855963170528411865e-01 -9.392581939697265625e+00 -2.641389369964599609e-01 -3.887963714078068733e-03 -2.854946942534297705e-04 6.300000000000000000e+01 1.300000000000000000e+01
4.960346519947052002e-01 5.366040468215942383e-01 7.998524606227874756e-02 8.178742229938507080e-02 -9.194644927978515625e+00 -6.620252132415771484e-02 -3.806029679253697395e-03 -7.155502680689096451e-05 5.600000000000000000e+01 6.000000000000000000e+00
4.960346519947052002e-01 5.105547308921813965e-01 2.588092908263206482e-02 2.927230671048164368e-02 -9.139959335327148438e+00 -1.151591539382934570e-02 -3.783393185585737228e-03 -1.244698250957299024e-05 5.400000000000000000e+01 4.000000000000000000e+00
4.960346519947052002e-01 5.041899681091308594e-01 1.321083121001720428e-02 1.644102111458778381e-02 -9.130434036254882812e+00 -1.991212368011474609e-03 -3.779450198635458946e-03 -2.152202796423807740e-06 5.200000000000000000e+01 2.000000000000000000e+00
4.960346519947052002e-01 5.032037496566772461e-01 1.126098725944757462e-02 1.445281598716974258e-02 -9.129388809204101562e+00 -9.455680847167968750e-04 -3.779017599299550056e-03 -1.022017727336788084e-06 5.100000000000000000e+01 1.000000000000000000e+00
4.960346519947052002e-01 5.032037496566772461e-01 1.126098725944757462e-02 1.445281598716974258e-02 -9.129388809204101562e+00 -9.455680847167968750e-04 -3.779017599299550056e-03 -1.022017727336788084e-06 5.100000000000000000e+01 1.000000000000000000e+00
4.960346519947052002e-01 5.019747018814086914e-01 8.884375914931297302e-03 1.197507046163082123e-02 -9.128442764282226562e+00 0.000000000000000000e+00 -3.778625978156924248e-03 0.000000000000000000e+00 5.000000000000000000e+01 0.000000000000000000e+00
4.960346519947052002e-01 5.019747018814086914e-01 8.884375914931297302e-03 1.197507046163082123e-02 -9.128442764282226562e+00 0.000000000000000000e+00 -3.778625978156924248e-03 0.000000000000000000e+00 5.000000000000000000e+01 0.000000000000000000e+00
4.960346519947052002e-01 5.019747018814086914e-01 8.884375914931297302e-03 1.197507046163082123e-02 -9.128442764282226562e+00 0.000000000000000000e+00 -3.778625978156924248e-03 0.000000000000000000e+00 5.000000000000000000e+01 0.000000000000000000e+00
4.960346519947052002e-01 5.019747018814086914e-01 8.884375914931297302e-03 1.197507046163082123e-02 -9.128442764282226562e+00 0.000000000000000000e+00 -3.778625978156924248e-03 0.000000000000000000e+00 5.000000000000000000e+01 0.000000000000000000e+00
4.960346519947052002e-01 5.019747018814086914e-01 8.884375914931297302e-03 1.197507046163082123e-02 -9.128442764282226562e+00 0.000000000000000000e+00 -3.778625978156924248e-03 0.000000000000000000e+00 5.000000000000000000e+01 0.000000000000000000e+00
4.960346519947052002e-01 5.019747018814086914e-01 8.884375914931297302e-03 1.197507046163082123e-02 -9.128442764282226562e+00 0.000000000000000000e+00 -3.778625978156924248e-03 0.000000000000000000e+00 5.000000000000000000e+01 0.000000000000000000e+00
4.960346519947052002e-01 5.019747018814086914e-01 8.884375914931297302e-03 1.197507046163082123e-02 -9.128442764282226562e+00 0.000000000000000000e+00 -3.778625978156924248e-03 0.000000000000000000e+00 5.000000000000000000e+01 0.000000000000000000e+00
4.960346519947052002e-01 5.019747018814086914e-01 8.884375914931297302e-03 1.197507046163082123e-02 -9.128442764282226562e+00 0.000000000000000000e+00 -3.778625978156924248e-03 0.000000000000000000e+00 5.000000000000000000e+01 0.000000000000000000e+00
4.960346519947052002e-01 5.019747018814086914e-01 8.884375914931297302e-03 1.197507046163082123e-02 -9.128442764282226562e+00 0.000000000000000000e+00 -3.778625978156924248e-03 0.000000000000000000e+00 5.000000000000000000e+01 0.000000000000000000e+00
4.960346519947052002e-01 5.019747018814086914e-01 8.884375914931297302e-03 1.197507046163082123e-02 -9.128442764282226562e+00 0.000000000000000000e+00 -3.778625978156924248e-03 0.000000000000000000e+00 5.000000000000000000e+01 0.000000000000000000e+00
4.960346519947052002e-01 5.019747018814086914e-01 8.884375914931297302e-03 1.197507046163082123e-02 -9.128442764282226562e+00 0.000000000000000000e+00 -3.778625978156924248e-03 0.000000000000000000e+00 5.000000000000000000e+01 0.000000000000000000e+00
4.960346519947052002e-01 5.019747018814086914e-01 8.884375914931297302e-03 1.197507046163082123e-02 -9.128442764282226562e+00 0.000000000000000000e+00 -3.778625978156924248e-03 0.000000000000000000e+00 5.000000000000000000e+01 0.000000000000000000e+00
4.960346519947052002e-01 5.019747018814086914e-01 8.884375914931297302e-03 1.197507046163082123e-02 -9.128442764282226562e+00 0.000000000000000000e+00 -3.778625978156924248e-03 0.000000000000000000e+00 5.000000000000000000e+01 0.000000000000000000e+00
4.960346519947052002e-01 5.019747018814086914e-01 8.884375914931297302e-03 1.197507046163082123e-02 -9.128442764282226562e+00 0.000000000000000000e+00 -3.778625978156924248e-03 0.000000000000000000e+00 5.000000000000000000e+01 0.000000000000000000e+00
4.960346519947052002e-01 5.019747018814086914e-01 8.884375914931297302e-03 1.197507046163082123e-02 -9.128442764282226562e+00 0.000000000000000000e+00 -3.778625978156924248e-03 0.000000000000000000e+00 5.000000000000000000e+01 0.000000000000000000e+00
4.960346519947052002e-01 5.019747018814086914e-01 8.884375914931297302e-03 1.197507046163082123e-02 -9.128442764282226562e+00 0.000000000000000000e+00 -3.778625978156924248e-03 0.000000000000000000e+00 5.000000000000000000e+01 0.000000000000000000e+00
4.960346519947052002e-01 5.019747018814086914e-01 8.884375914931297302e-03 1.197507046163082123e-02 -9.128442764282226562e+00 0.000000000000000000e+00 -3.778625978156924248e-03 0.000000000000000000e+00 5.000000000000000000e+01 0.000000000000000000e+00
4.960346519947052002e-01 5.019747018814086914e-01 8.884375914931297302e-03 1.197507046163082123e-02 -9.128442764282226562e+00 0.000000000000000000e+00 -3.778625978156924248e-03 0.000000000000000000e+00 5.000000000000000000e+01 0.000000000000000000e+00
4.960346519947052002e-01 5.019747018814086914e-01 8.884375914931297302e-03 1.197507046163082123e-02 -9.128442764282226562e+00 0.000000000000000000e+00 -3.778625978156924248e-03 0.000000000000000000e+00 5.000000000000000000e+01 0.000000000000000000e+00
4.960346519947052002e-01 5.019747018814086914e-01 8.884375914931297302e-03 1.197507046163082123e-02 -9.128442764282226562e+00 0.000000000000000000e+00 -3.778625978156924248e-03 0.000000000000000000e+00 5.000000000000000000e+01 0.000000000000000000e+00
4.960346519947052002e-01 5.019747018814086914e-01 8.884375914931297302e-03 1.197507046163082123e-02 -9.128442764282226562e+00 0.000000000000000000e+00 -3.778625978156924248e-03 0.000000000000000000e+00 5.000000000000000000e+01 0.000000000000000000e+00
4.960346519947052002e-01 5.019747018814086914e-01 8.884375914931297302e-03 1.197507046163082123e-02 -9.128442764282226562e+00 0.000000000000000000e+00 -3.778625978156924248e-03 0.000000000000000000e+00 5.000000000000000000e+01 0.000000000000000000e+00
4.960346519947052002e-01 5.019747018814086914e-01 8.884375914931297302e-03 1.197507046163082123e-02 -9.128442764282226562e+00 0.000000000000000000e+00 -3.778625978156924248e-03 0.000000000000000000e+00 5.000000000000000000e+01 0.000000000000000000e+00
4.960346519947052002e-01 5.019747018814086914e-01 8.884375914931297302e-03 1.197507046163082123e-02 -9.128442764282226562e+00 0.000000000000000000e+00 -3.778625978156924248e-03 0.000000000000000000e+00 5.000000000000000000e+01 0.000000000000000000e+00
4.960346519947052002e-01 5.019747018814086914e-01 8.884375914931297302e-03 1.197507046163082123e-02 -9.128442764282226562e+00 0.000000000000000000e+00 -3.778625978156924248e-03 0.000000000000000000e+00 5.000000000000000000e+01 0.000000000000000000e+00
4.960346519947052002e-01 5.019747018814086914e-01 8.884375914931297302e-03 1.197507046163082123e-02 -9.128442764282226562e+00 0.000000000000000000e+00 -3.778625978156924248e-03 0.000000000000000000e+00 5.000000000000000000e+01 0.000000000000000000e+00
4.960346519947052002e-01 5.019747018814086914e-01 8.884375914931297302e-03 1.197507046163082123e-02 -9.128442764282226562e+00 0.000000000000000000e+00 -3.778625978156924248e-03 0.000000000000000000e+00 5.000000000000000000e+01 0.000000000000000000e+00
4.960346519947052002e-01 5.019747018814086914e-01 8.884375914931297302e-03 1.197507046163082123e-02 -9.128442764282226562e+00 0.000000000000000000e+00 -3.778625978156924248e-03 0.000000000000000000e+00 5.000000000000000000e+01 0.000000000000000000e+00
4.960346519947052002e-01 5.019747018814086914e-01 8.884375914931297302e-03 1.197507046163082123e-02 -9.128442764282226562e+00 0.000000000000000000e+00 -3.778625978156924248e-03 0.000000000000000000e+00 5.000000000000000000e+01 0.000000000000000000e+00
4.960346519947052002e-01 5.019747018814086914e-01 8.884375914931297302e-03 1.197507046163082123e-02 -9.128442764282226562e+00 0.000000000000000000e+00 -3.778625978156924248e-03 0.000000000000000000e+00 5.000000000000000000e+01 0.000000000000000000e+00
4.960346519947052002e-01 5.019747018814086914e-01 8.884375914931297302e-03 1.197507046163082123e-02 -9.128442764282226562e+00 0.000000000000000000e+00 -3.778625978156924248e-03 0.000000000000000000e+00 5.000000000000000000e+01 0.000000000000000000e+00
4.960346519947052002e-01 5.019747018814086914e-01 8.884375914931297302e-03 1.197507046163082123e-02 -9.128442764282226562e+00 0.000000000000000000e+00 -3.778625978156924248e-03 0.000000000000000000e+00 5.000000000000000000e+01 0.000000000000000000e+00
4.960346519947052002e-01 5.019747018814086914e-01 8.884375914931297302e-03 1.197507046163082123e-02 -9.128442764282226562e+00 0.000000000000000000e+00 -3.778625978156924248e-03 0.000000000000000000e+00 5.000000000000000000e+01 0.000000000000000000e+00
4.960346519947052002e-01 5.019747018814086914e-01 8.884375914931297302e-03 1.197507046163082123e-02 -9.128442764282226562e+00 0.000000000000000000e+00 -3.778625978156924248e-03 0.000000000000000000e+00 5.000000000000000000e+01 0.000000000000000000e+00
4.960346519947052002e-01 5.019747018814086914e-01 8.884375914931297302e-03 1.197507046163082123e-02 -9.128442764282226562e+00 0.000000000000000000e+00 -3.778625978156924248e-03 0.000000000000000000e+00 5.000000000000000000e+01 0.000000000000000000e+00
4.960346519947052002e-01 5.019747018814086914e-01 8.884375914931297302e-03 1.197507046163082123e-02 -9.128442764282226562e+00 0.000000000000000000e+00 -3.778625978156924248e-03 0.000000000000000000e+00 5.000000000000000000e+01 0.000000000000000000e+00
4.960346519947052002e-01 5.019747018814086914e-01 8.884375914931297302e-03 1.197507046163082123e-02 -9.128442764282226562e+00 0.000000000000000000e+00 -3.778625978156924248e-03 0.000000000000000000e+00 5.000000000000000000e+01 0.000000000000000000e+00
4.960346519947052002e-01 5.019747018814086914e-01 8.884375914931297302e-03 1.197507046163082123e-02 -9.128442764282226562e+00 0.000000000000000000e+00 -3.778625978156924248e-03 0.000000000000000000e+00 5.000000000000000000e+01 0.000000000000000000e+00
4.960346519947052002e-01 5.019747018814086914e-01 8.884375914931297302e-03 1.197507046163082123e-02 -9.128442764282226562e+00 0.000000000000000000e+00 -3.778625978156924248e-03 0.000000000000000000e+00 5.000000000000000000e+01 0.000000000000000000e+00
4.960346519947052002e-01 5.019747018814086914e-01 8.884375914931297302e-03 1.197507046163082123e-02 -9.128442764282226562e+00 0.000000000000000000e+00 -3.778625978156924248e-03 0.000000000000000000e+00 5.000000000000000000e+01 0.000000000000000000e+00
4.960346519947052002e-01 5.019747018814086914e-01 8.884375914931297302e-03 1.197507046163082123e-02 -9.128442764282226562e+00 0.000000000000000000e+00 -3.778625978156924248e-03 0.000000000000000000e+00 5.000000000000000000e+01 0.000000000000000000e+00
4.960346519947052002e-01 5.019747018814086914e-01 8.884375914931297302e-03 1.197507046163082123e-02 -9.128442764282226562e+00 0.000000000000000000e+00 -3.778625978156924248e-03 0.000000000000000000e+00 5.000000000000000000e+01 0.000000000000000000e+00
4.960346519947052002e-01 5.019747018814086914e-01 8.884375914931297302e-03 1.197507046163082123e-02 -9.128442764282226562e+00 0.000000000000000000e+00 -3.778625978156924248e-03 0.000000000000000000e+00 5.000000000000000000e+01 0.000000000000000000e+00
4.960346519947052002e-01 5.019747018814086914e-01 8.884375914931297302e-03 1.197507046163082123e-02 -9.128442764282226562e+00 0.000000000000000000e+00 -3.778625978156924248e-03 0.000000000000000000e+00 5.000000000000000000e+01 0.000000000000000000e+00
4.960346519947052002e-01 5.019747018814086914e-01 8.884375914931297302e-03 1.197507046163082123e-02 -9.128442764282226562e+00 0.000000000000000000e+00 -3.778625978156924248e-03 0.000000000000000000e+00 5.000000000000000000e+01 0.000000000000000000e+00
4.960346519947052002e-01 5.019747018814086914e-01 8.884375914931297302e-03 1.197507046163082123e-02 -9.128442764282226562e+00 0.000000000000000000e+00 -3.778625978156924248e-03 0.000000000000000000e+00 5.000000000000000000e+01 0.000000000000000000e+00
4.960346519947052002e-01 5.019747018814086914e-01 8.884375914931297302e-03 1.197507046163082123e-02 -9.128442764282226562e+00 0.000000000000000000e+00 -3.778625978156924248e-03 0.000000000000000000e+00 5.000000000000000000e+01 0.000000000000000000e+00
4.960346519947052002e-01 5.019747018814086914e-01 8.884375914931297302e-03 1.197507046163082123e-02 -9.128442764282226562e+00 0.000000000000000000e+00 -3.778625978156924248e-03 0.000000000000000000e+00 5.000000000000000000e+01 0.000000000000000000e+00
