4.503533542156219482e-01 5.558648705482482910e-01 2.245181202888488770e-01 2.342860698699951172e-01 -1.430007934570312500e+02 -1.027346038818359375e+02 -5.919372290372848511e-02 -1.001432389020919800e-01 1.780000000000000000e+02 1.280000000000000000e+02
4.503533542156219482e-01 5.558407306671142578e-01 2.244661897420883179e-01 2.342324703931808472e-01 -1.413874359130859375e+02 -1.011212539672851562e+02 -5.852589011192321777e-02 -9.857058525085449219e-02 1.760000000000000000e+02 1.260000000000000000e+02
4.503533542156219482e-01 5.557607412338256836e-01 2.242831885814666748e-01 2.340548485517501831e-01 -1.387095642089843750e+02 -9.844338226318359375e+01 -5.741741135716438293e-02 -9.596025943756103516e-02 1.720000000000000000e+02 1.220000000000000000e+02
4.503533542156219482e-01 5.557247996330261230e-01 2.242053747177124023e-01 2.339750379323959351e-01 -1.378259735107421875e+02 -9.755978393554687500e+01 -5.705165863037109375e-02 -9.509894996881484985e-02 1.710000000000000000e+02 1.210000000000000000e+02
4.503533542156219482e-01 5.556140542030334473e-01 2.239634096622467041e-01 2.337291389703750610e-01 -1.361435852050781250e+02 -9.587738800048828125e+01 -5.635525286197662354e-02 -9.345898777246475220e-02 1.690000000000000000e+02 1.190000000000000000e+02
4.503533542156219482e-01 5.554736852645874023e-01 2.236658483743667603e-01 2.334174513816833496e-01 -1.346701049804687500e+02 -9.440390777587890625e+01 -5.574531853199005127e-02 -9.202267229557037354e-02 1.670000000000000000e+02 1.170000000000000000e+02
4.503533542156219482e-01 5.553273558616638184e-01 2.233281433582305908e-01 2.330925315618515015e-01 -1.334137115478515625e+02 -9.314752197265625000e+01 -5.522524937987327576e-02 -9.079798310995101929e-02 1.650000000000000000e+02 1.150000000000000000e+02
4.503533542156219482e-01 5.553273558616638184e-01 2.233281284570693970e-01 2.330925315618515015e-01 -1.334137115478515625e+02 -9.314752197265625000e+01 -5.522524937987327576e-02 -9.079798310995101929e-02 1.650000000000000000e+02 1.150000000000000000e+02
4.503533542156219482e-01 5.552051663398742676e-01 2.230764180421829224e-01 2.328212112188339233e-01 -1.325523071289062500e+02 -9.228610992431640625e+01 -5.486867949366569519e-02 -8.995829522609710693e-02 1.640000000000000000e+02 1.140000000000000000e+02
4.503533542156219482e-01 5.546846389770507812e-01 2.219201475381851196e-01 2.316653877496719360e-01 -1.294612426757812500e+02 -8.919505310058593750e+01 -5.358916521072387695e-02 -8.694520592689514160e-02 1.600000000000000000e+02 1.100000000000000000e+02
4.503533542156219482e-01 5.545726418495178223e-01 2.216868400573730469e-01 2.314167022705078125e-01 -1.288647613525390625e+02 -8.859857177734375000e+01 -5.334225669503211975e-02 -8.636377006769180298e-02 1.590000000000000000e+02 1.090000000000000000e+02
4.503533542156219482e-01 5.507785677909851074e-01 2.133079320192337036e-01 2.229920476675033569e-01 -1.165771331787109375e+02 -7.631094360351562500e+01 -4.825591668486595154e-02 -7.438608258962631226e-02 1.440000000000000000e+02 9.400000000000000000e+01
4.503533542156219482e-01 5.468812584877014160e-01 2.047951966524124146e-01 2.143381536006927490e-01 -1.088970489501953125e+02 -6.863086700439453125e+01 -4.507682472467422485e-02 -6.689973175525665283e-02 1.350000000000000000e+02 8.500000000000000000e+01
4.503533542156219482e-01 5.412454009056091309e-01 1.922391057014465332e-01 2.018238455057144165e-01 -1.010745086669921875e+02 -6.080832290649414062e+01 -4.183876514434814453e-02 -5.927450209856033325e-02 1.250000000000000000e+02 7.500000000000000000e+01
4.503533542156219482e-01 5.283431410789489746e-01 1.628226190805435181e-01 1.731746494770050049e-01 -8.687045288085937500e+01 -4.660426330566406250e+01 -3.595913946628570557e-02 -4.542872309684753418e-02 1.070000000000000000e+02 5.700000000000000000e+01
4.503533542156219482e-01 5.243342518806457520e-01 1.542071104049682617e-01 1.642730087041854858e-01 -8.312639617919921875e+01 -4.286021423339843750e+01 -3.440932556986808777e-02 -4.177911207079887390e-02 1.030000000000000000e+02 5.300000000000000000e+01
4.503533542156219482e-01 5.173200964927673340e-01 1.385370641946792603e-01 1.486982256174087524e-01 -7.776246643066406250e+01 -3.749628067016601562e+01 -3.218898177146911621e-02 -3.655048087239265442e-02 9.600000000000000000e+01 4.600000000000000000e+01
4.503533542156219482e-01 5.044991374015808105e-01 1.101897805929183960e-01 1.202295571565628052e-01 -6.914168548583984375e+01 -2.887549591064453125e+01 -2.862049825489521027e-02 -2.814714424312114716e-02 8.600000000000000000e+01 3.600000000000000000e+01
4.503533542156219482e-01 5.002961158752441406e-01 1.007271632552146912e-01 1.108968332409858704e-01 -6.660873413085937500e+01 -2.634254455566406250e+01 -2.757200784981250763e-02 -2.567808330059051514e-02 8.300000000000000000e+01 3.300000000000000000e+01
4.503533542156219482e-01 4.950608611106872559e-01 8.932105451822280884e-02 9.927206486463546753e-02 -6.390216827392578125e+01 -2.363598251342773438e+01 -2.645165286958217621e-02 -2.303979173302650452e-02 8.000000000000000000e+01 3.000000000000000000e+01
4.503533542156219482e-01 4.610616266727447510e-01 1.342729572206735611e-02 2.377749048173427582e-02 -5.155289459228515625e+01 -1.128670787811279297e+01 -2.133979648351669312e-02 -1.100201345980167389e-02 6.300000000000000000e+01 1.300000000000000000e+01
4.503533542156219482e-01 4.505693018436431885e-01 -9.633502922952175140e-03 4.795070854015648365e-04 -4.915190124511718750e+01 -8.885715484619140625e+00 -2.034593001008033752e-02 -8.661583065986633301e-03 6.000000000000000000e+01 1.000000000000000000e+01
4.503533542156219482e-01 4.249181151390075684e-01 -6.843940168619155884e-02 -5.647840350866317749e-02 -4.552451324462890625e+01 -5.258327007293701172e+00 -1.884440891444683075e-02 -5.125691648572683334e-03 5.600000000000000000e+01 6.000000000000000000e+00
4.503533542156219482e-01 4.089655578136444092e-01 -1.005789339542388916e-01 -9.190072119235992432e-02 -4.376628112792968750e+01 -3.500093936920166016e+00 -1.811660639941692352e-02 -3.411808051168918610e-03 5.400000000000000000e+01 4.000000000000000000e+00
4.503533542156219482e-01 3.903789818286895752e-01 -1.414898037910461426e-01 -1.331718116998672485e-01 -4.199727630615234375e+01 -1.731086254119873047e+00 -1.738434471189975739e-02 -1.687421579845249653e-03 5.200000000000000000e+01 2.000000000000000000e+00
4.503533542156219482e-01 3.903789818286895752e-01 -1.414898037910461426e-01 -1.331718116998672485e-01 -4.199727630615234375e+01 -1.731086254119873047e+00 -1.738434471189975739e-02 -1.687421579845249653e-03 5.200000000000000000e+01 2.000000000000000000e+00
4.503533542156219482e-01 3.903789818286895752e-01 -1.414898037910461426e-01 -1.331718116998672485e-01 -4.199727630615234375e+01 -1.731086254119873047e+00 -1.738434471189975739e-02 -1.687421579845249653e-03 5.200000000000000000e+01 2.000000000000000000e+00
4.503533542156219482e-01 3.774090409278869629e-01 -1.682863980531692505e-01 -1.619712859392166138e-01 -4.121405029296875000e+01 -9.478580951690673828e-01 -1.706013642251491547e-02 -9.239494102075695992e-04 5.100000000000000000e+01 1.000000000000000000e+00
4.503533542156219482e-01 3.774090409278869629e-01 -1.682863980531692505e-01 -1.619712859392166138e-01 -4.121405029296875000e+01 -9.478580951690673828e-01 -1.706013642251491547e-02 -9.239494102075695992e-04 5.100000000000000000e+01 1.000000000000000000e+00
4.503533542156219482e-01 3.581520617008209229e-01 -2.077534198760986328e-01 -2.047310024499893188e-01 -4.026618957519531250e+01 0.000000000000000000e+00 -1.666777953505516052e-02 0.000000000000000000e+00 5.000000000000000000e+01 0.000000000000000000e+00
4.503533542156219482e-01 3.581520617008209229e-01 -2.077534198760986328e-01 -2.047310024499893188e-01 -4.026618957519531250e+01 0.000000000000000000e+00 -1.666777953505516052e-02 0.000000000000000000e+00 5.000000000000000000e+01 0.000000000000000000e+00
4.503533542156219482e-01 3.581520617008209229e-01 -2.077534198760986328e-01 -2.047310024499893188e-01 -4.026618957519531250e+01 0.000000000000000000e+00 -1.666777953505516052e-02 0.000000000000000000e+00 5.000000000000000000e+01 0.000000000000000000e+00
4.503533542156219482e-01 3.581520617008209229e-01 -2.077534198760986328e-01 -2.047310024499893188e-01 -4.026618957519531250e+01 0.000000000000000000e+00 -1.666777953505516052e-02 0.000000000000000000e+00 5.000000000000000000e+01 0.000000000000000000e+00
4.503533542156219482e-01 3.581520617008209229e-01 -2.077534198760986328e-01 -2.047310024499893188e-01 -4.026618957519531250e+01 0.000000000000000000e+00 -1.666777953505516052e-02 0.000000000000000000e+00 5.000000000000000000e+01 0.000000000000000000e+00
4.503533542156219482e-01 3.581520617008209229e-01 -2.077534198760986328e-01 -2.047310024499893188e-01 -4.026618957519531250e+01 0.000000000000000000e+00 -1.666777953505516052e-02 0.000000000000000000e+00 5.000000000000000000e+01 0.000000000000000000e+00
4.503533542156219482e-01 3.581520617008209229e-01 -2.077534198760986328e-01 -2.047310024499893188e-01 -4.026618957519531250e+01 0.000000000000000000e+00 -1.666777953505516052e-02 0.000000000000000000e+00 5.000000000000000000e+01 0.000000000000000000e+00
4.503533542156219482e-01 3.581520617008209229e-01 -2.077534198760986328e-01 -2.047310024499893188e-01 -4.026618957519531250e+01 0.000000000000000000e+00 -1.666777953505516052e-02 0.000000000000000000e+00 5.000000000000000000e+01 0.000000000000000000e+00
4.503533542156219482e-01 3.581520617008209229e-01 -2.077534198760986328e-01 -2.047310024499893188e-01 -4.026618957519531250e+01 0.000000000000000000e+00 -1.666777953505516052e-02 0.000000000000000000e+00 5.000000000000000000e+01 0.000000000000000000e+00
4.503533542156219482e-01 3.581520617008209229e-01 -2.077534198760986328e-01 -2.047310024499893188e-01 -4.026618957519531250e+01 0.000000000000000000e+00 -1.666777953505516052e-02 0.000000000000000000e+00 5.000000000000000000e+01 0.000000000000000000e+00
4.503533542156219482e-01 3.581520617008209229e-01 -2.077534198760986328e-01 -2.047310024499893188e-01 -4.026618957519531250e+01 0.000000000000000000e+00 -1.666777953505516052e-02 0.000000000000000000e+00 5.000000000000000000e+01 0.000000000000000000e+00
4.503533542156219482e-01 3.581520617008209229e-01 -2.077534198760986328e-01 -2.047310024499893188e-01 -4.026618957519531250e+01 0.000000000000000000e+00 -1.666777953505516052e-02 0.000000000000000000e+00 5.000000000000000000e+01 0.000000000000000000e+00
4.503533542156219482e-01 3.581520617008209229e-01 -2.077534198760986328e-01 -2.047310024499893188e-01 -4.026618957519531250e+01 0.000000000000000000e+00 -1.666777953505516052e-02 0.000000000000000000e+00 5.000000000000000000e+01 0.000000000000000000e+00
4.503533542156219482e-01 3.581520617008209229e-01 -2.077534198760986328e-01 -2.047310024499893188e-01 -4.026618957519531250e+01 0.000000000000000000e+00 -1.666777953505516052e-02 0.000000000000000000e+00 5.000000000000000000e+01 0.000000000000000000e+00
4.503533542156219482e-01 3.581520617008209229e-01 -2.077534198760986328e-01 -2.047310024499893188e-01 -4.026618957519531250e+01 0.000000000000000000e+00 -1.666777953505516052e-02 0.000000000000000000e+00 5.000000000000000000e+01 0.000000000000000000e+00
4.503533542156219482e-01 3.581520617008209229e-01 -2.077534198760986328e-01 -2.047310024499893188e-01 -4.026618957519531250e+01 0.000000000000000000e+00 -1.666777953505516052e-02 0.000000000000000000e+00 5.000000000000000000e+01 0.000000000000000000e+00
4.503533542156219482e-01 3.581520617008209229e-01 -2.077534198760986328e-01 -2.047310024499893188e-01 -4.026618957519531250e+01 0.000000000000000000e+00 -1.666777953505516052e-02 0.000000000000000000e+00 5.000000000000000000e+01 0.000000000000000000e+00
4.503533542156219482e-01 3.581520617008209229e-01 -2.077534198760986328e-01 -2.047310024499893188e-01 -4.026618957519531250e+01 0.000000000000000000e+00 -1.666777953505516052e-02 0.000000000000000000e+00 5.000000000000000000e+01 0.000000000000000000e+00
4.503533542156219482e-01 3.581520617008209229e-01 -2.077534198760986328e-01 -2.047310024499893188e-01 -4.026618957519531250e+01 0.000000000000000000e+00 -1.666777953505516052e-02 0.000000000000000000e+00 5.000000000000000000e+01 0.000000000000000000e+00
4.503533542156219482e-01 3.581520617008209229e-01 -2.077534198760986328e-01 -2.047310024499893188e-01 -4.026618957519531250e+01 0.000000000000000000e+00 -1.666777953505516052e-02 0.000000000000000000e+00 5.000000000000000000e+01 0.000000000000000000e+00
4.503533542156219482e-01 3.581520617008209229e-01 -2.077534198760986328e-01 -2.047310024499893188e-01 -4.026618957519531250e+01 0.000000000000000000e+00 -1.666777953505516052e-02 0.000000000000000000e+00 5.000000000000000000e+01 0.000000000000000000e+00
4.503533542156219482e-01 3.581520617008209229e-01 -2.077534198760986328e-01 -2.047310024499893188e-01 -4.026618957519531250e+01 0.000000000000000000e+00 -1.666777953505516052e-02 0.000000000000000000e+00 5.000000000000000000e+01 0.000000000000000000e+00
4.503533542156219482e-01 3.581520617008209229e-01 -2.077534198760986328e-01 -2.047310024499893188e-01 -4.026618957519531250e+01 0.000000000000000000e+00 -1.666777953505516052e-02 0.000000000000000000e+00 5.000000000000000000e+01 0.000000000000000000e+00
4.503533542156219482e-01 3.581520617008209229e-01 -2.077534198760986328e-01 -2.047310024499893188e-01 -4.026618957519531250e+01 0.000000000000000000e+00 -1.666777953505516052e-02 0.000000000000000000e+00 5.000000000000000000e+01 0.000000000000000000e+00
4.503533542156219482e-01 3.581520617008209229e-01 -2.077534198760986328e-01 -2.047310024499893188e-01 -4.026618957519531250e+01 0.000000000000000000e+00 -1.666777953505516052e-02 0.000000000000000000e+00 5.000000000000000000e+01 0.000000000000000000e+00
4.503533542156219482e-01 3.581520617008209229e-01 -2.077534198760986328e-01 -2.047310024499893188e-01 -4.026618957519531250e+01 0.000000000000000000e+00 -1.666777953505516052e-02 0.000000000000000000e+00 5.000000000000000000e+01 0.000000000000000000e+00
4.503533542156219482e-01 3.581520617008209229e-01 -2.077534198760986328e-01 -2.047310024499893188e-01 -4.026618957519531250e+01 0.000000000000000000e+00 -1.666777953505516052e-02 0.000000000000000000e+00 5.000000000000000000e+01 0.000000000000000000e+00
4.503533542156219482e-01 3.581520617008209229e-01 -2.077534198760986328e-01 -2.047310024499893188e-01 -4.026618957519531250e+01 0.000000000000000000e+00 -1.666777953505516052e-02 0.000000000000000000e+00 5.000000000000000000e+01 0.000000000000000000e+00
4.503533542156219482e-01 3.581520617008209229e-01 -2.077534198760986328e-01 -2.047310024499893188e-01 -4.026618957519531250e+01 0.000000000000000000e+00 -1.666777953505516052e-02 0.000000000000000000e+00 5.000000000000000000e+01 0.000000000000000000e+00
4.503533542156219482e-01 3.581520617008209229e-01 -2.077534198760986328e-01 -2.047310024499893188e-01 -4.026618957519531250e+01 0.000000000000000000e+00 -1.666777953505516052e-02 0.000000000000000000e+00 5.000000000000000000e+01 0.000000000000000000e+00
4.503533542156219482e-01 3.581520617008209229e-01 -2.077534198760986328e-01 -2.047310024499893188e-01 -4.026618957519531250e+01 0.000000000000000000e+00 -1.666777953505516052e-02 0.000000000000000000e+00 5.000000000000000000e+01 0.000000000000000000e+00
4.503533542156219482e-01 3.581520617008209229e-01 -2.077534198760986328e-01 -2.047310024499893188e-01 -4.026618957519531250e+01 0.000000000000000000e+00 -1.666777953505516052e-02 0.000000000000000000e+00 5.000000000000000000e+01 0.000000000000000000e+00
4.503533542156219482e-01 3.581520617008209229e-01 -2.077534198760986328e-01 -2.047310024499893188e-01 -4.026618957519531250e+01 0.000000000000000000e+00 -1.666777953505516052e-02 0.000000000000000000e+00 5.000000000000000000e+01 0.000000000000000000e+00
4.503533542156219482e-01 3.581520617008209229e-01 -2.077534198760986328e-01 -2.047310024499893188e-01 -4.026618957519531250e+01 0.000000000000000000e+00 -1.666777953505516052e-02 0.000000000000000000e+00 5.000000000000000000e+01 0.000000000000000000e+00
4.503533542156219482e-01 3.581520617008209229e-01 -2.077534198760986328e-01 -2.047310024499893188e-01 -4.026618957519531250e+01 0.000000000000000000e+00 -1.666777953505516052e-02 0.000000000000000000e+00 5.000000000000000000e+01 0.000000000000000000e+00
4.503533542156219482e-01 3.581520617008209229e-01 -2.077534198760986328e-01 -2.047310024499893188e-01 -4.026618957519531250e+01 0.000000000000000000e+00 -1.666777953505516052e-02 0.000000000000000000e+00 5.000000000000000000e+01 0.000000000000000000e+00
4.503533542156219482e-01 3.581520617008209229e-01 -2.077534198760986328e-01 -2.047310024499893188e-01 -4.026618957519531250e+01 0.000000000000000000e+00 -1.666777953505516052e-02 0.000000000000000000e+00 5.000000000000000000e+01 0.000000000000000000e+00
4.503533542156219482e-01 3.581520617008209229e-01 -2.077534198760986328e-01 -2.047310024499893188e-01 -4.026618957519531250e+01 0.000000000000000000e+00 -1.666777953505516052e-02 0.000000000000000000e+00 5.000000000000000000e+01 0.000000000000000000e+00
4.503533542156219482e-01 3.581520617008209229e-01 -2.077534198760986328e-01 -2.047310024499893188e-01 -4.026618957519531250e+01 0.000000000000000000e+00 -1.666777953505516052e-02 0.000000000000000000e+00 5.000000000000000000e+01 0.000000000000000000e+00
4.503533542156219482e-01 3.581520617008209229e-01 -2.077534198760986328e-01 -2.047310024499893188e-01 -4.026618957519531250e+01 0.000000000000000000e+00 -1.666777953505516052e-02 0.000000000000000000e+00 5.000000000000000000e+01 0.000000000000000000e+00
4.503533542156219482e-01 3.581520617008209229e-01 -2.077534198760986328e-01 -2.047310024499893188e-01 -4.026618957519531250e+01 0.000000000000000000e+00 -1.666777953505516052e-02 0.000000000000000000e+00 5.000000000000000000e+01 0.000000000000000000e+00
4.503533542156219482e-01 3.581520617008209229e-01 -2.077534198760986328e-01 -2.047310024499893188e-01 -4.026618957519531250e+01 0.000000000000000000e+00 -1.666777953505516052e-02 0.000000000000000000e+00 5.000000000000000000e+01 0.000000000000000000e+00
4.503533542156219482e-01 3.581520617008209229e-01 -2.077534198760986328e-01 -2.047310024499893188e-01 -4.026618957519531250e+01 0.000000000000000000e+00 -1.666777953505516052e-02 0.000000000000000000e+00 5.000000000000000000e+01 0.000000000000000000e+00
4.503533542156219482e-01 3.581520617008209229e-01 -2.077534198760986328e-01 -2.047310024499893188e-01 -4.026618957519531250e+01 0.000000000000000000e+00 -1.666777953505516052e-02 0.000000000000000000e+00 5.000000000000000000e+01 0.000000000000000000e+00
4.503533542156219482e-01 3.581520617008209229e-01 -2.077534198760986328e-01 -2.047310024499893188e-01 -4.026618957519531250e+01 0.000000000000000000e+00 -1.666777953505516052e-02 0.000000000000000000e+00 5.000000000000000000e+01 0.000000000000000000e+00
4.503533542156219482e-01 3.581520617008209229e-01 -2.077534198760986328e-01 -2.047310024499893188e-01 -4.026618957519531250e+01 0.000000000000000000e+00 -1.666777953505516052e-02 0.000000000000000000e+00 5.000000000000000000e+01 0.000000000000000000e+00
4.503533542156219482e-01 3.581520617008209229e-01 -2.077534198760986328e-01 -2.047310024499893188e-01 -4.026618957519531250e+01 0.000000000000000000e+00 -1.666777953505516052e-02 0.000000000000000000e+00 5.000000000000000000e+01 0.000000000000000000e+00
4.503533542156219482e-01 3.581520617008209229e-01 -2.077534198760986328e-01 -2.047310024499893188e-01 -4.026618957519531250e+01 0.000000000000000000e+00 -1.666777953505516052e-02 0.000000000000000000e+00 5.000000000000000000e+01 0.000000000000000000e+00
4.503533542156219482e-01 3.581520617008209229e-01 -2.077534198760986328e-01 -2.047310024499893188e-01 -4.026618957519531250e+01 0.000000000000000000e+00 -1.666777953505516052e-02 0.000000000000000000e+00 5.000000000000000000e+01 0.000000000000000000e+00
4.503533542156219482e-01 3.581520617008209229e-01 -2.077534198760986328e-01 -2.047310024499893188e-01 -4.026618957519531250e+01 0.000000000000000000e+00 -1.666777953505516052e-02 0.000000000000000000e+00 5.000000000000000000e+01 0.000000000000000000e+00
4.503533542156219482e-01 3.581520617008209229e-01 -2.077534198760986328e-01 -2.047310024499893188e-01 -4.026618957519531250e+01 0.000000000000000000e+00 -1.666777953505516052e-02 0.000000000000000000e+00 5.000000000000000000e+01 0.000000000000000000e+00
4.503533542156219482e-01 3.581520617008209229e-01 -2.077534198760986328e-01 -2.047310024499893188e-01 -4.026618957519531250e+01 0.000000000000000000e+00 -1.666777953505516052e-02 0.000000000000000000e+00 5.000000000000000000e+01 0.000000000000000000e+00
4.503533542156219482e-01 3.581520617008209229e-01 -2.077534198760986328e-01 -2.047310024499893188e-01 -4.026618957519531250e+01 0.000000000000000000e+00 -1.666777953505516052e-02 0.000000000000000000e+00 5.000000000000000000e+01 0.000000000000000000e+00
4.503533542156219482e-01 3.581520617008209229e-01 -2.077534198760986328e-01 -2.047310024499893188e-01 -4.026618957519531250e+01 0.000000000000000000e+00 -1.666777953505516052e-02 0.000000000000000000e+00 5.000000000000000000e+01 0.000000000000000000e+00
4.503533542156219482e-01 3.581520617008209229e-01 -2.077534198760986328e-01 -2.047310024499893188e-01 -4.026618957519531250e+01 0.000000000000000000e+00 -1.666777953505516052e-02 0.000000000000000000e+00 5.000000000000000000e+01 0.000000000000000000e+00
4.503533542156219482e-01 3.581520617008209229e-01 -2.077534198760986328e-01 -2.047310024499893188e-01 -4.026618957519531250e+01 0.000000000000000000e+00 -1.666777953505516052e-02 0.000000000000000000e+00 5.000000000000000000e+01 0.000000000000000000e+00
4.503533542156219482e-01 3.581520617008209229e-01 -2.077534198760986328e-01 -2.047310024499893188e-01 -4.026618957519531250e+01 0.000000000000000000e+00 -1.666777953505516052e-02 0.000000000000000000e+00 5.000000000000000000e+01 0.000000000000000000e+00
4.503533542156219482e-01 3.581520617008209229e-01 -2.077534198760986328e-01 -2.047310024499893188e-01 -4.026618957519531250e+01 0.000000000000000000e+00 -1.666777953505516052e-02 0.000000000000000000e+00 5.000000000000000000e+01 0.000000000000000000e+00
4.503533542156219482e-01 3.581520617008209229e-01 -2.077534198760986328e-01 -2.047310024499893188e-01 -4.026618957519531250e+01 0.000000000000000000e+00 -1.666777953505516052e-02 0.000000000000000000e+00 5.000000000000000000e+01 0.000000000000000000e+00
4.503533542156219482e-01 3.581520617008209229e-01 -2.077534198760986328e-01 -2.047310024499893188e-01 -4.026618957519531250e+01 0.000000000000000000e+00 -1.666777953505516052e-02 0.000000000000000000e+00 5.000000000000000000e+01 0.000000000000000000e+00
4.503533542156219482e-01 3.581520617008209229e-01 -2.077534198760986328e-01 -2.047310024499893188e-01 -4.026618957519531250e+01 0.000000000000000000e+00 -1.666777953505516052e-02 0.000000000000000000e+00 5.000000000000000000e+01 0.000000000000000000e+00
4.503533542156219482e-01 3.581520617008209229e-01 -2.077534198760986328e-01 -2.047310024499893188e-01 -4.026618957519531250e+01 0.000000000000000000e+00 -1.666777953505516052e-02 0.000000000000000000e+00 5.000000000000000000e+01 0.000000000000000000e+00
