4.404884576797485352e-01 7.192628383636474609e-01 6.291949748992919922e-01 6.328755617141723633e-01 -1.452244262695312500e+02 -1.104734649658203125e+02 -6.011417508125305176e-02 -1.704481244087219238e-01 2.240000000000000000e+02 1.740000000000000000e+02
4.404884576797485352e-01 7.191996574401855469e-01 6.290550827980041504e-01 6.327321529388427734e-01 -1.353400878906250000e+02 -1.005891189575195312e+02 -5.602265149354934692e-02 -1.551976799964904785e-01 2.060000000000000000e+02 1.560000000000000000e+02
4.404884576797485352e-01 7.191020846366882324e-01 6.288409829139709473e-01 6.325106024742126465e-01 -1.321402587890625000e+02 -9.738930511474609375e+01 -5.469811707735061646e-02 -1.502607315778732300e-01 2.000000000000000000e+02 1.500000000000000000e+02
4.404884576797485352e-01 7.189394831657409668e-01 6.284303665161132812e-01 6.321414709091186523e-01 -1.287887420654296875e+02 -9.403778076171875000e+01 -5.331078916788101196e-02 -1.450897008180618286e-01 1.950000000000000000e+02 1.450000000000000000e+02
4.404884576797485352e-01 7.185743451118469238e-01 6.276258230209350586e-01 6.313125491142272949e-01 -1.237760162353515625e+02 -8.902505493164062500e+01 -5.123582109808921814e-02 -1.373556405305862427e-01 1.890000000000000000e+02 1.390000000000000000e+02
4.404884576797485352e-01 7.185093760490417480e-01 6.274929642677307129e-01 6.311650276184082031e-01 -1.230619888305664062e+02 -8.831103515625000000e+01 -5.094026029109954834e-02 -1.362539827823638916e-01 1.880000000000000000e+02 1.380000000000000000e+02
4.404884576797485352e-01 7.182198762893676758e-01 6.267787814140319824e-01 6.305078268051147461e-01 -1.204223327636718750e+02 -8.567137145996093750e+01 -4.984759911894798279e-02 -1.321812868118286133e-01 1.840000000000000000e+02 1.340000000000000000e+02
4.404884576797485352e-01 7.178588509559631348e-01 6.259608268737792969e-01 6.296882033348083496e-01 -1.176891632080078125e+02 -8.293820190429687500e+01 -4.871623218059539795e-02 -1.279643028974533081e-01 1.790000000000000000e+02 1.290000000000000000e+02
4.404884576797485352e-01 7.177017927169799805e-01 6.256040334701538086e-01 6.293316483497619629e-01 -1.164527130126953125e+02 -8.170175170898437500e+01 -4.820441454648971558e-02 -1.260565966367721558e-01 1.780000000000000000e+02 1.280000000000000000e+02
4.404884576797485352e-01 7.175100445747375488e-01 6.251288652420043945e-01 6.288963556289672852e-01 -1.152719268798828125e+02 -8.052096557617187500e+01 -4.771564155817031860e-02 -1.242347806692123413e-01 1.760000000000000000e+02 1.260000000000000000e+02
4.404884576797485352e-01 7.173579931259155273e-01 6.247692108154296875e-01 6.285511851310729980e-01 -1.144689178466796875e+02 -7.971795654296875000e+01 -4.738324508070945740e-02 -1.229958310723304749e-01 1.750000000000000000e+02 1.250000000000000000e+02
4.404884576797485352e-01 7.144438028335571289e-01 6.182246804237365723e-01 6.219353675842285156e-01 -1.057332992553710938e+02 -7.098233032226562500e+01 -4.376722499728202820e-02 -1.095177456736564636e-01 1.620000000000000000e+02 1.120000000000000000e+02
4.404884576797485352e-01 7.103181481361389160e-01 6.084890365600585938e-01 6.125692725181579590e-01 -9.762945556640625000e+01 -6.287848281860351562e+01 -4.041272029280662537e-02 -9.701441973447799683e-02 1.520000000000000000e+02 1.020000000000000000e+02
4.404884576797485352e-01 7.049502134323120117e-01 5.960137248039245605e-01 6.003829240798950195e-01 -8.953087615966796875e+01 -5.477991104125976562e+01 -3.706039488315582275e-02 -8.451923727989196777e-02 1.400000000000000000e+02 9.000000000000000000e+01
4.404884576797485352e-01 7.019302845001220703e-01 5.889803767204284668e-01 5.935270786285400391e-01 -8.605322265625000000e+01 -5.130225753784179688e+01 -3.562085703015327454e-02 -7.915360480546951294e-02 1.350000000000000000e+02 8.500000000000000000e+01
4.404884576797485352e-01 7.000029087066650391e-01 5.845512747764587402e-01 5.891515612602233887e-01 -8.438695526123046875e+01 -4.963599014282226562e+01 -3.493112325668334961e-02 -7.658274471759796143e-02 1.330000000000000000e+02 8.300000000000000000e+01
4.404884576797485352e-01 6.973240375518798828e-01 5.783067345619201660e-01 5.830699205398559570e-01 -8.211395263671875000e+01 -4.736299133300781250e+01 -3.399023413658142090e-02 -7.307576388120651245e-02 1.310000000000000000e+02 8.100000000000000000e+01
4.404884576797485352e-01 6.945086717605590820e-01 5.718170404434204102e-01 5.766784548759460449e-01 -8.030244445800781250e+01 -4.555147933959960938e+01 -3.324038162827491760e-02 -7.028080523014068604e-02 1.280000000000000000e+02 7.800000000000000000e+01
4.404884576797485352e-01 6.872211098670959473e-01 5.547851324081420898e-01 5.601342320442199707e-01 -7.583483886718750000e+01 -4.108387374877929688e+01 -3.139106184244155884e-02 -6.338778883218765259e-02 1.240000000000000000e+02 7.400000000000000000e+01
4.404884576797485352e-01 6.830840706825256348e-01 5.447309017181396484e-01 5.507422685623168945e-01 -7.373469543457031250e+01 -3.898372650146484375e+01 -3.052172623574733734e-02 -6.014750152826309204e-02 1.200000000000000000e+02 7.000000000000000000e+01
4.404884576797485352e-01 6.349669098854064941e-01 4.312430620193481445e-01 4.415063560009002686e-01 -5.656778717041015625e+01 -2.181682205200195312e+01 -2.341566048562526703e-02 -3.366089984774589539e-02 9.800000000000000000e+01 4.800000000000000000e+01
4.404884576797485352e-01 5.944445133209228516e-01 3.370316624641418457e-01 3.495121300220489502e-01 -4.829174804687500000e+01 -1.354078197479248047e+01 -1.998987793922424316e-02 -2.089190110564231873e-02 8.400000000000000000e+01 3.400000000000000000e+01
4.404884576797485352e-01 5.779667496681213379e-01 2.978981435298919678e-01 3.121041953563690186e-01 -4.595223236083984375e+01 -1.120126628875732422e+01 -1.902145892381668091e-02 -1.728229224681854248e-02 8.100000000000000000e+01 3.100000000000000000e+01
4.404884576797485352e-01 5.646046400070190430e-01 2.666295170783996582e-01 2.817694246768951416e-01 -4.446625518798828125e+01 -9.715290069580078125e+00 -1.840635389089584351e-02 -1.498959865421056747e-02 7.700000000000000000e+01 2.700000000000000000e+01
4.404884576797485352e-01 5.414864420890808105e-01 2.163266688585281372e-01 2.292863428592681885e-01 -4.239150238037109375e+01 -7.640536308288574219e+00 -1.754753105342388153e-02 -1.178848743438720703e-02 7.400000000000000000e+01 2.400000000000000000e+01
4.404884576797485352e-01 5.001302361488342285e-01 1.202614158391952515e-01 1.353991925716400146e-01 -3.932865905761718750e+01 -4.577698230743408203e+00 -1.627969928085803986e-02 -7.062872871756553650e-03 7.000000000000000000e+01 2.000000000000000000e+01
4.404884576797485352e-01 4.870694577693939209e-01 9.089197963476181030e-02 1.057485118508338928e-01 -3.844656372070312500e+01 -3.695601224899291992e+00 -1.591456308960914612e-02 -5.701896734535694122e-03 6.700000000000000000e+01 1.700000000000000000e+01
4.404884576797485352e-01 4.601228237152099609e-01 3.155175223946571350e-02 4.457407444715499878e-02 -3.683597564697265625e+01 -2.085012912750244141e+00 -1.524787768721580505e-02 -3.216940211132168770e-03 6.300000000000000000e+01 1.300000000000000000e+01
4.404884576797485352e-01 4.601228237152099609e-01 3.155175223946571350e-02 4.457407444715499878e-02 -3.683597564697265625e+01 -2.085012912750244141e+00 -1.524787768721580505e-02 -3.216940211132168770e-03 6.300000000000000000e+01 1.300000000000000000e+01
4.404884576797485352e-01 4.297780394554138184e-01 -3.920147195458412170e-02 -2.431486733257770538e-02 -3.549464416503906250e+01 -7.436805367469787598e-01 -1.469264645129442215e-02 -1.147415372543036938e-03 5.600000000000000000e+01 6.000000000000000000e+00
4.404884576797485352e-01 4.049903750419616699e-01 -8.955097943544387817e-02 -8.058799803256988525e-02 -3.497191619873046875e+01 -2.209546566009521484e-01 -1.447626855224370956e-02 -3.409081546124070883e-04 5.400000000000000000e+01 4.000000000000000000e+00
4.404884576797485352e-01 3.944840133190155029e-01 -1.115944460034370422e-01 -1.044396162033081055e-01 -3.480721282958984375e+01 -5.624592304229736328e-02 -1.440809201449155807e-02 -8.678112499183043838e-05 5.200000000000000000e+01 2.000000000000000000e+00
4.404884576797485352e-01 3.944840133190155029e-01 -1.115944460034370422e-01 -1.044396162033081055e-01 -3.480721282958984375e+01 -5.624592304229736328e-02 -1.440809201449155807e-02 -8.678112499183043838e-05 5.200000000000000000e+01 2.000000000000000000e+00
4.404884576797485352e-01 3.921792507171630859e-01 -1.159725189208984375e-01 -1.096719056367874146e-01 -3.478420639038085938e+01 -3.324049711227416992e-02 -1.439856830984354019e-02 -5.128634438733570278e-05 5.100000000000000000e+01 1.000000000000000000e+00
4.404884576797485352e-01 3.921792507171630859e-01 -1.159725189208984375e-01 -1.096719056367874146e-01 -3.478420639038085938e+01 -3.324049711227416992e-02 -1.439856830984354019e-02 -5.128634438733570278e-05 5.100000000000000000e+01 1.000000000000000000e+00
4.404884576797485352e-01 3.871498107910156250e-01 -1.249474212527275085e-01 -1.210897713899612427e-01 -3.475096511840820312e+01 0.000000000000000000e+00 -1.438480895012617111e-02 0.000000000000000000e+00 5.000000000000000000e+01 0.000000000000000000e+00
4.404884576797485352e-01 3.871498107910156250e-01 -1.249474212527275085e-01 -1.210897713899612427e-01 -3.475096511840820312e+01 0.000000000000000000e+00 -1.438480895012617111e-02 0.000000000000000000e+00 5.000000000000000000e+01 0.000000000000000000e+00
4.404884576797485352e-01 3.871498107910156250e-01 -1.249474212527275085e-01 -1.210897713899612427e-01 -3.475096511840820312e+01 0.000000000000000000e+00 -1.438480895012617111e-02 0.000000000000000000e+00 5.000000000000000000e+01 0.000000000000000000e+00
4.404884576797485352e-01 3.871498107910156250e-01 -1.249474212527275085e-01 -1.210897713899612427e-01 -3.475096511840820312e+01 0.000000000000000000e+00 -1.438480895012617111e-02 0.000000000000000000e+00 5.000000000000000000e+01 0.000000000000000000e+00
4.404884576797485352e-01 3.871498107910156250e-01 -1.249474212527275085e-01 -1.210897713899612427e-01 -3.475096511840820312e+01 0.000000000000000000e+00 -1.438480895012617111e-02 0.000000000000000000e+00 5.000000000000000000e+01 0.000000000000000000e+00
4.404884576797485352e-01 3.871498107910156250e-01 -1.249474212527275085e-01 -1.210897713899612427e-01 -3.475096511840820312e+01 0.000000000000000000e+00 -1.438480895012617111e-02 0.000000000000000000e+00 5.000000000000000000e+01 0.000000000000000000e+00
4.404884576797485352e-01 3.871498107910156250e-01 -1.249474212527275085e-01 -1.210897713899612427e-01 -3.475096511840820312e+01 0.000000000000000000e+00 -1.438480895012617111e-02 0.000000000000000000e+00 5.000000000000000000e+01 0.000000000000000000e+00
4.404884576797485352e-01 3.871498107910156250e-01 -1.249474212527275085e-01 -1.210897713899612427e-01 -3.475096511840820312e+01 0.000000000000000000e+00 -1.438480895012617111e-02 0.000000000000000000e+00 5.000000000000000000e+01 0.000000000000000000e+00
4.404884576797485352e-01 3.871498107910156250e-01 -1.249474212527275085e-01 -1.210897713899612427e-01 -3.475096511840820312e+01 0.000000000000000000e+00 -1.438480895012617111e-02 0.000000000000000000e+00 5.000000000000000000e+01 0.000000000000000000e+00
4.404884576797485352e-01 3.871498107910156250e-01 -1.249474212527275085e-01 -1.210897713899612427e-01 -3.475096511840820312e+01 0.000000000000000000e+00 -1.438480895012617111e-02 0.000000000000000000e+00 5.000000000000000000e+01 0.000000000000000000e+00
4.404884576797485352e-01 3.871498107910156250e-01 -1.249474212527275085e-01 -1.210897713899612427e-01 -3.475096511840820312e+01 0.000000000000000000e+00 -1.438480895012617111e-02 0.000000000000000000e+00 5.000000000000000000e+01 0.000000000000000000e+00
4.404884576797485352e-01 3.871498107910156250e-01 -1.249474212527275085e-01 -1.210897713899612427e-01 -3.475096511840820312e+01 0.000000000000000000e+00 -1.438480895012617111e-02 0.000000000000000000e+00 5.000000000000000000e+01 0.000000000000000000e+00
4.404884576797485352e-01 3.871498107910156250e-01 -1.249474212527275085e-01 -1.210897713899612427e-01 -3.475096511840820312e+01 0.000000000000000000e+00 -1.438480895012617111e-02 0.000000000000000000e+00 5.000000000000000000e+01 0.000000000000000000e+00
4.404884576797485352e-01 3.871498107910156250e-01 -1.249474212527275085e-01 -1.210897713899612427e-01 -3.475096511840820312e+01 0.000000000000000000e+00 -1.438480895012617111e-02 0.000000000000000000e+00 5.000000000000000000e+01 0.000000000000000000e+00
4.404884576797485352e-01 3.871498107910156250e-01 -1.249474212527275085e-01 -1.210897713899612427e-01 -3.475096511840820312e+01 0.000000000000000000e+00 -1.438480895012617111e-02 0.000000000000000000e+00 5.000000000000000000e+01 0.000000000000000000e+00
4.404884576797485352e-01 3.871498107910156250e-01 -1.249474212527275085e-01 -1.210897713899612427e-01 -3.475096511840820312e+01 0.000000000000000000e+00 -1.438480895012617111e-02 0.000000000000000000e+00 5.000000000000000000e+01 0.000000000000000000e+00
4.404884576797485352e-01 3.871498107910156250e-01 -1.249474212527275085e-01 -1.210897713899612427e-01 -3.475096511840820312e+01 0.000000000000000000e+00 -1.438480895012617111e-02 0.000000000000000000e+00 5.000000000000000000e+01 0.000000000000000000e+00
4.404884576797485352e-01 3.871498107910156250e-01 -1.249474212527275085e-01 -1.210897713899612427e-01 -3.475096511840820312e+01 0.000000000000000000e+00 -1.438480895012617111e-02 0.000000000000000000e+00 5.000000000000000000e+01 0.000000000000000000e+00
4.404884576797485352e-01 3.871498107910156250e-01 -1.249474212527275085e-01 -1.210897713899612427e-01 -3.475096511840820312e+01 0.000000000000000000e+00 -1.438480895012617111e-02 0.000000000000000000e+00 5.000000000000000000e+01 0.000000000000000000e+00
4.404884576797485352e-01 3.871498107910156250e-01 -1.249474212527275085e-01 -1.210897713899612427e-01 -3.475096511840820312e+01 0.000000000000000000e+00 -1.438480895012617111e-02 0.000000000000000000e+00 5.000000000000000000e+01 0.000000000000000000e+00
4.404884576797485352e-01 3.871498107910156250e-01 -1.249474212527275085e-01 -1.210897713899612427e-01 -3.475096511840820312e+01 0.000000000000000000e+00 -1.438480895012617111e-02 0.000000000000000000e+00 5.000000000000000000e+01 0.000000000000000000e+00
4.404884576797485352e-01 3.871498107910156250e-01 -1.249474212527275085e-01 -1.210897713899612427e-01 -3.475096511840820312e+01 0.000000000000000000e+00 -1.438480895012617111e-02 0.000000000000000000e+00 5.000000000000000000e+01 0.000000000000000000e+00
4.404884576797485352e-01 3.871498107910156250e-01 -1.249474212527275085e-01 -1.210897713899612427e-01 -3.475096511840820312e+01 0.000000000000000000e+00 -1.438480895012617111e-02 0.000000000000000000e+00 5.000000000000000000e+01 0.000000000000000000e+00
4.404884576797485352e-01 3.871498107910156250e-01 -1.249474212527275085e-01 -1.210897713899612427e-01 -3.475096511840820312e+01 0.000000000000000000e+00 -1.438480895012617111e-02 0.000000000000000000e+00 5.000000000000000000e+01 0.000000000000000000e+00
4.404884576797485352e-01 3.871498107910156250e-01 -1.249474212527275085e-01 -1.210897713899612427e-01 -3.475096511840820312e+01 0.000000000000000000e+00 -1.438480895012617111e-02 0.000000000000000000e+00 5.000000000000000000e+01 0.000000000000000000e+00
4.404884576797485352e-01 3.871498107910156250e-01 -1.249474212527275085e-01 -1.210897713899612427e-01 -3.475096511840820312e+01 0.000000000000000000e+00 -1.438480895012617111e-02 0.000000000000000000e+00 5.000000000000000000e+01 0.000000000000000000e+00
4.404884576797485352e-01 3.871498107910156250e-01 -1.249474212527275085e-01 -1.210897713899612427e-01 -3.475096511840820312e+01 0.000000000000000000e+00 -1.438480895012617111e-02 0.000000000000000000e+00 5.000000000000000000e+01 0.000000000000000000e+00
4.404884576797485352e-01 3.871498107910156250e-01 -1.249474212527275085e-01 -1.210897713899612427e-01 -3.475096511840820312e+01 0.000000000000000000e+00 -1.438480895012617111e-02 0.000000000000000000e+00 5.000000000000000000e+01 0.000000000000000000e+00
4.404884576797485352e-01 3.871498107910156250e-01 -1.249474212527275085e-01 -1.210897713899612427e-01 -3.475096511840820312e+01 0.000000000000000000e+00 -1.438480895012617111e-02 0.000000000000000000e+00 5.000000000000000000e+01 0.000000000000000000e+00
4.404884576797485352e-01 3.871498107910156250e-01 -1.249474212527275085e-01 -1.210897713899612427e-01 -3.475096511840820312e+01 0.000000000000000000e+00 -1.438480895012617111e-02 0.000000000000000000e+00 5.000000000000000000e+01 0.000000000000000000e+00
4.404884576797485352e-01 3.871498107910156250e-01 -1.249474212527275085e-01 -1.210897713899612427e-01 -3.475096511840820312e+01 0.000000000000000000e+00 -1.438480895012617111e-02 0.000000000000000000e+00 5.000000000000000000e+01 0.000000000000000000e+00
4.404884576797485352e-01 3.871498107910156250e-01 -1.249474212527275085e-01 -1.210897713899612427e-01 -3.475096511840820312e+01 0.000000000000000000e+00 -1.438480895012617111e-02 0.000000000000000000e+00 5.000000000000000000e+01 0.000000000000000000e+00
4.404884576797485352e-01 3.871498107910156250e-01 -1.249474212527275085e-01 -1.210897713899612427e-01 -3.475096511840820312e+01 0.000000000000000000e+00 -1.438480895012617111e-02 0.000000000000000000e+00 5.000000000000000000e+01 0.000000000000000000e+00
4.404884576797485352e-01 3.871498107910156250e-01 -1.249474212527275085e-01 -1.210897713899612427e-01 -3.475096511840820312e+01 0.000000000000000000e+00 -1.438480895012617111e-02 0.000000000000000000e+00 5.000000000000000000e+01 0.000000000000000000e+00
4.404884576797485352e-01 3.871498107910156250e-01 -1.249474212527275085e-01 -1.210897713899612427e-01 -3.475096511840820312e+01 0.000000000000000000e+00 -1.438480895012617111e-02 0.000000000000000000e+00 5.000000000000000000e+01 0.000000000000000000e+00
4.404884576797485352e-01 3.871498107910156250e-01 -1.249474212527275085e-01 -1.210897713899612427e-01 -3.475096511840820312e+01 0.000000000000000000e+00 -1.438480895012617111e-02 0.000000000000000000e+00 5.000000000000000000e+01 0.000000000000000000e+00
4.404884576797485352e-01 3.871498107910156250e-01 -1.249474212527275085e-01 -1.210897713899612427e-01 -3.475096511840820312e+01 0.000000000000000000e+00 -1.438480895012617111e-02 0.000000000000000000e+00 5.000000000000000000e+01 0.000000000000000000e+00
4.404884576797485352e-01 3.871498107910156250e-01 -1.249474212527275085e-01 -1.210897713899612427e-01 -3.475096511840820312e+01 0.000000000000000000e+00 -1.438480895012617111e-02 0.000000000000000000e+00 5.000000000000000000e+01 0.000000000000000000e+00
4.404884576797485352e-01 3.871498107910156250e-01 -1.249474212527275085e-01 -1.210897713899612427e-01 -3.475096511840820312e+01 0.000000000000000000e+00 -1.438480895012617111e-02 0.000000000000000000e+00 5.000000000000000000e+01 0.000000000000000000e+00
4.404884576797485352e-01 3.871498107910156250e-01 -1.249474212527275085e-01 -1.210897713899612427e-01 -3.475096511840820312e+01 0.000000000000000000e+00 -1.438480895012617111e-02 0.000000000000000000e+00 5.000000000000000000e+01 0.000000000000000000e+00
4.404884576797485352e-01 3.871498107910156250e-01 -1.249474212527275085e-01 -1.210897713899612427e-01 -3.475096511840820312e+01 0.000000000000000000e+00 -1.438480895012617111e-02 0.000000000000000000e+00 5.000000000000000000e+01 0.000000000000000000e+00
4.404884576797485352e-01 3.871498107910156250e-01 -1.249474212527275085e-01 -1.210897713899612427e-01 -3.475096511840820312e+01 0.000000000000000000e+00 -1.438480895012617111e-02 0.000000000000000000e+00 5.000000000000000000e+01 0.000000000000000000e+00
4.404884576797485352e-01 3.871498107910156250e-01 -1.249474212527275085e-01 -1.210897713899612427e-01 -3.475096511840820312e+01 0.000000000000000000e+00 -1.438480895012617111e-02 0.000000000000000000e+00 5.000000000000000000e+01 0.000000000000000000e+00
4.404884576797485352e-01 3.871498107910156250e-01 -1.249474212527275085e-01 -1.210897713899612427e-01 -3.475096511840820312e+01 0.000000000000000000e+00 -1.438480895012617111e-02 0.000000000000000000e+00 5.000000000000000000e+01 0.000000000000000000e+00
4.404884576797485352e-01 3.871498107910156250e-01 -1.249474212527275085e-01 -1.210897713899612427e-01 -3.475096511840820312e+01 0.000000000000000000e+00 -1.438480895012617111e-02 0.000000000000000000e+00 5.000000000000000000e+01 0.000000000000000000e+00
4.404884576797485352e-01 3.871498107910156250e-01 -1.249474212527275085e-01 -1.210897713899612427e-01 -3.475096511840820312e+01 0.000000000000000000e+00 -1.438480895012617111e-02 0.000000000000000000e+00 5.000000000000000000e+01 0.000000000000000000e+00
4.404884576797485352e-01 3.871498107910156250e-01 -1.249474212527275085e-01 -1.210897713899612427e-01 -3.475096511840820312e+01 0.000000000000000000e+00 -1.438480895012617111e-02 0.000000000000000000e+00 5.000000000000000000e+01 0.000000000000000000e+00
4.404884576797485352e-01 3.871498107910156250e-01 -1.249474212527275085e-01 -1.210897713899612427e-01 -3.475096511840820312e+01 0.000000000000000000e+00 -1.438480895012617111e-02 0.000000000000000000e+00 5.000000000000000000e+01 0.000000000000000000e+00
4.404884576797485352e-01 3.871498107910156250e-01 -1.249474212527275085e-01 -1.210897713899612427e-01 -3.475096511840820312e+01 0.000000000000000000e+00 -1.438480895012617111e-02 0.000000000000000000e+00 5.000000000000000000e+01 0.000000000000000000e+00
4.404884576797485352e-01 3.871498107910156250e-01 -1.249474212527275085e-01 -1.210897713899612427e-01 -3.475096511840820312e+01 0.000000000000000000e+00 -1.438480895012617111e-02 0.000000000000000000e+00 5.000000000000000000e+01 0.000000000000000000e+00
4.404884576797485352e-01 3.871498107910156250e-01 -1.249474212527275085e-01 -1.210897713899612427e-01 -3.475096511840820312e+01 0.000000000000000000e+00 -1.438480895012617111e-02 0.000000000000000000e+00 5.000000000000000000e+01 0.000000000000000000e+00
4.404884576797485352e-01 3.871498107910156250e-01 -1.249474212527275085e-01 -1.210897713899612427e-01 -3.475096511840820312e+01 0.000000000000000000e+00 -1.438480895012617111e-02 0.000000000000000000e+00 5.000000000000000000e+01 0.000000000000000000e+00
4.404884576797485352e-01 3.871498107910156250e-01 -1.249474212527275085e-01 -1.210897713899612427e-01 -3.475096511840820312e+01 0.000000000000000000e+00 -1.438480895012617111e-02 0.000000000000000000e+00 5.000000000000000000e+01 0.000000000000000000e+00
4.404884576797485352e-01 3.871498107910156250e-01 -1.249474212527275085e-01 -1.210897713899612427e-01 -3.475096511840820312e+01 0.000000000000000000e+00 -1.438480895012617111e-02 0.000000000000000000e+00 5.000000000000000000e+01 0.000000000000000000e+00
4.404884576797485352e-01 3.871498107910156250e-01 -1.249474212527275085e-01 -1.210897713899612427e-01 -3.475096511840820312e+01 0.000000000000000000e+00 -1.438480895012617111e-02 0.000000000000000000e+00 5.000000000000000000e+01 0.000000000000000000e+00
4.404884576797485352e-01 3.871498107910156250e-01 -1.249474212527275085e-01 -1.210897713899612427e-01 -3.475096511840820312e+01 0.000000000000000000e+00 -1.438480895012617111e-02 0.000000000000000000e+00 5.000000000000000000e+01 0.000000000000000000e+00
