4.495085179805755615e-01 7.331476211547851562e-01 6.221747398376464844e-01 6.309982538223266602e-01 -1.679927062988281250e+02 -1.324137268066406250e+02 -6.953886896371841431e-02 -1.548370569944381714e-01 2.790000000000000000e+02 2.290000000000000000e+02
4.495085179805755615e-01 7.330682873725891113e-01 6.220022439956665039e-01 6.308217644691467285e-01 -1.300505981445312500e+02 -9.447162628173828125e+01 -5.383312329649925232e-02 -1.104697212576866150e-01 2.150000000000000000e+02 1.650000000000000000e+02
4.495085179805755615e-01 7.329153418540954590e-01 6.216660737991333008e-01 6.304815411567687988e-01 -1.244474182128906250e+02 -8.886844635009765625e+01 -5.151374265551567078e-02 -1.039176881313323975e-01 2.030000000000000000e+02 1.530000000000000000e+02
4.495085179805755615e-01 7.327358126640319824e-01 6.212394833564758301e-01 6.300821304321289062e-01 -1.206934051513671875e+02 -8.511442565917968750e+01 -4.995980858802795410e-02 -9.952794760465621948e-02 1.980000000000000000e+02 1.480000000000000000e+02
4.495085179805755615e-01 7.326284646987915039e-01 6.210202574729919434e-01 6.298433542251586914e-01 -1.190556945800781250e+02 -8.347672271728515625e+01 -4.928189516067504883e-02 -9.761290997266769409e-02 1.950000000000000000e+02 1.450000000000000000e+02
4.495085179805755615e-01 7.324990630149841309e-01 6.207343339920043945e-01 6.295554637908935547e-01 -1.176273498535156250e+02 -8.204836273193359375e+01 -4.869064316153526306e-02 -9.594266861677169800e-02 1.910000000000000000e+02 1.410000000000000000e+02
4.495085179805755615e-01 7.322738766670227051e-01 6.202622652053833008e-01 6.290544867515563965e-01 -1.156893920898437500e+02 -8.011041259765625000e+01 -4.788844659924507141e-02 -9.367654472589492798e-02 1.880000000000000000e+02 1.380000000000000000e+02
4.495085179805755615e-01 7.318698763847351074e-01 6.193786263465881348e-01 6.281557679176330566e-01 -1.123502807617187500e+02 -7.677130126953125000e+01 -4.650625586509704590e-02 -8.977197855710983276e-02 1.840000000000000000e+02 1.340000000000000000e+02
4.495085179805755615e-01 7.317699790000915527e-01 6.191442012786865234e-01 6.279335021972656250e-01 -1.116716918945312500e+02 -7.609271240234375000e+01 -4.622536152601242065e-02 -8.897846937179565430e-02 1.830000000000000000e+02 1.330000000000000000e+02
4.495085179805755615e-01 7.316833138465881348e-01 6.189496517181396484e-01 6.277406811714172363e-01 -1.111344299316406250e+02 -7.555545043945312500e+01 -4.600296542048454285e-02 -8.835022896528244019e-02 1.820000000000000000e+02 1.320000000000000000e+02
4.495085179805755615e-01 7.315449118614196777e-01 6.186660528182983398e-01 6.274328231811523438e-01 -1.103861541748046875e+02 -7.480717468261718750e+01 -4.569322615861892700e-02 -8.747524023056030273e-02 1.800000000000000000e+02 1.300000000000000000e+02
4.495085179805755615e-01 7.286245822906494141e-01 6.121417880058288574e-01 6.209360957145690918e-01 -1.000736541748046875e+02 -6.449467468261718750e+01 -4.142447188496589661e-02 -7.541638612747192383e-02 1.630000000000000000e+02 1.130000000000000000e+02
4.495085179805755615e-01 7.253225445747375488e-01 6.049024462699890137e-01 6.135902404785156250e-01 -9.310646820068359375e+01 -5.752748870849609375e+01 -3.854047507047653198e-02 -6.726936250925064087e-02 1.520000000000000000e+02 1.020000000000000000e+02
4.495085179805755615e-01 7.218769788742065430e-01 5.975527167320251465e-01 6.059250235557556152e-01 -8.810374450683593750e+01 -5.252477645874023438e+01 -3.646964952349662781e-02 -6.141947209835052490e-02 1.440000000000000000e+02 9.400000000000000000e+01
4.495085179805755615e-01 7.198541164398193359e-01 5.926155447959899902e-01 6.014248728752136230e-01 -8.597293090820312500e+01 -5.039395904541015625e+01 -3.558761999011039734e-02 -5.892781913280487061e-02 1.390000000000000000e+02 8.900000000000000000e+01
4.495085179805755615e-01 7.150876522064208984e-01 5.807538628578186035e-01 5.908211469650268555e-01 -8.161769866943359375e+01 -4.603872299194335938e+01 -3.378481790423393250e-02 -5.383505299687385559e-02 1.340000000000000000e+02 8.400000000000000000e+01
4.495085179805755615e-01 7.109936475753784180e-01 5.704160928726196289e-01 5.817133784294128418e-01 -7.830413055419921875e+01 -4.272515487670898438e+01 -3.241319954395294189e-02 -4.996035620570182800e-02 1.300000000000000000e+02 8.000000000000000000e+01
4.495085179805755615e-01 7.057930827140808105e-01 5.588552951812744141e-01 5.701439380645751953e-01 -7.485464477539062500e+01 -3.927566909790039062e+01 -3.098531812429428101e-02 -4.592672362923622131e-02 1.250000000000000000e+02 7.500000000000000000e+01
4.495085179805755615e-01 7.034294009208679199e-01 5.531233549118041992e-01 5.648856163024902344e-01 -7.343490600585937500e+01 -3.785593414306640625e+01 -3.039763309061527252e-02 -4.426656663417816162e-02 1.220000000000000000e+02 7.200000000000000000e+01
4.495085179805755615e-01 6.992534399032592773e-01 5.430141687393188477e-01 5.555955171585083008e-01 -7.120357513427734375e+01 -3.562459945678710938e+01 -2.947399578988552094e-02 -4.165737330913543701e-02 1.190000000000000000e+02 6.900000000000000000e+01
4.495085179805755615e-01 6.562175750732421875e-01 4.458470344543457031e-01 4.598557054996490479e-01 -5.716096496582031250e+01 -2.158198928833007812e+01 -2.366119995713233948e-02 -2.523674629628658295e-02 9.800000000000000000e+01 4.800000000000000000e+01
4.495085179805755615e-01 6.138702034950256348e-01 3.494926393032073975e-01 3.656475543975830078e-01 -4.853367996215820312e+01 -1.295470428466796875e+01 -2.009002305567264557e-02 -1.514849159866571426e-02 8.600000000000000000e+01 3.600000000000000000e+01
4.495085179805755615e-01 5.752630233764648438e-01 2.577652931213378906e-01 2.797600030899047852e-01 -4.265900421142578125e+01 -7.080029487609863281e+00 -1.765826158225536346e-02 -8.278981782495975494e-03 7.600000000000000000e+01 2.600000000000000000e+01
4.495085179805755615e-01 5.653406381607055664e-01 2.365030646324157715e-01 2.576861381530761719e-01 -4.155067443847656250e+01 -5.971701622009277344e+00 -1.719947904348373413e-02 -6.982966791838407516e-03 7.200000000000000000e+01 2.200000000000000000e+01
4.495085179805755615e-01 5.525115728378295898e-01 2.105408012866973877e-01 2.291459441184997559e-01 -4.033218002319335938e+01 -4.753205299377441406e+00 -1.669509522616863251e-02 -5.558126606047153473e-03 6.900000000000000000e+01 1.900000000000000000e+01
4.495085179805755615e-01 5.291519165039062500e-01 1.582274138927459717e-01 1.771788448095321655e-01 -3.859879684448242188e+01 -3.019821166992187500e+00 -1.597758010029792786e-02 -3.531206399202346802e-03 6.600000000000000000e+01 1.600000000000000000e+01
4.495085179805755615e-01 5.186400413513183594e-01 1.350172013044357300e-01 1.537935733795166016e-01 -3.787472915649414062e+01 -2.295751094818115234e+00 -1.567785814404487610e-02 -2.684520324692130089e-03 6.400000000000000000e+01 1.400000000000000000e+01
4.495085179805755615e-01 5.186400413513183594e-01 1.350172013044357300e-01 1.537935733795166016e-01 -3.787472915649414062e+01 -2.295751094818115234e+00 -1.567785814404487610e-02 -2.684520324692130089e-03 6.400000000000000000e+01 1.400000000000000000e+01
4.495085179805755615e-01 5.036085247993469238e-01 1.024759709835052490e-01 1.203536838293075562e-01 -3.708334350585937500e+01 -1.504365086555480957e+00 -1.535027287900447845e-02 -1.759118633344769478e-03 6.300000000000000000e+01 1.300000000000000000e+01
4.495085179805755615e-01 4.783554077148437500e-01 5.131826177239418030e-02 6.417428702116012573e-02 -3.627001953125000000e+01 -6.910413503646850586e-01 -1.501360535621643066e-02 -8.080643019638955593e-04 5.900000000000000000e+01 9.000000000000000000e+00
4.495085179805755615e-01 4.745726287364959717e-01 4.331393539905548096e-02 5.575892329216003418e-02 -3.618572235107421875e+01 -6.067435741424560547e-01 -1.497871149331331253e-02 -7.094912580214440823e-04 5.700000000000000000e+01 7.000000000000000000e+00
4.495085179805755615e-01 4.581223130226135254e-01 7.912456057965755463e-03 1.916269585490226746e-02 -3.594226455688476562e+01 -3.632889986038208008e-01 -1.487793494015932083e-02 -4.248094046488404274e-04 5.400000000000000000e+01 4.000000000000000000e+00
4.495085179805755615e-01 4.317752718925476074e-01 -4.802082106471061707e-02 -3.945029899477958679e-02 -3.565428924560546875e+01 -7.531297206878662109e-02 -1.475873030722141266e-02 -8.806668483885005116e-05 5.200000000000000000e+01 2.000000000000000000e+00
4.495085179805755615e-01 4.317752718925476074e-01 -4.802082106471061707e-02 -3.945029899477958679e-02 -3.565428924560546875e+01 -7.531297206878662109e-02 -1.475873030722141266e-02 -8.806668483885005116e-05 5.200000000000000000e+01 2.000000000000000000e+00
4.495085179805755615e-01 4.317752718925476074e-01 -4.802082106471061707e-02 -3.945029899477958679e-02 -3.565428924560546875e+01 -7.531297206878662109e-02 -1.475873030722141266e-02 -8.806668483885005116e-05 5.200000000000000000e+01 2.000000000000000000e+00
4.495085179805755615e-01 4.317752718925476074e-01 -4.802082106471061707e-02 -3.945029899477958679e-02 -3.565428924560546875e+01 -7.531297206878662109e-02 -1.475873030722141266e-02 -8.806668483885005116e-05 5.200000000000000000e+01 2.000000000000000000e+00
4.495085179805755615e-01 4.317752718925476074e-01 -4.802082106471061707e-02 -3.945029899477958679e-02 -3.565428924560546875e+01 -7.531297206878662109e-02 -1.475873030722141266e-02 -8.806668483885005116e-05 5.200000000000000000e+01 2.000000000000000000e+00
4.495085179805755615e-01 4.317752718925476074e-01 -4.802082106471061707e-02 -3.945029899477958679e-02 -3.565428924560546875e+01 -7.531297206878662109e-02 -1.475873030722141266e-02 -8.806668483885005116e-05 5.200000000000000000e+01 2.000000000000000000e+00
4.495085179805755615e-01 4.150855541229248047e-01 -8.233179152011871338e-02 -7.657911628484725952e-02 -3.557897567749023438e+01 0.000000000000000000e+00 -1.472755521535873413e-02 0.000000000000000000e+00 5.000000000000000000e+01 0.000000000000000000e+00
4.495085179805755615e-01 4.150855541229248047e-01 -8.233179152011871338e-02 -7.657911628484725952e-02 -3.557897567749023438e+01 0.000000000000000000e+00 -1.472755521535873413e-02 0.000000000000000000e+00 5.000000000000000000e+01 0.000000000000000000e+00
4.495085179805755615e-01 4.150855541229248047e-01 -8.233179152011871338e-02 -7.657911628484725952e-02 -3.557897567749023438e+01 0.000000000000000000e+00 -1.472755521535873413e-02 0.000000000000000000e+00 5.000000000000000000e+01 0.000000000000000000e+00
4.495085179805755615e-01 4.150855541229248047e-01 -8.233179152011871338e-02 -7.657911628484725952e-02 -3.557897567749023438e+01 0.000000000000000000e+00 -1.472755521535873413e-02 0.000000000000000000e+00 5.000000000000000000e+01 0.000000000000000000e+00
4.495085179805755615e-01 4.150855541229248047e-01 -8.233179152011871338e-02 -7.657911628484725952e-02 -3.557897567749023438e+01 0.000000000000000000e+00 -1.472755521535873413e-02 0.000000000000000000e+00 5.000000000000000000e+01 0.000000000000000000e+00
4.495085179805755615e-01 4.150855541229248047e-01 -8.233179152011871338e-02 -7.657911628484725952e-02 -3.557897567749023438e+01 0.000000000000000000e+00 -1.472755521535873413e-02 0.000000000000000000e+00 5.000000000000000000e+01 0.000000000000000000e+00
4.495085179805755615e-01 4.150855541229248047e-01 -8.233179152011871338e-02 -7.657911628484725952e-02 -3.557897567749023438e+01 0.000000000000000000e+00 -1.472755521535873413e-02 0.000000000000000000e+00 5.000000000000000000e+01 0.000000000000000000e+00
4.495085179805755615e-01 4.150855541229248047e-01 -8.233179152011871338e-02 -7.657911628484725952e-02 -3.557897567749023438e+01 0.000000000000000000e+00 -1.472755521535873413e-02 0.000000000000000000e+00 5.000000000000000000e+01 0.000000000000000000e+00
4.495085179805755615e-01 4.150855541229248047e-01 -8.233179152011871338e-02 -7.657911628484725952e-02 -3.557897567749023438e+01 0.000000000000000000e+00 -1.472755521535873413e-02 0.000000000000000000e+00 5.000000000000000000e+01 0.000000000000000000e+00
4.495085179805755615e-01 4.150855541229248047e-01 -8.233179152011871338e-02 -7.657911628484725952e-02 -3.557897567749023438e+01 0.000000000000000000e+00 -1.472755521535873413e-02 0.000000000000000000e+00 5.000000000000000000e+01 0.000000000000000000e+00
4.495085179805755615e-01 4.150855541229248047e-01 -8.233179152011871338e-02 -7.657911628484725952e-02 -3.557897567749023438e+01 0.000000000000000000e+00 -1.472755521535873413e-02 0.000000000000000000e+00 5.000000000000000000e+01 0.000000000000000000e+00
4.495085179805755615e-01 4.150855541229248047e-01 -8.233179152011871338e-02 -7.657911628484725952e-02 -3.557897567749023438e+01 0.000000000000000000e+00 -1.472755521535873413e-02 0.000000000000000000e+00 5.000000000000000000e+01 0.000000000000000000e+00
4.495085179805755615e-01 4.150855541229248047e-01 -8.233179152011871338e-02 -7.657911628484725952e-02 -3.557897567749023438e+01 0.000000000000000000e+00 -1.472755521535873413e-02 0.000000000000000000e+00 5.000000000000000000e+01 0.000000000000000000e+00
4.495085179805755615e-01 4.150855541229248047e-01 -8.233179152011871338e-02 -7.657911628484725952e-02 -3.557897567749023438e+01 0.000000000000000000e+00 -1.472755521535873413e-02 0.000000000000000000e+00 5.000000000000000000e+01 0.000000000000000000e+00
4.495085179805755615e-01 4.150855541229248047e-01 -8.233179152011871338e-02 -7.657911628484725952e-02 -3.557897567749023438e+01 0.000000000000000000e+00 -1.472755521535873413e-02 0.000000000000000000e+00 5.000000000000000000e+01 0.000000000000000000e+00
4.495085179805755615e-01 4.150855541229248047e-01 -8.233179152011871338e-02 -7.657911628484725952e-02 -3.557897567749023438e+01 0.000000000000000000e+00 -1.472755521535873413e-02 0.000000000000000000e+00 5.000000000000000000e+01 0.000000000000000000e+00
4.495085179805755615e-01 4.150855541229248047e-01 -8.233179152011871338e-02 -7.657911628484725952e-02 -3.557897567749023438e+01 0.000000000000000000e+00 -1.472755521535873413e-02 0.000000000000000000e+00 5.000000000000000000e+01 0.000000000000000000e+00
4.495085179805755615e-01 4.150855541229248047e-01 -8.233179152011871338e-02 -7.657911628484725952e-02 -3.557897567749023438e+01 0.000000000000000000e+00 -1.472755521535873413e-02 0.000000000000000000e+00 5.000000000000000000e+01 0.000000000000000000e+00
4.495085179805755615e-01 4.150855541229248047e-01 -8.233179152011871338e-02 -7.657911628484725952e-02 -3.557897567749023438e+01 0.000000000000000000e+00 -1.472755521535873413e-02 0.000000000000000000e+00 5.000000000000000000e+01 0.000000000000000000e+00
4.495085179805755615e-01 4.150855541229248047e-01 -8.233179152011871338e-02 -7.657911628484725952e-02 -3.557897567749023438e+01 0.000000000000000000e+00 -1.472755521535873413e-02 0.000000000000000000e+00 5.000000000000000000e+01 0.000000000000000000e+00
4.495085179805755615e-01 4.150855541229248047e-01 -8.233179152011871338e-02 -7.657911628484725952e-02 -3.557897567749023438e+01 0.000000000000000000e+00 -1.472755521535873413e-02 0.000000000000000000e+00 5.000000000000000000e+01 0.000000000000000000e+00
4.495085179805755615e-01 4.150855541229248047e-01 -8.233179152011871338e-02 -7.657911628484725952e-02 -3.557897567749023438e+01 0.000000000000000000e+00 -1.472755521535873413e-02 0.000000000000000000e+00 5.000000000000000000e+01 0.000000000000000000e+00
4.495085179805755615e-01 4.150855541229248047e-01 -8.233179152011871338e-02 -7.657911628484725952e-02 -3.557897567749023438e+01 0.000000000000000000e+00 -1.472755521535873413e-02 0.000000000000000000e+00 5.000000000000000000e+01 0.000000000000000000e+00
4.495085179805755615e-01 4.150855541229248047e-01 -8.233179152011871338e-02 -7.657911628484725952e-02 -3.557897567749023438e+01 0.000000000000000000e+00 -1.472755521535873413e-02 0.000000000000000000e+00 5.000000000000000000e+01 0.000000000000000000e+00
4.495085179805755615e-01 4.150855541229248047e-01 -8.233179152011871338e-02 -7.657911628484725952e-02 -3.557897567749023438e+01 0.000000000000000000e+00 -1.472755521535873413e-02 0.000000000000000000e+00 5.000000000000000000e+01 0.000000000000000000e+00
4.495085179805755615e-01 4.150855541229248047e-01 -8.233179152011871338e-02 -7.657911628484725952e-02 -3.557897567749023438e+01 0.000000000000000000e+00 -1.472755521535873413e-02 0.000000000000000000e+00 5.000000000000000000e+01 0.000000000000000000e+00
4.495085179805755615e-01 4.150855541229248047e-01 -8.233179152011871338e-02 -7.657911628484725952e-02 -3.557897567749023438e+01 0.000000000000000000e+00 -1.472755521535873413e-02 0.000000000000000000e+00 5.000000000000000000e+01 0.000000000000000000e+00
4.495085179805755615e-01 4.150855541229248047e-01 -8.233179152011871338e-02 -7.657911628484725952e-02 -3.557897567749023438e+01 0.000000000000000000e+00 -1.472755521535873413e-02 0.000000000000000000e+00 5.000000000000000000e+01 0.000000000000000000e+00
4.495085179805755615e-01 4.150855541229248047e-01 -8.233179152011871338e-02 -7.657911628484725952e-02 -3.557897567749023438e+01 0.000000000000000000e+00 -1.472755521535873413e-02 0.000000000000000000e+00 5.000000000000000000e+01 0.000000000000000000e+00
4.495085179805755615e-01 4.150855541229248047e-01 -8.233179152011871338e-02 -7.657911628484725952e-02 -3.557897567749023438e+01 0.000000000000000000e+00 -1.472755521535873413e-02 0.000000000000000000e+00 5.000000000000000000e+01 0.000000000000000000e+00
4.495085179805755615e-01 4.150855541229248047e-01 -8.233179152011871338e-02 -7.657911628484725952e-02 -3.557897567749023438e+01 0.000000000000000000e+00 -1.472755521535873413e-02 0.000000000000000000e+00 5.000000000000000000e+01 0.000000000000000000e+00
4.495085179805755615e-01 4.150855541229248047e-01 -8.233179152011871338e-02 -7.657911628484725952e-02 -3.557897567749023438e+01 0.000000000000000000e+00 -1.472755521535873413e-02 0.000000000000000000e+00 5.000000000000000000e+01 0.000000000000000000e+00
4.495085179805755615e-01 4.150855541229248047e-01 -8.233179152011871338e-02 -7.657911628484725952e-02 -3.557897567749023438e+01 0.000000000000000000e+00 -1.472755521535873413e-02 0.000000000000000000e+00 5.000000000000000000e+01 0.000000000000000000e+00
4.495085179805755615e-01 4.150855541229248047e-01 -8.233179152011871338e-02 -7.657911628484725952e-02 -3.557897567749023438e+01 0.000000000000000000e+00 -1.472755521535873413e-02 0.000000000000000000e+00 5.000000000000000000e+01 0.000000000000000000e+00
4.495085179805755615e-01 4.150855541229248047e-01 -8.233179152011871338e-02 -7.657911628484725952e-02 -3.557897567749023438e+01 0.000000000000000000e+00 -1.472755521535873413e-02 0.000000000000000000e+00 5.000000000000000000e+01 0.000000000000000000e+00
4.495085179805755615e-01 4.150855541229248047e-01 -8.233179152011871338e-02 -7.657911628484725952e-02 -3.557897567749023438e+01 0.000000000000000000e+00 -1.472755521535873413e-02 0.000000000000000000e+00 5.000000000000000000e+01 0.000000000000000000e+00
4.495085179805755615e-01 4.150855541229248047e-01 -8.233179152011871338e-02 -7.657911628484725952e-02 -3.557897567749023438e+01 0.000000000000000000e+00 -1.472755521535873413e-02 0.000000000000000000e+00 5.000000000000000000e+01 0.000000000000000000e+00
4.495085179805755615e-01 4.150855541229248047e-01 -8.233179152011871338e-02 -7.657911628484725952e-02 -3.557897567749023438e+01 0.000000000000000000e+00 -1.472755521535873413e-02 0.000000000000000000e+00 5.000000000000000000e+01 0.000000000000000000e+00
4.495085179805755615e-01 4.150855541229248047e-01 -8.233179152011871338e-02 -7.657911628484725952e-02 -3.557897567749023438e+01 0.000000000000000000e+00 -1.472755521535873413e-02 0.000000000000000000e+00 5.000000000000000000e+01 0.000000000000000000e+00
4.495085179805755615e-01 4.150855541229248047e-01 -8.233179152011871338e-02 -7.657911628484725952e-02 -3.557897567749023438e+01 0.000000000000000000e+00 -1.472755521535873413e-02 0.000000000000000000e+00 5.000000000000000000e+01 0.000000000000000000e+00
4.495085179805755615e-01 4.150855541229248047e-01 -8.233179152011871338e-02 -7.657911628484725952e-02 -3.557897567749023438e+01 0.000000000000000000e+00 -1.472755521535873413e-02 0.000000000000000000e+00 5.000000000000000000e+01 0.000000000000000000e+00
4.495085179805755615e-01 4.150855541229248047e-01 -8.233179152011871338e-02 -7.657911628484725952e-02 -3.557897567749023438e+01 0.000000000000000000e+00 -1.472755521535873413e-02 0.000000000000000000e+00 5.000000000000000000e+01 0.000000000000000000e+00
4.495085179805755615e-01 4.150855541229248047e-01 -8.233179152011871338e-02 -7.657911628484725952e-02 -3.557897567749023438e+01 0.000000000000000000e+00 -1.472755521535873413e-02 0.000000000000000000e+00 5.000000000000000000e+01 0.000000000000000000e+00
4.495085179805755615e-01 4.150855541229248047e-01 -8.233179152011871338e-02 -7.657911628484725952e-02 -3.557897567749023438e+01 0.000000000000000000e+00 -1.472755521535873413e-02 0.000000000000000000e+00 5.000000000000000000e+01 0.000000000000000000e+00
4.495085179805755615e-01 4.150855541229248047e-01 -8.233179152011871338e-02 -7.657911628484725952e-02 -3.557897567749023438e+01 0.000000000000000000e+00 -1.472755521535873413e-02 0.000000000000000000e+00 5.000000000000000000e+01 0.000000000000000000e+00
4.495085179805755615e-01 4.150855541229248047e-01 -8.233179152011871338e-02 -7.657911628484725952e-02 -3.557897567749023438e+01 0.000000000000000000e+00 -1.472755521535873413e-02 0.000000000000000000e+00 5.000000000000000000e+01 0.000000000000000000e+00
4.495085179805755615e-01 4.150855541229248047e-01 -8.233179152011871338e-02 -7.657911628484725952e-02 -3.557897567749023438e+01 0.000000000000000000e+00 -1.472755521535873413e-02 0.000000000000000000e+00 5.000000000000000000e+01 0.000000000000000000e+00
4.495085179805755615e-01 4.150855541229248047e-01 -8.233179152011871338e-02 -7.657911628484725952e-02 -3.557897567749023438e+01 0.000000000000000000e+00 -1.472755521535873413e-02 0.000000000000000000e+00 5.000000000000000000e+01 0.000000000000000000e+00
4.495085179805755615e-01 4.150855541229248047e-01 -8.233179152011871338e-02 -7.657911628484725952e-02 -3.557897567749023438e+01 0.000000000000000000e+00 -1.472755521535873413e-02 0.000000000000000000e+00 5.000000000000000000e+01 0.000000000000000000e+00
4.495085179805755615e-01 4.150855541229248047e-01 -8.233179152011871338e-02 -7.657911628484725952e-02 -3.557897567749023438e+01 0.000000000000000000e+00 -1.472755521535873413e-02 0.000000000000000000e+00 5.000000000000000000e+01 0.000000000000000000e+00
4.495085179805755615e-01 4.150855541229248047e-01 -8.233179152011871338e-02 -7.657911628484725952e-02 -3.557897567749023438e+01 0.000000000000000000e+00 -1.472755521535873413e-02 0.000000000000000000e+00 5.000000000000000000e+01 0.000000000000000000e+00
4.495085179805755615e-01 4.150855541229248047e-01 -8.233179152011871338e-02 -7.657911628484725952e-02 -3.557897567749023438e+01 0.000000000000000000e+00 -1.472755521535873413e-02 0.000000000000000000e+00 5.000000000000000000e+01 0.000000000000000000e+00
4.495085179805755615e-01 4.150855541229248047e-01 -8.233179152011871338e-02 -7.657911628484725952e-02 -3.557897567749023438e+01 0.000000000000000000e+00 -1.472755521535873413e-02 0.000000000000000000e+00 5.000000000000000000e+01 0.000000000000000000e+00
