4.944211840629577637e-01 9.091560244560241699e-01 8.468509316444396973e-01 8.388290405273437500e-01 -7.272180938720703125e+01 -5.859399795532226562e+01 -3.010245412588119507e-02 -1.035719141364097595e-01 2.170000000000000000e+02 1.800000000000000000e+02
4.944211840629577637e-01 9.090932011604309082e-01 8.467232584953308105e-01 8.387019634246826172e-01 -4.747061157226562500e+01 -3.334280395507812500e+01 -1.964997686445713043e-02 -5.893740430474281311e-02 1.690000000000000000e+02 1.320000000000000000e+02
4.944211840629577637e-01 9.090310931205749512e-01 8.465822339057922363e-01 8.385763168334960938e-01 -4.541018295288085938e+01 -3.128237152099609375e+01 -1.879708282649517059e-02 -5.529534444212913513e-02 1.610000000000000000e+02 1.240000000000000000e+02
4.944211840629577637e-01 9.089589715003967285e-01 8.464156985282897949e-01 8.384304642677307129e-01 -4.383374023437500000e+01 -2.970592498779296875e+01 -1.814453117549419403e-02 -5.250878259539604187e-02 1.570000000000000000e+02 1.200000000000000000e+02
4.944211840629577637e-01 9.089263677597045898e-01 8.463497757911682129e-01 8.383645415306091309e-01 -4.339508056640625000e+01 -2.926727294921875000e+01 -1.796295307576656342e-02 -5.173341557383537292e-02 1.530000000000000000e+02 1.160000000000000000e+02
4.944211840629577637e-01 9.089260697364807129e-01 8.463491797447204590e-01 8.383639454841613770e-01 -4.339123916625976562e+01 -2.926342773437500000e+01 -1.796136237680912018e-02 -5.172661691904067993e-02 1.520000000000000000e+02 1.150000000000000000e+02
4.944211840629577637e-01 9.087755084037780762e-01 8.460091948509216309e-01 8.380594253540039062e-01 -4.204508209228515625e+01 -2.791727256774902344e+01 -1.740413345396518707e-02 -4.934712499380111694e-02 1.490000000000000000e+02 1.120000000000000000e+02
4.944211840629577637e-01 9.087749123573303223e-01 8.460080623626708984e-01 8.380581736564636230e-01 -4.204068374633789062e+01 -2.791287231445312500e+01 -1.740231364965438843e-02 -4.933935031294822693e-02 1.480000000000000000e+02 1.110000000000000000e+02
4.944211840629577637e-01 9.086292982101440430e-01 8.457078337669372559e-01 8.377636671066284180e-01 -4.104640579223632812e+01 -2.691859436035156250e+01 -1.699074171483516693e-02 -4.758184403181076050e-02 1.460000000000000000e+02 1.090000000000000000e+02
4.944211840629577637e-01 9.086285233497619629e-01 8.457064628601074219e-01 8.377621173858642578e-01 -4.104200363159179688e+01 -2.691419601440429688e+01 -1.698892004787921906e-02 -4.757406935095787048e-02 1.450000000000000000e+02 1.080000000000000000e+02
4.944211840629577637e-01 9.085752367973327637e-01 8.456071019172668457e-01 8.376543521881103516e-01 -4.076281738281250000e+01 -2.663500595092773438e+01 -1.687335409224033356e-02 -4.708056524395942688e-02 1.430000000000000000e+02 1.060000000000000000e+02
4.944211840629577637e-01 9.078054428100585938e-01 8.440389633178710938e-01 8.360973596572875977e-01 -3.735717010498046875e+01 -2.322935676574707031e+01 -1.546362042427062988e-02 -4.106067493557929993e-02 1.370000000000000000e+02 1.000000000000000000e+02
4.944211840629577637e-01 9.063979983329772949e-01 8.410508632659912109e-01 8.332507610321044922e-01 -3.437616729736328125e+01 -2.024835586547851562e+01 -1.422966457903385162e-02 -3.579139709472656250e-02 1.310000000000000000e+02 9.400000000000000000e+01
4.944211840629577637e-01 9.056472778320312500e-01 8.393422365188598633e-01 8.317323327064514160e-01 -3.333738327026367188e+01 -1.920957183837890625e+01 -1.379967108368873596e-02 -3.395522013306617737e-02 1.270000000000000000e+02 9.000000000000000000e+01
4.944211840629577637e-01 9.056429862976074219e-01 8.393329977989196777e-01 8.317236900329589844e-01 -3.333251953125000000e+01 -1.920470428466796875e+01 -1.379765756428241730e-02 -3.394661843776702881e-02 1.260000000000000000e+02 8.900000000000000000e+01
4.944211840629577637e-01 9.042573571205139160e-01 8.363462686538696289e-01 8.289211392402648926e-01 -3.202076721191406250e+01 -1.789295768737792969e+01 -1.325467042624950409e-02 -3.162794932723045349e-02 1.220000000000000000e+02 8.500000000000000000e+01
4.944211840629577637e-01 9.031628370285034180e-01 8.338019847869873047e-01 8.267074227333068848e-01 -3.114558982849121094e+01 -1.701778030395507812e+01 -1.289239991456270218e-02 -3.008096665143966675e-02 1.210000000000000000e+02 8.400000000000000000e+01
4.944211840629577637e-01 9.018135070800781250e-01 8.306177258491516113e-01 8.239783048629760742e-01 -3.026843261718750000e+01 -1.614062118530273438e+01 -1.252930983901023865e-02 -2.853048406541347504e-02 1.190000000000000000e+02 8.200000000000000000e+01
4.944211840629577637e-01 9.002165198326110840e-01 8.273936510086059570e-01 8.207482695579528809e-01 -2.930637359619140625e+01 -1.517856216430664062e+01 -1.213107537478208542e-02 -2.682992815971374512e-02 1.180000000000000000e+02 8.100000000000000000e+01
4.944211840629577637e-01 8.989470601081848145e-01 8.247929811477661133e-01 8.181807398796081543e-01 -2.865803337097167969e+01 -1.453022289276123047e+01 -1.186270173639059067e-02 -2.568391151726245880e-02 1.170000000000000000e+02 8.000000000000000000e+01
4.944211840629577637e-01 8.853951692581176758e-01 7.949540615081787109e-01 7.907711267471313477e-01 -2.359359359741210938e+01 -9.465784072875976562e+00 -9.766328148543834686e-03 -1.673190854489803314e-02 1.030000000000000000e+02 6.600000000000000000e+01
4.944211840629577637e-01 8.742012381553649902e-01 7.699561715126037598e-01 7.681306004524230957e-01 -2.135276412963867188e+01 -7.224954605102539062e+00 -8.838759735226631165e-03 -1.277097314596176147e-02 9.300000000000000000e+01 5.600000000000000000e+01
4.944211840629577637e-01 8.605432510375976562e-01 7.402229309082031250e-01 7.405064105987548828e-01 -1.946373367309570312e+01 -5.335922718048095703e+00 -8.056814782321453094e-03 -9.431883692741394043e-03 8.800000000000000000e+01 5.100000000000000000e+01
4.944211840629577637e-01 8.427498340606689453e-01 7.070621252059936523e-01 7.045180797576904297e-01 -1.733703422546386719e+01 -3.209223270416259766e+00 -7.176489103585481644e-03 -5.672686733305454254e-03 8.300000000000000000e+01 4.600000000000000000e+01
4.944211840629577637e-01 8.394215703010559082e-01 7.000503540039062500e-01 6.977863907814025879e-01 -1.702854537963867188e+01 -2.900735616683959961e+00 -7.048793137073516846e-03 -5.127397831529378891e-03 8.100000000000000000e+01 4.400000000000000000e+01
4.944211840629577637e-01 8.362762331962585449e-01 6.923803687095642090e-01 6.914247870445251465e-01 -1.679676437377929688e+01 -2.668952703475952148e+00 -6.952849682420492172e-03 -4.717694129794836044e-03 7.900000000000000000e+01 4.200000000000000000e+01
4.944211840629577637e-01 8.205126523971557617e-01 6.612697243690490723e-01 6.595418453216552734e-01 -1.575836753845214844e+01 -1.630556464195251465e+00 -6.523015908896923065e-03 -2.882204018533229828e-03 7.600000000000000000e+01 3.900000000000000000e+01
4.944211840629577637e-01 8.205126523971557617e-01 6.612697243690490723e-01 6.595418453216552734e-01 -1.575836753845214844e+01 -1.630556464195251465e+00 -6.523015908896923065e-03 -2.882204018533229828e-03 7.600000000000000000e+01 3.900000000000000000e+01
4.944211840629577637e-01 8.153640031814575195e-01 6.497456431388854980e-01 6.491283774375915527e-01 -1.548545837402343750e+01 -1.357647418975830078e+00 -6.410047877579927444e-03 -2.399804536253213882e-03 7.500000000000000000e+01 3.800000000000000000e+01
4.944211840629577637e-01 7.923893332481384277e-01 5.994430184364318848e-01 6.026605367660522461e-01 -1.475568675994873047e+01 -6.278758049011230469e-01 -6.107966415584087372e-03 -1.109845819883048534e-03 6.500000000000000000e+01 2.800000000000000000e+01
4.944211840629577637e-01 7.802244424819946289e-01 5.754147171974182129e-01 5.780562758445739746e-01 -1.448505687713623047e+01 -3.572458028793334961e-01 -5.995941814035177231e-03 -6.314747733995318413e-04 6.200000000000000000e+01 2.500000000000000000e+01
4.944211840629577637e-01 7.802244424819946289e-01 5.754147171974182129e-01 5.780562758445739746e-01 -1.448505687713623047e+01 -3.572458028793334961e-01 -5.995941814035177231e-03 -6.314747733995318413e-04 6.200000000000000000e+01 2.500000000000000000e+01
4.944211840629577637e-01 7.787464261054992676e-01 5.721250772476196289e-01 5.750668644905090332e-01 -1.446707057952880859e+01 -3.392590284347534180e-01 -5.988496821373701096e-03 -5.996809923090040684e-04 6.000000000000000000e+01 2.300000000000000000e+01
4.944211840629577637e-01 7.787464261054992676e-01 5.721250772476196289e-01 5.750668644905090332e-01 -1.446707057952880859e+01 -3.392590284347534180e-01 -5.988496821373701096e-03 -5.996809923090040684e-04 6.000000000000000000e+01 2.300000000000000000e+01
4.944211840629577637e-01 7.656661868095397949e-01 5.448096990585327148e-01 5.486112236976623535e-01 -1.436245250701904297e+01 -2.346423268318176270e-01 -5.945191252976655960e-03 -4.147584550082683563e-04 5.700000000000000000e+01 2.000000000000000000e+01
4.944211840629577637e-01 7.514451146125793457e-01 5.141825079917907715e-01 5.198481082916259766e-01 -1.426512908935546875e+01 -1.373183131217956543e-01 -5.904905032366514206e-03 -2.427265862934291363e-04 5.300000000000000000e+01 1.600000000000000000e+01
4.944211840629577637e-01 7.514451146125793457e-01 5.141825079917907715e-01 5.198481082916259766e-01 -1.426512908935546875e+01 -1.373183131217956543e-01 -5.904905032366514206e-03 -2.427265862934291363e-04 5.300000000000000000e+01 1.600000000000000000e+01
4.944211840629577637e-01 7.514451146125793457e-01 5.141825079917907715e-01 5.198481082916259766e-01 -1.426512908935546875e+01 -1.373183131217956543e-01 -5.904905032366514206e-03 -2.427265862934291363e-04 5.300000000000000000e+01 1.600000000000000000e+01
4.944211840629577637e-01 7.292583584785461426e-01 4.680711925029754639e-01 4.749739468097686768e-01 -1.418851852416992188e+01 -6.070858240127563477e-02 -5.873193033039569855e-03 -1.073097009793855250e-04 4.800000000000000000e+01 1.100000000000000000e+01
4.944211840629577637e-01 7.241157293319702148e-01 4.584819674491882324e-01 4.645726084709167480e-01 -1.417948913574218750e+01 -5.167806148529052734e-02 -5.869455169886350632e-03 -9.134716674452647567e-05 4.700000000000000000e+01 1.000000000000000000e+01
4.944211840629577637e-01 7.139365077018737793e-01 4.363865554332733154e-01 4.439844489097595215e-01 -1.416421699523925781e+01 -3.640651702880859375e-02 -5.863133352249860764e-03 -6.435288378270342946e-05 4.500000000000000000e+01 8.000000000000000000e+00
4.944211840629577637e-01 6.910948753356933594e-01 3.881917595863342285e-01 3.977857232093811035e-01 -1.413796329498291016e+01 -1.015245914459228516e-02 -5.852266214787960052e-03 -1.794568925106432289e-05 4.100000000000000000e+01 4.000000000000000000e+00
4.944211840629577637e-01 6.910948753356933594e-01 3.881917595863342285e-01 3.977857232093811035e-01 -1.413796329498291016e+01 -1.015245914459228516e-02 -5.852266214787960052e-03 -1.794568925106432289e-05 4.100000000000000000e+01 4.000000000000000000e+00
4.944211840629577637e-01 6.904717087745666504e-01 3.868353664875030518e-01 3.965253233909606934e-01 -1.413746833801269531e+01 -9.657680988311767578e-03 -5.852061323821544647e-03 -1.707111005089245737e-05 4.000000000000000000e+01 3.000000000000000000e+00
4.944211840629577637e-01 6.841261982917785645e-01 3.737699687480926514e-01 3.836911022663116455e-01 -1.413307666778564453e+01 -5.265593528747558594e-03 -5.850243382155895233e-03 -9.307567779615055770e-06 3.900000000000000000e+01 2.000000000000000000e+00
4.944211840629577637e-01 6.841261982917785645e-01 3.737699687480926514e-01 3.836911022663116455e-01 -1.413307666778564453e+01 -5.265593528747558594e-03 -5.850243382155895233e-03 -9.307567779615055770e-06 3.900000000000000000e+01 2.000000000000000000e+00
4.944211840629577637e-01 6.841261982917785645e-01 3.737699687480926514e-01 3.836911022663116455e-01 -1.413307666778564453e+01 -5.265593528747558594e-03 -5.850243382155895233e-03 -9.307567779615055770e-06 3.900000000000000000e+01 2.000000000000000000e+00
4.944211840629577637e-01 6.692682504653930664e-01 3.432130217552185059e-01 3.536399304866790771e-01 -1.412781143188476562e+01 0.000000000000000000e+00 -5.848063621670007706e-03 0.000000000000000000e+00 3.700000000000000000e+01 0.000000000000000000e+00
4.944211840629577637e-01 6.692682504653930664e-01 3.432130217552185059e-01 3.536399304866790771e-01 -1.412781143188476562e+01 0.000000000000000000e+00 -5.848063621670007706e-03 0.000000000000000000e+00 3.700000000000000000e+01 0.000000000000000000e+00
4.944211840629577637e-01 6.692682504653930664e-01 3.432130217552185059e-01 3.536399304866790771e-01 -1.412781143188476562e+01 0.000000000000000000e+00 -5.848063621670007706e-03 0.000000000000000000e+00 3.700000000000000000e+01 0.000000000000000000e+00
4.944211840629577637e-01 6.692682504653930664e-01 3.432130217552185059e-01 3.536399304866790771e-01 -1.412781143188476562e+01 0.000000000000000000e+00 -5.848063621670007706e-03 0.000000000000000000e+00 3.700000000000000000e+01 0.000000000000000000e+00
4.944211840629577637e-01 6.692682504653930664e-01 3.432130217552185059e-01 3.536399304866790771e-01 -1.412781143188476562e+01 0.000000000000000000e+00 -5.848063621670007706e-03 0.000000000000000000e+00 3.700000000000000000e+01 0.000000000000000000e+00
4.944211840629577637e-01 6.692682504653930664e-01 3.432130217552185059e-01 3.536399304866790771e-01 -1.412781143188476562e+01 0.000000000000000000e+00 -5.848063621670007706e-03 0.000000000000000000e+00 3.700000000000000000e+01 0.000000000000000000e+00
4.944211840629577637e-01 6.692682504653930664e-01 3.432130217552185059e-01 3.536399304866790771e-01 -1.412781143188476562e+01 0.000000000000000000e+00 -5.848063621670007706e-03 0.000000000000000000e+00 3.700000000000000000e+01 0.000000000000000000e+00
4.944211840629577637e-01 6.692682504653930664e-01 3.432130217552185059e-01 3.536399304866790771e-01 -1.412781143188476562e+01 0.000000000000000000e+00 -5.848063621670007706e-03 0.000000000000000000e+00 3.700000000000000000e+01 0.000000000000000000e+00
4.944211840629577637e-01 6.692682504653930664e-01 3.432130217552185059e-01 3.536399304866790771e-01 -1.412781143188476562e+01 0.000000000000000000e+00 -5.848063621670007706e-03 0.000000000000000000e+00 3.700000000000000000e+01 0.000000000000000000e+00
4.944211840629577637e-01 6.692682504653930664e-01 3.432130217552185059e-01 3.536399304866790771e-01 -1.412781143188476562e+01 0.000000000000000000e+00 -5.848063621670007706e-03 0.000000000000000000e+00 3.700000000000000000e+01 0.000000000000000000e+00
4.944211840629577637e-01 6.692682504653930664e-01 3.432130217552185059e-01 3.536399304866790771e-01 -1.412781143188476562e+01 0.000000000000000000e+00 -5.848063621670007706e-03 0.000000000000000000e+00 3.700000000000000000e+01 0.000000000000000000e+00
4.944211840629577637e-01 6.692682504653930664e-01 3.432130217552185059e-01 3.536399304866790771e-01 -1.412781143188476562e+01 0.000000000000000000e+00 -5.848063621670007706e-03 0.000000000000000000e+00 3.700000000000000000e+01 0.000000000000000000e+00
4.944211840629577637e-01 6.692682504653930664e-01 3.432130217552185059e-01 3.536399304866790771e-01 -1.412781143188476562e+01 0.000000000000000000e+00 -5.848063621670007706e-03 0.000000000000000000e+00 3.700000000000000000e+01 0.000000000000000000e+00
4.944211840629577637e-01 6.692682504653930664e-01 3.432130217552185059e-01 3.536399304866790771e-01 -1.412781143188476562e+01 0.000000000000000000e+00 -5.848063621670007706e-03 0.000000000000000000e+00 3.700000000000000000e+01 0.000000000000000000e+00
4.944211840629577637e-01 6.692682504653930664e-01 3.432130217552185059e-01 3.536399304866790771e-01 -1.412781143188476562e+01 0.000000000000000000e+00 -5.848063621670007706e-03 0.000000000000000000e+00 3.700000000000000000e+01 0.000000000000000000e+00
4.944211840629577637e-01 6.692682504653930664e-01 3.432130217552185059e-01 3.536399304866790771e-01 -1.412781143188476562e+01 0.000000000000000000e+00 -5.848063621670007706e-03 0.000000000000000000e+00 3.700000000000000000e+01 0.000000000000000000e+00
4.944211840629577637e-01 6.692682504653930664e-01 3.432130217552185059e-01 3.536399304866790771e-01 -1.412781143188476562e+01 0.000000000000000000e+00 -5.848063621670007706e-03 0.000000000000000000e+00 3.700000000000000000e+01 0.000000000000000000e+00
4.944211840629577637e-01 6.692682504653930664e-01 3.432130217552185059e-01 3.536399304866790771e-01 -1.412781143188476562e+01 0.000000000000000000e+00 -5.848063621670007706e-03 0.000000000000000000e+00 3.700000000000000000e+01 0.000000000000000000e+00
4.944211840629577637e-01 6.692682504653930664e-01 3.432130217552185059e-01 3.536399304866790771e-01 -1.412781143188476562e+01 0.000000000000000000e+00 -5.848063621670007706e-03 0.000000000000000000e+00 3.700000000000000000e+01 0.000000000000000000e+00
4.944211840629577637e-01 6.692682504653930664e-01 3.432130217552185059e-01 3.536399304866790771e-01 -1.412781143188476562e+01 0.000000000000000000e+00 -5.848063621670007706e-03 0.000000000000000000e+00 3.700000000000000000e+01 0.000000000000000000e+00
4.944211840629577637e-01 6.692682504653930664e-01 3.432130217552185059e-01 3.536399304866790771e-01 -1.412781143188476562e+01 0.000000000000000000e+00 -5.848063621670007706e-03 0.000000000000000000e+00 3.700000000000000000e+01 0.000000000000000000e+00
4.944211840629577637e-01 6.692682504653930664e-01 3.432130217552185059e-01 3.536399304866790771e-01 -1.412781143188476562e+01 0.000000000000000000e+00 -5.848063621670007706e-03 0.000000000000000000e+00 3.700000000000000000e+01 0.000000000000000000e+00
4.944211840629577637e-01 6.692682504653930664e-01 3.432130217552185059e-01 3.536399304866790771e-01 -1.412781143188476562e+01 0.000000000000000000e+00 -5.848063621670007706e-03 0.000000000000000000e+00 3.700000000000000000e+01 0.000000000000000000e+00
4.944211840629577637e-01 6.692682504653930664e-01 3.432130217552185059e-01 3.536399304866790771e-01 -1.412781143188476562e+01 0.000000000000000000e+00 -5.848063621670007706e-03 0.000000000000000000e+00 3.700000000000000000e+01 0.000000000000000000e+00
4.944211840629577637e-01 6.692682504653930664e-01 3.432130217552185059e-01 3.536399304866790771e-01 -1.412781143188476562e+01 0.000000000000000000e+00 -5.848063621670007706e-03 0.000000000000000000e+00 3.700000000000000000e+01 0.000000000000000000e+00
4.944211840629577637e-01 6.692682504653930664e-01 3.432130217552185059e-01 3.536399304866790771e-01 -1.412781143188476562e+01 0.000000000000000000e+00 -5.848063621670007706e-03 0.000000000000000000e+00 3.700000000000000000e+01 0.000000000000000000e+00
4.944211840629577637e-01 6.692682504653930664e-01 3.432130217552185059e-01 3.536399304866790771e-01 -1.412781143188476562e+01 0.000000000000000000e+00 -5.848063621670007706e-03 0.000000000000000000e+00 3.700000000000000000e+01 0.000000000000000000e+00
4.944211840629577637e-01 6.692682504653930664e-01 3.432130217552185059e-01 3.536399304866790771e-01 -1.412781143188476562e+01 0.000000000000000000e+00 -5.848063621670007706e-03 0.000000000000000000e+00 3.700000000000000000e+01 0.000000000000000000e+00
4.944211840629577637e-01 6.692682504653930664e-01 3.432130217552185059e-01 3.536399304866790771e-01 -1.412781143188476562e+01 0.000000000000000000e+00 -5.848063621670007706e-03 0.000000000000000000e+00 3.700000000000000000e+01 0.000000000000000000e+00
4.944211840629577637e-01 6.692682504653930664e-01 3.432130217552185059e-01 3.536399304866790771e-01 -1.412781143188476562e+01 0.000000000000000000e+00 -5.848063621670007706e-03 0.000000000000000000e+00 3.700000000000000000e+01 0.000000000000000000e+00
4.944211840629577637e-01 6.692682504653930664e-01 3.432130217552185059e-01 3.536399304866790771e-01 -1.412781143188476562e+01 0.000000000000000000e+00 -5.848063621670007706e-03 0.000000000000000000e+00 3.700000000000000000e+01 0.000000000000000000e+00
4.944211840629577637e-01 6.692682504653930664e-01 3.432130217552185059e-01 3.536399304866790771e-01 -1.412781143188476562e+01 0.000000000000000000e+00 -5.848063621670007706e-03 0.000000000000000000e+00 3.700000000000000000e+01 0.000000000000000000e+00
4.944211840629577637e-01 6.692682504653930664e-01 3.432130217552185059e-01 3.536399304866790771e-01 -1.412781143188476562e+01 0.000000000000000000e+00 -5.848063621670007706e-03 0.000000000000000000e+00 3.700000000000000000e+01 0.000000000000000000e+00
4.944211840629577637e-01 6.692682504653930664e-01 3.432130217552185059e-01 3.536399304866790771e-01 -1.412781143188476562e+01 0.000000000000000000e+00 -5.848063621670007706e-03 0.000000000000000000e+00 3.700000000000000000e+01 0.000000000000000000e+00
4.944211840629577637e-01 6.692682504653930664e-01 3.432130217552185059e-01 3.536399304866790771e-01 -1.412781143188476562e+01 0.000000000000000000e+00 -5.848063621670007706e-03 0.000000000000000000e+00 3.700000000000000000e+01 0.000000000000000000e+00
4.944211840629577637e-01 6.692682504653930664e-01 3.432130217552185059e-01 3.536399304866790771e-01 -1.412781143188476562e+01 0.000000000000000000e+00 -5.848063621670007706e-03 0.000000000000000000e+00 3.700000000000000000e+01 0.000000000000000000e+00
4.944211840629577637e-01 6.692682504653930664e-01 3.432130217552185059e-01 3.536399304866790771e-01 -1.412781143188476562e+01 0.000000000000000000e+00 -5.848063621670007706e-03 0.000000000000000000e+00 3.700000000000000000e+01 0.000000000000000000e+00
4.944211840629577637e-01 6.692682504653930664e-01 3.432130217552185059e-01 3.536399304866790771e-01 -1.412781143188476562e+01 0.000000000000000000e+00 -5.848063621670007706e-03 0.000000000000000000e+00 3.700000000000000000e+01 0.000000000000000000e+00
4.944211840629577637e-01 6.692682504653930664e-01 3.432130217552185059e-01 3.536399304866790771e-01 -1.412781143188476562e+01 0.000000000000000000e+00 -5.848063621670007706e-03 0.000000000000000000e+00 3.700000000000000000e+01 0.000000000000000000e+00
4.944211840629577637e-01 6.692682504653930664e-01 3.432130217552185059e-01 3.536399304866790771e-01 -1.412781143188476562e+01 0.000000000000000000e+00 -5.848063621670007706e-03 0.000000000000000000e+00 3.700000000000000000e+01 0.000000000000000000e+00
4.944211840629577637e-01 6.692682504653930664e-01 3.432130217552185059e-01 3.536399304866790771e-01 -1.412781143188476562e+01 0.000000000000000000e+00 -5.848063621670007706e-03 0.000000000000000000e+00 3.700000000000000000e+01 0.000000000000000000e+00
4.944211840629577637e-01 6.692682504653930664e-01 3.432130217552185059e-01 3.536399304866790771e-01 -1.412781143188476562e+01 0.000000000000000000e+00 -5.848063621670007706e-03 0.000000000000000000e+00 3.700000000000000000e+01 0.000000000000000000e+00
4.944211840629577637e-01 6.692682504653930664e-01 3.432130217552185059e-01 3.536399304866790771e-01 -1.412781143188476562e+01 0.000000000000000000e+00 -5.848063621670007706e-03 0.000000000000000000e+00 3.700000000000000000e+01 0.000000000000000000e+00
4.944211840629577637e-01 6.692682504653930664e-01 3.432130217552185059e-01 3.536399304866790771e-01 -1.412781143188476562e+01 0.000000000000000000e+00 -5.848063621670007706e-03 0.000000000000000000e+00 3.700000000000000000e+01 0.000000000000000000e+00
