4.561511874198913574e-01 6.855496168136596680e-01 4.949030280113220215e-01 5.029000043869018555e-01 -1.253638763427734375e+02 -1.013389587402343750e+02 -5.189310014247894287e-02 -1.341935247182846069e-01 2.650000000000000000e+02 2.150000000000000000e+02
4.561511874198913574e-01 6.854815483093261719e-01 4.947651326656341553e-01 5.027507543563842773e-01 -1.178543853759765625e+02 -9.382949066162109375e+01 -4.878462478518486023e-02 -1.242494583129882812e-01 2.520000000000000000e+02 2.020000000000000000e+02
4.561511874198913574e-01 6.853626966476440430e-01 4.945177435874938965e-01 5.024902224540710449e-01 -1.138735809326171875e+02 -8.984867858886718750e+01 -4.713680967688560486e-02 -1.189780458807945251e-01 2.440000000000000000e+02 1.940000000000000000e+02
4.561511874198913574e-01 6.851926445960998535e-01 4.941567778587341309e-01 5.021173954010009766e-01 -1.105598297119140625e+02 -8.653492736816406250e+01 -4.576511681079864502e-02 -1.145899593830108643e-01 2.390000000000000000e+02 1.890000000000000000e+02
4.561511874198913574e-01 6.849896907806396484e-01 4.937196373939514160e-01 5.016725063323974609e-01 -1.075469284057617188e+02 -8.352202606201171875e+01 -4.451795667409896851e-02 -1.106002628803253174e-01 2.320000000000000000e+02 1.820000000000000000e+02
4.561511874198913574e-01 6.847351789474487305e-01 4.931954145431518555e-01 5.011145472526550293e-01 -1.047292175292968750e+02 -8.070431518554687500e+01 -4.335159435868263245e-02 -1.068690344691276550e-01 2.260000000000000000e+02 1.760000000000000000e+02
4.561511874198913574e-01 6.845782995223999023e-01 4.928408563137054443e-01 5.007706284523010254e-01 -1.032961273193359375e+02 -7.927122497558593750e+01 -4.275838285684585571e-02 -1.049713343381881714e-01 2.220000000000000000e+02 1.720000000000000000e+02
4.561511874198913574e-01 6.842147707939147949e-01 4.919980466365814209e-01 4.999736845493316650e-01 -1.005638885498046875e+02 -7.653898620605468750e+01 -4.162739962339401245e-02 -1.013532876968383789e-01 2.170000000000000000e+02 1.670000000000000000e+02
4.561511874198913574e-01 6.841201782226562500e-01 4.918140769004821777e-01 4.997662901878356934e-01 -9.993749237060546875e+01 -7.591258239746093750e+01 -4.136810824275016785e-02 -1.005237996578216553e-01 2.160000000000000000e+02 1.660000000000000000e+02
4.561511874198913574e-01 6.838846206665039062e-01 4.913473427295684814e-01 4.992499053478240967e-01 -9.843087005615234375e+01 -7.440596008300781250e+01 -4.074445739388465881e-02 -9.852872788906097412e-02 2.140000000000000000e+02 1.640000000000000000e+02
4.561511874198913574e-01 6.834030747413635254e-01 4.902975261211395264e-01 4.981942176818847656e-01 -9.589250946044921875e+01 -7.186760711669921875e+01 -3.969372808933258057e-02 -9.516742825508117676e-02 2.090000000000000000e+02 1.590000000000000000e+02
4.561511874198913574e-01 6.798962354660034180e-01 4.823856651782989502e-01 4.905063509941101074e-01 -8.422108459472656250e+01 -6.019618606567382812e+01 -3.486246243119239807e-02 -7.971207797527313232e-02 1.860000000000000000e+02 1.360000000000000000e+02
4.561511874198913574e-01 6.745213270187377930e-01 4.703402519226074219e-01 4.787231683731079102e-01 -7.366215515136718750e+01 -4.963724517822265625e+01 -3.049170039594173431e-02 -6.572987884283065796e-02 1.690000000000000000e+02 1.190000000000000000e+02
4.561511874198913574e-01 6.721636652946472168e-01 4.651325941085815430e-01 4.735545814037322998e-01 -7.013412475585937500e+01 -4.610923004150390625e+01 -2.903130836784839630e-02 -6.105806306004524231e-02 1.620000000000000000e+02 1.120000000000000000e+02
4.561511874198913574e-01 6.664336919784545898e-01 4.512841701507568359e-01 4.609929919242858887e-01 -6.374969482421875000e+01 -3.972479248046875000e+01 -2.638853713870048523e-02 -5.260375887155532837e-02 1.490000000000000000e+02 9.900000000000000000e+01
4.561511874198913574e-01 6.636374592781066895e-01 4.448312520980834961e-01 4.548629522323608398e-01 -6.123647689819335938e+01 -3.721157073974609375e+01 -2.534821629524230957e-02 -4.927573725581169128e-02 1.440000000000000000e+02 9.400000000000000000e+01
4.561511874198913574e-01 6.594089865684509277e-01 4.351261854171752930e-01 4.455930590629577637e-01 -5.788463211059570312e+01 -3.385972976684570312e+01 -2.396075427532196045e-02 -4.483721405267715454e-02 1.380000000000000000e+02 8.800000000000000000e+01
4.561511874198913574e-01 6.576024293899536133e-01 4.313131570816040039e-01 4.416326284408569336e-01 -5.667958068847656250e+01 -3.265467834472656250e+01 -2.346193604171276093e-02 -4.324147850275039673e-02 1.340000000000000000e+02 8.400000000000000000e+01
4.561511874198913574e-01 6.558876037597656250e-01 4.272706508636474609e-01 4.378732740879058838e-01 -5.567304992675781250e+01 -3.164814758300781250e+01 -2.304529212415218353e-02 -4.190862551331520081e-02 1.310000000000000000e+02 8.100000000000000000e+01
4.561511874198913574e-01 6.515400409698486328e-01 4.181087315082550049e-01 4.283423125743865967e-01 -5.340005493164062500e+01 -2.937515068054199219e+01 -2.210441045463085175e-02 -3.889871388673782349e-02 1.260000000000000000e+02 7.600000000000000000e+01
4.561511874198913574e-01 6.178239583969116211e-01 3.415000438690185547e-01 3.544280529022216797e-01 -4.170653533935546875e+01 -1.768163299560546875e+01 -1.726399548351764679e-02 -2.341410145163536072e-02 1.030000000000000000e+02 5.300000000000000000e+01
4.561511874198913574e-01 5.943630337715148926e-01 2.907709181308746338e-01 3.029956817626953125e-01 -3.683426666259765625e+01 -1.280936431884765625e+01 -1.524716988205909729e-02 -1.696222089231014252e-02 9.300000000000000000e+01 4.300000000000000000e+01
4.561511874198913574e-01 5.637091994285583496e-01 2.253639996051788330e-01 2.357946485280990601e-01 -3.232057952880859375e+01 -8.295677185058593750e+00 -1.337877474725246429e-02 -1.098517514765262604e-02 8.100000000000000000e+01 3.100000000000000000e+01
4.561511874198913574e-01 5.341020226478576660e-01 1.644435822963714600e-01 1.708881556987762451e-01 -2.902554321289062500e+01 -5.000640869140625000e+00 -1.201482862234115601e-02 -6.621872540563344955e-03 7.200000000000000000e+01 2.200000000000000000e+01
4.561511874198913574e-01 5.255521535873413086e-01 1.468023955821990967e-01 1.521446555852890015e-01 -2.827606582641601562e+01 -4.251161575317382812e+00 -1.170459017157554626e-02 -5.629408173263072968e-03 7.000000000000000000e+01 2.000000000000000000e+01
4.561511874198913574e-01 5.129624605178833008e-01 1.199680492281913757e-01 1.245448291301727295e-01 -2.733186340332031250e+01 -3.306961774826049805e+00 -1.131374668329954147e-02 -4.379094578325748444e-03 6.600000000000000000e+01 1.600000000000000000e+01
4.561511874198913574e-01 5.048481822013854980e-01 1.012954562902450562e-01 1.067562624812126160e-01 -2.677548599243164062e+01 -2.750584602355957031e+00 -1.108343992382287979e-02 -3.642337163910269737e-03 6.300000000000000000e+01 1.300000000000000000e+01
4.561511874198913574e-01 4.968301355838775635e-01 8.337348699569702148e-02 8.917865157127380371e-02 -2.629734802246093750e+01 -2.272445440292358398e+00 -1.088551990687847137e-02 -3.009183099493384361e-03 6.100000000000000000e+01 1.100000000000000000e+01
4.561511874198913574e-01 4.872195422649383545e-01 6.236224994063377380e-02 6.810977309942245483e-02 -2.577591323852539062e+01 -1.751009941101074219e+00 -1.066967751830816269e-02 -2.318695653229951859e-03 6.000000000000000000e+01 1.000000000000000000e+01
4.561511874198913574e-01 4.442441165447235107e-01 -3.415535762906074524e-02 -2.610334381461143494e-02 -2.431251335144042969e+01 -2.876107692718505859e-01 -1.006391737610101700e-02 -3.808555484283715487e-04 5.300000000000000000e+01 3.000000000000000000e+00
4.561511874198913574e-01 4.356255233287811279e-01 -5.428723618388175964e-02 -4.499750211834907532e-02 -2.413425445556640625e+01 -1.093517541885375977e-01 -9.990128688514232635e-03 -1.448041148250922561e-04 5.100000000000000000e+01 1.000000000000000000e+00
4.561511874198913574e-01 4.356255233287811279e-01 -5.428723618388175964e-02 -4.499750211834907532e-02 -2.413425445556640625e+01 -1.093517541885375977e-01 -9.990128688514232635e-03 -1.448041148250922561e-04 5.100000000000000000e+01 1.000000000000000000e+00
4.561511874198913574e-01 4.258121252059936523e-01 -7.310830801725387573e-02 -6.651098281145095825e-02 -2.402490234375000000e+01 0.000000000000000000e+00 -9.944863617420196533e-03 0.000000000000000000e+00 5.000000000000000000e+01 0.000000000000000000e+00
4.561511874198913574e-01 4.258121252059936523e-01 -7.310830801725387573e-02 -6.651098281145095825e-02 -2.402490234375000000e+01 0.000000000000000000e+00 -9.944863617420196533e-03 0.000000000000000000e+00 5.000000000000000000e+01 0.000000000000000000e+00
4.561511874198913574e-01 4.258121252059936523e-01 -7.310830801725387573e-02 -6.651098281145095825e-02 -2.402490234375000000e+01 0.000000000000000000e+00 -9.944863617420196533e-03 0.000000000000000000e+00 5.000000000000000000e+01 0.000000000000000000e+00
4.561511874198913574e-01 4.258121252059936523e-01 -7.310830801725387573e-02 -6.651098281145095825e-02 -2.402490234375000000e+01 0.000000000000000000e+00 -9.944863617420196533e-03 0.000000000000000000e+00 5.000000000000000000e+01 0.000000000000000000e+00
4.561511874198913574e-01 4.258121252059936523e-01 -7.310830801725387573e-02 -6.651098281145095825e-02 -2.402490234375000000e+01 0.000000000000000000e+00 -9.944863617420196533e-03 0.000000000000000000e+00 5.000000000000000000e+01 0.000000000000000000e+00
4.561511874198913574e-01 4.258121252059936523e-01 -7.310830801725387573e-02 -6.651098281145095825e-02 -2.402490234375000000e+01 0.000000000000000000e+00 -9.944863617420196533e-03 0.000000000000000000e+00 5.000000000000000000e+01 0.000000000000000000e+00
4.561511874198913574e-01 4.258121252059936523e-01 -7.310830801725387573e-02 -6.651098281145095825e-02 -2.402490234375000000e+01 0.000000000000000000e+00 -9.944863617420196533e-03 0.000000000000000000e+00 5.000000000000000000e+01 0.000000000000000000e+00
4.561511874198913574e-01 4.258121252059936523e-01 -7.310830801725387573e-02 -6.651098281145095825e-02 -2.402490234375000000e+01 0.000000000000000000e+00 -9.944863617420196533e-03 0.000000000000000000e+00 5.000000000000000000e+01 0.000000000000000000e+00
4.561511874198913574e-01 4.258121252059936523e-01 -7.310830801725387573e-02 -6.651098281145095825e-02 -2.402490234375000000e+01 0.000000000000000000e+00 -9.944863617420196533e-03 0.000000000000000000e+00 5.000000000000000000e+01 0.000000000000000000e+00
4.561511874198913574e-01 4.258121252059936523e-01 -7.310830801725387573e-02 -6.651098281145095825e-02 -2.402490234375000000e+01 0.000000000000000000e+00 -9.944863617420196533e-03 0.000000000000000000e+00 5.000000000000000000e+01 0.000000000000000000e+00
4.561511874198913574e-01 4.258121252059936523e-01 -7.310830801725387573e-02 -6.651098281145095825e-02 -2.402490234375000000e+01 0.000000000000000000e+00 -9.944863617420196533e-03 0.000000000000000000e+00 5.000000000000000000e+01 0.000000000000000000e+00
4.561511874198913574e-01 4.258121252059936523e-01 -7.310830801725387573e-02 -6.651098281145095825e-02 -2.402490234375000000e+01 0.000000000000000000e+00 -9.944863617420196533e-03 0.000000000000000000e+00 5.000000000000000000e+01 0.000000000000000000e+00
4.561511874198913574e-01 4.258121252059936523e-01 -7.310830801725387573e-02 -6.651098281145095825e-02 -2.402490234375000000e+01 0.000000000000000000e+00 -9.944863617420196533e-03 0.000000000000000000e+00 5.000000000000000000e+01 0.000000000000000000e+00
4.561511874198913574e-01 4.258121252059936523e-01 -7.310830801725387573e-02 -6.651098281145095825e-02 -2.402490234375000000e+01 0.000000000000000000e+00 -9.944863617420196533e-03 0.000000000000000000e+00 5.000000000000000000e+01 0.000000000000000000e+00
4.561511874198913574e-01 4.258121252059936523e-01 -7.310830801725387573e-02 -6.651098281145095825e-02 -2.402490234375000000e+01 0.000000000000000000e+00 -9.944863617420196533e-03 0.000000000000000000e+00 5.000000000000000000e+01 0.000000000000000000e+00
4.561511874198913574e-01 4.258121252059936523e-01 -7.310830801725387573e-02 -6.651098281145095825e-02 -2.402490234375000000e+01 0.000000000000000000e+00 -9.944863617420196533e-03 0.000000000000000000e+00 5.000000000000000000e+01 0.000000000000000000e+00
4.561511874198913574e-01 4.258121252059936523e-01 -7.310830801725387573e-02 -6.651098281145095825e-02 -2.402490234375000000e+01 0.000000000000000000e+00 -9.944863617420196533e-03 0.000000000000000000e+00 5.000000000000000000e+01 0.000000000000000000e+00
4.561511874198913574e-01 4.258121252059936523e-01 -7.310830801725387573e-02 -6.651098281145095825e-02 -2.402490234375000000e+01 0.000000000000000000e+00 -9.944863617420196533e-03 0.000000000000000000e+00 5.000000000000000000e+01 0.000000000000000000e+00
4.561511874198913574e-01 4.258121252059936523e-01 -7.310830801725387573e-02 -6.651098281145095825e-02 -2.402490234375000000e+01 0.000000000000000000e+00 -9.944863617420196533e-03 0.000000000000000000e+00 5.000000000000000000e+01 0.000000000000000000e+00
4.561511874198913574e-01 4.258121252059936523e-01 -7.310830801725387573e-02 -6.651098281145095825e-02 -2.402490234375000000e+01 0.000000000000000000e+00 -9.944863617420196533e-03 0.000000000000000000e+00 5.000000000000000000e+01 0.000000000000000000e+00
4.561511874198913574e-01 4.258121252059936523e-01 -7.310830801725387573e-02 -6.651098281145095825e-02 -2.402490234375000000e+01 0.000000000000000000e+00 -9.944863617420196533e-03 0.000000000000000000e+00 5.000000000000000000e+01 0.000000000000000000e+00
4.561511874198913574e-01 4.258121252059936523e-01 -7.310830801725387573e-02 -6.651098281145095825e-02 -2.402490234375000000e+01 0.000000000000000000e+00 -9.944863617420196533e-03 0.000000000000000000e+00 5.000000000000000000e+01 0.000000000000000000e+00
4.561511874198913574e-01 4.258121252059936523e-01 -7.310830801725387573e-02 -6.651098281145095825e-02 -2.402490234375000000e+01 0.000000000000000000e+00 -9.944863617420196533e-03 0.000000000000000000e+00 5.000000000000000000e+01 0.000000000000000000e+00
4.561511874198913574e-01 4.258121252059936523e-01 -7.310830801725387573e-02 -6.651098281145095825e-02 -2.402490234375000000e+01 0.000000000000000000e+00 -9.944863617420196533e-03 0.000000000000000000e+00 5.000000000000000000e+01 0.000000000000000000e+00
4.561511874198913574e-01 4.258121252059936523e-01 -7.310830801725387573e-02 -6.651098281145095825e-02 -2.402490234375000000e+01 0.000000000000000000e+00 -9.944863617420196533e-03 0.000000000000000000e+00 5.000000000000000000e+01 0.000000000000000000e+00
4.561511874198913574e-01 4.258121252059936523e-01 -7.310830801725387573e-02 -6.651098281145095825e-02 -2.402490234375000000e+01 0.000000000000000000e+00 -9.944863617420196533e-03 0.000000000000000000e+00 5.000000000000000000e+01 0.000000000000000000e+00
4.561511874198913574e-01 4.258121252059936523e-01 -7.310830801725387573e-02 -6.651098281145095825e-02 -2.402490234375000000e+01 0.000000000000000000e+00 -9.944863617420196533e-03 0.000000000000000000e+00 5.000000000000000000e+01 0.000000000000000000e+00
4.561511874198913574e-01 4.258121252059936523e-01 -7.310830801725387573e-02 -6.651098281145095825e-02 -2.402490234375000000e+01 0.000000000000000000e+00 -9.944863617420196533e-03 0.000000000000000000e+00 5.000000000000000000e+01 0.000000000000000000e+00
4.561511874198913574e-01 4.258121252059936523e-01 -7.310830801725387573e-02 -6.651098281145095825e-02 -2.402490234375000000e+01 0.000000000000000000e+00 -9.944863617420196533e-03 0.000000000000000000e+00 5.000000000000000000e+01 0.000000000000000000e+00
4.561511874198913574e-01 4.258121252059936523e-01 -7.310830801725387573e-02 -6.651098281145095825e-02 -2.402490234375000000e+01 0.000000000000000000e+00 -9.944863617420196533e-03 0.000000000000000000e+00 5.000000000000000000e+01 0.000000000000000000e+00
4.561511874198913574e-01 4.258121252059936523e-01 -7.310830801725387573e-02 -6.651098281145095825e-02 -2.402490234375000000e+01 0.000000000000000000e+00 -9.944863617420196533e-03 0.000000000000000000e+00 5.000000000000000000e+01 0.000000000000000000e+00
4.561511874198913574e-01 4.258121252059936523e-01 -7.310830801725387573e-02 -6.651098281145095825e-02 -2.402490234375000000e+01 0.000000000000000000e+00 -9.944863617420196533e-03 0.000000000000000000e+00 5.000000000000000000e+01 0.000000000000000000e+00
4.561511874198913574e-01 4.258121252059936523e-01 -7.310830801725387573e-02 -6.651098281145095825e-02 -2.402490234375000000e+01 0.000000000000000000e+00 -9.944863617420196533e-03 0.000000000000000000e+00 5.000000000000000000e+01 0.000000000000000000e+00
4.561511874198913574e-01 4.258121252059936523e-01 -7.310830801725387573e-02 -6.651098281145095825e-02 -2.402490234375000000e+01 0.000000000000000000e+00 -9.944863617420196533e-03 0.000000000000000000e+00 5.000000000000000000e+01 0.000000000000000000e+00
4.561511874198913574e-01 4.258121252059936523e-01 -7.310830801725387573e-02 -6.651098281145095825e-02 -2.402490234375000000e+01 0.000000000000000000e+00 -9.944863617420196533e-03 0.000000000000000000e+00 5.000000000000000000e+01 0.000000000000000000e+00
4.561511874198913574e-01 4.258121252059936523e-01 -7.310830801725387573e-02 -6.651098281145095825e-02 -2.402490234375000000e+01 0.000000000000000000e+00 -9.944863617420196533e-03 0.000000000000000000e+00 5.000000000000000000e+01 0.000000000000000000e+00
4.561511874198913574e-01 4.258121252059936523e-01 -7.310830801725387573e-02 -6.651098281145095825e-02 -2.402490234375000000e+01 0.000000000000000000e+00 -9.944863617420196533e-03 0.000000000000000000e+00 5.000000000000000000e+01 0.000000000000000000e+00
4.561511874198913574e-01 4.258121252059936523e-01 -7.310830801725387573e-02 -6.651098281145095825e-02 -2.402490234375000000e+01 0.000000000000000000e+00 -9.944863617420196533e-03 0.000000000000000000e+00 5.000000000000000000e+01 0.000000000000000000e+00
4.561511874198913574e-01 4.258121252059936523e-01 -7.310830801725387573e-02 -6.651098281145095825e-02 -2.402490234375000000e+01 0.000000000000000000e+00 -9.944863617420196533e-03 0.000000000000000000e+00 5.000000000000000000e+01 0.000000000000000000e+00
4.561511874198913574e-01 4.258121252059936523e-01 -7.310830801725387573e-02 -6.651098281145095825e-02 -2.402490234375000000e+01 0.000000000000000000e+00 -9.944863617420196533e-03 0.000000000000000000e+00 5.000000000000000000e+01 0.000000000000000000e+00
4.561511874198913574e-01 4.258121252059936523e-01 -7.310830801725387573e-02 -6.651098281145095825e-02 -2.402490234375000000e+01 0.000000000000000000e+00 -9.944863617420196533e-03 0.000000000000000000e+00 5.000000000000000000e+01 0.000000000000000000e+00
4.561511874198913574e-01 4.258121252059936523e-01 -7.310830801725387573e-02 -6.651098281145095825e-02 -2.402490234375000000e+01 0.000000000000000000e+00 -9.944863617420196533e-03 0.000000000000000000e+00 5.000000000000000000e+01 0.000000000000000000e+00
4.561511874198913574e-01 4.258121252059936523e-01 -7.310830801725387573e-02 -6.651098281145095825e-02 -2.402490234375000000e+01 0.000000000000000000e+00 -9.944863617420196533e-03 0.000000000000000000e+00 5.000000000000000000e+01 0.000000000000000000e+00
4.561511874198913574e-01 4.258121252059936523e-01 -7.310830801725387573e-02 -6.651098281145095825e-02 -2.402490234375000000e+01 0.000000000000000000e+00 -9.944863617420196533e-03 0.000000000000000000e+00 5.000000000000000000e+01 0.000000000000000000e+00
4.561511874198913574e-01 4.258121252059936523e-01 -7.310830801725387573e-02 -6.651098281145095825e-02 -2.402490234375000000e+01 0.000000000000000000e+00 -9.944863617420196533e-03 0.000000000000000000e+00 5.000000000000000000e+01 0.000000000000000000e+00
4.561511874198913574e-01 4.258121252059936523e-01 -7.310830801725387573e-02 -6.651098281145095825e-02 -2.402490234375000000e+01 0.000000000000000000e+00 -9.944863617420196533e-03 0.000000000000000000e+00 5.000000000000000000e+01 0.000000000000000000e+00
4.561511874198913574e-01 4.258121252059936523e-01 -7.310830801725387573e-02 -6.651098281145095825e-02 -2.402490234375000000e+01 0.000000000000000000e+00 -9.944863617420196533e-03 0.000000000000000000e+00 5.000000000000000000e+01 0.000000000000000000e+00
4.561511874198913574e-01 4.258121252059936523e-01 -7.310830801725387573e-02 -6.651098281145095825e-02 -2.402490234375000000e+01 0.000000000000000000e+00 -9.944863617420196533e-03 0.000000000000000000e+00 5.000000000000000000e+01 0.000000000000000000e+00
4.561511874198913574e-01 4.258121252059936523e-01 -7.310830801725387573e-02 -6.651098281145095825e-02 -2.402490234375000000e+01 0.000000000000000000e+00 -9.944863617420196533e-03 0.000000000000000000e+00 5.000000000000000000e+01 0.000000000000000000e+00
4.561511874198913574e-01 4.258121252059936523e-01 -7.310830801725387573e-02 -6.651098281145095825e-02 -2.402490234375000000e+01 0.000000000000000000e+00 -9.944863617420196533e-03 0.000000000000000000e+00 5.000000000000000000e+01 0.000000000000000000e+00
4.561511874198913574e-01 4.258121252059936523e-01 -7.310830801725387573e-02 -6.651098281145095825e-02 -2.402490234375000000e+01 0.000000000000000000e+00 -9.944863617420196533e-03 0.000000000000000000e+00 5.000000000000000000e+01 0.000000000000000000e+00
4.561511874198913574e-01 4.258121252059936523e-01 -7.310830801725387573e-02 -6.651098281145095825e-02 -2.402490234375000000e+01 0.000000000000000000e+00 -9.944863617420196533e-03 0.000000000000000000e+00 5.000000000000000000e+01 0.000000000000000000e+00
4.561511874198913574e-01 4.258121252059936523e-01 -7.310830801725387573e-02 -6.651098281145095825e-02 -2.402490234375000000e+01 0.000000000000000000e+00 -9.944863617420196533e-03 0.000000000000000000e+00 5.000000000000000000e+01 0.000000000000000000e+00
4.561511874198913574e-01 4.258121252059936523e-01 -7.310830801725387573e-02 -6.651098281145095825e-02 -2.402490234375000000e+01 0.000000000000000000e+00 -9.944863617420196533e-03 0.000000000000000000e+00 5.000000000000000000e+01 0.000000000000000000e+00
4.561511874198913574e-01 4.258121252059936523e-01 -7.310830801725387573e-02 -6.651098281145095825e-02 -2.402490234375000000e+01 0.000000000000000000e+00 -9.944863617420196533e-03 0.000000000000000000e+00 5.000000000000000000e+01 0.000000000000000000e+00
4.561511874198913574e-01 4.258121252059936523e-01 -7.310830801725387573e-02 -6.651098281145095825e-02 -2.402490234375000000e+01 0.000000000000000000e+00 -9.944863617420196533e-03 0.000000000000000000e+00 5.000000000000000000e+01 0.000000000000000000e+00
4.561511874198913574e-01 4.258121252059936523e-01 -7.310830801725387573e-02 -6.651098281145095825e-02 -2.402490234375000000e+01 0.000000000000000000e+00 -9.944863617420196533e-03 0.000000000000000000e+00 5.000000000000000000e+01 0.000000000000000000e+00
4.561511874198913574e-01 4.258121252059936523e-01 -7.310830801725387573e-02 -6.651098281145095825e-02 -2.402490234375000000e+01 0.000000000000000000e+00 -9.944863617420196533e-03 0.000000000000000000e+00 5.000000000000000000e+01 0.000000000000000000e+00
4.561511874198913574e-01 4.258121252059936523e-01 -7.310830801725387573e-02 -6.651098281145095825e-02 -2.402490234375000000e+01 0.000000000000000000e+00 -9.944863617420196533e-03 0.000000000000000000e+00 5.000000000000000000e+01 0.000000000000000000e+00
