4.083091616630554199e-01 2.357656061649322510e-01 -4.164433479309082031e-01 -4.225806593894958496e-01 -2.998711776733398438e+01 -3.248087882995605469e+00 -1.241286192089319229e-02 -2.506436780095100403e-03 5.600000000000000000e+01 6.000000000000000000e+00
4.083091616630554199e-01 2.357655614614486694e-01 -4.164434671401977539e-01 -4.225807785987854004e-01 -2.943466949462890625e+01 -2.695638179779052734e+00 -1.218418218195438385e-02 -2.080130623653531075e-03 5.500000000000000000e+01 5.000000000000000000e+00
4.083091616630554199e-01 2.357655614614486694e-01 -4.164434671401977539e-01 -4.225807785987854004e-01 -2.943466949462890625e+01 -2.695638179779052734e+00 -1.218418218195438385e-02 -2.080130623653531075e-03 5.500000000000000000e+01 5.000000000000000000e+00
4.083091616630554199e-01 2.357655614614486694e-01 -4.164434969425201416e-01 -4.225807785987854004e-01 -2.943466949462890625e+01 -2.695638179779052734e+00 -1.218418218195438385e-02 -2.080130623653531075e-03 5.500000000000000000e+01 5.000000000000000000e+00
4.083091616630554199e-01 2.357655614614486694e-01 -4.164434671401977539e-01 -4.225807785987854004e-01 -2.943466949462890625e+01 -2.695638179779052734e+00 -1.218418218195438385e-02 -2.080130623653531075e-03 5.500000000000000000e+01 5.000000000000000000e+00
4.083091616630554199e-01 2.357655614614486694e-01 -4.164434671401977539e-01 -4.225807785987854004e-01 -2.943466949462890625e+01 -2.695638179779052734e+00 -1.218418218195438385e-02 -2.080130623653531075e-03 5.500000000000000000e+01 5.000000000000000000e+00
4.083091616630554199e-01 2.357655614614486694e-01 -4.164434671401977539e-01 -4.225807785987854004e-01 -2.943466949462890625e+01 -2.695638179779052734e+00 -1.218418218195438385e-02 -2.080130623653531075e-03 5.500000000000000000e+01 5.000000000000000000e+00
4.083091616630554199e-01 2.357655614614486694e-01 -4.164434671401977539e-01 -4.225807785987854004e-01 -2.943466949462890625e+01 -2.695638179779052734e+00 -1.218418218195438385e-02 -2.080130623653531075e-03 5.500000000000000000e+01 5.000000000000000000e+00
4.083091616630554199e-01 2.357655614614486694e-01 -4.164434671401977539e-01 -4.225807785987854004e-01 -2.943466949462890625e+01 -2.695638179779052734e+00 -1.218418218195438385e-02 -2.080130623653531075e-03 5.500000000000000000e+01 5.000000000000000000e+00
4.083091616630554199e-01 2.357655614614486694e-01 -4.164434671401977539e-01 -4.225807785987854004e-01 -2.943466949462890625e+01 -2.695638179779052734e+00 -1.218418218195438385e-02 -2.080130623653531075e-03 5.500000000000000000e+01 5.000000000000000000e+00
4.083091616630554199e-01 2.357655614614486694e-01 -4.164434671401977539e-01 -4.225807785987854004e-01 -2.943466949462890625e+01 -2.695638179779052734e+00 -1.218418218195438385e-02 -2.080130623653531075e-03 5.500000000000000000e+01 5.000000000000000000e+00
4.083091616630554199e-01 2.357655614614486694e-01 -4.164434969425201416e-01 -4.225807785987854004e-01 -2.943466949462890625e+01 -2.695638179779052734e+00 -1.218418218195438385e-02 -2.080130623653531075e-03 5.500000000000000000e+01 5.000000000000000000e+00
4.083091616630554199e-01 2.357655614614486694e-01 -4.164434969425201416e-01 -4.225807785987854004e-01 -2.943466949462890625e+01 -2.695638179779052734e+00 -1.218418218195438385e-02 -2.080130623653531075e-03 5.500000000000000000e+01 5.000000000000000000e+00
4.083091616630554199e-01 2.357655614614486694e-01 -4.164434671401977539e-01 -4.225807785987854004e-01 -2.943466949462890625e+01 -2.695638179779052734e+00 -1.218418218195438385e-02 -2.080130623653531075e-03 5.500000000000000000e+01 5.000000000000000000e+00
4.083091616630554199e-01 2.357655614614486694e-01 -4.164434671401977539e-01 -4.225807785987854004e-01 -2.943466949462890625e+01 -2.695638179779052734e+00 -1.218418218195438385e-02 -2.080130623653531075e-03 5.500000000000000000e+01 5.000000000000000000e+00
4.083091616630554199e-01 2.357655614614486694e-01 -4.164434671401977539e-01 -4.225807785987854004e-01 -2.943466949462890625e+01 -2.695638179779052734e+00 -1.218418218195438385e-02 -2.080130623653531075e-03 5.500000000000000000e+01 5.000000000000000000e+00
4.083091616630554199e-01 2.352727055549621582e-01 -4.176819920539855957e-01 -4.237878322601318359e-01 -2.902489089965820312e+01 -2.285860061645507812e+00 -1.201455853879451752e-02 -1.763919019140303135e-03 5.400000000000000000e+01 4.000000000000000000e+00
4.083091616630554199e-01 2.352727055549621582e-01 -4.176819920539855957e-01 -4.237878322601318359e-01 -2.902489089965820312e+01 -2.285860061645507812e+00 -1.201455853879451752e-02 -1.763919019140303135e-03 5.400000000000000000e+01 4.000000000000000000e+00
4.083091616630554199e-01 2.352727055549621582e-01 -4.176819920539855957e-01 -4.237878322601318359e-01 -2.902489089965820312e+01 -2.285860061645507812e+00 -1.201455853879451752e-02 -1.763919019140303135e-03 5.400000000000000000e+01 4.000000000000000000e+00
4.083091616630554199e-01 2.345111370086669922e-01 -4.196916222572326660e-01 -4.256530106067657471e-01 -2.860329055786132812e+01 -1.864257812500000000e+00 -1.184004079550504684e-02 -1.438583130948245525e-03 5.300000000000000000e+01 3.000000000000000000e+00
4.083091616630554199e-01 2.345111370086669922e-01 -4.196916222572326660e-01 -4.256530106067657471e-01 -2.860329055786132812e+01 -1.864257812500000000e+00 -1.184004079550504684e-02 -1.438583130948245525e-03 5.300000000000000000e+01 3.000000000000000000e+00
4.083091616630554199e-01 2.345111370086669922e-01 -4.196916222572326660e-01 -4.256530106067657471e-01 -2.860329055786132812e+01 -1.864257812500000000e+00 -1.184004079550504684e-02 -1.438583130948245525e-03 5.300000000000000000e+01 3.000000000000000000e+00
4.083091616630554199e-01 2.305448055267333984e-01 -4.290217757225036621e-01 -4.353670477867126465e-01 -2.804402542114257812e+01 -1.304992675781250000e+00 -1.160853914916515350e-02 -1.007017563097178936e-03 5.200000000000000000e+01 2.000000000000000000e+00
4.083091616630554199e-01 2.305448055267333984e-01 -4.290217757225036621e-01 -4.353670477867126465e-01 -2.804402542114257812e+01 -1.304992675781250000e+00 -1.160853914916515350e-02 -1.007017563097178936e-03 5.200000000000000000e+01 2.000000000000000000e+00
4.083091616630554199e-01 2.240189909934997559e-01 -4.452450573444366455e-01 -4.513495862483978271e-01 -2.745658874511718750e+01 -7.175558209419250488e-01 -1.136537548154592514e-02 -5.537129472941160202e-04 5.100000000000000000e+01 1.000000000000000000e+00
4.083091616630554199e-01 2.240189760923385620e-01 -4.452450573444366455e-01 -4.513496160507202148e-01 -2.745658874511718750e+01 -7.175558209419250488e-01 -1.136537548154592514e-02 -5.537129472941160202e-04 5.100000000000000000e+01 1.000000000000000000e+00
4.083091616630554199e-01 2.240189760923385620e-01 -4.452450573444366455e-01 -4.513496160507202148e-01 -2.745658874511718750e+01 -7.175558209419250488e-01 -1.136537548154592514e-02 -5.537129472941160202e-04 5.100000000000000000e+01 1.000000000000000000e+00
4.083091616630554199e-01 2.240189760923385620e-01 -4.452450573444366455e-01 -4.513496160507202148e-01 -2.745658874511718750e+01 -7.175558209419250488e-01 -1.136537548154592514e-02 -5.537129472941160202e-04 5.100000000000000000e+01 1.000000000000000000e+00
4.083091616630554199e-01 2.240189909934997559e-01 -4.452450573444366455e-01 -4.513495862483978271e-01 -2.745658874511718750e+01 -7.175558209419250488e-01 -1.136537548154592514e-02 -5.537129472941160202e-04 5.100000000000000000e+01 1.000000000000000000e+00
4.083091616630554199e-01 2.040187567472457886e-01 -4.958312213420867920e-01 -5.003326535224914551e-01 -2.673903274536132812e+01 0.000000000000000000e+00 -1.106835063546895981e-02 0.000000000000000000e+00 5.000000000000000000e+01 0.000000000000000000e+00
4.083091616630554199e-01 2.040187567472457886e-01 -4.958312213420867920e-01 -5.003326535224914551e-01 -2.673903274536132812e+01 0.000000000000000000e+00 -1.106835063546895981e-02 0.000000000000000000e+00 5.000000000000000000e+01 0.000000000000000000e+00
4.083091616630554199e-01 2.040187567472457886e-01 -4.958312213420867920e-01 -5.003326535224914551e-01 -2.673903274536132812e+01 0.000000000000000000e+00 -1.106835063546895981e-02 0.000000000000000000e+00 5.000000000000000000e+01 0.000000000000000000e+00
4.083091616630554199e-01 2.040187567472457886e-01 -4.958312213420867920e-01 -5.003326535224914551e-01 -2.673903274536132812e+01 0.000000000000000000e+00 -1.106835063546895981e-02 0.000000000000000000e+00 5.000000000000000000e+01 0.000000000000000000e+00
4.083091616630554199e-01 2.040187567472457886e-01 -4.958312213420867920e-01 -5.003326535224914551e-01 -2.673903274536132812e+01 0.000000000000000000e+00 -1.106835063546895981e-02 0.000000000000000000e+00 5.000000000000000000e+01 0.000000000000000000e+00
4.083091616630554199e-01 2.040187567472457886e-01 -4.958312213420867920e-01 -5.003326535224914551e-01 -2.673903274536132812e+01 0.000000000000000000e+00 -1.106835063546895981e-02 0.000000000000000000e+00 5.000000000000000000e+01 0.000000000000000000e+00
4.083091616630554199e-01 2.040187567472457886e-01 -4.958312213420867920e-01 -5.003326535224914551e-01 -2.673903274536132812e+01 0.000000000000000000e+00 -1.106835063546895981e-02 0.000000000000000000e+00 5.000000000000000000e+01 0.000000000000000000e+00
4.083091616630554199e-01 2.040187567472457886e-01 -4.958312213420867920e-01 -5.003326535224914551e-01 -2.673903274536132812e+01 0.000000000000000000e+00 -1.106835063546895981e-02 0.000000000000000000e+00 5.000000000000000000e+01 0.000000000000000000e+00
4.083091616630554199e-01 2.040187567472457886e-01 -4.958312213420867920e-01 -5.003326535224914551e-01 -2.673903274536132812e+01 0.000000000000000000e+00 -1.106835063546895981e-02 0.000000000000000000e+00 5.000000000000000000e+01 0.000000000000000000e+00
4.083091616630554199e-01 2.040187567472457886e-01 -4.958312213420867920e-01 -5.003326535224914551e-01 -2.673903274536132812e+01 0.000000000000000000e+00 -1.106835063546895981e-02 0.000000000000000000e+00 5.000000000000000000e+01 0.000000000000000000e+00
4.083091616630554199e-01 2.040187567472457886e-01 -4.958312213420867920e-01 -5.003326535224914551e-01 -2.673903274536132812e+01 0.000000000000000000e+00 -1.106835063546895981e-02 0.000000000000000000e+00 5.000000000000000000e+01 0.000000000000000000e+00
4.083091616630554199e-01 2.040187567472457886e-01 -4.958312213420867920e-01 -5.003326535224914551e-01 -2.673903274536132812e+01 0.000000000000000000e+00 -1.106835063546895981e-02 0.000000000000000000e+00 5.000000000000000000e+01 0.000000000000000000e+00
4.083091616630554199e-01 2.040187567472457886e-01 -4.958312213420867920e-01 -5.003326535224914551e-01 -2.673903274536132812e+01 0.000000000000000000e+00 -1.106835063546895981e-02 0.000000000000000000e+00 5.000000000000000000e+01 0.000000000000000000e+00
4.083091616630554199e-01 2.040187567472457886e-01 -4.958312213420867920e-01 -5.003326535224914551e-01 -2.673903274536132812e+01 0.000000000000000000e+00 -1.106835063546895981e-02 0.000000000000000000e+00 5.000000000000000000e+01 0.000000000000000000e+00
4.083091616630554199e-01 2.040187567472457886e-01 -4.958312213420867920e-01 -5.003326535224914551e-01 -2.673903274536132812e+01 0.000000000000000000e+00 -1.106835063546895981e-02 0.000000000000000000e+00 5.000000000000000000e+01 0.000000000000000000e+00
4.083091616630554199e-01 2.040187567472457886e-01 -4.958312213420867920e-01 -5.003326535224914551e-01 -2.673903274536132812e+01 0.000000000000000000e+00 -1.106835063546895981e-02 0.000000000000000000e+00 5.000000000000000000e+01 0.000000000000000000e+00
4.083091616630554199e-01 2.040187567472457886e-01 -4.958312213420867920e-01 -5.003326535224914551e-01 -2.673903274536132812e+01 0.000000000000000000e+00 -1.106835063546895981e-02 0.000000000000000000e+00 5.000000000000000000e+01 0.000000000000000000e+00
4.083091616630554199e-01 2.040187567472457886e-01 -4.958312213420867920e-01 -5.003326535224914551e-01 -2.673903274536132812e+01 0.000000000000000000e+00 -1.106835063546895981e-02 0.000000000000000000e+00 5.000000000000000000e+01 0.000000000000000000e+00
4.083091616630554199e-01 2.040187567472457886e-01 -4.958312213420867920e-01 -5.003326535224914551e-01 -2.673903274536132812e+01 0.000000000000000000e+00 -1.106835063546895981e-02 0.000000000000000000e+00 5.000000000000000000e+01 0.000000000000000000e+00
4.083091616630554199e-01 2.040187567472457886e-01 -4.958312213420867920e-01 -5.003326535224914551e-01 -2.673903274536132812e+01 0.000000000000000000e+00 -1.106835063546895981e-02 0.000000000000000000e+00 5.000000000000000000e+01 0.000000000000000000e+00
4.083091616630554199e-01 2.040187567472457886e-01 -4.958312213420867920e-01 -5.003326535224914551e-01 -2.673903274536132812e+01 0.000000000000000000e+00 -1.106835063546895981e-02 0.000000000000000000e+00 5.000000000000000000e+01 0.000000000000000000e+00
4.083091616630554199e-01 2.040187567472457886e-01 -4.958312213420867920e-01 -5.003326535224914551e-01 -2.673903274536132812e+01 0.000000000000000000e+00 -1.106835063546895981e-02 0.000000000000000000e+00 5.000000000000000000e+01 0.000000000000000000e+00
4.083091616630554199e-01 2.040187567472457886e-01 -4.958312213420867920e-01 -5.003326535224914551e-01 -2.673903274536132812e+01 0.000000000000000000e+00 -1.106835063546895981e-02 0.000000000000000000e+00 5.000000000000000000e+01 0.000000000000000000e+00
4.083091616630554199e-01 2.040187567472457886e-01 -4.958312213420867920e-01 -5.003326535224914551e-01 -2.673903274536132812e+01 0.000000000000000000e+00 -1.106835063546895981e-02 0.000000000000000000e+00 5.000000000000000000e+01 0.000000000000000000e+00
4.083091616630554199e-01 2.040187567472457886e-01 -4.958312213420867920e-01 -5.003326535224914551e-01 -2.673903274536132812e+01 0.000000000000000000e+00 -1.106835063546895981e-02 0.000000000000000000e+00 5.000000000000000000e+01 0.000000000000000000e+00
4.083091616630554199e-01 2.040187567472457886e-01 -4.958312213420867920e-01 -5.003326535224914551e-01 -2.673903274536132812e+01 0.000000000000000000e+00 -1.106835063546895981e-02 0.000000000000000000e+00 5.000000000000000000e+01 0.000000000000000000e+00
4.083091616630554199e-01 2.040187567472457886e-01 -4.958312213420867920e-01 -5.003326535224914551e-01 -2.673903274536132812e+01 0.000000000000000000e+00 -1.106835063546895981e-02 0.000000000000000000e+00 5.000000000000000000e+01 0.000000000000000000e+00
4.083091616630554199e-01 2.040187567472457886e-01 -4.958312213420867920e-01 -5.003326535224914551e-01 -2.673903274536132812e+01 0.000000000000000000e+00 -1.106835063546895981e-02 0.000000000000000000e+00 5.000000000000000000e+01 0.000000000000000000e+00
4.083091616630554199e-01 2.040187567472457886e-01 -4.958312213420867920e-01 -5.003326535224914551e-01 -2.673903274536132812e+01 0.000000000000000000e+00 -1.106835063546895981e-02 0.000000000000000000e+00 5.000000000000000000e+01 0.000000000000000000e+00
4.083091616630554199e-01 2.040187567472457886e-01 -4.958312213420867920e-01 -5.003326535224914551e-01 -2.673903274536132812e+01 0.000000000000000000e+00 -1.106835063546895981e-02 0.000000000000000000e+00 5.000000000000000000e+01 0.000000000000000000e+00
4.083091616630554199e-01 2.040187567472457886e-01 -4.958312213420867920e-01 -5.003326535224914551e-01 -2.673903274536132812e+01 0.000000000000000000e+00 -1.106835063546895981e-02 0.000000000000000000e+00 5.000000000000000000e+01 0.000000000000000000e+00
4.083091616630554199e-01 2.040187567472457886e-01 -4.958312213420867920e-01 -5.003326535224914551e-01 -2.673903274536132812e+01 0.000000000000000000e+00 -1.106835063546895981e-02 0.000000000000000000e+00 5.000000000000000000e+01 0.000000000000000000e+00
4.083091616630554199e-01 2.040187567472457886e-01 -4.958312213420867920e-01 -5.003326535224914551e-01 -2.673903274536132812e+01 0.000000000000000000e+00 -1.106835063546895981e-02 0.000000000000000000e+00 5.000000000000000000e+01 0.000000000000000000e+00
4.083091616630554199e-01 2.040187567472457886e-01 -4.958312213420867920e-01 -5.003326535224914551e-01 -2.673903274536132812e+01 0.000000000000000000e+00 -1.106835063546895981e-02 0.000000000000000000e+00 5.000000000000000000e+01 0.000000000000000000e+00
4.083091616630554199e-01 2.040187567472457886e-01 -4.958312213420867920e-01 -5.003326535224914551e-01 -2.673903274536132812e+01 0.000000000000000000e+00 -1.106835063546895981e-02 0.000000000000000000e+00 5.000000000000000000e+01 0.000000000000000000e+00
4.083091616630554199e-01 2.040187567472457886e-01 -4.958312213420867920e-01 -5.003326535224914551e-01 -2.673903274536132812e+01 0.000000000000000000e+00 -1.106835063546895981e-02 0.000000000000000000e+00 5.000000000000000000e+01 0.000000000000000000e+00
4.083091616630554199e-01 2.040187567472457886e-01 -4.958312213420867920e-01 -5.003326535224914551e-01 -2.673903274536132812e+01 0.000000000000000000e+00 -1.106835063546895981e-02 0.000000000000000000e+00 5.000000000000000000e+01 0.000000000000000000e+00
4.083091616630554199e-01 2.040187567472457886e-01 -4.958312213420867920e-01 -5.003326535224914551e-01 -2.673903274536132812e+01 0.000000000000000000e+00 -1.106835063546895981e-02 0.000000000000000000e+00 5.000000000000000000e+01 0.000000000000000000e+00
4.083091616630554199e-01 2.040187567472457886e-01 -4.958312213420867920e-01 -5.003326535224914551e-01 -2.673903274536132812e+01 0.000000000000000000e+00 -1.106835063546895981e-02 0.000000000000000000e+00 5.000000000000000000e+01 0.000000000000000000e+00
4.083091616630554199e-01 2.040187567472457886e-01 -4.958312213420867920e-01 -5.003326535224914551e-01 -2.673903274536132812e+01 0.000000000000000000e+00 -1.106835063546895981e-02 0.000000000000000000e+00 5.000000000000000000e+01 0.000000000000000000e+00
4.083091616630554199e-01 2.040187567472457886e-01 -4.958312213420867920e-01 -5.003326535224914551e-01 -2.673903274536132812e+01 0.000000000000000000e+00 -1.106835063546895981e-02 0.000000000000000000e+00 5.000000000000000000e+01 0.000000000000000000e+00
4.083091616630554199e-01 2.040187567472457886e-01 -4.958312213420867920e-01 -5.003326535224914551e-01 -2.673903274536132812e+01 0.000000000000000000e+00 -1.106835063546895981e-02 0.000000000000000000e+00 5.000000000000000000e+01 0.000000000000000000e+00
4.083091616630554199e-01 2.040187567472457886e-01 -4.958312213420867920e-01 -5.003326535224914551e-01 -2.673903274536132812e+01 0.000000000000000000e+00 -1.106835063546895981e-02 0.000000000000000000e+00 5.000000000000000000e+01 0.000000000000000000e+00
4.083091616630554199e-01 2.040187567472457886e-01 -4.958312213420867920e-01 -5.003326535224914551e-01 -2.673903274536132812e+01 0.000000000000000000e+00 -1.106835063546895981e-02 0.000000000000000000e+00 5.000000000000000000e+01 0.000000000000000000e+00
4.083091616630554199e-01 2.040187567472457886e-01 -4.958312213420867920e-01 -5.003326535224914551e-01 -2.673903274536132812e+01 0.000000000000000000e+00 -1.106835063546895981e-02 0.000000000000000000e+00 5.000000000000000000e+01 0.000000000000000000e+00
4.083091616630554199e-01 2.040187567472457886e-01 -4.958312213420867920e-01 -5.003326535224914551e-01 -2.673903274536132812e+01 0.000000000000000000e+00 -1.106835063546895981e-02 0.000000000000000000e+00 5.000000000000000000e+01 0.000000000000000000e+00
4.083091616630554199e-01 2.040187567472457886e-01 -4.958312213420867920e-01 -5.003326535224914551e-01 -2.673903274536132812e+01 0.000000000000000000e+00 -1.106835063546895981e-02 0.000000000000000000e+00 5.000000000000000000e+01 0.000000000000000000e+00
4.083091616630554199e-01 2.040187567472457886e-01 -4.958312213420867920e-01 -5.003326535224914551e-01 -2.673903274536132812e+01 0.000000000000000000e+00 -1.106835063546895981e-02 0.000000000000000000e+00 5.000000000000000000e+01 0.000000000000000000e+00
4.083091616630554199e-01 2.040187567472457886e-01 -4.958312213420867920e-01 -5.003326535224914551e-01 -2.673903274536132812e+01 0.000000000000000000e+00 -1.106835063546895981e-02 0.000000000000000000e+00 5.000000000000000000e+01 0.000000000000000000e+00
4.083091616630554199e-01 2.040187567472457886e-01 -4.958312213420867920e-01 -5.003326535224914551e-01 -2.673903274536132812e+01 0.000000000000000000e+00 -1.106835063546895981e-02 0.000000000000000000e+00 5.000000000000000000e+01 0.000000000000000000e+00
4.083091616630554199e-01 2.040187567472457886e-01 -4.958312213420867920e-01 -5.003326535224914551e-01 -2.673903274536132812e+01 0.000000000000000000e+00 -1.106835063546895981e-02 0.000000000000000000e+00 5.000000000000000000e+01 0.000000000000000000e+00
4.083091616630554199e-01 2.040187567472457886e-01 -4.958312213420867920e-01 -5.003326535224914551e-01 -2.673903274536132812e+01 0.000000000000000000e+00 -1.106835063546895981e-02 0.000000000000000000e+00 5.000000000000000000e+01 0.000000000000000000e+00
4.083091616630554199e-01 2.040187567472457886e-01 -4.958312213420867920e-01 -5.003326535224914551e-01 -2.673903274536132812e+01 0.000000000000000000e+00 -1.106835063546895981e-02 0.000000000000000000e+00 5.000000000000000000e+01 0.000000000000000000e+00
4.083091616630554199e-01 2.040187567472457886e-01 -4.958312213420867920e-01 -5.003326535224914551e-01 -2.673903274536132812e+01 0.000000000000000000e+00 -1.106835063546895981e-02 0.000000000000000000e+00 5.000000000000000000e+01 0.000000000000000000e+00
4.083091616630554199e-01 2.040187567472457886e-01 -4.958312213420867920e-01 -5.003326535224914551e-01 -2.673903274536132812e+01 0.000000000000000000e+00 -1.106835063546895981e-02 0.000000000000000000e+00 5.000000000000000000e+01 0.000000000000000000e+00
4.083091616630554199e-01 2.040187567472457886e-01 -4.958312213420867920e-01 -5.003326535224914551e-01 -2.673903274536132812e+01 0.000000000000000000e+00 -1.106835063546895981e-02 0.000000000000000000e+00 5.000000000000000000e+01 0.000000000000000000e+00
4.083091616630554199e-01 2.040187567472457886e-01 -4.958312213420867920e-01 -5.003326535224914551e-01 -2.673903274536132812e+01 0.000000000000000000e+00 -1.106835063546895981e-02 0.000000000000000000e+00 5.000000000000000000e+01 0.000000000000000000e+00
4.083091616630554199e-01 2.040187567472457886e-01 -4.958312213420867920e-01 -5.003326535224914551e-01 -2.673903274536132812e+01 0.000000000000000000e+00 -1.106835063546895981e-02 0.000000000000000000e+00 5.000000000000000000e+01 0.000000000000000000e+00
4.083091616630554199e-01 2.040187567472457886e-01 -4.958312213420867920e-01 -5.003326535224914551e-01 -2.673903274536132812e+01 0.000000000000000000e+00 -1.106835063546895981e-02 0.000000000000000000e+00 5.000000000000000000e+01 0.000000000000000000e+00
4.083091616630554199e-01 2.040187567472457886e-01 -4.958312213420867920e-01 -5.003326535224914551e-01 -2.673903274536132812e+01 0.000000000000000000e+00 -1.106835063546895981e-02 0.000000000000000000e+00 5.000000000000000000e+01 0.000000000000000000e+00
4.083091616630554199e-01 2.040187567472457886e-01 -4.958312213420867920e-01 -5.003326535224914551e-01 -2.673903274536132812e+01 0.000000000000000000e+00 -1.106835063546895981e-02 0.000000000000000000e+00 5.000000000000000000e+01 0.000000000000000000e+00
4.083091616630554199e-01 2.040187567472457886e-01 -4.958312213420867920e-01 -5.003326535224914551e-01 -2.673903274536132812e+01 0.000000000000000000e+00 -1.106835063546895981e-02 0.000000000000000000e+00 5.000000000000000000e+01 0.000000000000000000e+00
