4.680949151515960693e-01 8.099543452262878418e-01 7.408312559127807617e-01 7.303207516670227051e-01 -3.674610137939453125e+01 -2.803490257263183594e+01 -1.521067507565021515e-02 -4.023681581020355225e-02 2.840000000000000000e+02 2.340000000000000000e+02
4.680949151515960693e-01 8.099436163902282715e-01 7.408092617988586426e-01 7.302978038787841797e-01 -3.439540100097656250e+01 -2.568420410156250000e+01 -1.423762645572423935e-02 -3.686299920082092285e-02 2.710000000000000000e+02 2.210000000000000000e+02
4.680949151515960693e-01 8.099284768104553223e-01 7.407769560813903809e-01 7.302654981613159180e-01 -3.384053802490234375e+01 -2.512934112548828125e+01 -1.400794647634029388e-02 -3.606663644313812256e-02 2.670000000000000000e+02 2.170000000000000000e+02
4.680949151515960693e-01 8.098948001861572266e-01 7.407060861587524414e-01 7.301935553550720215e-01 -3.320798110961914062e+01 -2.449678039550781250e+01 -1.374610606580972672e-02 -3.515876084566116333e-02 2.620000000000000000e+02 2.120000000000000000e+02
4.680949151515960693e-01 8.098860979080200195e-01 7.406876683235168457e-01 7.301749587059020996e-01 -3.308411407470703125e+01 -2.437291336059570312e+01 -1.369483210146427155e-02 -3.498098254203796387e-02 2.610000000000000000e+02 2.110000000000000000e+02
4.680949151515960693e-01 8.098573088645935059e-01 7.406266331672668457e-01 7.301134467124938965e-01 -3.276408767700195312e+01 -2.405289077758789062e+01 -1.356236077845096588e-02 -3.452167287468910217e-02 2.580000000000000000e+02 2.080000000000000000e+02
4.680949151515960693e-01 8.098461031913757324e-01 7.406037449836730957e-01 7.300894856452941895e-01 -3.263360214233398438e+01 -2.392240524291992188e+01 -1.350834779441356659e-02 -3.433439508080482483e-02 2.570000000000000000e+02 2.070000000000000000e+02
4.680949151515960693e-01 8.097907304763793945e-01 7.404816746711730957e-01 7.299712300300598145e-01 -3.220283126831054688e+01 -2.349163436889648438e+01 -1.333003398030996323e-02 -3.371613472700119019e-02 2.560000000000000000e+02 2.060000000000000000e+02
4.680949151515960693e-01 8.097801208496093750e-01 7.404591441154479980e-01 7.299485802650451660e-01 -3.213188171386718750e+01 -2.342068481445312500e+01 -1.330066565424203873e-02 -3.361430391669273376e-02 2.540000000000000000e+02 2.040000000000000000e+02
4.680949151515960693e-01 8.096044659614562988e-01 7.401170134544372559e-01 7.295733094215393066e-01 -3.111153793334960938e+01 -2.240034103393554688e+01 -1.287830434739589691e-02 -3.214986622333526611e-02 2.520000000000000000e+02 2.020000000000000000e+02
4.680949151515960693e-01 8.095991611480712891e-01 7.401060461997985840e-01 7.295619845390319824e-01 -3.108256149291992188e+01 -2.237136459350585938e+01 -1.286630984395742416e-02 -3.210827708244323730e-02 2.510000000000000000e+02 2.010000000000000000e+02
4.680949151515960693e-01 8.090111613273620605e-01 7.387962937355041504e-01 7.283058166503906250e-01 -2.911916351318359375e+01 -2.040796661376953125e+01 -1.205358188599348068e-02 -2.929033152759075165e-02 2.380000000000000000e+02 1.880000000000000000e+02
4.680949151515960693e-01 8.085450530052185059e-01 7.377630472183227539e-01 7.273100614547729492e-01 -2.820030021667480469e+01 -1.948910331726074219e+01 -1.167322788387537003e-02 -2.797154150903224945e-02 2.330000000000000000e+02 1.830000000000000000e+02
4.680949151515960693e-01 8.082454204559326172e-01 7.371619939804077148e-01 7.266699671745300293e-01 -2.776472854614257812e+01 -1.905352973937988281e+01 -1.149292662739753723e-02 -2.734638936817646027e-02 2.260000000000000000e+02 1.760000000000000000e+02
4.680949151515960693e-01 8.073136210441589355e-01 7.351878881454467773e-01 7.246793508529663086e-01 -2.672788047790527344e+01 -1.801668357849121094e+01 -1.106373406946659088e-02 -2.585826627910137177e-02 2.190000000000000000e+02 1.690000000000000000e+02
4.680949151515960693e-01 8.069341778755187988e-01 7.342392802238464355e-01 7.238687276840209961e-01 -2.638035392761230469e+01 -1.766915512084960938e+01 -1.091987919062376022e-02 -2.535947971045970917e-02 2.160000000000000000e+02 1.660000000000000000e+02
4.680949151515960693e-01 8.068997263908386230e-01 7.341600060462951660e-01 7.237951159477233887e-01 -2.635306739807128906e+01 -1.764186859130859375e+01 -1.090858411043882370e-02 -2.532031573355197906e-02 2.150000000000000000e+02 1.650000000000000000e+02
4.680949151515960693e-01 8.058552145957946777e-01 7.317271232604980469e-01 7.215636968612670898e-01 -2.566755676269531250e+01 -1.695635986328125000e+01 -1.062482409179210663e-02 -2.433644607663154602e-02 2.090000000000000000e+02 1.590000000000000000e+02
4.680949151515960693e-01 8.046515583992004395e-01 7.293344140052795410e-01 7.189922928810119629e-01 -2.494060516357421875e+01 -1.622940826416015625e+01 -1.032391004264354706e-02 -2.329309657216072083e-02 2.050000000000000000e+02 1.550000000000000000e+02
4.680949151515960693e-01 8.031352162361145020e-01 7.263811230659484863e-01 7.157528996467590332e-01 -2.414987564086914062e+01 -1.543867683410644531e+01 -9.996595792472362518e-03 -2.215820737183094025e-02 2.040000000000000000e+02 1.540000000000000000e+02
4.680949151515960693e-01 7.932094931602478027e-01 7.053858041763305664e-01 6.945484280586242676e-01 -2.004030609130859375e+01 -1.132910823822021484e+01 -8.295481093227863312e-03 -1.625999063253402710e-02 1.850000000000000000e+02 1.350000000000000000e+02
4.680949151515960693e-01 7.881458997726440430e-01 6.939329504966735840e-01 6.837309598922729492e-01 -1.893586540222167969e+01 -1.022466850280761719e+01 -7.838308811187744141e-03 -1.467485353350639343e-02 1.740000000000000000e+02 1.240000000000000000e+02
4.680949151515960693e-01 7.723135948181152344e-01 6.608955264091491699e-01 6.499081254005432129e-01 -1.664708900451660156e+01 -7.935891151428222656e+00 -6.890892982482910156e-03 -1.138990838080644608e-02 1.620000000000000000e+02 1.120000000000000000e+02
4.680949151515960693e-01 7.584855556488037109e-01 6.329464316368103027e-01 6.203669905662536621e-01 -1.507461929321289062e+01 -6.363421440124511719e+00 -6.239985115826129913e-03 -9.133037179708480835e-03 1.530000000000000000e+02 1.030000000000000000e+02
4.680949151515960693e-01 7.473605275154113770e-01 6.076192259788513184e-01 5.966004133224487305e-01 -1.405924892425537109e+01 -5.348051548004150391e+00 -5.819682963192462921e-03 -7.675737608224153519e-03 1.430000000000000000e+02 9.300000000000000000e+01
4.680949151515960693e-01 7.422077059745788574e-01 5.973064899444580078e-01 5.855923295021057129e-01 -1.365110015869140625e+01 -4.939902782440185547e+00 -5.650734063237905502e-03 -7.089946419000625610e-03 1.390000000000000000e+02 8.900000000000000000e+01
4.680949151515960693e-01 7.310194373130798340e-01 5.727003216743469238e-01 5.616906285285949707e-01 -1.293840026855468750e+01 -4.227202415466308594e+00 -5.355719011276960373e-03 -6.067050155252218246e-03 1.330000000000000000e+02 8.300000000000000000e+01
4.680949151515960693e-01 7.209770679473876953e-01 5.503897070884704590e-01 5.402368903160095215e-01 -1.234549999237060547e+01 -3.634302377700805664e+00 -5.110294092446565628e-03 -5.216096527874469757e-03 1.290000000000000000e+02 7.900000000000000000e+01
4.680949151515960693e-01 7.163825631141662598e-01 5.385869741439819336e-01 5.304216146469116211e-01 -1.208469009399414062e+01 -3.373492240905761719e+00 -5.002334713935852051e-03 -4.841770976781845093e-03 1.260000000000000000e+02 7.600000000000000000e+01
4.680949151515960693e-01 6.657037138938903809e-01 4.300189614295959473e-01 4.221554100513458252e-01 -1.014241790771484375e+01 -1.431220173835754395e+00 -4.198350943624973297e-03 -2.054144628345966339e-03 1.020000000000000000e+02 5.200000000000000000e+01
4.680949151515960693e-01 6.478132605552673340e-01 3.870775401592254639e-01 3.839356899261474609e-01 -9.769420623779296875e+00 -1.058223247528076172e+00 -4.043952096253633499e-03 -1.518804347142577171e-03 9.300000000000000000e+01 4.300000000000000000e+01
4.680949151515960693e-01 6.316300630569458008e-01 3.517460525035858154e-01 3.493632078170776367e-01 -9.529768943786621094e+00 -8.185717463493347168e-01 -3.944750875234603882e-03 -1.174846896901726723e-03 8.500000000000000000e+01 3.500000000000000000e+01
4.680949151515960693e-01 6.113393902778625488e-01 3.101145625114440918e-01 3.060158789157867432e-01 -9.305664062500000000e+00 -5.944665670394897461e-01 -3.851985093206167221e-03 -8.532022475264966488e-04 7.900000000000000000e+01 2.900000000000000000e+01
4.680949151515960693e-01 5.944813489913940430e-01 2.689986228942871094e-01 2.700017094612121582e-01 -9.156972885131835938e+00 -4.457747936248779297e-01 -3.790435846894979477e-03 -6.397938122972846031e-04 7.500000000000000000e+01 2.500000000000000000e+01
4.680949151515960693e-01 5.884661674499511719e-01 2.557435333728790283e-01 2.571513652801513672e-01 -9.110942840576171875e+00 -3.997457623481750488e-01 -3.771382151171565056e-03 -5.737311439588665962e-04 7.300000000000000000e+01 2.300000000000000000e+01
4.680949151515960693e-01 5.811405777931213379e-01 2.387317419052124023e-01 2.415015846490859985e-01 -9.061248779296875000e+00 -3.500509858131408691e-01 -3.750811796635389328e-03 -5.024072015658020973e-04 7.100000000000000000e+01 2.100000000000000000e+01
4.680949151515960693e-01 5.724432468414306641e-01 2.173500061035156250e-01 2.229213118553161621e-01 -9.010215759277343750e+00 -2.990179061889648438e-01 -3.729687072336673737e-03 -4.291624645702540874e-04 6.700000000000000000e+01 1.700000000000000000e+01
4.680949151515960693e-01 5.648263692855834961e-01 2.009683400392532349e-01 2.066492289304733276e-01 -8.970308303833007812e+00 -2.591114044189453125e-01 -3.713167971000075340e-03 -3.718870575539767742e-04 6.500000000000000000e+01 1.500000000000000000e+01
4.680949151515960693e-01 5.090681314468383789e-01 8.306424319744110107e-02 8.753185719251632690e-02 -8.766370773315429688e+00 -5.517423152923583984e-02 -3.628750098869204521e-03 -7.918827031971886754e-05 5.800000000000000000e+01 8.000000000000000000e+00
4.680949151515960693e-01 5.007339119911193848e-01 6.574444472789764404e-02 6.972730159759521484e-02 -8.748956680297851562e+00 -3.775954246520996094e-02 -3.621541662141680717e-03 -5.419400622486136854e-05 5.600000000000000000e+01 6.000000000000000000e+00
4.680949151515960693e-01 4.953230321407318115e-01 5.362424254417419434e-02 5.816794186830520630e-02 -8.741508483886718750e+00 -3.031051158905029297e-02 -3.618458518758416176e-03 -4.350285962573252618e-05 5.500000000000000000e+01 5.000000000000000000e+00
4.680949151515960693e-01 4.877102077007293701e-01 3.696985542774200439e-02 4.190452024340629578e-02 -8.732507705688476562e+00 -2.131003141403198242e-02 -3.614732762798666954e-03 -3.058501170016825199e-05 5.400000000000000000e+01 4.000000000000000000e+00
4.680949151515960693e-01 4.728496968746185303e-01 3.773184958845376968e-03 1.015772949904203415e-02 -8.718619346618652344e+00 -7.421970367431640625e-03 -3.608983708545565605e-03 -1.065230935637373477e-05 5.200000000000000000e+01 2.000000000000000000e+00
4.680949151515960693e-01 4.664662182331085205e-01 -8.716328069567680359e-03 -3.479416016489267349e-03 -8.713409423828125000e+00 -2.212226390838623047e-03 -3.606827231124043465e-03 -3.175076017214450985e-06 5.100000000000000000e+01 1.000000000000000000e+00
4.680949151515960693e-01 4.664662182331085205e-01 -8.716328069567680359e-03 -3.479416016489267349e-03 -8.713409423828125000e+00 -2.212226390838623047e-03 -3.606827231124043465e-03 -3.175076017214450985e-06 5.100000000000000000e+01 1.000000000000000000e+00
4.680949151515960693e-01 4.664662182331085205e-01 -8.716328069567680359e-03 -3.479416016489267349e-03 -8.713409423828125000e+00 -2.212226390838623047e-03 -3.606827231124043465e-03 -3.175076017214450985e-06 5.100000000000000000e+01 1.000000000000000000e+00
4.680949151515960693e-01 4.664662182331085205e-01 -8.716328069567680359e-03 -3.479416016489267349e-03 -8.713409423828125000e+00 -2.212226390838623047e-03 -3.606827231124043465e-03 -3.175076017214450985e-06 5.100000000000000000e+01 1.000000000000000000e+00
4.680949151515960693e-01 4.664662182331085205e-01 -8.716328069567680359e-03 -3.479416016489267349e-03 -8.713409423828125000e+00 -2.212226390838623047e-03 -3.606827231124043465e-03 -3.175076017214450985e-06 5.100000000000000000e+01 1.000000000000000000e+00
4.680949151515960693e-01 4.664662182331085205e-01 -8.716328069567680359e-03 -3.479416016489267349e-03 -8.713409423828125000e+00 -2.212226390838623047e-03 -3.606827231124043465e-03 -3.175076017214450985e-06 5.100000000000000000e+01 1.000000000000000000e+00
4.680949151515960693e-01 4.664662182331085205e-01 -8.716328069567680359e-03 -3.479416016489267349e-03 -8.713409423828125000e+00 -2.212226390838623047e-03 -3.606827231124043465e-03 -3.175076017214450985e-06 5.100000000000000000e+01 1.000000000000000000e+00
4.680949151515960693e-01 4.664662182331085205e-01 -8.716328069567680359e-03 -3.479416016489267349e-03 -8.713409423828125000e+00 -2.212226390838623047e-03 -3.606827231124043465e-03 -3.175076017214450985e-06 5.100000000000000000e+01 1.000000000000000000e+00
4.680949151515960693e-01 4.407983422279357910e-01 -6.117171049118041992e-02 -5.831418558955192566e-02 -8.711196899414062500e+00 0.000000000000000000e+00 -3.605911275371909142e-03 0.000000000000000000e+00 5.000000000000000000e+01 0.000000000000000000e+00
4.680949151515960693e-01 4.407983422279357910e-01 -6.117171049118041992e-02 -5.831418558955192566e-02 -8.711196899414062500e+00 0.000000000000000000e+00 -3.605911275371909142e-03 0.000000000000000000e+00 5.000000000000000000e+01 0.000000000000000000e+00
4.680949151515960693e-01 4.407983422279357910e-01 -6.117171049118041992e-02 -5.831418558955192566e-02 -8.711196899414062500e+00 0.000000000000000000e+00 -3.605911275371909142e-03 0.000000000000000000e+00 5.000000000000000000e+01 0.000000000000000000e+00
4.680949151515960693e-01 4.407983422279357910e-01 -6.117171049118041992e-02 -5.831418558955192566e-02 -8.711196899414062500e+00 0.000000000000000000e+00 -3.605911275371909142e-03 0.000000000000000000e+00 5.000000000000000000e+01 0.000000000000000000e+00
4.680949151515960693e-01 4.407983422279357910e-01 -6.117171049118041992e-02 -5.831418558955192566e-02 -8.711196899414062500e+00 0.000000000000000000e+00 -3.605911275371909142e-03 0.000000000000000000e+00 5.000000000000000000e+01 0.000000000000000000e+00
4.680949151515960693e-01 4.407983422279357910e-01 -6.117171049118041992e-02 -5.831418558955192566e-02 -8.711196899414062500e+00 0.000000000000000000e+00 -3.605911275371909142e-03 0.000000000000000000e+00 5.000000000000000000e+01 0.000000000000000000e+00
4.680949151515960693e-01 4.407983422279357910e-01 -6.117171049118041992e-02 -5.831418558955192566e-02 -8.711196899414062500e+00 0.000000000000000000e+00 -3.605911275371909142e-03 0.000000000000000000e+00 5.000000000000000000e+01 0.000000000000000000e+00
4.680949151515960693e-01 4.407983422279357910e-01 -6.117171049118041992e-02 -5.831418558955192566e-02 -8.711196899414062500e+00 0.000000000000000000e+00 -3.605911275371909142e-03 0.000000000000000000e+00 5.000000000000000000e+01 0.000000000000000000e+00
4.680949151515960693e-01 4.407983422279357910e-01 -6.117171049118041992e-02 -5.831418558955192566e-02 -8.711196899414062500e+00 0.000000000000000000e+00 -3.605911275371909142e-03 0.000000000000000000e+00 5.000000000000000000e+01 0.000000000000000000e+00
4.680949151515960693e-01 4.407983422279357910e-01 -6.117171049118041992e-02 -5.831418558955192566e-02 -8.711196899414062500e+00 0.000000000000000000e+00 -3.605911275371909142e-03 0.000000000000000000e+00 5.000000000000000000e+01 0.000000000000000000e+00
4.680949151515960693e-01 4.407983422279357910e-01 -6.117171049118041992e-02 -5.831418558955192566e-02 -8.711196899414062500e+00 0.000000000000000000e+00 -3.605911275371909142e-03 0.000000000000000000e+00 5.000000000000000000e+01 0.000000000000000000e+00
4.680949151515960693e-01 4.407983422279357910e-01 -6.117171049118041992e-02 -5.831418558955192566e-02 -8.711196899414062500e+00 0.000000000000000000e+00 -3.605911275371909142e-03 0.000000000000000000e+00 5.000000000000000000e+01 0.000000000000000000e+00
4.680949151515960693e-01 4.407983422279357910e-01 -6.117171049118041992e-02 -5.831418558955192566e-02 -8.711196899414062500e+00 0.000000000000000000e+00 -3.605911275371909142e-03 0.000000000000000000e+00 5.000000000000000000e+01 0.000000000000000000e+00
4.680949151515960693e-01 4.407983422279357910e-01 -6.117171049118041992e-02 -5.831418558955192566e-02 -8.711196899414062500e+00 0.000000000000000000e+00 -3.605911275371909142e-03 0.000000000000000000e+00 5.000000000000000000e+01 0.000000000000000000e+00
4.680949151515960693e-01 4.407983422279357910e-01 -6.117171049118041992e-02 -5.831418558955192566e-02 -8.711196899414062500e+00 0.000000000000000000e+00 -3.605911275371909142e-03 0.000000000000000000e+00 5.000000000000000000e+01 0.000000000000000000e+00
4.680949151515960693e-01 4.407983422279357910e-01 -6.117171049118041992e-02 -5.831418558955192566e-02 -8.711196899414062500e+00 0.000000000000000000e+00 -3.605911275371909142e-03 0.000000000000000000e+00 5.000000000000000000e+01 0.000000000000000000e+00
4.680949151515960693e-01 4.407983422279357910e-01 -6.117171049118041992e-02 -5.831418558955192566e-02 -8.711196899414062500e+00 0.000000000000000000e+00 -3.605911275371909142e-03 0.000000000000000000e+00 5.000000000000000000e+01 0.000000000000000000e+00
4.680949151515960693e-01 4.407983422279357910e-01 -6.117171049118041992e-02 -5.831418558955192566e-02 -8.711196899414062500e+00 0.000000000000000000e+00 -3.605911275371909142e-03 0.000000000000000000e+00 5.000000000000000000e+01 0.000000000000000000e+00
4.680949151515960693e-01 4.407983422279357910e-01 -6.117171049118041992e-02 -5.831418558955192566e-02 -8.711196899414062500e+00 0.000000000000000000e+00 -3.605911275371909142e-03 0.000000000000000000e+00 5.000000000000000000e+01 0.000000000000000000e+00
4.680949151515960693e-01 4.407983422279357910e-01 -6.117171049118041992e-02 -5.831418558955192566e-02 -8.711196899414062500e+00 0.000000000000000000e+00 -3.605911275371909142e-03 0.000000000000000000e+00 5.000000000000000000e+01 0.000000000000000000e+00
4.680949151515960693e-01 4.407983422279357910e-01 -6.117171049118041992e-02 -5.831418558955192566e-02 -8.711196899414062500e+00 0.000000000000000000e+00 -3.605911275371909142e-03 0.000000000000000000e+00 5.000000000000000000e+01 0.000000000000000000e+00
4.680949151515960693e-01 4.407983422279357910e-01 -6.117171049118041992e-02 -5.831418558955192566e-02 -8.711196899414062500e+00 0.000000000000000000e+00 -3.605911275371909142e-03 0.000000000000000000e+00 5.000000000000000000e+01 0.000000000000000000e+00
4.680949151515960693e-01 4.407983422279357910e-01 -6.117171049118041992e-02 -5.831418558955192566e-02 -8.711196899414062500e+00 0.000000000000000000e+00 -3.605911275371909142e-03 0.000000000000000000e+00 5.000000000000000000e+01 0.000000000000000000e+00
4.680949151515960693e-01 4.407983422279357910e-01 -6.117171049118041992e-02 -5.831418558955192566e-02 -8.711196899414062500e+00 0.000000000000000000e+00 -3.605911275371909142e-03 0.000000000000000000e+00 5.000000000000000000e+01 0.000000000000000000e+00
4.680949151515960693e-01 4.407983422279357910e-01 -6.117171049118041992e-02 -5.831418558955192566e-02 -8.711196899414062500e+00 0.000000000000000000e+00 -3.605911275371909142e-03 0.000000000000000000e+00 5.000000000000000000e+01 0.000000000000000000e+00
4.680949151515960693e-01 4.407983422279357910e-01 -6.117171049118041992e-02 -5.831418558955192566e-02 -8.711196899414062500e+00 0.000000000000000000e+00 -3.605911275371909142e-03 0.000000000000000000e+00 5.000000000000000000e+01 0.000000000000000000e+00
4.680949151515960693e-01 4.407983422279357910e-01 -6.117171049118041992e-02 -5.831418558955192566e-02 -8.711196899414062500e+00 0.000000000000000000e+00 -3.605911275371909142e-03 0.000000000000000000e+00 5.000000000000000000e+01 0.000000000000000000e+00
4.680949151515960693e-01 4.407983422279357910e-01 -6.117171049118041992e-02 -5.831418558955192566e-02 -8.711196899414062500e+00 0.000000000000000000e+00 -3.605911275371909142e-03 0.000000000000000000e+00 5.000000000000000000e+01 0.000000000000000000e+00
4.680949151515960693e-01 4.407983422279357910e-01 -6.117171049118041992e-02 -5.831418558955192566e-02 -8.711196899414062500e+00 0.000000000000000000e+00 -3.605911275371909142e-03 0.000000000000000000e+00 5.000000000000000000e+01 0.000000000000000000e+00
4.680949151515960693e-01 4.407983422279357910e-01 -6.117171049118041992e-02 -5.831418558955192566e-02 -8.711196899414062500e+00 0.000000000000000000e+00 -3.605911275371909142e-03 0.000000000000000000e+00 5.000000000000000000e+01 0.000000000000000000e+00
4.680949151515960693e-01 4.407983422279357910e-01 -6.117171049118041992e-02 -5.831418558955192566e-02 -8.711196899414062500e+00 0.000000000000000000e+00 -3.605911275371909142e-03 0.000000000000000000e+00 5.000000000000000000e+01 0.000000000000000000e+00
4.680949151515960693e-01 4.407983422279357910e-01 -6.117171049118041992e-02 -5.831418558955192566e-02 -8.711196899414062500e+00 0.000000000000000000e+00 -3.605911275371909142e-03 0.000000000000000000e+00 5.000000000000000000e+01 0.000000000000000000e+00
4.680949151515960693e-01 4.407983422279357910e-01 -6.117171049118041992e-02 -5.831418558955192566e-02 -8.711196899414062500e+00 0.000000000000000000e+00 -3.605911275371909142e-03 0.000000000000000000e+00 5.000000000000000000e+01 0.000000000000000000e+00
4.680949151515960693e-01 4.407983422279357910e-01 -6.117171049118041992e-02 -5.831418558955192566e-02 -8.711196899414062500e+00 0.000000000000000000e+00 -3.605911275371909142e-03 0.000000000000000000e+00 5.000000000000000000e+01 0.000000000000000000e+00
4.680949151515960693e-01 4.407983422279357910e-01 -6.117171049118041992e-02 -5.831418558955192566e-02 -8.711196899414062500e+00 0.000000000000000000e+00 -3.605911275371909142e-03 0.000000000000000000e+00 5.000000000000000000e+01 0.000000000000000000e+00
4.680949151515960693e-01 4.407983422279357910e-01 -6.117171049118041992e-02 -5.831418558955192566e-02 -8.711196899414062500e+00 0.000000000000000000e+00 -3.605911275371909142e-03 0.000000000000000000e+00 5.000000000000000000e+01 0.000000000000000000e+00
4.680949151515960693e-01 4.407983422279357910e-01 -6.117171049118041992e-02 -5.831418558955192566e-02 -8.711196899414062500e+00 0.000000000000000000e+00 -3.605911275371909142e-03 0.000000000000000000e+00 5.000000000000000000e+01 0.000000000000000000e+00
4.680949151515960693e-01 4.407983422279357910e-01 -6.117171049118041992e-02 -5.831418558955192566e-02 -8.711196899414062500e+00 0.000000000000000000e+00 -3.605911275371909142e-03 0.000000000000000000e+00 5.000000000000000000e+01 0.000000000000000000e+00
4.680949151515960693e-01 4.407983422279357910e-01 -6.117171049118041992e-02 -5.831418558955192566e-02 -8.711196899414062500e+00 0.000000000000000000e+00 -3.605911275371909142e-03 0.000000000000000000e+00 5.000000000000000000e+01 0.000000000000000000e+00
4.680949151515960693e-01 4.407983422279357910e-01 -6.117171049118041992e-02 -5.831418558955192566e-02 -8.711196899414062500e+00 0.000000000000000000e+00 -3.605911275371909142e-03 0.000000000000000000e+00 5.000000000000000000e+01 0.000000000000000000e+00
