4.347156286239624023e-01 5.466245412826538086e-01 2.405546456575393677e-01 2.574301660060882568e-01 -9.080957031250000000e+01 -5.671957015991210938e+01 -3.758969902992248535e-02 -7.057486474514007568e-02 1.380000000000000000e+02 8.800000000000000000e+01
4.347156286239624023e-01 5.466131567955017090e-01 2.405311018228530884e-01 2.574039697647094727e-01 -8.933322906494140625e+01 -5.524322509765625000e+01 -3.697858005762100220e-02 -6.873787939548492432e-02 1.360000000000000000e+02 8.600000000000000000e+01
4.347156286239624023e-01 5.465798974037170410e-01 2.404449731111526489e-01 2.573274672031402588e-01 -8.838893127441406250e+01 -5.429893493652343750e+01 -3.658770024776458740e-02 -6.756292283535003662e-02 1.350000000000000000e+02 8.500000000000000000e+01
4.347156286239624023e-01 5.464888811111450195e-01 2.402527630329132080e-01 2.571180760860443115e-01 -8.658676147460937500e+01 -5.249676132202148438e+01 -3.584171086549758911e-02 -6.532051414251327515e-02 1.320000000000000000e+02 8.200000000000000000e+01
4.347156286239624023e-01 5.464888811111450195e-01 2.402527630329132080e-01 2.571180760860443115e-01 -8.658676147460937500e+01 -5.249676132202148438e+01 -3.584171086549758911e-02 -6.532051414251327515e-02 1.320000000000000000e+02 8.200000000000000000e+01
4.347156286239624023e-01 5.462697148323059082e-01 2.397533953189849854e-01 2.566139400005340576e-01 -8.411355590820312500e+01 -5.002355194091796875e+01 -3.481795266270637512e-02 -6.224315986037254333e-02 1.280000000000000000e+02 7.800000000000000000e+01
4.347156286239624023e-01 5.461671352386474609e-01 2.394947707653045654e-01 2.563779652118682861e-01 -8.315304565429687500e+01 -4.906304168701171875e+01 -3.442035615444183350e-02 -6.104801967740058899e-02 1.270000000000000000e+02 7.700000000000000000e+01
4.347156286239624023e-01 5.460958480834960938e-01 2.393469214439392090e-01 2.562139630317687988e-01 -8.256970214843750000e+01 -4.847970581054687500e+01 -3.417888656258583069e-02 -6.032218784093856812e-02 1.260000000000000000e+02 7.600000000000000000e+01
4.347156286239624023e-01 5.460958480834960938e-01 2.393469214439392090e-01 2.562139630317687988e-01 -8.256970214843750000e+01 -4.847970581054687500e+01 -3.417888656258583069e-02 -6.032218784093856812e-02 1.260000000000000000e+02 7.600000000000000000e+01
4.347156286239624023e-01 5.457267165184020996e-01 2.385380715131759644e-01 2.553648352622985840e-01 -8.044365692138671875e+01 -4.635365676879882812e+01 -3.329883515834808350e-02 -5.767679214477539062e-02 1.230000000000000000e+02 7.300000000000000000e+01
4.347156286239624023e-01 5.455870032310485840e-01 2.382479757070541382e-01 2.550434470176696777e-01 -7.972423553466796875e+01 -4.563423156738281250e+01 -3.300103545188903809e-02 -5.678163096308708191e-02 1.220000000000000000e+02 7.200000000000000000e+01
4.347156286239624023e-01 5.446763038635253906e-01 2.362085133790969849e-01 2.529485225677490234e-01 -7.613754272460937500e+01 -4.204753875732421875e+01 -3.151636198163032532e-02 -5.231878906488418579e-02 1.170000000000000000e+02 6.700000000000000000e+01
4.347156286239624023e-01 5.422157049179077148e-01 2.306391894817352295e-01 2.472882717847824097e-01 -7.123397827148437500e+01 -3.714397430419921875e+01 -2.948657982051372528e-02 -4.621739685535430908e-02 1.110000000000000000e+02 6.100000000000000000e+01
4.347156286239624023e-01 5.385485887527465820e-01 2.224402725696563721e-01 2.388526052236557007e-01 -6.565053558349609375e+01 -3.156053543090820312e+01 -2.717537060379981995e-02 -3.927005082368850708e-02 1.040000000000000000e+02 5.400000000000000000e+01
4.347156286239624023e-01 5.360725522041320801e-01 2.169710099697113037e-01 2.331568449735641479e-01 -6.293239974975585938e+01 -2.884239959716796875e+01 -2.605022676289081573e-02 -3.588793799281120300e-02 1.000000000000000000e+02 5.000000000000000000e+01
4.347156286239624023e-01 5.334538221359252930e-01 2.108370661735534668e-01 2.271328419446945190e-01 -6.054732513427734375e+01 -2.645732307434082031e+01 -2.506294846534729004e-02 -3.292024135589599609e-02 9.700000000000000000e+01 4.700000000000000000e+01
4.347156286239624023e-01 5.310736298561096191e-01 2.048072218894958496e-01 2.216575443744659424e-01 -5.874135589599609375e+01 -2.465135383605957031e+01 -2.431538701057434082e-02 -3.067311458289623260e-02 9.500000000000000000e+01 4.500000000000000000e+01
4.347156286239624023e-01 5.303900241851806641e-01 2.031245827674865723e-01 2.200850099325180054e-01 -5.830907821655273438e+01 -2.421907424926757812e+01 -2.413645014166831970e-02 -3.013523854315280914e-02 9.400000000000000000e+01 4.400000000000000000e+01
4.347156286239624023e-01 5.285753607749938965e-01 1.985538005828857422e-01 2.159106433391571045e-01 -5.728010177612304688e+01 -2.319009780883789062e+01 -2.371051535010337830e-02 -2.885490842163562775e-02 9.200000000000000000e+01 4.200000000000000000e+01
4.347156286239624023e-01 5.268672704696655273e-01 1.944747567176818848e-01 2.119814306497573853e-01 -5.637299346923828125e+01 -2.228298950195312500e+01 -2.333502657711505890e-02 -2.772621437907218933e-02 9.100000000000000000e+01 4.100000000000000000e+01
4.347156286239624023e-01 4.908570349216461182e-01 1.113790869712829590e-01 1.291451305150985718e-01 -4.487752532958984375e+01 -1.078752422332763672e+01 -1.857659593224525452e-02 -1.342266891151666641e-02 7.200000000000000000e+01 2.200000000000000000e+01
4.347156286239624023e-01 4.735068380832672119e-01 7.191320508718490601e-02 8.923352509737014771e-02 -4.148510742187500000e+01 -7.395102977752685547e+00 -1.717233844101428986e-02 -9.201557375490665436e-03 6.600000000000000000e+01 1.600000000000000000e+01
4.347156286239624023e-01 4.529923796653747559e-01 2.840622328221797943e-02 4.204300418496131897e-02 -3.858574676513671875e+01 -4.495742797851562500e+00 -1.597217656672000885e-02 -5.593949928879737854e-03 6.000000000000000000e+01 1.000000000000000000e+01
4.347156286239624023e-01 4.423213899135589600e-01 5.399615503847599030e-03 1.749594695866107941e-02 -3.729293060302734375e+01 -3.202925205230712891e+00 -1.543702930212020874e-02 -3.985326271504163742e-03 5.800000000000000000e+01 8.000000000000000000e+00
4.347156286239624023e-01 4.303702414035797119e-01 -1.821223646402359009e-02 -9.995930828154087067e-03 -3.622207641601562500e+01 -2.132075786590576172e+00 -1.499375980347394943e-02 -2.652893075719475746e-03 5.600000000000000000e+01 6.000000000000000000e+00
4.347156286239624023e-01 4.195827841758728027e-01 -4.300771653652191162e-02 -3.481090441346168518e-02 -3.540959930419921875e+01 -1.319596052169799805e+00 -1.465744338929653168e-02 -1.641943119466304779e-03 5.500000000000000000e+01 5.000000000000000000e+00
4.347156286239624023e-01 4.195827841758728027e-01 -4.300771653652191162e-02 -3.481090441346168518e-02 -3.540959930419921875e+01 -1.319596052169799805e+00 -1.465744338929653168e-02 -1.641943119466304779e-03 5.500000000000000000e+01 5.000000000000000000e+00
4.347156286239624023e-01 4.133954048156738281e-01 -5.827728286385536194e-02 -4.904406890273094177e-02 -3.502931976318359375e+01 -9.393195509910583496e-01 -1.450003031641244888e-02 -1.168773858807981014e-03 5.300000000000000000e+01 3.000000000000000000e+00
4.347156286239624023e-01 4.133954048156738281e-01 -5.827728286385536194e-02 -4.904406890273094177e-02 -3.502931976318359375e+01 -9.393195509910583496e-01 -1.450003031641244888e-02 -1.168773858807981014e-03 5.300000000000000000e+01 3.000000000000000000e+00
4.347156286239624023e-01 3.899579644203186035e-01 -1.097794473171234131e-01 -1.029584854841232300e-01 -3.409000015258789062e+01 0.000000000000000000e+00 -1.411120872944593430e-02 0.000000000000000000e+00 5.000000000000000000e+01 0.000000000000000000e+00
4.347156286239624023e-01 3.899579644203186035e-01 -1.097794473171234131e-01 -1.029584854841232300e-01 -3.409000015258789062e+01 0.000000000000000000e+00 -1.411120872944593430e-02 0.000000000000000000e+00 5.000000000000000000e+01 0.000000000000000000e+00
4.347156286239624023e-01 3.899579644203186035e-01 -1.097794622182846069e-01 -1.029584854841232300e-01 -3.409000015258789062e+01 0.000000000000000000e+00 -1.411120872944593430e-02 0.000000000000000000e+00 5.000000000000000000e+01 0.000000000000000000e+00
4.347156286239624023e-01 3.899579644203186035e-01 -1.097794622182846069e-01 -1.029584854841232300e-01 -3.409000015258789062e+01 0.000000000000000000e+00 -1.411120872944593430e-02 0.000000000000000000e+00 5.000000000000000000e+01 0.000000000000000000e+00
4.347156286239624023e-01 3.899579644203186035e-01 -1.097794622182846069e-01 -1.029584854841232300e-01 -3.409000015258789062e+01 0.000000000000000000e+00 -1.411120872944593430e-02 0.000000000000000000e+00 5.000000000000000000e+01 0.000000000000000000e+00
4.347156286239624023e-01 3.899579644203186035e-01 -1.097794473171234131e-01 -1.029584854841232300e-01 -3.409000015258789062e+01 0.000000000000000000e+00 -1.411120872944593430e-02 0.000000000000000000e+00 5.000000000000000000e+01 0.000000000000000000e+00
4.347156286239624023e-01 3.899579644203186035e-01 -1.097794622182846069e-01 -1.029584854841232300e-01 -3.409000015258789062e+01 0.000000000000000000e+00 -1.411120872944593430e-02 0.000000000000000000e+00 5.000000000000000000e+01 0.000000000000000000e+00
4.347156286239624023e-01 3.899579644203186035e-01 -1.097794622182846069e-01 -1.029584854841232300e-01 -3.409000015258789062e+01 0.000000000000000000e+00 -1.411120872944593430e-02 0.000000000000000000e+00 5.000000000000000000e+01 0.000000000000000000e+00
4.347156286239624023e-01 3.899579644203186035e-01 -1.097794622182846069e-01 -1.029584854841232300e-01 -3.409000015258789062e+01 0.000000000000000000e+00 -1.411120872944593430e-02 0.000000000000000000e+00 5.000000000000000000e+01 0.000000000000000000e+00
4.347156286239624023e-01 3.899579644203186035e-01 -1.097794622182846069e-01 -1.029584854841232300e-01 -3.409000015258789062e+01 0.000000000000000000e+00 -1.411120872944593430e-02 0.000000000000000000e+00 5.000000000000000000e+01 0.000000000000000000e+00
4.347156286239624023e-01 3.899579644203186035e-01 -1.097794473171234131e-01 -1.029584854841232300e-01 -3.409000015258789062e+01 0.000000000000000000e+00 -1.411120872944593430e-02 0.000000000000000000e+00 5.000000000000000000e+01 0.000000000000000000e+00
4.347156286239624023e-01 3.899579644203186035e-01 -1.097794622182846069e-01 -1.029584854841232300e-01 -3.409000015258789062e+01 0.000000000000000000e+00 -1.411120872944593430e-02 0.000000000000000000e+00 5.000000000000000000e+01 0.000000000000000000e+00
4.347156286239624023e-01 3.899579644203186035e-01 -1.097794622182846069e-01 -1.029584854841232300e-01 -3.409000015258789062e+01 0.000000000000000000e+00 -1.411120872944593430e-02 0.000000000000000000e+00 5.000000000000000000e+01 0.000000000000000000e+00
4.347156286239624023e-01 3.899579644203186035e-01 -1.097794622182846069e-01 -1.029584854841232300e-01 -3.409000015258789062e+01 0.000000000000000000e+00 -1.411120872944593430e-02 0.000000000000000000e+00 5.000000000000000000e+01 0.000000000000000000e+00
4.347156286239624023e-01 3.899579644203186035e-01 -1.097794622182846069e-01 -1.029584854841232300e-01 -3.409000015258789062e+01 0.000000000000000000e+00 -1.411120872944593430e-02 0.000000000000000000e+00 5.000000000000000000e+01 0.000000000000000000e+00
4.347156286239624023e-01 3.899579644203186035e-01 -1.097794622182846069e-01 -1.029584854841232300e-01 -3.409000015258789062e+01 0.000000000000000000e+00 -1.411120872944593430e-02 0.000000000000000000e+00 5.000000000000000000e+01 0.000000000000000000e+00
4.347156286239624023e-01 3.899579644203186035e-01 -1.097794622182846069e-01 -1.029584854841232300e-01 -3.409000015258789062e+01 0.000000000000000000e+00 -1.411120872944593430e-02 0.000000000000000000e+00 5.000000000000000000e+01 0.000000000000000000e+00
4.347156286239624023e-01 3.899579644203186035e-01 -1.097794622182846069e-01 -1.029584854841232300e-01 -3.409000015258789062e+01 0.000000000000000000e+00 -1.411120872944593430e-02 0.000000000000000000e+00 5.000000000000000000e+01 0.000000000000000000e+00
4.347156286239624023e-01 3.899579644203186035e-01 -1.097794473171234131e-01 -1.029584854841232300e-01 -3.409000015258789062e+01 0.000000000000000000e+00 -1.411120872944593430e-02 0.000000000000000000e+00 5.000000000000000000e+01 0.000000000000000000e+00
4.347156286239624023e-01 3.899579644203186035e-01 -1.097794622182846069e-01 -1.029584854841232300e-01 -3.409000015258789062e+01 0.000000000000000000e+00 -1.411120872944593430e-02 0.000000000000000000e+00 5.000000000000000000e+01 0.000000000000000000e+00
4.347156286239624023e-01 3.899579644203186035e-01 -1.097794622182846069e-01 -1.029584854841232300e-01 -3.409000015258789062e+01 0.000000000000000000e+00 -1.411120872944593430e-02 0.000000000000000000e+00 5.000000000000000000e+01 0.000000000000000000e+00
4.347156286239624023e-01 3.899579644203186035e-01 -1.097794473171234131e-01 -1.029584854841232300e-01 -3.409000015258789062e+01 0.000000000000000000e+00 -1.411120872944593430e-02 0.000000000000000000e+00 5.000000000000000000e+01 0.000000000000000000e+00
4.347156286239624023e-01 3.899579644203186035e-01 -1.097794622182846069e-01 -1.029584854841232300e-01 -3.409000015258789062e+01 0.000000000000000000e+00 -1.411120872944593430e-02 0.000000000000000000e+00 5.000000000000000000e+01 0.000000000000000000e+00
4.347156286239624023e-01 3.899579644203186035e-01 -1.097794473171234131e-01 -1.029584854841232300e-01 -3.409000015258789062e+01 0.000000000000000000e+00 -1.411120872944593430e-02 0.000000000000000000e+00 5.000000000000000000e+01 0.000000000000000000e+00
4.347156286239624023e-01 3.899579644203186035e-01 -1.097794622182846069e-01 -1.029584854841232300e-01 -3.409000015258789062e+01 0.000000000000000000e+00 -1.411120872944593430e-02 0.000000000000000000e+00 5.000000000000000000e+01 0.000000000000000000e+00
4.347156286239624023e-01 3.899579644203186035e-01 -1.097794473171234131e-01 -1.029584854841232300e-01 -3.409000015258789062e+01 0.000000000000000000e+00 -1.411120872944593430e-02 0.000000000000000000e+00 5.000000000000000000e+01 0.000000000000000000e+00
4.347156286239624023e-01 3.899579644203186035e-01 -1.097794622182846069e-01 -1.029584854841232300e-01 -3.409000015258789062e+01 0.000000000000000000e+00 -1.411120872944593430e-02 0.000000000000000000e+00 5.000000000000000000e+01 0.000000000000000000e+00
4.347156286239624023e-01 3.899579644203186035e-01 -1.097794622182846069e-01 -1.029584854841232300e-01 -3.409000015258789062e+01 0.000000000000000000e+00 -1.411120872944593430e-02 0.000000000000000000e+00 5.000000000000000000e+01 0.000000000000000000e+00
4.347156286239624023e-01 3.899579644203186035e-01 -1.097794622182846069e-01 -1.029584854841232300e-01 -3.409000015258789062e+01 0.000000000000000000e+00 -1.411120872944593430e-02 0.000000000000000000e+00 5.000000000000000000e+01 0.000000000000000000e+00
4.347156286239624023e-01 3.899579644203186035e-01 -1.097794473171234131e-01 -1.029584854841232300e-01 -3.409000015258789062e+01 0.000000000000000000e+00 -1.411120872944593430e-02 0.000000000000000000e+00 5.000000000000000000e+01 0.000000000000000000e+00
4.347156286239624023e-01 3.899579644203186035e-01 -1.097794622182846069e-01 -1.029584854841232300e-01 -3.409000015258789062e+01 0.000000000000000000e+00 -1.411120872944593430e-02 0.000000000000000000e+00 5.000000000000000000e+01 0.000000000000000000e+00
4.347156286239624023e-01 3.899579644203186035e-01 -1.097794622182846069e-01 -1.029584854841232300e-01 -3.409000015258789062e+01 0.000000000000000000e+00 -1.411120872944593430e-02 0.000000000000000000e+00 5.000000000000000000e+01 0.000000000000000000e+00
4.347156286239624023e-01 3.899579644203186035e-01 -1.097794622182846069e-01 -1.029584854841232300e-01 -3.409000015258789062e+01 0.000000000000000000e+00 -1.411120872944593430e-02 0.000000000000000000e+00 5.000000000000000000e+01 0.000000000000000000e+00
4.347156286239624023e-01 3.899579644203186035e-01 -1.097794473171234131e-01 -1.029584854841232300e-01 -3.409000015258789062e+01 0.000000000000000000e+00 -1.411120872944593430e-02 0.000000000000000000e+00 5.000000000000000000e+01 0.000000000000000000e+00
4.347156286239624023e-01 3.899579644203186035e-01 -1.097794473171234131e-01 -1.029584854841232300e-01 -3.409000015258789062e+01 0.000000000000000000e+00 -1.411120872944593430e-02 0.000000000000000000e+00 5.000000000000000000e+01 0.000000000000000000e+00
4.347156286239624023e-01 3.899579644203186035e-01 -1.097794622182846069e-01 -1.029584854841232300e-01 -3.409000015258789062e+01 0.000000000000000000e+00 -1.411120872944593430e-02 0.000000000000000000e+00 5.000000000000000000e+01 0.000000000000000000e+00
4.347156286239624023e-01 3.899579644203186035e-01 -1.097794622182846069e-01 -1.029584854841232300e-01 -3.409000015258789062e+01 0.000000000000000000e+00 -1.411120872944593430e-02 0.000000000000000000e+00 5.000000000000000000e+01 0.000000000000000000e+00
4.347156286239624023e-01 3.899579644203186035e-01 -1.097794622182846069e-01 -1.029584854841232300e-01 -3.409000015258789062e+01 0.000000000000000000e+00 -1.411120872944593430e-02 0.000000000000000000e+00 5.000000000000000000e+01 0.000000000000000000e+00
4.347156286239624023e-01 3.899579644203186035e-01 -1.097794622182846069e-01 -1.029584854841232300e-01 -3.409000015258789062e+01 0.000000000000000000e+00 -1.411120872944593430e-02 0.000000000000000000e+00 5.000000000000000000e+01 0.000000000000000000e+00
4.347156286239624023e-01 3.899579644203186035e-01 -1.097794473171234131e-01 -1.029584854841232300e-01 -3.409000015258789062e+01 0.000000000000000000e+00 -1.411120872944593430e-02 0.000000000000000000e+00 5.000000000000000000e+01 0.000000000000000000e+00
4.347156286239624023e-01 3.899579644203186035e-01 -1.097794473171234131e-01 -1.029584854841232300e-01 -3.409000015258789062e+01 0.000000000000000000e+00 -1.411120872944593430e-02 0.000000000000000000e+00 5.000000000000000000e+01 0.000000000000000000e+00
4.347156286239624023e-01 3.899579644203186035e-01 -1.097794622182846069e-01 -1.029584854841232300e-01 -3.409000015258789062e+01 0.000000000000000000e+00 -1.411120872944593430e-02 0.000000000000000000e+00 5.000000000000000000e+01 0.000000000000000000e+00
4.347156286239624023e-01 3.899579644203186035e-01 -1.097794622182846069e-01 -1.029584854841232300e-01 -3.409000015258789062e+01 0.000000000000000000e+00 -1.411120872944593430e-02 0.000000000000000000e+00 5.000000000000000000e+01 0.000000000000000000e+00
4.347156286239624023e-01 3.899579644203186035e-01 -1.097794622182846069e-01 -1.029584854841232300e-01 -3.409000015258789062e+01 0.000000000000000000e+00 -1.411120872944593430e-02 0.000000000000000000e+00 5.000000000000000000e+01 0.000000000000000000e+00
4.347156286239624023e-01 3.899579644203186035e-01 -1.097794473171234131e-01 -1.029584854841232300e-01 -3.409000015258789062e+01 0.000000000000000000e+00 -1.411120872944593430e-02 0.000000000000000000e+00 5.000000000000000000e+01 0.000000000000000000e+00
4.347156286239624023e-01 3.899579644203186035e-01 -1.097794622182846069e-01 -1.029584854841232300e-01 -3.409000015258789062e+01 0.000000000000000000e+00 -1.411120872944593430e-02 0.000000000000000000e+00 5.000000000000000000e+01 0.000000000000000000e+00
4.347156286239624023e-01 3.899579644203186035e-01 -1.097794622182846069e-01 -1.029584854841232300e-01 -3.409000015258789062e+01 0.000000000000000000e+00 -1.411120872944593430e-02 0.000000000000000000e+00 5.000000000000000000e+01 0.000000000000000000e+00
4.347156286239624023e-01 3.899579644203186035e-01 -1.097794473171234131e-01 -1.029584854841232300e-01 -3.409000015258789062e+01 0.000000000000000000e+00 -1.411120872944593430e-02 0.000000000000000000e+00 5.000000000000000000e+01 0.000000000000000000e+00
4.347156286239624023e-01 3.899579644203186035e-01 -1.097794473171234131e-01 -1.029584854841232300e-01 -3.409000015258789062e+01 0.000000000000000000e+00 -1.411120872944593430e-02 0.000000000000000000e+00 5.000000000000000000e+01 0.000000000000000000e+00
4.347156286239624023e-01 3.899579644203186035e-01 -1.097794473171234131e-01 -1.029584854841232300e-01 -3.409000015258789062e+01 0.000000000000000000e+00 -1.411120872944593430e-02 0.000000000000000000e+00 5.000000000000000000e+01 0.000000000000000000e+00
4.347156286239624023e-01 3.899579644203186035e-01 -1.097794622182846069e-01 -1.029584854841232300e-01 -3.409000015258789062e+01 0.000000000000000000e+00 -1.411120872944593430e-02 0.000000000000000000e+00 5.000000000000000000e+01 0.000000000000000000e+00
4.347156286239624023e-01 3.899579644203186035e-01 -1.097794622182846069e-01 -1.029584854841232300e-01 -3.409000015258789062e+01 0.000000000000000000e+00 -1.411120872944593430e-02 0.000000000000000000e+00 5.000000000000000000e+01 0.000000000000000000e+00
4.347156286239624023e-01 3.899579644203186035e-01 -1.097794622182846069e-01 -1.029584854841232300e-01 -3.409000015258789062e+01 0.000000000000000000e+00 -1.411120872944593430e-02 0.000000000000000000e+00 5.000000000000000000e+01 0.000000000000000000e+00
4.347156286239624023e-01 3.899579644203186035e-01 -1.097794622182846069e-01 -1.029584854841232300e-01 -3.409000015258789062e+01 0.000000000000000000e+00 -1.411120872944593430e-02 0.000000000000000000e+00 5.000000000000000000e+01 0.000000000000000000e+00
4.347156286239624023e-01 3.899579644203186035e-01 -1.097794622182846069e-01 -1.029584854841232300e-01 -3.409000015258789062e+01 0.000000000000000000e+00 -1.411120872944593430e-02 0.000000000000000000e+00 5.000000000000000000e+01 0.000000000000000000e+00
4.347156286239624023e-01 3.899579644203186035e-01 -1.097794622182846069e-01 -1.029584854841232300e-01 -3.409000015258789062e+01 0.000000000000000000e+00 -1.411120872944593430e-02 0.000000000000000000e+00 5.000000000000000000e+01 0.000000000000000000e+00
4.347156286239624023e-01 3.899579644203186035e-01 -1.097794473171234131e-01 -1.029584854841232300e-01 -3.409000015258789062e+01 0.000000000000000000e+00 -1.411120872944593430e-02 0.000000000000000000e+00 5.000000000000000000e+01 0.000000000000000000e+00
4.347156286239624023e-01 3.899579644203186035e-01 -1.097794622182846069e-01 -1.029584854841232300e-01 -3.409000015258789062e+01 0.000000000000000000e+00 -1.411120872944593430e-02 0.000000000000000000e+00 5.000000000000000000e+01 0.000000000000000000e+00
4.347156286239624023e-01 3.899579644203186035e-01 -1.097794473171234131e-01 -1.029584854841232300e-01 -3.409000015258789062e+01 0.000000000000000000e+00 -1.411120872944593430e-02 0.000000000000000000e+00 5.000000000000000000e+01 0.000000000000000000e+00
4.347156286239624023e-01 3.899579644203186035e-01 -1.097794622182846069e-01 -1.029584854841232300e-01 -3.409000015258789062e+01 0.000000000000000000e+00 -1.411120872944593430e-02 0.000000000000000000e+00 5.000000000000000000e+01 0.000000000000000000e+00
4.347156286239624023e-01 3.899579644203186035e-01 -1.097794473171234131e-01 -1.029584854841232300e-01 -3.409000015258789062e+01 0.000000000000000000e+00 -1.411120872944593430e-02 0.000000000000000000e+00 5.000000000000000000e+01 0.000000000000000000e+00
4.347156286239624023e-01 3.899579644203186035e-01 -1.097794473171234131e-01 -1.029584854841232300e-01 -3.409000015258789062e+01 0.000000000000000000e+00 -1.411120872944593430e-02 0.000000000000000000e+00 5.000000000000000000e+01 0.000000000000000000e+00
