4.886033236980438232e-01 8.931484818458557129e-01 8.353198170661926270e-01 8.279623389244079590e-01 -8.691172027587890625e+01 -7.543563842773437500e+01 -3.597622364759445190e-02 -9.944584965705871582e-02 4.430000000000000000e+02 3.930000000000000000e+02
4.886033236980438232e-01 8.930466771125793457e-01 8.351184725761413574e-01 8.277540206909179688e-01 -5.240541076660156250e+01 -4.092932891845703125e+01 -2.169268764555454254e-02 -5.395661666989326477e-02 2.890000000000000000e+02 2.390000000000000000e+02
4.886033236980438232e-01 8.929538726806640625e-01 8.349397182464599609e-01 8.275640606880187988e-01 -4.911438751220703125e+01 -3.763829803466796875e+01 -2.033040113747119904e-02 -4.961809515953063965e-02 2.700000000000000000e+02 2.200000000000000000e+02
4.886033236980438232e-01 8.928577303886413574e-01 8.347517251968383789e-01 8.273673057556152344e-01 -4.718613815307617188e+01 -3.571005249023437500e+01 -1.953222230076789856e-02 -4.707611352205276489e-02 2.590000000000000000e+02 2.090000000000000000e+02
4.886033236980438232e-01 8.927761912345886230e-01 8.345916271209716797e-01 8.272004127502441406e-01 -4.561276245117187500e+01 -3.413668060302734375e+01 -1.888093911111354828e-02 -4.500195384025573730e-02 2.520000000000000000e+02 2.020000000000000000e+02
4.886033236980438232e-01 8.927082419395446777e-01 8.344569802284240723e-01 8.270613551139831543e-01 -4.477519226074218750e+01 -3.329911041259765625e+01 -1.853423565626144409e-02 -4.389779642224311829e-02 2.470000000000000000e+02 1.970000000000000000e+02
4.886033236980438232e-01 8.926636576652526855e-01 8.343713283538818359e-01 8.269701004028320312e-01 -4.435228729248046875e+01 -3.287619781494140625e+01 -1.835917867720127106e-02 -4.334027692675590515e-02 2.440000000000000000e+02 1.940000000000000000e+02
4.886033236980438232e-01 8.925876617431640625e-01 8.342221379280090332e-01 8.268145322799682617e-01 -4.376372528076171875e+01 -3.228763961791992188e+01 -1.811554841697216034e-02 -4.256438836455345154e-02 2.400000000000000000e+02 1.900000000000000000e+02
4.886033236980438232e-01 8.924769163131713867e-01 8.339972496032714844e-01 8.265879154205322266e-01 -4.300509643554687500e+01 -3.152901458740234375e+01 -1.780152134597301483e-02 -4.156430065631866455e-02 2.350000000000000000e+02 1.850000000000000000e+02
4.886033236980438232e-01 8.923398256301879883e-01 8.336912393569946289e-01 8.263072967529296875e-01 -4.208527374267578125e+01 -3.060919189453125000e+01 -1.742077060043811798e-02 -4.035171121358871460e-02 2.320000000000000000e+02 1.820000000000000000e+02
4.886033236980438232e-01 8.923147320747375488e-01 8.336441516876220703e-01 8.262559771537780762e-01 -4.193396759033203125e+01 -3.045788574218750000e+01 -1.735813915729522705e-02 -4.015224799513816833e-02 2.310000000000000000e+02 1.810000000000000000e+02
4.886033236980438232e-01 8.914257884025573730e-01 8.318324685096740723e-01 8.244366049766540527e-01 -3.876665496826171875e+01 -2.729057312011718750e+01 -1.604706235229969025e-02 -3.597681969404220581e-02 2.120000000000000000e+02 1.620000000000000000e+02
4.886033236980438232e-01 8.901040554046630859e-01 8.292262554168701172e-01 8.217315077781677246e-01 -3.583343505859375000e+01 -2.435734939575195312e+01 -1.483288593590259552e-02 -3.210998699069023132e-02 1.960000000000000000e+02 1.460000000000000000e+02
4.886033236980438232e-01 8.892858624458312988e-01 8.275021314620971680e-01 8.200569152832031250e-01 -3.466916275024414062e+01 -2.319308090209960938e+01 -1.435094699263572693e-02 -3.057514689862728119e-02 1.890000000000000000e+02 1.390000000000000000e+02
4.886033236980438232e-01 8.884201049804687500e-01 8.257026672363281250e-01 8.182850480079650879e-01 -3.358651733398437500e+01 -2.211043930053710938e+01 -1.390279736369848251e-02 -2.914791367948055267e-02 1.850000000000000000e+02 1.350000000000000000e+02
4.886033236980438232e-01 8.871127963066101074e-01 8.230286240577697754e-01 8.156093955039978027e-01 -3.233190536499023438e+01 -2.085582160949707031e+01 -1.338346302509307861e-02 -2.749396674335002899e-02 1.790000000000000000e+02 1.290000000000000000e+02
4.886033236980438232e-01 8.858351707458496094e-01 8.202060461044311523e-01 8.129945397377014160e-01 -3.135997962951660156e+01 -1.988389587402343750e+01 -1.298114471137523651e-02 -2.621268853545188904e-02 1.740000000000000000e+02 1.240000000000000000e+02
4.886033236980438232e-01 8.856258988380432129e-01 8.197962641716003418e-01 8.125662803649902344e-01 -3.121185684204101562e+01 -1.973577308654785156e+01 -1.291983108967542648e-02 -2.601741999387741089e-02 1.730000000000000000e+02 1.230000000000000000e+02
4.886033236980438232e-01 8.851006627082824707e-01 8.187552690505981445e-01 8.114913105964660645e-01 -3.089275169372558594e+01 -1.941666793823242188e+01 -1.278774067759513855e-02 -2.559674903750419617e-02 1.700000000000000000e+02 1.200000000000000000e+02
4.886033236980438232e-01 8.840776085853576660e-01 8.165549039840698242e-01 8.093974590301513672e-01 -3.020665359497070312e+01 -1.873057174682617188e+01 -1.250373665243387222e-02 -2.469227649271488190e-02 1.670000000000000000e+02 1.170000000000000000e+02
4.886033236980438232e-01 8.740285038948059082e-01 7.958368659019470215e-01 7.888304591178894043e-01 -2.670521926879882812e+01 -1.522913455963134766e+01 -1.105435378849506378e-02 -2.007637545466423035e-02 1.480000000000000000e+02 9.800000000000000000e+01
4.886033236980438232e-01 8.665016889572143555e-01 7.799773216247558594e-01 7.734256982803344727e-01 -2.509850502014160156e+01 -1.362242317199707031e+01 -1.038927119225263596e-02 -1.795826852321624756e-02 1.380000000000000000e+02 8.800000000000000000e+01
4.886033236980438232e-01 8.529998064041137695e-01 7.513591647148132324e-01 7.457920908927917480e-01 -2.293206405639648438e+01 -1.145598220825195312e+01 -9.492495097219944000e-03 -1.510227657854557037e-02 1.270000000000000000e+02 7.700000000000000000e+01
4.886033236980438232e-01 8.386133909225463867e-01 7.211822271347045898e-01 7.163481116294860840e-01 -2.136988639831542969e+01 -9.893804550170898438e+00 -8.845847100019454956e-03 -1.304287742823362350e-02 1.170000000000000000e+02 6.700000000000000000e+01
4.886033236980438232e-01 8.360522389411926270e-01 7.158791422843933105e-01 7.111063003540039062e-01 -2.112422370910644531e+01 -9.648141860961914062e+00 -8.744157850742340088e-03 -1.271902397274971008e-02 1.150000000000000000e+02 6.500000000000000000e+01
4.886033236980438232e-01 8.226473927497863770e-01 6.862170100212097168e-01 6.836712956428527832e-01 -2.008952331542968750e+01 -8.613439559936523438e+00 -8.315853774547576904e-03 -1.135498844087123871e-02 1.100000000000000000e+02 6.000000000000000000e+01
4.886033236980438232e-01 8.155632019042968750e-01 6.711038351058959961e-01 6.691724658012390137e-01 -1.961162757873535156e+01 -8.135543823242187500e+00 -8.118033409118652344e-03 -1.072498504072427750e-02 1.060000000000000000e+02 5.600000000000000000e+01
4.886033236980438232e-01 7.937626242637634277e-01 6.239226460456848145e-01 6.245542764663696289e-01 -1.828499603271484375e+01 -6.808913230895996094e+00 -7.568887900561094284e-03 -8.976104669272899628e-03 9.900000000000000000e+01 4.900000000000000000e+01
4.886033236980438232e-01 7.740524411201477051e-01 5.834904909133911133e-01 5.842144489288330078e-01 -1.723950386047363281e+01 -5.763420581817626953e+00 -7.136117201298475266e-03 -7.597844582051038742e-03 9.400000000000000000e+01 4.400000000000000000e+01
4.886033236980438232e-01 6.865017414093017578e-01 3.969649374485015869e-01 4.050287902355194092e-01 -1.419811534881591797e+01 -2.722032546997070312e+00 -5.877165589481592178e-03 -3.588421270251274109e-03 7.500000000000000000e+01 2.500000000000000000e+01
4.886033236980438232e-01 6.128556728363037109e-01 2.471081167459487915e-01 2.543010711669921875e-01 -1.265382766723632812e+01 -1.177745461463928223e+00 -5.237923469394445419e-03 -1.552607049234211445e-03 6.200000000000000000e+01 1.200000000000000000e+01
4.886033236980438232e-01 5.740454196929931641e-01 1.636019647121429443e-01 1.748700737953186035e-01 -1.206509017944335938e+01 -5.890068411827087402e-01 -4.994221497327089310e-03 -7.764803012832999229e-04 5.700000000000000000e+01 7.000000000000000000e+00
4.886033236980438232e-01 5.578453540802001953e-01 1.329437494277954102e-01 1.417142003774642944e-01 -1.187213897705078125e+01 -3.960562944412231445e-01 -4.914351273328065872e-03 -5.221160245127975941e-04 5.500000000000000000e+01 5.000000000000000000e+00
4.886033236980438232e-01 5.488615632057189941e-01 1.157980337738990784e-01 1.233275234699249268e-01 -1.178534698486328125e+01 -3.092638254165649414e-01 -4.878424573689699173e-03 -4.076985933352261782e-04 5.400000000000000000e+01 4.000000000000000000e+00
4.886033236980438232e-01 5.369951725006103516e-01 9.194774180650711060e-02 9.904117882251739502e-02 -1.169774055480957031e+01 -2.216579318046569824e-01 -4.842160735279321671e-03 -2.922088606283068657e-04 5.300000000000000000e+01 3.000000000000000000e+00
4.886033236980438232e-01 5.260117053985595703e-01 7.060177624225616455e-02 7.656186819076538086e-02 -1.162574481964111328e+01 -1.496616005897521973e-01 -4.812358878552913666e-03 -1.972970057977363467e-04 5.200000000000000000e+01 2.000000000000000000e+00
4.886033236980438232e-01 5.260117053985595703e-01 7.060177624225616455e-02 7.656186819076538086e-02 -1.162574481964111328e+01 -1.496616005897521973e-01 -4.812358878552913666e-03 -1.972970057977363467e-04 5.200000000000000000e+01 2.000000000000000000e+00
4.886033236980438232e-01 5.068921446800231934e-01 3.560794889926910400e-02 3.743081539869308472e-02 -1.152338504791259766e+01 -4.730117321014404297e-02 -4.769987892359495163e-03 -6.235654291231185198e-05 5.100000000000000000e+01 1.000000000000000000e+00
4.886033236980438232e-01 4.928427040576934814e-01 8.875961415469646454e-03 8.676527999341487885e-03 -1.147608375549316406e+01 0.000000000000000000e+00 -4.750408232212066650e-03 0.000000000000000000e+00 5.000000000000000000e+01 0.000000000000000000e+00
4.886033236980438232e-01 4.928427040576934814e-01 8.875961415469646454e-03 8.676527999341487885e-03 -1.147608375549316406e+01 0.000000000000000000e+00 -4.750408232212066650e-03 0.000000000000000000e+00 5.000000000000000000e+01 0.000000000000000000e+00
4.886033236980438232e-01 4.928427040576934814e-01 8.875961415469646454e-03 8.676527999341487885e-03 -1.147608375549316406e+01 0.000000000000000000e+00 -4.750408232212066650e-03 0.000000000000000000e+00 5.000000000000000000e+01 0.000000000000000000e+00
4.886033236980438232e-01 4.928427040576934814e-01 8.875961415469646454e-03 8.676527999341487885e-03 -1.147608375549316406e+01 0.000000000000000000e+00 -4.750408232212066650e-03 0.000000000000000000e+00 5.000000000000000000e+01 0.000000000000000000e+00
4.886033236980438232e-01 4.928427040576934814e-01 8.875961415469646454e-03 8.676527999341487885e-03 -1.147608375549316406e+01 0.000000000000000000e+00 -4.750408232212066650e-03 0.000000000000000000e+00 5.000000000000000000e+01 0.000000000000000000e+00
4.886033236980438232e-01 4.928427040576934814e-01 8.875961415469646454e-03 8.676527999341487885e-03 -1.147608375549316406e+01 0.000000000000000000e+00 -4.750408232212066650e-03 0.000000000000000000e+00 5.000000000000000000e+01 0.000000000000000000e+00
4.886033236980438232e-01 4.928427040576934814e-01 8.875961415469646454e-03 8.676527999341487885e-03 -1.147608375549316406e+01 0.000000000000000000e+00 -4.750408232212066650e-03 0.000000000000000000e+00 5.000000000000000000e+01 0.000000000000000000e+00
4.886033236980438232e-01 4.928427040576934814e-01 8.875961415469646454e-03 8.676527999341487885e-03 -1.147608375549316406e+01 0.000000000000000000e+00 -4.750408232212066650e-03 0.000000000000000000e+00 5.000000000000000000e+01 0.000000000000000000e+00
4.886033236980438232e-01 4.928427040576934814e-01 8.875961415469646454e-03 8.676527999341487885e-03 -1.147608375549316406e+01 0.000000000000000000e+00 -4.750408232212066650e-03 0.000000000000000000e+00 5.000000000000000000e+01 0.000000000000000000e+00
4.886033236980438232e-01 4.928427040576934814e-01 8.875961415469646454e-03 8.676527999341487885e-03 -1.147608375549316406e+01 0.000000000000000000e+00 -4.750408232212066650e-03 0.000000000000000000e+00 5.000000000000000000e+01 0.000000000000000000e+00
4.886033236980438232e-01 4.928427040576934814e-01 8.875961415469646454e-03 8.676527999341487885e-03 -1.147608375549316406e+01 0.000000000000000000e+00 -4.750408232212066650e-03 0.000000000000000000e+00 5.000000000000000000e+01 0.000000000000000000e+00
4.886033236980438232e-01 4.928427040576934814e-01 8.875961415469646454e-03 8.676527999341487885e-03 -1.147608375549316406e+01 0.000000000000000000e+00 -4.750408232212066650e-03 0.000000000000000000e+00 5.000000000000000000e+01 0.000000000000000000e+00
4.886033236980438232e-01 4.928427040576934814e-01 8.875961415469646454e-03 8.676527999341487885e-03 -1.147608375549316406e+01 0.000000000000000000e+00 -4.750408232212066650e-03 0.000000000000000000e+00 5.000000000000000000e+01 0.000000000000000000e+00
4.886033236980438232e-01 4.928427040576934814e-01 8.875961415469646454e-03 8.676527999341487885e-03 -1.147608375549316406e+01 0.000000000000000000e+00 -4.750408232212066650e-03 0.000000000000000000e+00 5.000000000000000000e+01 0.000000000000000000e+00
4.886033236980438232e-01 4.928427040576934814e-01 8.875961415469646454e-03 8.676527999341487885e-03 -1.147608375549316406e+01 0.000000000000000000e+00 -4.750408232212066650e-03 0.000000000000000000e+00 5.000000000000000000e+01 0.000000000000000000e+00
4.886033236980438232e-01 4.928427040576934814e-01 8.875961415469646454e-03 8.676527999341487885e-03 -1.147608375549316406e+01 0.000000000000000000e+00 -4.750408232212066650e-03 0.000000000000000000e+00 5.000000000000000000e+01 0.000000000000000000e+00
4.886033236980438232e-01 4.928427040576934814e-01 8.875961415469646454e-03 8.676527999341487885e-03 -1.147608375549316406e+01 0.000000000000000000e+00 -4.750408232212066650e-03 0.000000000000000000e+00 5.000000000000000000e+01 0.000000000000000000e+00
4.886033236980438232e-01 4.928427040576934814e-01 8.875961415469646454e-03 8.676527999341487885e-03 -1.147608375549316406e+01 0.000000000000000000e+00 -4.750408232212066650e-03 0.000000000000000000e+00 5.000000000000000000e+01 0.000000000000000000e+00
4.886033236980438232e-01 4.928427040576934814e-01 8.875961415469646454e-03 8.676527999341487885e-03 -1.147608375549316406e+01 0.000000000000000000e+00 -4.750408232212066650e-03 0.000000000000000000e+00 5.000000000000000000e+01 0.000000000000000000e+00
4.886033236980438232e-01 4.928427040576934814e-01 8.875961415469646454e-03 8.676527999341487885e-03 -1.147608375549316406e+01 0.000000000000000000e+00 -4.750408232212066650e-03 0.000000000000000000e+00 5.000000000000000000e+01 0.000000000000000000e+00
4.886033236980438232e-01 4.928427040576934814e-01 8.875961415469646454e-03 8.676527999341487885e-03 -1.147608375549316406e+01 0.000000000000000000e+00 -4.750408232212066650e-03 0.000000000000000000e+00 5.000000000000000000e+01 0.000000000000000000e+00
4.886033236980438232e-01 4.928427040576934814e-01 8.875961415469646454e-03 8.676527999341487885e-03 -1.147608375549316406e+01 0.000000000000000000e+00 -4.750408232212066650e-03 0.000000000000000000e+00 5.000000000000000000e+01 0.000000000000000000e+00
4.886033236980438232e-01 4.928427040576934814e-01 8.875961415469646454e-03 8.676527999341487885e-03 -1.147608375549316406e+01 0.000000000000000000e+00 -4.750408232212066650e-03 0.000000000000000000e+00 5.000000000000000000e+01 0.000000000000000000e+00
4.886033236980438232e-01 4.928427040576934814e-01 8.875961415469646454e-03 8.676527999341487885e-03 -1.147608375549316406e+01 0.000000000000000000e+00 -4.750408232212066650e-03 0.000000000000000000e+00 5.000000000000000000e+01 0.000000000000000000e+00
4.886033236980438232e-01 4.928427040576934814e-01 8.875961415469646454e-03 8.676527999341487885e-03 -1.147608375549316406e+01 0.000000000000000000e+00 -4.750408232212066650e-03 0.000000000000000000e+00 5.000000000000000000e+01 0.000000000000000000e+00
4.886033236980438232e-01 4.928427040576934814e-01 8.875961415469646454e-03 8.676527999341487885e-03 -1.147608375549316406e+01 0.000000000000000000e+00 -4.750408232212066650e-03 0.000000000000000000e+00 5.000000000000000000e+01 0.000000000000000000e+00
4.886033236980438232e-01 4.928427040576934814e-01 8.875961415469646454e-03 8.676527999341487885e-03 -1.147608375549316406e+01 0.000000000000000000e+00 -4.750408232212066650e-03 0.000000000000000000e+00 5.000000000000000000e+01 0.000000000000000000e+00
4.886033236980438232e-01 4.928427040576934814e-01 8.875961415469646454e-03 8.676527999341487885e-03 -1.147608375549316406e+01 0.000000000000000000e+00 -4.750408232212066650e-03 0.000000000000000000e+00 5.000000000000000000e+01 0.000000000000000000e+00
4.886033236980438232e-01 4.928427040576934814e-01 8.875961415469646454e-03 8.676527999341487885e-03 -1.147608375549316406e+01 0.000000000000000000e+00 -4.750408232212066650e-03 0.000000000000000000e+00 5.000000000000000000e+01 0.000000000000000000e+00
4.886033236980438232e-01 4.928427040576934814e-01 8.875961415469646454e-03 8.676527999341487885e-03 -1.147608375549316406e+01 0.000000000000000000e+00 -4.750408232212066650e-03 0.000000000000000000e+00 5.000000000000000000e+01 0.000000000000000000e+00
4.886033236980438232e-01 4.928427040576934814e-01 8.875961415469646454e-03 8.676527999341487885e-03 -1.147608375549316406e+01 0.000000000000000000e+00 -4.750408232212066650e-03 0.000000000000000000e+00 5.000000000000000000e+01 0.000000000000000000e+00
4.886033236980438232e-01 4.928427040576934814e-01 8.875961415469646454e-03 8.676527999341487885e-03 -1.147608375549316406e+01 0.000000000000000000e+00 -4.750408232212066650e-03 0.000000000000000000e+00 5.000000000000000000e+01 0.000000000000000000e+00
4.886033236980438232e-01 4.928427040576934814e-01 8.875961415469646454e-03 8.676527999341487885e-03 -1.147608375549316406e+01 0.000000000000000000e+00 -4.750408232212066650e-03 0.000000000000000000e+00 5.000000000000000000e+01 0.000000000000000000e+00
4.886033236980438232e-01 4.928427040576934814e-01 8.875961415469646454e-03 8.676527999341487885e-03 -1.147608375549316406e+01 0.000000000000000000e+00 -4.750408232212066650e-03 0.000000000000000000e+00 5.000000000000000000e+01 0.000000000000000000e+00
4.886033236980438232e-01 4.928427040576934814e-01 8.875961415469646454e-03 8.676527999341487885e-03 -1.147608375549316406e+01 0.000000000000000000e+00 -4.750408232212066650e-03 0.000000000000000000e+00 5.000000000000000000e+01 0.000000000000000000e+00
4.886033236980438232e-01 4.928427040576934814e-01 8.875961415469646454e-03 8.676527999341487885e-03 -1.147608375549316406e+01 0.000000000000000000e+00 -4.750408232212066650e-03 0.000000000000000000e+00 5.000000000000000000e+01 0.000000000000000000e+00
4.886033236980438232e-01 4.928427040576934814e-01 8.875961415469646454e-03 8.676527999341487885e-03 -1.147608375549316406e+01 0.000000000000000000e+00 -4.750408232212066650e-03 0.000000000000000000e+00 5.000000000000000000e+01 0.000000000000000000e+00
4.886033236980438232e-01 4.928427040576934814e-01 8.875961415469646454e-03 8.676527999341487885e-03 -1.147608375549316406e+01 0.000000000000000000e+00 -4.750408232212066650e-03 0.000000000000000000e+00 5.000000000000000000e+01 0.000000000000000000e+00
4.886033236980438232e-01 4.928427040576934814e-01 8.875961415469646454e-03 8.676527999341487885e-03 -1.147608375549316406e+01 0.000000000000000000e+00 -4.750408232212066650e-03 0.000000000000000000e+00 5.000000000000000000e+01 0.000000000000000000e+00
4.886033236980438232e-01 4.928427040576934814e-01 8.875961415469646454e-03 8.676527999341487885e-03 -1.147608375549316406e+01 0.000000000000000000e+00 -4.750408232212066650e-03 0.000000000000000000e+00 5.000000000000000000e+01 0.000000000000000000e+00
4.886033236980438232e-01 4.928427040576934814e-01 8.875961415469646454e-03 8.676527999341487885e-03 -1.147608375549316406e+01 0.000000000000000000e+00 -4.750408232212066650e-03 0.000000000000000000e+00 5.000000000000000000e+01 0.000000000000000000e+00
4.886033236980438232e-01 4.928427040576934814e-01 8.875961415469646454e-03 8.676527999341487885e-03 -1.147608375549316406e+01 0.000000000000000000e+00 -4.750408232212066650e-03 0.000000000000000000e+00 5.000000000000000000e+01 0.000000000000000000e+00
4.886033236980438232e-01 4.928427040576934814e-01 8.875961415469646454e-03 8.676527999341487885e-03 -1.147608375549316406e+01 0.000000000000000000e+00 -4.750408232212066650e-03 0.000000000000000000e+00 5.000000000000000000e+01 0.000000000000000000e+00
4.886033236980438232e-01 4.928427040576934814e-01 8.875961415469646454e-03 8.676527999341487885e-03 -1.147608375549316406e+01 0.000000000000000000e+00 -4.750408232212066650e-03 0.000000000000000000e+00 5.000000000000000000e+01 0.000000000000000000e+00
4.886033236980438232e-01 4.928427040576934814e-01 8.875961415469646454e-03 8.676527999341487885e-03 -1.147608375549316406e+01 0.000000000000000000e+00 -4.750408232212066650e-03 0.000000000000000000e+00 5.000000000000000000e+01 0.000000000000000000e+00
4.886033236980438232e-01 4.928427040576934814e-01 8.875961415469646454e-03 8.676527999341487885e-03 -1.147608375549316406e+01 0.000000000000000000e+00 -4.750408232212066650e-03 0.000000000000000000e+00 5.000000000000000000e+01 0.000000000000000000e+00
4.886033236980438232e-01 4.928427040576934814e-01 8.875961415469646454e-03 8.676527999341487885e-03 -1.147608375549316406e+01 0.000000000000000000e+00 -4.750408232212066650e-03 0.000000000000000000e+00 5.000000000000000000e+01 0.000000000000000000e+00
4.886033236980438232e-01 4.928427040576934814e-01 8.875961415469646454e-03 8.676527999341487885e-03 -1.147608375549316406e+01 0.000000000000000000e+00 -4.750408232212066650e-03 0.000000000000000000e+00 5.000000000000000000e+01 0.000000000000000000e+00
4.886033236980438232e-01 4.928427040576934814e-01 8.875961415469646454e-03 8.676527999341487885e-03 -1.147608375549316406e+01 0.000000000000000000e+00 -4.750408232212066650e-03 0.000000000000000000e+00 5.000000000000000000e+01 0.000000000000000000e+00
4.886033236980438232e-01 4.928427040576934814e-01 8.875961415469646454e-03 8.676527999341487885e-03 -1.147608375549316406e+01 0.000000000000000000e+00 -4.750408232212066650e-03 0.000000000000000000e+00 5.000000000000000000e+01 0.000000000000000000e+00
4.886033236980438232e-01 4.928427040576934814e-01 8.875961415469646454e-03 8.676527999341487885e-03 -1.147608375549316406e+01 0.000000000000000000e+00 -4.750408232212066650e-03 0.000000000000000000e+00 5.000000000000000000e+01 0.000000000000000000e+00
4.886033236980438232e-01 4.928427040576934814e-01 8.875961415469646454e-03 8.676527999341487885e-03 -1.147608375549316406e+01 0.000000000000000000e+00 -4.750408232212066650e-03 0.000000000000000000e+00 5.000000000000000000e+01 0.000000000000000000e+00
4.886033236980438232e-01 4.928427040576934814e-01 8.875961415469646454e-03 8.676527999341487885e-03 -1.147608375549316406e+01 0.000000000000000000e+00 -4.750408232212066650e-03 0.000000000000000000e+00 5.000000000000000000e+01 0.000000000000000000e+00
