4.299481809139251709e-01 5.093825459480285645e-01 1.348629593849182129e-01 1.847533434629440308e-01 -7.692573547363281250e+01 -4.455916595458984375e+01 -3.184262663125991821e-02 -4.787851870059967041e-02 1.700000000000000000e+02 1.200000000000000000e+02
4.299481809139251709e-01 5.093780159950256348e-01 1.348539143800735474e-01 1.847428083419799805e-01 -7.607350158691406250e+01 -4.370693206787109375e+01 -3.148985281586647034e-02 -4.696279764175415039e-02 1.680000000000000000e+02 1.180000000000000000e+02
4.299481809139251709e-01 5.093452334403991699e-01 1.347801089286804199e-01 1.846665591001510620e-01 -7.499403381347656250e+01 -4.262746810913085938e+01 -3.104301728308200836e-02 -4.580292105674743652e-02 1.660000000000000000e+02 1.160000000000000000e+02
4.299481809139251709e-01 5.093117952346801758e-01 1.347105354070663452e-01 1.845887899398803711e-01 -7.417803955078125000e+01 -4.181146240234375000e+01 -3.070524521172046661e-02 -4.492612928152084351e-02 1.640000000000000000e+02 1.140000000000000000e+02
4.299481809139251709e-01 5.092261433601379395e-01 1.344889253377914429e-01 1.843895763158798218e-01 -7.299109649658203125e+01 -4.062452316284179688e+01 -3.021392226219177246e-02 -4.365076869726181030e-02 1.610000000000000000e+02 1.110000000000000000e+02
4.299481809139251709e-01 5.092070102691650391e-01 1.344392597675323486e-01 1.843450814485549927e-01 -7.279652404785156250e+01 -4.042995071411132812e+01 -3.013338148593902588e-02 -4.344170540571212769e-02 1.600000000000000000e+02 1.100000000000000000e+02
4.299481809139251709e-01 5.089313387870788574e-01 1.337411999702453613e-01 1.837038993835449219e-01 -6.998208618164062500e+01 -3.761551666259765625e+01 -2.896837331354618073e-02 -4.041761532425880432e-02 1.560000000000000000e+02 1.060000000000000000e+02
4.299481809139251709e-01 5.088649988174438477e-01 1.335930824279785156e-01 1.835495978593826294e-01 -6.947167205810546875e+01 -3.710509872436523438e+01 -2.875709161162376404e-02 -3.986917436122894287e-02 1.550000000000000000e+02 1.050000000000000000e+02
4.299481809139251709e-01 5.088649988174438477e-01 1.335930824279785156e-01 1.835495978593826294e-01 -6.947167205810546875e+01 -3.710509872436523438e+01 -2.875709161162376404e-02 -3.986917436122894287e-02 1.550000000000000000e+02 1.050000000000000000e+02
4.299481809139251709e-01 5.087423324584960938e-01 1.332670897245407104e-01 1.832643002271652222e-01 -6.872864532470703125e+01 -3.636207962036132812e+01 -2.844952419400215149e-02 -3.907080367207527161e-02 1.540000000000000000e+02 1.040000000000000000e+02
4.299481809139251709e-01 5.086647272109985352e-01 1.331240087747573853e-01 1.830838024616241455e-01 -6.833850097656250000e+01 -3.597193145751953125e+01 -2.828802727162837982e-02 -3.865159302949905396e-02 1.530000000000000000e+02 1.030000000000000000e+02
4.299481809139251709e-01 5.074233412742614746e-01 1.301639229059219360e-01 1.801965087652206421e-01 -6.432650756835937500e+01 -3.195993614196777344e+01 -2.662730403244495392e-02 -3.434073179960250854e-02 1.450000000000000000e+02 9.500000000000000000e+01
4.299481809139251709e-01 5.066168308258056641e-01 1.280889660120010376e-01 1.783206760883331299e-01 -6.261076354980468750e+01 -3.024418830871582031e+01 -2.591708861291408539e-02 -3.249717131257057190e-02 1.420000000000000000e+02 9.200000000000000000e+01
4.299481809139251709e-01 5.042131543159484863e-01 1.225241422653198242e-01 1.727300584316253662e-01 -5.924697494506835938e+01 -2.688040351867675781e+01 -2.452468313276767731e-02 -2.888280898332595825e-02 1.350000000000000000e+02 8.500000000000000000e+01
4.299481809139251709e-01 5.024731159210205078e-01 1.182092577219009399e-01 1.686829626560211182e-01 -5.731964111328125000e+01 -2.495307159423828125e+01 -2.372688241302967072e-02 -2.681190334260463715e-02 1.320000000000000000e+02 8.200000000000000000e+01
4.299481809139251709e-01 4.995599985122680664e-01 1.110489889979362488e-01 1.619074642658233643e-01 -5.463644790649414062e+01 -2.226988029479980469e+01 -2.261620201170444489e-02 -2.392883226275444031e-02 1.280000000000000000e+02 7.800000000000000000e+01
4.299481809139251709e-01 4.975129067897796631e-01 1.062495112419128418e-01 1.571462005376815796e-01 -5.312126159667968750e+01 -2.075469207763671875e+01 -2.198900654911994934e-02 -2.230077423155307770e-02 1.240000000000000000e+02 7.400000000000000000e+01
4.299481809139251709e-01 4.948808252811431885e-01 9.943564236164093018e-02 1.510243564844131470e-01 -5.142279434204101562e+01 -1.905622482299804688e+01 -2.128594182431697845e-02 -2.047578245401382446e-02 1.220000000000000000e+02 7.200000000000000000e+01
4.299481809139251709e-01 4.913006126880645752e-01 9.124203771352767944e-02 1.426972746849060059e-01 -4.926957702636718750e+01 -1.690300750732421875e+01 -2.039464004337787628e-02 -1.816216483712196350e-02 1.190000000000000000e+02 6.900000000000000000e+01
4.299481809139251709e-01 4.881904423236846924e-01 8.427703380584716797e-02 1.354634463787078857e-01 -4.762322616577148438e+01 -1.525665664672851562e+01 -1.971315033733844757e-02 -1.639317348599433899e-02 1.170000000000000000e+02 6.700000000000000000e+01
4.299481809139251709e-01 4.686237871646881104e-01 3.653181344270706177e-02 8.995410799980163574e-02 -4.121723937988281250e+01 -8.850668907165527344e+00 -1.706145703792572021e-02 -9.509982541203498840e-03 9.900000000000000000e+01 4.900000000000000000e+01
4.299481809139251709e-01 4.528459310531616211e-01 -2.651023911312222481e-03 5.325699970126152039e-02 -3.804483795166015625e+01 -5.678269386291503906e+00 -1.574827358126640320e-02 -6.101261358708143234e-03 8.800000000000000000e+01 3.800000000000000000e+01
4.299481809139251709e-01 4.462636411190032959e-01 -1.823165826499462128e-02 3.794750198721885681e-02 -3.706468963623046875e+01 -4.698118209838867188e+00 -1.534255128353834152e-02 -5.048095714300870895e-03 8.400000000000000000e+01 3.400000000000000000e+01
4.299481809139251709e-01 4.382352232933044434e-01 -3.702317550778388977e-02 1.927451416850090027e-02 -3.610050201416015625e+01 -3.733932018280029297e+00 -1.494343578815460205e-02 -4.012084100395441055e-03 8.000000000000000000e+01 3.000000000000000000e+01
4.299481809139251709e-01 4.269714951515197754e-01 -6.270907074213027954e-02 -6.923359353095293045e-03 -3.510160446166992188e+01 -2.735036373138427734e+00 -1.452995184808969498e-02 -2.938777673989534378e-03 7.700000000000000000e+01 2.700000000000000000e+01
4.299481809139251709e-01 4.243032634258270264e-01 -6.904397159814834595e-02 -1.312929764389991760e-02 -3.488747406005859375e+01 -2.520902395248413086e+00 -1.444131508469581604e-02 -2.708692336454987526e-03 7.400000000000000000e+01 2.400000000000000000e+01
4.299481809139251709e-01 4.098456501960754395e-01 -1.012539267539978027e-01 -4.675570502877235413e-02 -3.386767959594726562e+01 -1.501107811927795410e+00 -1.401918102055788040e-02 -1.612929976545274258e-03 7.100000000000000000e+01 2.100000000000000000e+01
4.299481809139251709e-01 4.098456501960754395e-01 -1.012539267539978027e-01 -4.675570502877235413e-02 -3.386767959594726562e+01 -1.501107811927795410e+00 -1.401918102055788040e-02 -1.612929976545274258e-03 7.100000000000000000e+01 2.100000000000000000e+01
4.299481809139251709e-01 4.059764146804809570e-01 -1.092427223920822144e-01 -5.575501173734664917e-02 -3.366478347778320312e+01 -1.298212051391601562e+00 -1.393519435077905655e-02 -1.394919934682548046e-03 6.900000000000000000e+01 1.900000000000000000e+01
4.299481809139251709e-01 3.895014822483062744e-01 -1.423472762107849121e-01 -9.407342970371246338e-02 -3.298198318481445312e+01 -6.154106259346008301e-01 -1.365255657583475113e-02 -6.612545112147927284e-04 6.400000000000000000e+01 1.400000000000000000e+01
4.299481809139251709e-01 3.880401849746704102e-01 -1.449623256921768188e-01 -9.747219830751419067e-02 -3.295422744750976562e+01 -5.876566767692565918e-01 -1.364106684923171997e-02 -6.314330385066568851e-04 6.400000000000000000e+01 1.400000000000000000e+01
4.299481809139251709e-01 3.726425468921661377e-01 -1.746894270181655884e-01 -1.332849711179733276e-01 -3.272624969482421875e+01 -3.596820235252380371e-01 -1.354669779539108276e-02 -3.864758473355323076e-04 6.100000000000000000e+01 1.100000000000000000e+01
4.299481809139251709e-01 3.653260469436645508e-01 -1.920160651206970215e-01 -1.503021419048309326e-01 -3.264741134643554688e+01 -2.808408737182617188e-01 -1.351406425237655640e-02 -3.017615817952901125e-04 5.900000000000000000e+01 9.000000000000000000e+00
4.299481809139251709e-01 3.603921532630920410e-01 -2.018648833036422729e-01 -1.617777049541473389e-01 -3.259892272949218750e+01 -2.323513627052307129e-01 -1.349399238824844360e-02 -2.496599336154758930e-04 5.800000000000000000e+01 8.000000000000000000e+00
4.299481809139251709e-01 3.491745591163635254e-01 -2.260545641183853149e-01 -1.878682672977447510e-01 -3.251645278930664062e+01 -1.498821973800659180e-01 -1.345985475927591324e-02 -1.610473846085369587e-04 5.600000000000000000e+01 6.000000000000000000e+00
4.299481809139251709e-01 3.491745591163635254e-01 -2.260545641183853149e-01 -1.878682672977447510e-01 -3.251645278930664062e+01 -1.498821973800659180e-01 -1.345985475927591324e-02 -1.610473846085369587e-04 5.600000000000000000e+01 6.000000000000000000e+00
4.299481809139251709e-01 3.398772478103637695e-01 -2.430057078599929810e-01 -2.094925343990325928e-01 -3.246096801757812500e+01 -9.439873695373535156e-02 -1.343688741326332092e-02 -1.014307927107438445e-04 5.500000000000000000e+01 5.000000000000000000e+00
4.299481809139251709e-01 3.330696821212768555e-01 -2.552592456340789795e-01 -2.253259867429733276e-01 -3.242447280883789062e+01 -5.790317058563232422e-02 -1.342178042978048325e-02 -6.221656076377257705e-05 5.400000000000000000e+01 4.000000000000000000e+00
4.299481809139251709e-01 3.272105455398559570e-01 -2.663488984107971191e-01 -2.389535307884216309e-01 -3.239840698242187500e+01 -3.183865547180175781e-02 -1.341099105775356293e-02 -3.421041765250265598e-05 5.300000000000000000e+01 3.000000000000000000e+00
4.299481809139251709e-01 3.186110854148864746e-01 -2.834424674510955811e-01 -2.589546740055084229e-01 -3.238008880615234375e+01 -1.352000236511230469e-02 -1.340340822935104370e-02 -1.452714968763757497e-05 5.200000000000000000e+01 2.000000000000000000e+00
4.299481809139251709e-01 3.096693754196166992e-01 -3.045252859592437744e-01 -2.797518670558929443e-01 -3.236656951904296875e+01 0.000000000000000000e+00 -1.339781191200017929e-02 0.000000000000000000e+00 5.000000000000000000e+01 0.000000000000000000e+00
4.299481809139251709e-01 3.096693754196166992e-01 -3.045252859592437744e-01 -2.797518670558929443e-01 -3.236656951904296875e+01 0.000000000000000000e+00 -1.339781191200017929e-02 0.000000000000000000e+00 5.000000000000000000e+01 0.000000000000000000e+00
4.299481809139251709e-01 3.096693754196166992e-01 -3.045252859592437744e-01 -2.797518670558929443e-01 -3.236656951904296875e+01 0.000000000000000000e+00 -1.339781191200017929e-02 0.000000000000000000e+00 5.000000000000000000e+01 0.000000000000000000e+00
4.299481809139251709e-01 3.096693754196166992e-01 -3.045252859592437744e-01 -2.797518670558929443e-01 -3.236656951904296875e+01 0.000000000000000000e+00 -1.339781191200017929e-02 0.000000000000000000e+00 5.000000000000000000e+01 0.000000000000000000e+00
4.299481809139251709e-01 3.096693754196166992e-01 -3.045252859592437744e-01 -2.797518670558929443e-01 -3.236656951904296875e+01 0.000000000000000000e+00 -1.339781191200017929e-02 0.000000000000000000e+00 5.000000000000000000e+01 0.000000000000000000e+00
4.299481809139251709e-01 3.096693754196166992e-01 -3.045252859592437744e-01 -2.797518670558929443e-01 -3.236656951904296875e+01 0.000000000000000000e+00 -1.339781191200017929e-02 0.000000000000000000e+00 5.000000000000000000e+01 0.000000000000000000e+00
4.299481809139251709e-01 3.096693754196166992e-01 -3.045252859592437744e-01 -2.797518670558929443e-01 -3.236656951904296875e+01 0.000000000000000000e+00 -1.339781191200017929e-02 0.000000000000000000e+00 5.000000000000000000e+01 0.000000000000000000e+00
4.299481809139251709e-01 3.096693754196166992e-01 -3.045252859592437744e-01 -2.797518670558929443e-01 -3.236656951904296875e+01 0.000000000000000000e+00 -1.339781191200017929e-02 0.000000000000000000e+00 5.000000000000000000e+01 0.000000000000000000e+00
4.299481809139251709e-01 3.096693754196166992e-01 -3.045252859592437744e-01 -2.797518670558929443e-01 -3.236656951904296875e+01 0.000000000000000000e+00 -1.339781191200017929e-02 0.000000000000000000e+00 5.000000000000000000e+01 0.000000000000000000e+00
4.299481809139251709e-01 3.096693754196166992e-01 -3.045252859592437744e-01 -2.797518670558929443e-01 -3.236656951904296875e+01 0.000000000000000000e+00 -1.339781191200017929e-02 0.000000000000000000e+00 5.000000000000000000e+01 0.000000000000000000e+00
4.299481809139251709e-01 3.096693754196166992e-01 -3.045252859592437744e-01 -2.797518670558929443e-01 -3.236656951904296875e+01 0.000000000000000000e+00 -1.339781191200017929e-02 0.000000000000000000e+00 5.000000000000000000e+01 0.000000000000000000e+00
4.299481809139251709e-01 3.096693754196166992e-01 -3.045252859592437744e-01 -2.797518670558929443e-01 -3.236656951904296875e+01 0.000000000000000000e+00 -1.339781191200017929e-02 0.000000000000000000e+00 5.000000000000000000e+01 0.000000000000000000e+00
4.299481809139251709e-01 3.096693754196166992e-01 -3.045252859592437744e-01 -2.797518670558929443e-01 -3.236656951904296875e+01 0.000000000000000000e+00 -1.339781191200017929e-02 0.000000000000000000e+00 5.000000000000000000e+01 0.000000000000000000e+00
4.299481809139251709e-01 3.096693754196166992e-01 -3.045252859592437744e-01 -2.797518670558929443e-01 -3.236656951904296875e+01 0.000000000000000000e+00 -1.339781191200017929e-02 0.000000000000000000e+00 5.000000000000000000e+01 0.000000000000000000e+00
4.299481809139251709e-01 3.096693754196166992e-01 -3.045252859592437744e-01 -2.797518670558929443e-01 -3.236656951904296875e+01 0.000000000000000000e+00 -1.339781191200017929e-02 0.000000000000000000e+00 5.000000000000000000e+01 0.000000000000000000e+00
4.299481809139251709e-01 3.096693754196166992e-01 -3.045252859592437744e-01 -2.797518670558929443e-01 -3.236656951904296875e+01 0.000000000000000000e+00 -1.339781191200017929e-02 0.000000000000000000e+00 5.000000000000000000e+01 0.000000000000000000e+00
4.299481809139251709e-01 3.096693754196166992e-01 -3.045252859592437744e-01 -2.797518670558929443e-01 -3.236656951904296875e+01 0.000000000000000000e+00 -1.339781191200017929e-02 0.000000000000000000e+00 5.000000000000000000e+01 0.000000000000000000e+00
4.299481809139251709e-01 3.096693754196166992e-01 -3.045252859592437744e-01 -2.797518670558929443e-01 -3.236656951904296875e+01 0.000000000000000000e+00 -1.339781191200017929e-02 0.000000000000000000e+00 5.000000000000000000e+01 0.000000000000000000e+00
4.299481809139251709e-01 3.096693754196166992e-01 -3.045252859592437744e-01 -2.797518670558929443e-01 -3.236656951904296875e+01 0.000000000000000000e+00 -1.339781191200017929e-02 0.000000000000000000e+00 5.000000000000000000e+01 0.000000000000000000e+00
4.299481809139251709e-01 3.096693754196166992e-01 -3.045252859592437744e-01 -2.797518670558929443e-01 -3.236656951904296875e+01 0.000000000000000000e+00 -1.339781191200017929e-02 0.000000000000000000e+00 5.000000000000000000e+01 0.000000000000000000e+00
4.299481809139251709e-01 3.096693754196166992e-01 -3.045252859592437744e-01 -2.797518670558929443e-01 -3.236656951904296875e+01 0.000000000000000000e+00 -1.339781191200017929e-02 0.000000000000000000e+00 5.000000000000000000e+01 0.000000000000000000e+00
4.299481809139251709e-01 3.096693754196166992e-01 -3.045252859592437744e-01 -2.797518670558929443e-01 -3.236656951904296875e+01 0.000000000000000000e+00 -1.339781191200017929e-02 0.000000000000000000e+00 5.000000000000000000e+01 0.000000000000000000e+00
4.299481809139251709e-01 3.096693754196166992e-01 -3.045252859592437744e-01 -2.797518670558929443e-01 -3.236656951904296875e+01 0.000000000000000000e+00 -1.339781191200017929e-02 0.000000000000000000e+00 5.000000000000000000e+01 0.000000000000000000e+00
4.299481809139251709e-01 3.096693754196166992e-01 -3.045252859592437744e-01 -2.797518670558929443e-01 -3.236656951904296875e+01 0.000000000000000000e+00 -1.339781191200017929e-02 0.000000000000000000e+00 5.000000000000000000e+01 0.000000000000000000e+00
4.299481809139251709e-01 3.096693754196166992e-01 -3.045252859592437744e-01 -2.797518670558929443e-01 -3.236656951904296875e+01 0.000000000000000000e+00 -1.339781191200017929e-02 0.000000000000000000e+00 5.000000000000000000e+01 0.000000000000000000e+00
4.299481809139251709e-01 3.096693754196166992e-01 -3.045252859592437744e-01 -2.797518670558929443e-01 -3.236656951904296875e+01 0.000000000000000000e+00 -1.339781191200017929e-02 0.000000000000000000e+00 5.000000000000000000e+01 0.000000000000000000e+00
4.299481809139251709e-01 3.096693754196166992e-01 -3.045252859592437744e-01 -2.797518670558929443e-01 -3.236656951904296875e+01 0.000000000000000000e+00 -1.339781191200017929e-02 0.000000000000000000e+00 5.000000000000000000e+01 0.000000000000000000e+00
4.299481809139251709e-01 3.096693754196166992e-01 -3.045252859592437744e-01 -2.797518670558929443e-01 -3.236656951904296875e+01 0.000000000000000000e+00 -1.339781191200017929e-02 0.000000000000000000e+00 5.000000000000000000e+01 0.000000000000000000e+00
4.299481809139251709e-01 3.096693754196166992e-01 -3.045252859592437744e-01 -2.797518670558929443e-01 -3.236656951904296875e+01 0.000000000000000000e+00 -1.339781191200017929e-02 0.000000000000000000e+00 5.000000000000000000e+01 0.000000000000000000e+00
4.299481809139251709e-01 3.096693754196166992e-01 -3.045252859592437744e-01 -2.797518670558929443e-01 -3.236656951904296875e+01 0.000000000000000000e+00 -1.339781191200017929e-02 0.000000000000000000e+00 5.000000000000000000e+01 0.000000000000000000e+00
4.299481809139251709e-01 3.096693754196166992e-01 -3.045252859592437744e-01 -2.797518670558929443e-01 -3.236656951904296875e+01 0.000000000000000000e+00 -1.339781191200017929e-02 0.000000000000000000e+00 5.000000000000000000e+01 0.000000000000000000e+00
4.299481809139251709e-01 3.096693754196166992e-01 -3.045252859592437744e-01 -2.797518670558929443e-01 -3.236656951904296875e+01 0.000000000000000000e+00 -1.339781191200017929e-02 0.000000000000000000e+00 5.000000000000000000e+01 0.000000000000000000e+00
4.299481809139251709e-01 3.096693754196166992e-01 -3.045252859592437744e-01 -2.797518670558929443e-01 -3.236656951904296875e+01 0.000000000000000000e+00 -1.339781191200017929e-02 0.000000000000000000e+00 5.000000000000000000e+01 0.000000000000000000e+00
4.299481809139251709e-01 3.096693754196166992e-01 -3.045252859592437744e-01 -2.797518670558929443e-01 -3.236656951904296875e+01 0.000000000000000000e+00 -1.339781191200017929e-02 0.000000000000000000e+00 5.000000000000000000e+01 0.000000000000000000e+00
4.299481809139251709e-01 3.096693754196166992e-01 -3.045252859592437744e-01 -2.797518670558929443e-01 -3.236656951904296875e+01 0.000000000000000000e+00 -1.339781191200017929e-02 0.000000000000000000e+00 5.000000000000000000e+01 0.000000000000000000e+00
4.299481809139251709e-01 3.096693754196166992e-01 -3.045252859592437744e-01 -2.797518670558929443e-01 -3.236656951904296875e+01 0.000000000000000000e+00 -1.339781191200017929e-02 0.000000000000000000e+00 5.000000000000000000e+01 0.000000000000000000e+00
4.299481809139251709e-01 3.096693754196166992e-01 -3.045252859592437744e-01 -2.797518670558929443e-01 -3.236656951904296875e+01 0.000000000000000000e+00 -1.339781191200017929e-02 0.000000000000000000e+00 5.000000000000000000e+01 0.000000000000000000e+00
4.299481809139251709e-01 3.096693754196166992e-01 -3.045252859592437744e-01 -2.797518670558929443e-01 -3.236656951904296875e+01 0.000000000000000000e+00 -1.339781191200017929e-02 0.000000000000000000e+00 5.000000000000000000e+01 0.000000000000000000e+00
4.299481809139251709e-01 3.096693754196166992e-01 -3.045252859592437744e-01 -2.797518670558929443e-01 -3.236656951904296875e+01 0.000000000000000000e+00 -1.339781191200017929e-02 0.000000000000000000e+00 5.000000000000000000e+01 0.000000000000000000e+00
4.299481809139251709e-01 3.096693754196166992e-01 -3.045252859592437744e-01 -2.797518670558929443e-01 -3.236656951904296875e+01 0.000000000000000000e+00 -1.339781191200017929e-02 0.000000000000000000e+00 5.000000000000000000e+01 0.000000000000000000e+00
4.299481809139251709e-01 3.096693754196166992e-01 -3.045252859592437744e-01 -2.797518670558929443e-01 -3.236656951904296875e+01 0.000000000000000000e+00 -1.339781191200017929e-02 0.000000000000000000e+00 5.000000000000000000e+01 0.000000000000000000e+00
4.299481809139251709e-01 3.096693754196166992e-01 -3.045252859592437744e-01 -2.797518670558929443e-01 -3.236656951904296875e+01 0.000000000000000000e+00 -1.339781191200017929e-02 0.000000000000000000e+00 5.000000000000000000e+01 0.000000000000000000e+00
4.299481809139251709e-01 3.096693754196166992e-01 -3.045252859592437744e-01 -2.797518670558929443e-01 -3.236656951904296875e+01 0.000000000000000000e+00 -1.339781191200017929e-02 0.000000000000000000e+00 5.000000000000000000e+01 0.000000000000000000e+00
4.299481809139251709e-01 3.096693754196166992e-01 -3.045252859592437744e-01 -2.797518670558929443e-01 -3.236656951904296875e+01 0.000000000000000000e+00 -1.339781191200017929e-02 0.000000000000000000e+00 5.000000000000000000e+01 0.000000000000000000e+00
4.299481809139251709e-01 3.096693754196166992e-01 -3.045252859592437744e-01 -2.797518670558929443e-01 -3.236656951904296875e+01 0.000000000000000000e+00 -1.339781191200017929e-02 0.000000000000000000e+00 5.000000000000000000e+01 0.000000000000000000e+00
4.299481809139251709e-01 3.096693754196166992e-01 -3.045252859592437744e-01 -2.797518670558929443e-01 -3.236656951904296875e+01 0.000000000000000000e+00 -1.339781191200017929e-02 0.000000000000000000e+00 5.000000000000000000e+01 0.000000000000000000e+00
4.299481809139251709e-01 3.096693754196166992e-01 -3.045252859592437744e-01 -2.797518670558929443e-01 -3.236656951904296875e+01 0.000000000000000000e+00 -1.339781191200017929e-02 0.000000000000000000e+00 5.000000000000000000e+01 0.000000000000000000e+00
4.299481809139251709e-01 3.096693754196166992e-01 -3.045252859592437744e-01 -2.797518670558929443e-01 -3.236656951904296875e+01 0.000000000000000000e+00 -1.339781191200017929e-02 0.000000000000000000e+00 5.000000000000000000e+01 0.000000000000000000e+00
4.299481809139251709e-01 3.096693754196166992e-01 -3.045252859592437744e-01 -2.797518670558929443e-01 -3.236656951904296875e+01 0.000000000000000000e+00 -1.339781191200017929e-02 0.000000000000000000e+00 5.000000000000000000e+01 0.000000000000000000e+00
4.299481809139251709e-01 3.096693754196166992e-01 -3.045252859592437744e-01 -2.797518670558929443e-01 -3.236656951904296875e+01 0.000000000000000000e+00 -1.339781191200017929e-02 0.000000000000000000e+00 5.000000000000000000e+01 0.000000000000000000e+00
4.299481809139251709e-01 3.096693754196166992e-01 -3.045252859592437744e-01 -2.797518670558929443e-01 -3.236656951904296875e+01 0.000000000000000000e+00 -1.339781191200017929e-02 0.000000000000000000e+00 5.000000000000000000e+01 0.000000000000000000e+00
