4.505866765975952148e-01 7.673425078392028809e-01 7.000687718391418457e-01 7.029853463172912598e-01 -8.870077514648437500e+01 -6.069463348388671875e+01 -3.671678528189659119e-02 -8.292976021766662598e-02 2.450000000000000000e+02 1.970000000000000000e+02
4.505866765975952148e-01 7.673195004463195801e-01 7.000202536582946777e-01 7.029342651367187500e-01 -8.362301635742187500e+01 -5.561688232421875000e+01 -3.461489826440811157e-02 -7.599180191755294800e-02 2.250000000000000000e+02 1.770000000000000000e+02
4.505866765975952148e-01 7.672939896583557129e-01 6.999719142913818359e-01 7.028776407241821289e-01 -8.264880371093750000e+01 -5.464266204833984375e+01 -3.421163186430931091e-02 -7.466068118810653687e-02 2.210000000000000000e+02 1.730000000000000000e+02
4.505866765975952148e-01 7.672827839851379395e-01 6.999481320381164551e-01 7.028527855873107910e-01 -8.237979888916015625e+01 -5.437366485595703125e+01 -3.410027921199798584e-02 -7.429314404726028442e-02 2.190000000000000000e+02 1.710000000000000000e+02
4.505866765975952148e-01 7.672230601310729980e-01 6.998108029365539551e-01 7.027202248573303223e-01 -8.155915832519531250e+01 -5.355302047729492188e+01 -3.376058489084243774e-02 -7.317186146974563599e-02 2.170000000000000000e+02 1.690000000000000000e+02
4.505866765975952148e-01 7.671992182731628418e-01 6.997672915458679199e-01 7.026673555374145508e-01 -8.130276489257812500e+01 -5.329662704467773438e+01 -3.365445137023925781e-02 -7.282153517007827759e-02 2.160000000000000000e+02 1.680000000000000000e+02
4.505866765975952148e-01 7.671538591384887695e-01 6.996477842330932617e-01 7.025666832923889160e-01 -8.089312744140625000e+01 -5.288699340820312500e+01 -3.348488733172416687e-02 -7.226184010505676270e-02 2.140000000000000000e+02 1.660000000000000000e+02
4.505866765975952148e-01 7.671501040458679199e-01 6.996381878852844238e-01 7.025583386421203613e-01 -8.086529541015625000e+01 -5.285916900634765625e+01 -3.347336500883102417e-02 -7.222381979227066040e-02 2.140000000000000000e+02 1.660000000000000000e+02
4.505866765975952148e-01 7.670208811759948730e-01 6.993625760078430176e-01 7.022715806961059570e-01 -8.003472137451171875e+01 -5.202858734130859375e+01 -3.312955796718597412e-02 -7.108896225690841675e-02 2.120000000000000000e+02 1.640000000000000000e+02
4.505866765975952148e-01 7.670183181762695312e-01 6.993560791015625000e-01 7.022658586502075195e-01 -8.001955413818359375e+01 -5.201341629028320312e+01 -3.312328085303306580e-02 -7.106822729110717773e-02 2.110000000000000000e+02 1.630000000000000000e+02
4.505866765975952148e-01 7.669620513916015625e-01 6.992517113685607910e-01 7.021409869194030762e-01 -7.973182678222656250e+01 -5.172568893432617188e+01 -3.300417959690093994e-02 -7.067509740591049194e-02 2.100000000000000000e+02 1.620000000000000000e+02
4.505866765975952148e-01 7.649424672126770020e-01 6.944978237152099609e-01 6.976588964462280273e-01 -7.351260375976562500e+01 -4.550647354125976562e+01 -3.042979538440704346e-02 -6.217750534415245056e-02 1.990000000000000000e+02 1.510000000000000000e+02
4.505866765975952148e-01 7.626192569732666016e-01 6.890431642532348633e-01 6.925029158592224121e-01 -6.889642333984375000e+01 -4.089028930664062500e+01 -2.851897291839122772e-02 -5.587020888924598694e-02 1.880000000000000000e+02 1.400000000000000000e+02
4.505866765975952148e-01 7.608270049095153809e-01 6.845071911811828613e-01 6.885253190994262695e-01 -6.553523254394531250e+01 -3.752910232543945312e+01 -2.712764218449592590e-02 -5.127767100930213928e-02 1.840000000000000000e+02 1.360000000000000000e+02
4.505866765975952148e-01 7.574430704116821289e-01 6.761341691017150879e-01 6.810152530670166016e-01 -6.176150512695312500e+01 -3.375537109375000000e+01 -2.556554600596427917e-02 -4.612145572900772095e-02 1.760000000000000000e+02 1.280000000000000000e+02
4.505866765975952148e-01 7.563651800155639648e-01 6.738221049308776855e-01 6.786230206489562988e-01 -6.048582458496093750e+01 -3.247969055175781250e+01 -2.503749169409275055e-02 -4.437843710184097290e-02 1.740000000000000000e+02 1.260000000000000000e+02
4.505866765975952148e-01 7.528980970382690430e-01 6.655758023262023926e-01 6.709284782409667969e-01 -5.764680480957031250e+01 -2.964067077636718750e+01 -2.386230789124965668e-02 -4.049935936927795410e-02 1.690000000000000000e+02 1.210000000000000000e+02
4.505866765975952148e-01 7.481667399406433105e-01 6.535427570343017578e-01 6.604279875755310059e-01 -5.448990631103515625e+01 -2.648377227783203125e+01 -2.255554310977458954e-02 -3.618595004081726074e-02 1.640000000000000000e+02 1.160000000000000000e+02
4.505866765975952148e-01 7.450355887413024902e-01 6.454290747642517090e-01 6.534789800643920898e-01 -5.269593811035156250e+01 -2.468980407714843750e+01 -2.181294746696949005e-02 -3.373477235436439514e-02 1.600000000000000000e+02 1.120000000000000000e+02
4.505866765975952148e-01 7.422577738761901855e-01 6.389806866645812988e-01 6.473140716552734375e-01 -5.125724029541015625e+01 -2.325110244750976562e+01 -2.121741324663162231e-02 -3.176900744438171387e-02 1.560000000000000000e+02 1.080000000000000000e+02
4.505866765975952148e-01 7.049692273139953613e-01 5.494961738586425781e-01 5.645585060119628906e-01 -3.857627105712890625e+01 -1.057013702392578125e+01 -1.596825569868087769e-02 -1.444244571030139923e-02 1.320000000000000000e+02 8.400000000000000000e+01
4.505866765975952148e-01 6.925970315933227539e-01 5.214254856109619141e-01 5.371005535125732422e-01 -3.604666137695312500e+01 -8.040528297424316406e+00 -1.492114923894405365e-02 -1.098612882196903229e-02 1.240000000000000000e+02 7.600000000000000000e+01
4.505866765975952148e-01 6.791161298751831055e-01 4.865268170833587646e-01 5.071820020675659180e-01 -3.400479125976562500e+01 -5.998659610748291016e+00 -1.407593768090009689e-02 -8.196233771741390228e-03 1.190000000000000000e+02 7.100000000000000000e+01
4.505866765975952148e-01 6.770395040512084961e-01 4.826986193656921387e-01 5.025733113288879395e-01 -3.378276062011718750e+01 -5.776625156402587891e+00 -1.398403011262416840e-02 -7.892858237028121948e-03 1.160000000000000000e+02 6.800000000000000000e+01
4.505866765975952148e-01 6.679129600524902344e-01 4.599555730819702148e-01 4.823184907436370850e-01 -3.289148712158203125e+01 -4.885354042053222656e+00 -1.361509691923856735e-02 -6.675075273960828781e-03 1.140000000000000000e+02 6.600000000000000000e+01
4.505866765975952148e-01 6.661481857299804688e-01 4.560448825359344482e-01 4.784018695354461670e-01 -3.275251388549804688e+01 -4.746378898620605469e+00 -1.355757005512714386e-02 -6.485187448561191559e-03 1.120000000000000000e+02 6.400000000000000000e+01
4.505866765975952148e-01 6.431119441986083984e-01 3.991076648235321045e-01 4.272768795490264893e-01 -3.122197341918945312e+01 -3.215840339660644531e+00 -1.292401831597089767e-02 -4.393944982439279556e-03 1.080000000000000000e+02 6.000000000000000000e+01
4.505866765975952148e-01 6.369196176528930664e-01 3.841553330421447754e-01 4.135340750217437744e-01 -3.087648010253906250e+01 -2.870347023010253906e+00 -1.278100442141294479e-02 -3.921881783753633499e-03 1.060000000000000000e+02 5.800000000000000000e+01
4.505866765975952148e-01 6.363391876220703125e-01 3.826169371604919434e-01 4.122458994388580322e-01 -3.084568786621093750e+01 -2.839554309844970703e+00 -1.276825834065675735e-02 -3.879808587953448296e-03 1.050000000000000000e+02 5.700000000000000000e+01
4.505866765975952148e-01 5.878836512565612793e-01 2.696394026279449463e-01 3.047071397304534912e-01 -2.892242431640625000e+01 -9.162869453430175781e-01 -1.197214331477880478e-02 -1.251963316462934017e-03 9.400000000000000000e+01 4.600000000000000000e+01
4.505866765975952148e-01 5.706425309181213379e-01 2.274041473865509033e-01 2.664434313774108887e-01 -2.854095458984375000e+01 -5.348217487335205078e-01 -1.181423757225275040e-02 -7.307506166398525238e-04 8.800000000000000000e+01 4.000000000000000000e+01
4.505866765975952148e-01 5.706425309181213379e-01 2.274041473865509033e-01 2.664434313774108887e-01 -2.854095458984375000e+01 -5.348217487335205078e-01 -1.181423757225275040e-02 -7.307506166398525238e-04 8.800000000000000000e+01 4.000000000000000000e+01
4.505866765975952148e-01 5.604103207588195801e-01 2.052415460348129272e-01 2.437347769737243652e-01 -2.842972755432128906e+01 -4.235936999320983887e-01 -1.176819670945405960e-02 -5.787747795693576336e-04 8.500000000000000000e+01 3.700000000000000000e+01
4.505866765975952148e-01 5.553329586982727051e-01 1.956550925970077515e-01 2.324664443731307983e-01 -2.838262367248535156e+01 -3.764902353286743164e-01 -1.174869854003190994e-02 -5.144152673892676830e-04 8.400000000000000000e+01 3.600000000000000000e+01
4.505866765975952148e-01 5.442613959312438965e-01 1.698756515979766846e-01 2.078950107097625732e-01 -2.829781341552734375e+01 -2.916792035102844238e-01 -1.171359233558177948e-02 -3.985341754741966724e-04 8.000000000000000000e+01 3.200000000000000000e+01
4.505866765975952148e-01 5.274230837821960449e-01 1.395485550165176392e-01 1.705252528190612793e-01 -2.818206787109375000e+01 -1.759331822395324707e-01 -1.166568044573068619e-02 -2.403852849965915084e-04 7.800000000000000000e+01 3.000000000000000000e+01
4.505866765975952148e-01 5.274230837821960449e-01 1.395485550165176392e-01 1.705252528190612793e-01 -2.818206787109375000e+01 -1.759331822395324707e-01 -1.166568044573068619e-02 -2.403852849965915084e-04 7.800000000000000000e+01 3.000000000000000000e+01
4.505866765975952148e-01 5.266457200050354004e-01 1.378484517335891724e-01 1.688000261783599854e-01 -2.817807197570800781e+01 -1.719383001327514648e-01 -1.166402641683816910e-02 -2.349269052501767874e-04 7.600000000000000000e+01 2.800000000000000000e+01
4.505866765975952148e-01 5.029927492141723633e-01 9.112165123224258423e-02 1.163063049316406250e-01 -2.808403015136718750e+01 -7.789641618728637695e-02 -1.162509899586439133e-02 -1.064333191607147455e-04 6.800000000000000000e+01 2.000000000000000000e+01
4.505866765975952148e-01 4.852784872055053711e-01 5.756048113107681274e-02 7.699253410100936890e-02 -2.805001068115234375e+01 -4.387778043746948242e-02 -1.161101646721363068e-02 -5.995215178700163960e-05 6.300000000000000000e+01 1.500000000000000000e+01
4.505866765975952148e-01 4.759050309658050537e-01 3.932347148656845093e-02 5.618975311517715454e-02 -2.803411102294921875e+01 -2.797508239746093750e-02 -1.160443481057882309e-02 -3.822359212790615857e-05 6.200000000000000000e+01 1.400000000000000000e+01
4.505866765975952148e-01 4.732919335365295410e-01 3.364132717251777649e-02 5.039042979478836060e-02 -2.803136444091796875e+01 -2.522999048233032227e-02 -1.160329859703779221e-02 -3.447285052970983088e-05 6.000000000000000000e+01 1.200000000000000000e+01
4.505866765975952148e-01 4.661845266819000244e-01 1.943417824804782867e-02 3.461675718426704407e-02 -2.802494621276855469e+01 -1.881170272827148438e-02 -1.160064153373241425e-02 -2.570326068962458521e-05 5.900000000000000000e+01 1.100000000000000000e+01
4.505866765975952148e-01 4.624256789684295654e-01 1.128905359655618668e-02 2.627464011311531067e-02 -2.802207756042480469e+01 -1.594424247741699219e-02 -1.159945409744977951e-02 -2.178532304242253304e-05 5.700000000000000000e+01 9.000000000000000000e+00
4.505866765975952148e-01 4.561625123023986816e-01 -9.472322417423129082e-04 1.237461250275373459e-02 -2.801777839660644531e+01 -1.164495944976806641e-02 -1.159767434000968933e-02 -1.591102227394003421e-05 5.600000000000000000e+01 8.000000000000000000e+00
4.505866765975952148e-01 4.475632309913635254e-01 -2.002368494868278503e-02 -6.710019893944263458e-03 -2.801241302490234375e+01 -6.280064582824707031e-03 -1.159545313566923141e-02 -8.580729627283290029e-06 5.500000000000000000e+01 7.000000000000000000e+00
4.505866765975952148e-01 4.475632309913635254e-01 -2.002368867397308350e-02 -6.710019893944263458e-03 -2.801241302490234375e+01 -6.280064582824707031e-03 -1.159545313566923141e-02 -8.580729627283290029e-06 5.500000000000000000e+01 7.000000000000000000e+00
4.505866765975952148e-01 4.404085576534271240e-01 -3.325592353940010071e-02 -2.258859202265739441e-02 -2.801018905639648438e+01 -4.055023193359375000e-03 -1.159453298896551132e-02 -5.540557594940764830e-06 5.400000000000000000e+01 6.000000000000000000e+00
4.505866765975952148e-01 4.247760772705078125e-01 -6.389205902814865112e-02 -5.728220567107200623e-02 -2.800639152526855469e+01 -2.563595771789550781e-04 -1.159296091645956039e-02 -3.502754282180831069e-07 5.100000000000000000e+01 3.000000000000000000e+00
4.505866765975952148e-01 4.247760772705078125e-01 -6.389205902814865112e-02 -5.728220567107200623e-02 -2.800639152526855469e+01 -2.563595771789550781e-04 -1.159296091645956039e-02 -3.502754282180831069e-07 5.100000000000000000e+01 3.000000000000000000e+00
4.505866765975952148e-01 4.247760772705078125e-01 -6.389205902814865112e-02 -5.728220567107200623e-02 -2.800639152526855469e+01 -2.563595771789550781e-04 -1.159296091645956039e-02 -3.502754282180831069e-07 5.100000000000000000e+01 3.000000000000000000e+00
4.505866765975952148e-01 4.231127202510833740e-01 -6.814038008451461792e-02 -6.097374483942985535e-02 -2.800623130798339844e+01 -9.655952453613281250e-05 -1.159289479255676270e-02 -1.319335467542259721e-07 5.000000000000000000e+01 2.000000000000000000e+00
4.505866765975952148e-01 4.231127202510833740e-01 -6.814038008451461792e-02 -6.097374483942985535e-02 -2.800623130798339844e+01 -9.655952453613281250e-05 -1.159289479255676270e-02 -1.319335467542259721e-07 5.000000000000000000e+01 2.000000000000000000e+00
4.505866765975952148e-01 4.231127202510833740e-01 -6.814038008451461792e-02 -6.097374483942985535e-02 -2.800623130798339844e+01 -9.655952453613281250e-05 -1.159289479255676270e-02 -1.319335467542259721e-07 5.000000000000000000e+01 2.000000000000000000e+00
4.505866765975952148e-01 4.231127202510833740e-01 -6.814038008451461792e-02 -6.097374483942985535e-02 -2.800623130798339844e+01 -9.655952453613281250e-05 -1.159289479255676270e-02 -1.319335467542259721e-07 5.000000000000000000e+01 2.000000000000000000e+00
4.505866765975952148e-01 4.231127202510833740e-01 -6.814038008451461792e-02 -6.097374483942985535e-02 -2.800623130798339844e+01 -9.655952453613281250e-05 -1.159289479255676270e-02 -1.319335467542259721e-07 5.000000000000000000e+01 2.000000000000000000e+00
4.505866765975952148e-01 4.201805293560028076e-01 -7.483442872762680054e-02 -6.748124212026596069e-02 -2.800615310668945312e+01 -1.704692840576171875e-05 -1.159286219626665115e-02 -2.329197101857971575e-08 4.900000000000000000e+01 1.000000000000000000e+00
4.505866765975952148e-01 4.201805293560028076e-01 -7.483442872762680054e-02 -6.748124212026596069e-02 -2.800615310668945312e+01 -1.704692840576171875e-05 -1.159286219626665115e-02 -2.329197101857971575e-08 4.900000000000000000e+01 1.000000000000000000e+00
4.505866765975952148e-01 4.201805293560028076e-01 -7.483442872762680054e-02 -6.748124212026596069e-02 -2.800615310668945312e+01 -1.704692840576171875e-05 -1.159286219626665115e-02 -2.329197101857971575e-08 4.900000000000000000e+01 1.000000000000000000e+00
4.505866765975952148e-01 4.201805293560028076e-01 -7.483442872762680054e-02 -6.748124212026596069e-02 -2.800615310668945312e+01 -1.704692840576171875e-05 -1.159286219626665115e-02 -2.329197101857971575e-08 4.900000000000000000e+01 1.000000000000000000e+00
4.505866765975952148e-01 4.184440076351165771e-01 -7.811694592237472534e-02 -7.133515179157257080e-02 -2.800613403320312500e+01 0.000000000000000000e+00 -1.159285474568605423e-02 0.000000000000000000e+00 4.800000000000000000e+01 0.000000000000000000e+00
4.505866765975952148e-01 4.184440076351165771e-01 -7.811694592237472534e-02 -7.133515179157257080e-02 -2.800613403320312500e+01 0.000000000000000000e+00 -1.159285474568605423e-02 0.000000000000000000e+00 4.800000000000000000e+01 0.000000000000000000e+00
4.505866765975952148e-01 4.184440076351165771e-01 -7.811694592237472534e-02 -7.133515179157257080e-02 -2.800613403320312500e+01 0.000000000000000000e+00 -1.159285474568605423e-02 0.000000000000000000e+00 4.800000000000000000e+01 0.000000000000000000e+00
4.505866765975952148e-01 4.184440076351165771e-01 -7.811694592237472534e-02 -7.133515179157257080e-02 -2.800613403320312500e+01 0.000000000000000000e+00 -1.159285474568605423e-02 0.000000000000000000e+00 4.800000000000000000e+01 0.000000000000000000e+00
4.505866765975952148e-01 4.184440076351165771e-01 -7.811694592237472534e-02 -7.133515179157257080e-02 -2.800613403320312500e+01 0.000000000000000000e+00 -1.159285474568605423e-02 0.000000000000000000e+00 4.800000000000000000e+01 0.000000000000000000e+00
4.505866765975952148e-01 4.184440076351165771e-01 -7.811694592237472534e-02 -7.133515179157257080e-02 -2.800613403320312500e+01 0.000000000000000000e+00 -1.159285474568605423e-02 0.000000000000000000e+00 4.800000000000000000e+01 0.000000000000000000e+00
4.505866765975952148e-01 4.184440076351165771e-01 -7.811694592237472534e-02 -7.133515179157257080e-02 -2.800613403320312500e+01 0.000000000000000000e+00 -1.159285474568605423e-02 0.000000000000000000e+00 4.800000000000000000e+01 0.000000000000000000e+00
4.505866765975952148e-01 4.184440076351165771e-01 -7.811694592237472534e-02 -7.133515179157257080e-02 -2.800613403320312500e+01 0.000000000000000000e+00 -1.159285474568605423e-02 0.000000000000000000e+00 4.800000000000000000e+01 0.000000000000000000e+00
4.505866765975952148e-01 4.184440076351165771e-01 -7.811694592237472534e-02 -7.133515179157257080e-02 -2.800613403320312500e+01 0.000000000000000000e+00 -1.159285474568605423e-02 0.000000000000000000e+00 4.800000000000000000e+01 0.000000000000000000e+00
4.505866765975952148e-01 4.184440076351165771e-01 -7.811694592237472534e-02 -7.133515179157257080e-02 -2.800613403320312500e+01 0.000000000000000000e+00 -1.159285474568605423e-02 0.000000000000000000e+00 4.800000000000000000e+01 0.000000000000000000e+00
4.505866765975952148e-01 4.184440076351165771e-01 -7.811694592237472534e-02 -7.133515179157257080e-02 -2.800613403320312500e+01 0.000000000000000000e+00 -1.159285474568605423e-02 0.000000000000000000e+00 4.800000000000000000e+01 0.000000000000000000e+00
4.505866765975952148e-01 4.184440076351165771e-01 -7.811694592237472534e-02 -7.133515179157257080e-02 -2.800613403320312500e+01 0.000000000000000000e+00 -1.159285474568605423e-02 0.000000000000000000e+00 4.800000000000000000e+01 0.000000000000000000e+00
4.505866765975952148e-01 4.184440076351165771e-01 -7.811694592237472534e-02 -7.133515179157257080e-02 -2.800613403320312500e+01 0.000000000000000000e+00 -1.159285474568605423e-02 0.000000000000000000e+00 4.800000000000000000e+01 0.000000000000000000e+00
4.505866765975952148e-01 4.184440076351165771e-01 -7.811694592237472534e-02 -7.133515179157257080e-02 -2.800613403320312500e+01 0.000000000000000000e+00 -1.159285474568605423e-02 0.000000000000000000e+00 4.800000000000000000e+01 0.000000000000000000e+00
4.505866765975952148e-01 4.184440076351165771e-01 -7.811694592237472534e-02 -7.133515179157257080e-02 -2.800613403320312500e+01 0.000000000000000000e+00 -1.159285474568605423e-02 0.000000000000000000e+00 4.800000000000000000e+01 0.000000000000000000e+00
4.505866765975952148e-01 4.184440076351165771e-01 -7.811694592237472534e-02 -7.133515179157257080e-02 -2.800613403320312500e+01 0.000000000000000000e+00 -1.159285474568605423e-02 0.000000000000000000e+00 4.800000000000000000e+01 0.000000000000000000e+00
4.505866765975952148e-01 4.184440076351165771e-01 -7.811694592237472534e-02 -7.133515179157257080e-02 -2.800613403320312500e+01 0.000000000000000000e+00 -1.159285474568605423e-02 0.000000000000000000e+00 4.800000000000000000e+01 0.000000000000000000e+00
4.505866765975952148e-01 4.184440076351165771e-01 -7.811694592237472534e-02 -7.133515179157257080e-02 -2.800613403320312500e+01 0.000000000000000000e+00 -1.159285474568605423e-02 0.000000000000000000e+00 4.800000000000000000e+01 0.000000000000000000e+00
4.505866765975952148e-01 4.184440076351165771e-01 -7.811694592237472534e-02 -7.133515179157257080e-02 -2.800613403320312500e+01 0.000000000000000000e+00 -1.159285474568605423e-02 0.000000000000000000e+00 4.800000000000000000e+01 0.000000000000000000e+00
4.505866765975952148e-01 4.184440076351165771e-01 -7.811694592237472534e-02 -7.133515179157257080e-02 -2.800613403320312500e+01 0.000000000000000000e+00 -1.159285474568605423e-02 0.000000000000000000e+00 4.800000000000000000e+01 0.000000000000000000e+00
4.505866765975952148e-01 4.184440076351165771e-01 -7.811694592237472534e-02 -7.133515179157257080e-02 -2.800613403320312500e+01 0.000000000000000000e+00 -1.159285474568605423e-02 0.000000000000000000e+00 4.800000000000000000e+01 0.000000000000000000e+00
4.505866765975952148e-01 4.184440076351165771e-01 -7.811694592237472534e-02 -7.133515179157257080e-02 -2.800613403320312500e+01 0.000000000000000000e+00 -1.159285474568605423e-02 0.000000000000000000e+00 4.800000000000000000e+01 0.000000000000000000e+00
4.505866765975952148e-01 4.184440076351165771e-01 -7.811694592237472534e-02 -7.133515179157257080e-02 -2.800613403320312500e+01 0.000000000000000000e+00 -1.159285474568605423e-02 0.000000000000000000e+00 4.800000000000000000e+01 0.000000000000000000e+00
4.505866765975952148e-01 4.184440076351165771e-01 -7.811694592237472534e-02 -7.133515179157257080e-02 -2.800613403320312500e+01 0.000000000000000000e+00 -1.159285474568605423e-02 0.000000000000000000e+00 4.800000000000000000e+01 0.000000000000000000e+00
4.505866765975952148e-01 4.184440076351165771e-01 -7.811694592237472534e-02 -7.133515179157257080e-02 -2.800613403320312500e+01 0.000000000000000000e+00 -1.159285474568605423e-02 0.000000000000000000e+00 4.800000000000000000e+01 0.000000000000000000e+00
4.505866765975952148e-01 4.184440076351165771e-01 -7.811694592237472534e-02 -7.133515179157257080e-02 -2.800613403320312500e+01 0.000000000000000000e+00 -1.159285474568605423e-02 0.000000000000000000e+00 4.800000000000000000e+01 0.000000000000000000e+00
4.505866765975952148e-01 4.184440076351165771e-01 -7.811694592237472534e-02 -7.133515179157257080e-02 -2.800613403320312500e+01 0.000000000000000000e+00 -1.159285474568605423e-02 0.000000000000000000e+00 4.800000000000000000e+01 0.000000000000000000e+00
4.505866765975952148e-01 4.184440076351165771e-01 -7.811694592237472534e-02 -7.133515179157257080e-02 -2.800613403320312500e+01 0.000000000000000000e+00 -1.159285474568605423e-02 0.000000000000000000e+00 4.800000000000000000e+01 0.000000000000000000e+00
4.505866765975952148e-01 4.184440076351165771e-01 -7.811694592237472534e-02 -7.133515179157257080e-02 -2.800613403320312500e+01 0.000000000000000000e+00 -1.159285474568605423e-02 0.000000000000000000e+00 4.800000000000000000e+01 0.000000000000000000e+00
4.505866765975952148e-01 4.184440076351165771e-01 -7.811694592237472534e-02 -7.133515179157257080e-02 -2.800613403320312500e+01 0.000000000000000000e+00 -1.159285474568605423e-02 0.000000000000000000e+00 4.800000000000000000e+01 0.000000000000000000e+00
4.505866765975952148e-01 4.184440076351165771e-01 -7.811694592237472534e-02 -7.133515179157257080e-02 -2.800613403320312500e+01 0.000000000000000000e+00 -1.159285474568605423e-02 0.000000000000000000e+00 4.800000000000000000e+01 0.000000000000000000e+00
