4.049647450447082520e-01 2.601220905780792236e-01 -3.570402860641479492e-01 -3.576673269271850586e-01 -5.354850769042968750e+01 -1.388457393646240234e+01 -2.216586098074913025e-02 -1.135253999382257462e-02 7.200000000000000000e+01 2.200000000000000000e+01
4.049647450447082520e-01 2.601124942302703857e-01 -3.570649921894073486e-01 -3.576910197734832764e-01 -5.295494842529296875e+01 -1.329101562500000000e+01 -2.192016132175922394e-02 -1.086722500622272491e-02 7.100000000000000000e+01 2.100000000000000000e+01
4.049647450447082520e-01 2.601124942302703857e-01 -3.570649921894073486e-01 -3.576910197734832764e-01 -5.295494842529296875e+01 -1.329101562500000000e+01 -2.192016132175922394e-02 -1.086722500622272491e-02 7.100000000000000000e+01 2.100000000000000000e+01
4.049647450447082520e-01 2.601124942302703857e-01 -3.570649921894073486e-01 -3.576910197734832764e-01 -5.295494842529296875e+01 -1.329101562500000000e+01 -2.192016132175922394e-02 -1.086722500622272491e-02 7.100000000000000000e+01 2.100000000000000000e+01
4.049647450447082520e-01 2.600446641445159912e-01 -3.572436571121215820e-01 -3.578585088253021240e-01 -5.207810974121093750e+01 -1.241417598724365234e+01 -2.155720442533493042e-02 -1.015028823167085648e-02 7.000000000000000000e+01 2.000000000000000000e+01
4.049647450447082520e-01 2.600446641445159912e-01 -3.572436571121215820e-01 -3.578585088253021240e-01 -5.207810974121093750e+01 -1.241417598724365234e+01 -2.155720442533493042e-02 -1.015028823167085648e-02 7.000000000000000000e+01 2.000000000000000000e+01
4.049647450447082520e-01 2.600446641445159912e-01 -3.572436571121215820e-01 -3.578585088253021240e-01 -5.207810974121093750e+01 -1.241417598724365234e+01 -2.155720442533493042e-02 -1.015028823167085648e-02 7.000000000000000000e+01 2.000000000000000000e+01
4.049647450447082520e-01 2.600270509719848633e-01 -3.572874069213867188e-01 -3.579019904136657715e-01 -5.194033432006835938e+01 -1.227640151977539062e+01 -2.150017395615577698e-02 -1.003763917833566666e-02 6.900000000000000000e+01 1.900000000000000000e+01
4.049647450447082520e-01 2.600270509719848633e-01 -3.572874069213867188e-01 -3.579019904136657715e-01 -5.194033432006835938e+01 -1.227640151977539062e+01 -2.150017395615577698e-02 -1.003763917833566666e-02 6.900000000000000000e+01 1.900000000000000000e+01
4.049647450447082520e-01 2.600270509719848633e-01 -3.572874069213867188e-01 -3.579019904136657715e-01 -5.194033432006835938e+01 -1.227640151977539062e+01 -2.150017395615577698e-02 -1.003763917833566666e-02 6.900000000000000000e+01 1.900000000000000000e+01
4.049647450447082520e-01 2.600270509719848633e-01 -3.572874069213867188e-01 -3.579019904136657715e-01 -5.194033432006835938e+01 -1.227640151977539062e+01 -2.150017395615577698e-02 -1.003763917833566666e-02 6.900000000000000000e+01 1.900000000000000000e+01
4.049647450447082520e-01 2.597212791442871094e-01 -3.580771684646606445e-01 -3.586570620536804199e-01 -5.077671813964843750e+01 -1.111278915405273438e+01 -2.101850509643554688e-02 -9.086227044463157654e-03 6.700000000000000000e+01 1.700000000000000000e+01
4.049647450447082520e-01 2.587043046951293945e-01 -3.606218695640563965e-01 -3.611683249473571777e-01 -4.863632965087890625e+01 -8.972396850585937500e+00 -2.013251371681690216e-02 -7.336162962019443512e-03 6.300000000000000000e+01 1.300000000000000000e+01
4.049647450447082520e-01 2.582669854164123535e-01 -3.615888059139251709e-01 -3.622482120990753174e-01 -4.791806030273437500e+01 -8.254123687744140625e+00 -1.983519271016120911e-02 -6.748876068741083145e-03 6.200000000000000000e+01 1.200000000000000000e+01
4.049647450447082520e-01 2.577100992202758789e-01 -3.629452288150787354e-01 -3.636233806610107422e-01 -4.726536560058593750e+01 -7.601431369781494141e+00 -1.956501789391040802e-02 -6.215211004018783569e-03 6.100000000000000000e+01 1.100000000000000000e+01
4.049647450447082520e-01 2.566340565681457520e-01 -3.656828999519348145e-01 -3.662804961204528809e-01 -4.627236938476562500e+01 -6.608438491821289062e+00 -1.915397681295871735e-02 -5.403303541243076324e-03 5.900000000000000000e+01 9.000000000000000000e+00
4.049647450447082520e-01 2.554736137390136719e-01 -3.682898879051208496e-01 -3.691460490226745605e-01 -4.543472290039062500e+01 -5.770792961120605469e+00 -1.880724169313907623e-02 -4.718413576483726501e-03 5.800000000000000000e+01 8.000000000000000000e+00
4.049647450447082520e-01 2.542493343353271484e-01 -3.713236153125762939e-01 -3.721692264080047607e-01 -4.458469390869140625e+01 -4.920760154724121094e+00 -1.845538057386875153e-02 -4.023395013064146042e-03 5.700000000000000000e+01 7.000000000000000000e+00
4.049647450447082520e-01 2.542493343353271484e-01 -3.713236153125762939e-01 -3.721692264080047607e-01 -4.458469390869140625e+01 -4.920760154724121094e+00 -1.845538057386875153e-02 -4.023395013064146042e-03 5.700000000000000000e+01 7.000000000000000000e+00
4.049647450447082520e-01 2.542493343353271484e-01 -3.713236153125762939e-01 -3.721692264080047607e-01 -4.458469390869140625e+01 -4.920760154724121094e+00 -1.845538057386875153e-02 -4.023395013064146042e-03 5.700000000000000000e+01 7.000000000000000000e+00
4.049647450447082520e-01 2.482940554618835449e-01 -3.859105706214904785e-01 -3.868748843669891357e-01 -4.284613418579101562e+01 -3.182204008102416992e+00 -1.773572154343128204e-02 -2.601887565106153488e-03 5.500000000000000000e+01 5.000000000000000000e+00
4.049647450447082520e-01 2.400267571210861206e-01 -4.062795937061309814e-01 -4.072897434234619141e-01 -4.099608612060546875e+01 -1.332152605056762695e+00 -1.696991361677646637e-02 -1.089217141270637512e-03 5.200000000000000000e+01 2.000000000000000000e+00
4.049647450447082520e-01 2.306342571973800659e-01 -4.301614165306091309e-01 -4.304831326007843018e-01 -3.966393280029296875e+01 0.000000000000000000e+00 -1.641848124563694000e-02 0.000000000000000000e+00 5.000000000000000000e+01 0.000000000000000000e+00
4.049647450447082520e-01 2.306342571973800659e-01 -4.301614165306091309e-01 -4.304831326007843018e-01 -3.966393280029296875e+01 0.000000000000000000e+00 -1.641848124563694000e-02 0.000000000000000000e+00 5.000000000000000000e+01 0.000000000000000000e+00
4.049647450447082520e-01 2.306342571973800659e-01 -4.301614165306091309e-01 -4.304831326007843018e-01 -3.966393280029296875e+01 0.000000000000000000e+00 -1.641848124563694000e-02 0.000000000000000000e+00 5.000000000000000000e+01 0.000000000000000000e+00
4.049647450447082520e-01 2.306342571973800659e-01 -4.301614165306091309e-01 -4.304831326007843018e-01 -3.966393280029296875e+01 0.000000000000000000e+00 -1.641848124563694000e-02 0.000000000000000000e+00 5.000000000000000000e+01 0.000000000000000000e+00
4.049647450447082520e-01 2.306342571973800659e-01 -4.301614165306091309e-01 -4.304831326007843018e-01 -3.966393280029296875e+01 0.000000000000000000e+00 -1.641848124563694000e-02 0.000000000000000000e+00 5.000000000000000000e+01 0.000000000000000000e+00
4.049647450447082520e-01 2.306342571973800659e-01 -4.301614165306091309e-01 -4.304831326007843018e-01 -3.966393280029296875e+01 0.000000000000000000e+00 -1.641848124563694000e-02 0.000000000000000000e+00 5.000000000000000000e+01 0.000000000000000000e+00
4.049647450447082520e-01 2.306342571973800659e-01 -4.301614165306091309e-01 -4.304831326007843018e-01 -3.966393280029296875e+01 0.000000000000000000e+00 -1.641848124563694000e-02 0.000000000000000000e+00 5.000000000000000000e+01 0.000000000000000000e+00
4.049647450447082520e-01 2.306342571973800659e-01 -4.301614165306091309e-01 -4.304831326007843018e-01 -3.966393280029296875e+01 0.000000000000000000e+00 -1.641848124563694000e-02 0.000000000000000000e+00 5.000000000000000000e+01 0.000000000000000000e+00
4.049647450447082520e-01 2.306342571973800659e-01 -4.301614165306091309e-01 -4.304831326007843018e-01 -3.966393280029296875e+01 0.000000000000000000e+00 -1.641848124563694000e-02 0.000000000000000000e+00 5.000000000000000000e+01 0.000000000000000000e+00
4.049647450447082520e-01 2.306342571973800659e-01 -4.301614165306091309e-01 -4.304831326007843018e-01 -3.966393280029296875e+01 0.000000000000000000e+00 -1.641848124563694000e-02 0.000000000000000000e+00 5.000000000000000000e+01 0.000000000000000000e+00
4.049647450447082520e-01 2.306342571973800659e-01 -4.301614165306091309e-01 -4.304831326007843018e-01 -3.966393280029296875e+01 0.000000000000000000e+00 -1.641848124563694000e-02 0.000000000000000000e+00 5.000000000000000000e+01 0.000000000000000000e+00
4.049647450447082520e-01 2.306342571973800659e-01 -4.301614165306091309e-01 -4.304831326007843018e-01 -3.966393280029296875e+01 0.000000000000000000e+00 -1.641848124563694000e-02 0.000000000000000000e+00 5.000000000000000000e+01 0.000000000000000000e+00
4.049647450447082520e-01 2.306342571973800659e-01 -4.301614165306091309e-01 -4.304831326007843018e-01 -3.966393280029296875e+01 0.000000000000000000e+00 -1.641848124563694000e-02 0.000000000000000000e+00 5.000000000000000000e+01 0.000000000000000000e+00
4.049647450447082520e-01 2.306342571973800659e-01 -4.301614165306091309e-01 -4.304831326007843018e-01 -3.966393280029296875e+01 0.000000000000000000e+00 -1.641848124563694000e-02 0.000000000000000000e+00 5.000000000000000000e+01 0.000000000000000000e+00
4.049647450447082520e-01 2.306342571973800659e-01 -4.301614165306091309e-01 -4.304831326007843018e-01 -3.966393280029296875e+01 0.000000000000000000e+00 -1.641848124563694000e-02 0.000000000000000000e+00 5.000000000000000000e+01 0.000000000000000000e+00
4.049647450447082520e-01 2.306342571973800659e-01 -4.301614165306091309e-01 -4.304831326007843018e-01 -3.966393280029296875e+01 0.000000000000000000e+00 -1.641848124563694000e-02 0.000000000000000000e+00 5.000000000000000000e+01 0.000000000000000000e+00
4.049647450447082520e-01 2.306342571973800659e-01 -4.301614165306091309e-01 -4.304831326007843018e-01 -3.966393280029296875e+01 0.000000000000000000e+00 -1.641848124563694000e-02 0.000000000000000000e+00 5.000000000000000000e+01 0.000000000000000000e+00
4.049647450447082520e-01 2.306342571973800659e-01 -4.301614165306091309e-01 -4.304831326007843018e-01 -3.966393280029296875e+01 0.000000000000000000e+00 -1.641848124563694000e-02 0.000000000000000000e+00 5.000000000000000000e+01 0.000000000000000000e+00
4.049647450447082520e-01 2.306342571973800659e-01 -4.301614165306091309e-01 -4.304831326007843018e-01 -3.966393280029296875e+01 0.000000000000000000e+00 -1.641848124563694000e-02 0.000000000000000000e+00 5.000000000000000000e+01 0.000000000000000000e+00
4.049647450447082520e-01 2.306342571973800659e-01 -4.301614165306091309e-01 -4.304831326007843018e-01 -3.966393280029296875e+01 0.000000000000000000e+00 -1.641848124563694000e-02 0.000000000000000000e+00 5.000000000000000000e+01 0.000000000000000000e+00
4.049647450447082520e-01 2.306342571973800659e-01 -4.301614165306091309e-01 -4.304831326007843018e-01 -3.966393280029296875e+01 0.000000000000000000e+00 -1.641848124563694000e-02 0.000000000000000000e+00 5.000000000000000000e+01 0.000000000000000000e+00
4.049647450447082520e-01 2.306342571973800659e-01 -4.301614165306091309e-01 -4.304831326007843018e-01 -3.966393280029296875e+01 0.000000000000000000e+00 -1.641848124563694000e-02 0.000000000000000000e+00 5.000000000000000000e+01 0.000000000000000000e+00
4.049647450447082520e-01 2.306342571973800659e-01 -4.301614165306091309e-01 -4.304831326007843018e-01 -3.966393280029296875e+01 0.000000000000000000e+00 -1.641848124563694000e-02 0.000000000000000000e+00 5.000000000000000000e+01 0.000000000000000000e+00
4.049647450447082520e-01 2.306342571973800659e-01 -4.301614165306091309e-01 -4.304831326007843018e-01 -3.966393280029296875e+01 0.000000000000000000e+00 -1.641848124563694000e-02 0.000000000000000000e+00 5.000000000000000000e+01 0.000000000000000000e+00
4.049647450447082520e-01 2.306342571973800659e-01 -4.301614165306091309e-01 -4.304831326007843018e-01 -3.966393280029296875e+01 0.000000000000000000e+00 -1.641848124563694000e-02 0.000000000000000000e+00 5.000000000000000000e+01 0.000000000000000000e+00
4.049647450447082520e-01 2.306342571973800659e-01 -4.301614165306091309e-01 -4.304831326007843018e-01 -3.966393280029296875e+01 0.000000000000000000e+00 -1.641848124563694000e-02 0.000000000000000000e+00 5.000000000000000000e+01 0.000000000000000000e+00
4.049647450447082520e-01 2.306342571973800659e-01 -4.301614165306091309e-01 -4.304831326007843018e-01 -3.966393280029296875e+01 0.000000000000000000e+00 -1.641848124563694000e-02 0.000000000000000000e+00 5.000000000000000000e+01 0.000000000000000000e+00
4.049647450447082520e-01 2.306342571973800659e-01 -4.301614165306091309e-01 -4.304831326007843018e-01 -3.966393280029296875e+01 0.000000000000000000e+00 -1.641848124563694000e-02 0.000000000000000000e+00 5.000000000000000000e+01 0.000000000000000000e+00
4.049647450447082520e-01 2.306342571973800659e-01 -4.301614165306091309e-01 -4.304831326007843018e-01 -3.966393280029296875e+01 0.000000000000000000e+00 -1.641848124563694000e-02 0.000000000000000000e+00 5.000000000000000000e+01 0.000000000000000000e+00
4.049647450447082520e-01 2.306342571973800659e-01 -4.301614165306091309e-01 -4.304831326007843018e-01 -3.966393280029296875e+01 0.000000000000000000e+00 -1.641848124563694000e-02 0.000000000000000000e+00 5.000000000000000000e+01 0.000000000000000000e+00
4.049647450447082520e-01 2.306342571973800659e-01 -4.301614165306091309e-01 -4.304831326007843018e-01 -3.966393280029296875e+01 0.000000000000000000e+00 -1.641848124563694000e-02 0.000000000000000000e+00 5.000000000000000000e+01 0.000000000000000000e+00
4.049647450447082520e-01 2.306342571973800659e-01 -4.301614165306091309e-01 -4.304831326007843018e-01 -3.966393280029296875e+01 0.000000000000000000e+00 -1.641848124563694000e-02 0.000000000000000000e+00 5.000000000000000000e+01 0.000000000000000000e+00
4.049647450447082520e-01 2.306342571973800659e-01 -4.301614165306091309e-01 -4.304831326007843018e-01 -3.966393280029296875e+01 0.000000000000000000e+00 -1.641848124563694000e-02 0.000000000000000000e+00 5.000000000000000000e+01 0.000000000000000000e+00
4.049647450447082520e-01 2.306342571973800659e-01 -4.301614165306091309e-01 -4.304831326007843018e-01 -3.966393280029296875e+01 0.000000000000000000e+00 -1.641848124563694000e-02 0.000000000000000000e+00 5.000000000000000000e+01 0.000000000000000000e+00
4.049647450447082520e-01 2.306342571973800659e-01 -4.301614165306091309e-01 -4.304831326007843018e-01 -3.966393280029296875e+01 0.000000000000000000e+00 -1.641848124563694000e-02 0.000000000000000000e+00 5.000000000000000000e+01 0.000000000000000000e+00
4.049647450447082520e-01 2.306342571973800659e-01 -4.301614165306091309e-01 -4.304831326007843018e-01 -3.966393280029296875e+01 0.000000000000000000e+00 -1.641848124563694000e-02 0.000000000000000000e+00 5.000000000000000000e+01 0.000000000000000000e+00
4.049647450447082520e-01 2.306342571973800659e-01 -4.301614165306091309e-01 -4.304831326007843018e-01 -3.966393280029296875e+01 0.000000000000000000e+00 -1.641848124563694000e-02 0.000000000000000000e+00 5.000000000000000000e+01 0.000000000000000000e+00
4.049647450447082520e-01 2.306342571973800659e-01 -4.301614165306091309e-01 -4.304831326007843018e-01 -3.966393280029296875e+01 0.000000000000000000e+00 -1.641848124563694000e-02 0.000000000000000000e+00 5.000000000000000000e+01 0.000000000000000000e+00
4.049647450447082520e-01 2.306342571973800659e-01 -4.301614165306091309e-01 -4.304831326007843018e-01 -3.966393280029296875e+01 0.000000000000000000e+00 -1.641848124563694000e-02 0.000000000000000000e+00 5.000000000000000000e+01 0.000000000000000000e+00
4.049647450447082520e-01 2.306342571973800659e-01 -4.301614165306091309e-01 -4.304831326007843018e-01 -3.966393280029296875e+01 0.000000000000000000e+00 -1.641848124563694000e-02 0.000000000000000000e+00 5.000000000000000000e+01 0.000000000000000000e+00
4.049647450447082520e-01 2.306342571973800659e-01 -4.301614165306091309e-01 -4.304831326007843018e-01 -3.966393280029296875e+01 0.000000000000000000e+00 -1.641848124563694000e-02 0.000000000000000000e+00 5.000000000000000000e+01 0.000000000000000000e+00
4.049647450447082520e-01 2.306342571973800659e-01 -4.301614165306091309e-01 -4.304831326007843018e-01 -3.966393280029296875e+01 0.000000000000000000e+00 -1.641848124563694000e-02 0.000000000000000000e+00 5.000000000000000000e+01 0.000000000000000000e+00
4.049647450447082520e-01 2.306342571973800659e-01 -4.301614165306091309e-01 -4.304831326007843018e-01 -3.966393280029296875e+01 0.000000000000000000e+00 -1.641848124563694000e-02 0.000000000000000000e+00 5.000000000000000000e+01 0.000000000000000000e+00
4.049647450447082520e-01 2.306342571973800659e-01 -4.301614165306091309e-01 -4.304831326007843018e-01 -3.966393280029296875e+01 0.000000000000000000e+00 -1.641848124563694000e-02 0.000000000000000000e+00 5.000000000000000000e+01 0.000000000000000000e+00
4.049647450447082520e-01 2.306342571973800659e-01 -4.301614165306091309e-01 -4.304831326007843018e-01 -3.966393280029296875e+01 0.000000000000000000e+00 -1.641848124563694000e-02 0.000000000000000000e+00 5.000000000000000000e+01 0.000000000000000000e+00
4.049647450447082520e-01 2.306342571973800659e-01 -4.301614165306091309e-01 -4.304831326007843018e-01 -3.966393280029296875e+01 0.000000000000000000e+00 -1.641848124563694000e-02 0.000000000000000000e+00 5.000000000000000000e+01 0.000000000000000000e+00
4.049647450447082520e-01 2.306342571973800659e-01 -4.301614165306091309e-01 -4.304831326007843018e-01 -3.966393280029296875e+01 0.000000000000000000e+00 -1.641848124563694000e-02 0.000000000000000000e+00 5.000000000000000000e+01 0.000000000000000000e+00
4.049647450447082520e-01 2.306342571973800659e-01 -4.301614165306091309e-01 -4.304831326007843018e-01 -3.966393280029296875e+01 0.000000000000000000e+00 -1.641848124563694000e-02 0.000000000000000000e+00 5.000000000000000000e+01 0.000000000000000000e+00
4.049647450447082520e-01 2.306342571973800659e-01 -4.301614165306091309e-01 -4.304831326007843018e-01 -3.966393280029296875e+01 0.000000000000000000e+00 -1.641848124563694000e-02 0.000000000000000000e+00 5.000000000000000000e+01 0.000000000000000000e+00
4.049647450447082520e-01 2.306342571973800659e-01 -4.301614165306091309e-01 -4.304831326007843018e-01 -3.966393280029296875e+01 0.000000000000000000e+00 -1.641848124563694000e-02 0.000000000000000000e+00 5.000000000000000000e+01 0.000000000000000000e+00
4.049647450447082520e-01 2.306342571973800659e-01 -4.301614165306091309e-01 -4.304831326007843018e-01 -3.966393280029296875e+01 0.000000000000000000e+00 -1.641848124563694000e-02 0.000000000000000000e+00 5.000000000000000000e+01 0.000000000000000000e+00
4.049647450447082520e-01 2.306342571973800659e-01 -4.301614165306091309e-01 -4.304831326007843018e-01 -3.966393280029296875e+01 0.000000000000000000e+00 -1.641848124563694000e-02 0.000000000000000000e+00 5.000000000000000000e+01 0.000000000000000000e+00
4.049647450447082520e-01 2.306342571973800659e-01 -4.301614165306091309e-01 -4.304831326007843018e-01 -3.966393280029296875e+01 0.000000000000000000e+00 -1.641848124563694000e-02 0.000000000000000000e+00 5.000000000000000000e+01 0.000000000000000000e+00
4.049647450447082520e-01 2.306342571973800659e-01 -4.301614165306091309e-01 -4.304831326007843018e-01 -3.966393280029296875e+01 0.000000000000000000e+00 -1.641848124563694000e-02 0.000000000000000000e+00 5.000000000000000000e+01 0.000000000000000000e+00
4.049647450447082520e-01 2.306342571973800659e-01 -4.301614165306091309e-01 -4.304831326007843018e-01 -3.966393280029296875e+01 0.000000000000000000e+00 -1.641848124563694000e-02 0.000000000000000000e+00 5.000000000000000000e+01 0.000000000000000000e+00
4.049647450447082520e-01 2.306342571973800659e-01 -4.301614165306091309e-01 -4.304831326007843018e-01 -3.966393280029296875e+01 0.000000000000000000e+00 -1.641848124563694000e-02 0.000000000000000000e+00 5.000000000000000000e+01 0.000000000000000000e+00
4.049647450447082520e-01 2.306342571973800659e-01 -4.301614165306091309e-01 -4.304831326007843018e-01 -3.966393280029296875e+01 0.000000000000000000e+00 -1.641848124563694000e-02 0.000000000000000000e+00 5.000000000000000000e+01 0.000000000000000000e+00
4.049647450447082520e-01 2.306342571973800659e-01 -4.301614165306091309e-01 -4.304831326007843018e-01 -3.966393280029296875e+01 0.000000000000000000e+00 -1.641848124563694000e-02 0.000000000000000000e+00 5.000000000000000000e+01 0.000000000000000000e+00
4.049647450447082520e-01 2.306342571973800659e-01 -4.301614165306091309e-01 -4.304831326007843018e-01 -3.966393280029296875e+01 0.000000000000000000e+00 -1.641848124563694000e-02 0.000000000000000000e+00 5.000000000000000000e+01 0.000000000000000000e+00
4.049647450447082520e-01 2.306342571973800659e-01 -4.301614165306091309e-01 -4.304831326007843018e-01 -3.966393280029296875e+01 0.000000000000000000e+00 -1.641848124563694000e-02 0.000000000000000000e+00 5.000000000000000000e+01 0.000000000000000000e+00
4.049647450447082520e-01 2.306342571973800659e-01 -4.301614165306091309e-01 -4.304831326007843018e-01 -3.966393280029296875e+01 0.000000000000000000e+00 -1.641848124563694000e-02 0.000000000000000000e+00 5.000000000000000000e+01 0.000000000000000000e+00
4.049647450447082520e-01 2.306342571973800659e-01 -4.301614165306091309e-01 -4.304831326007843018e-01 -3.966393280029296875e+01 0.000000000000000000e+00 -1.641848124563694000e-02 0.000000000000000000e+00 5.000000000000000000e+01 0.000000000000000000e+00
4.049647450447082520e-01 2.306342571973800659e-01 -4.301614165306091309e-01 -4.304831326007843018e-01 -3.966393280029296875e+01 0.000000000000000000e+00 -1.641848124563694000e-02 0.000000000000000000e+00 5.000000000000000000e+01 0.000000000000000000e+00
4.049647450447082520e-01 2.306342571973800659e-01 -4.301614165306091309e-01 -4.304831326007843018e-01 -3.966393280029296875e+01 0.000000000000000000e+00 -1.641848124563694000e-02 0.000000000000000000e+00 5.000000000000000000e+01 0.000000000000000000e+00
4.049647450447082520e-01 2.306342571973800659e-01 -4.301614165306091309e-01 -4.304831326007843018e-01 -3.966393280029296875e+01 0.000000000000000000e+00 -1.641848124563694000e-02 0.000000000000000000e+00 5.000000000000000000e+01 0.000000000000000000e+00
4.049647450447082520e-01 2.306342571973800659e-01 -4.301614165306091309e-01 -4.304831326007843018e-01 -3.966393280029296875e+01 0.000000000000000000e+00 -1.641848124563694000e-02 0.000000000000000000e+00 5.000000000000000000e+01 0.000000000000000000e+00
4.049647450447082520e-01 2.306342571973800659e-01 -4.301614165306091309e-01 -4.304831326007843018e-01 -3.966393280029296875e+01 0.000000000000000000e+00 -1.641848124563694000e-02 0.000000000000000000e+00 5.000000000000000000e+01 0.000000000000000000e+00
4.049647450447082520e-01 2.306342571973800659e-01 -4.301614165306091309e-01 -4.304831326007843018e-01 -3.966393280029296875e+01 0.000000000000000000e+00 -1.641848124563694000e-02 0.000000000000000000e+00 5.000000000000000000e+01 0.000000000000000000e+00
4.049647450447082520e-01 2.306342571973800659e-01 -4.301614165306091309e-01 -4.304831326007843018e-01 -3.966393280029296875e+01 0.000000000000000000e+00 -1.641848124563694000e-02 0.000000000000000000e+00 5.000000000000000000e+01 0.000000000000000000e+00
