4.803663790225982666e-01 8.670678734779357910e-01 8.025301694869995117e-01 8.050136566162109375e-01 -1.065997543334960938e+02 -9.054003906250000000e+01 -4.412588477134704590e-02 -1.133723109960556030e-01 4.610000000000000000e+02 4.110000000000000000e+02
4.803663790225982666e-01 8.669392466545104980e-01 8.022618889808654785e-01 8.047459125518798828e-01 -6.748779296875000000e+01 -5.142808151245117188e+01 -2.793588489294052124e-02 -6.439714878797531128e-02 3.260000000000000000e+02 2.760000000000000000e+02
4.803663790225982666e-01 8.668330907821655273e-01 8.020436763763427734e-01 8.045248985290527344e-01 -6.287029266357421875e+01 -4.681057739257812500e+01 -2.602451853454113007e-02 -5.861521139740943909e-02 3.060000000000000000e+02 2.560000000000000000e+02
4.803663790225982666e-01 8.667174577713012695e-01 8.018106818199157715e-01 8.042841553688049316e-01 -6.025863647460937500e+01 -4.419892120361328125e+01 -2.494345046579837799e-02 -5.534495040774345398e-02 2.930000000000000000e+02 2.430000000000000000e+02
4.803663790225982666e-01 8.666105270385742188e-01 8.016023039817810059e-01 8.040615916252136230e-01 -5.806875610351562500e+01 -4.200904464721679688e+01 -2.403696998953819275e-02 -5.260283127427101135e-02 2.860000000000000000e+02 2.360000000000000000e+02
4.803663790225982666e-01 8.665014505386352539e-01 8.013850450515747070e-01 8.038344979286193848e-01 -5.606163024902343750e+01 -4.000191497802734375e+01 -2.320614084601402283e-02 -5.008954927325248718e-02 2.800000000000000000e+02 2.300000000000000000e+02
4.803663790225982666e-01 8.663502335548400879e-01 8.010646104812622070e-01 8.035197257995605469e-01 -5.468670654296875000e+01 -3.862699127197265625e+01 -2.263700589537620544e-02 -4.836789891123771667e-02 2.710000000000000000e+02 2.210000000000000000e+02
4.803663790225982666e-01 8.662890195846557617e-01 8.009454011917114258e-01 8.033922910690307617e-01 -5.349216079711914062e+01 -3.743244934082031250e+01 -2.214253507554531097e-02 -4.687211662530899048e-02 2.690000000000000000e+02 2.190000000000000000e+02
4.803663790225982666e-01 8.661963939666748047e-01 8.007737398147583008e-01 8.031994700431823730e-01 -5.224697494506835938e+01 -3.618726348876953125e+01 -2.162710390985012054e-02 -4.531292244791984558e-02 2.680000000000000000e+02 2.180000000000000000e+02
4.803663790225982666e-01 8.660414814949035645e-01 8.004488945007324219e-01 8.028769493103027344e-01 -5.132439041137695312e+01 -3.526467895507812500e+01 -2.124520950019359589e-02 -4.415768012404441833e-02 2.630000000000000000e+02 2.130000000000000000e+02
4.803663790225982666e-01 8.659155368804931641e-01 8.002020120620727539e-01 8.026148080825805664e-01 -5.039126205444335938e+01 -3.433155059814453125e+01 -2.085895091295242310e-02 -4.298923909664154053e-02 2.600000000000000000e+02 2.100000000000000000e+02
4.803663790225982666e-01 8.648322820663452148e-01 7.980181574821472168e-01 8.003597259521484375e-01 -4.643552398681640625e+01 -3.037581443786621094e+01 -1.922151260077953339e-02 -3.803594782948493958e-02 2.360000000000000000e+02 1.860000000000000000e+02
4.803663790225982666e-01 8.640067577362060547e-01 7.962746024131774902e-01 7.986412048339843750e-01 -4.418914794921875000e+01 -2.812943267822265625e+01 -1.829164847731590271e-02 -3.522307798266410828e-02 2.290000000000000000e+02 1.790000000000000000e+02
4.803663790225982666e-01 8.626766800880432129e-01 7.934935092926025391e-01 7.958723306655883789e-01 -4.213095855712890625e+01 -2.607124710083007812e+01 -1.743968203663825989e-02 -3.264586254954338074e-02 2.180000000000000000e+02 1.680000000000000000e+02
4.803663790225982666e-01 8.605317473411560059e-01 7.888925671577453613e-01 7.914071083068847656e-01 -3.971894073486328125e+01 -2.365922737121582031e+01 -1.644125208258628845e-02 -2.962558157742023468e-02 2.080000000000000000e+02 1.580000000000000000e+02
4.803663790225982666e-01 8.596524596214294434e-01 7.870733737945556641e-01 7.895766496658325195e-01 -3.887831878662109375e+01 -2.281860923767089844e+01 -1.609328389167785645e-02 -2.857297658920288086e-02 2.020000000000000000e+02 1.520000000000000000e+02
4.803663790225982666e-01 8.588279485702514648e-01 7.853996157646179199e-01 7.878602147102355957e-01 -3.821015930175781250e+01 -2.215044784545898438e+01 -1.581670716404914856e-02 -2.773631922900676727e-02 1.980000000000000000e+02 1.480000000000000000e+02
4.803663790225982666e-01 8.567669987678527832e-01 7.805052995681762695e-01 7.835698723793029785e-01 -3.681356811523437500e+01 -2.075385475158691406e+01 -1.523860171437263489e-02 -2.598753571510314941e-02 1.940000000000000000e+02 1.440000000000000000e+02
4.803663790225982666e-01 8.540142774581909180e-01 7.750318050384521484e-01 7.778394222259521484e-01 -3.517791748046875000e+01 -1.911820411682128906e+01 -1.456154137849807739e-02 -2.393940836191177368e-02 1.850000000000000000e+02 1.350000000000000000e+02
4.803663790225982666e-01 8.537325263023376465e-01 7.744939923286437988e-01 7.772528529167175293e-01 -3.502919387817382812e+01 -1.896948051452636719e+01 -1.449997816234827042e-02 -2.375318109989166260e-02 1.830000000000000000e+02 1.330000000000000000e+02
4.803663790225982666e-01 8.391776084899902344e-01 7.445161342620849609e-01 7.469532489776611328e-01 -2.967234802246093750e+01 -1.361263465881347656e+01 -1.228256709873676300e-02 -1.704545132815837860e-02 1.580000000000000000e+02 1.080000000000000000e+02
4.803663790225982666e-01 8.256912231445312500e-01 7.143607735633850098e-01 7.188780307769775391e-01 -2.692816352844238281e+01 -1.086845111846923828e+01 -1.114663947373628616e-02 -1.360924355685710907e-02 1.420000000000000000e+02 9.200000000000000000e+01
4.803663790225982666e-01 8.169658184051513672e-01 6.955811977386474609e-01 7.007139921188354492e-01 -2.547320556640625000e+01 -9.413495063781738281e+00 -1.054437458515167236e-02 -1.178737822920084000e-02 1.330000000000000000e+02 8.300000000000000000e+01
4.803663790225982666e-01 8.008396029472351074e-01 6.621935367584228516e-01 6.671433448791503906e-01 -2.372949981689453125e+01 -7.669786453247070312e+00 -9.822584688663482666e-03 -9.603943675756454468e-03 1.250000000000000000e+02 7.500000000000000000e+01
4.803663790225982666e-01 7.899649739265441895e-01 6.377986669540405273e-01 6.445051431655883789e-01 -2.275812911987304688e+01 -6.698415756225585938e+00 -9.420496411621570587e-03 -8.387614041566848755e-03 1.170000000000000000e+02 6.700000000000000000e+01
4.803663790225982666e-01 7.836496829986572266e-01 6.249436140060424805e-01 6.313583254814147949e-01 -2.228285408020019531e+01 -6.223140716552734375e+00 -9.223761036992073059e-03 -7.792484480887651443e-03 1.140000000000000000e+02 6.400000000000000000e+01
4.803663790225982666e-01 7.728247046470642090e-01 6.002160310745239258e-01 6.088234782218933105e-01 -2.153949546813964844e+01 -5.479783058166503906e+00 -8.916054852306842804e-03 -6.861668080091476440e-03 1.090000000000000000e+02 5.900000000000000000e+01
4.803663790225982666e-01 7.657079696655273438e-01 5.847992300987243652e-01 5.940082669258117676e-01 -2.112147521972656250e+01 -5.061762332916259766e+00 -8.743019774556159973e-03 -6.338231265544891357e-03 1.060000000000000000e+02 5.600000000000000000e+01
4.803663790225982666e-01 7.535546422004699707e-01 5.606877207756042480e-01 5.687081217765808105e-01 -2.046760177612304688e+01 -4.407889842987060547e+00 -8.472356013953685760e-03 -5.519466008991003036e-03 1.000000000000000000e+02 5.000000000000000000e+01
4.803663790225982666e-01 7.003541588783264160e-01 4.505199193954467773e-01 4.579583108425140381e-01 -1.859835815429687500e+01 -2.538645744323730469e+00 -7.698601111769676208e-03 -3.178838174790143967e-03 8.400000000000000000e+01 3.400000000000000000e+01
4.803663790225982666e-01 6.571040749549865723e-01 3.598961830139160156e-01 3.679226934909820557e-01 -1.770404434204101562e+01 -1.644331216812133789e+00 -7.328409235924482346e-03 -2.058996586129069328e-03 7.300000000000000000e+01 2.300000000000000000e+01
4.803663790225982666e-01 6.036524176597595215e-01 2.506162822246551514e-01 2.566500008106231689e-01 -1.691471672058105469e+01 -8.550049066543579102e-01 -7.001674734055995941e-03 -1.070618978701531887e-03 6.500000000000000000e+01 1.500000000000000000e+01
4.803663790225982666e-01 5.879017710685729980e-01 2.169750183820724487e-01 2.238612025976181030e-01 -1.672634506225585938e+01 -6.666327118873596191e-01 -6.923700217157602310e-03 -8.347433176822960377e-04 6.200000000000000000e+01 1.200000000000000000e+01
4.803663790225982666e-01 5.683416724205017090e-01 1.771615147590637207e-01 1.831420660018920898e-01 -1.654785537719726562e+01 -4.881433844566345215e-01 -6.849816534668207169e-03 -6.112427799962460995e-04 5.900000000000000000e+01 9.000000000000000000e+00
4.803663790225982666e-01 5.353021621704101562e-01 1.152323037385940552e-01 1.143622547388076782e-01 -1.628228378295898438e+01 -2.225719690322875977e-01 -6.739885546267032623e-03 -2.786998811643570662e-04 5.500000000000000000e+01 5.000000000000000000e+00
4.803663790225982666e-01 5.353021621704101562e-01 1.152323037385940552e-01 1.143622547388076782e-01 -1.628228378295898438e+01 -2.225719690322875977e-01 -6.739885546267032623e-03 -2.786998811643570662e-04 5.500000000000000000e+01 5.000000000000000000e+00
4.803663790225982666e-01 5.188670158386230469e-01 8.214511722326278687e-02 8.014848083257675171e-02 -1.618428421020507812e+01 -1.245722174644470215e-01 -6.699319928884506226e-03 -1.559866796014830470e-04 5.300000000000000000e+01 3.000000000000000000e+00
4.803663790225982666e-01 5.103332996368408203e-01 6.498415768146514893e-02 6.238346919417381287e-02 -1.613697433471679688e+01 -7.726144790649414062e-02 -6.679736543446779251e-03 -9.674514149082824588e-05 5.200000000000000000e+01 2.000000000000000000e+00
4.803663790225982666e-01 5.027777552604675293e-01 4.933143407106399536e-02 4.665475711226463318e-02 -1.610312843322753906e+01 -4.341679811477661133e-02 -6.665726192295551300e-03 -5.436559149529784918e-05 5.100000000000000000e+01 1.000000000000000000e+00
4.803663790225982666e-01 4.846252202987670898e-01 1.208809204399585724e-02 8.865818381309509277e-03 -1.605971145629882812e+01 0.000000000000000000e+00 -6.647753994911909103e-03 0.000000000000000000e+00 5.000000000000000000e+01 0.000000000000000000e+00
4.803663790225982666e-01 4.846252202987670898e-01 1.208809204399585724e-02 8.865818381309509277e-03 -1.605971145629882812e+01 0.000000000000000000e+00 -6.647753994911909103e-03 0.000000000000000000e+00 5.000000000000000000e+01 0.000000000000000000e+00
4.803663790225982666e-01 4.846252202987670898e-01 1.208809204399585724e-02 8.865818381309509277e-03 -1.605971145629882812e+01 0.000000000000000000e+00 -6.647753994911909103e-03 0.000000000000000000e+00 5.000000000000000000e+01 0.000000000000000000e+00
4.803663790225982666e-01 4.846252202987670898e-01 1.208809204399585724e-02 8.865818381309509277e-03 -1.605971145629882812e+01 0.000000000000000000e+00 -6.647753994911909103e-03 0.000000000000000000e+00 5.000000000000000000e+01 0.000000000000000000e+00
4.803663790225982666e-01 4.846252202987670898e-01 1.208809204399585724e-02 8.865818381309509277e-03 -1.605971145629882812e+01 0.000000000000000000e+00 -6.647753994911909103e-03 0.000000000000000000e+00 5.000000000000000000e+01 0.000000000000000000e+00
4.803663790225982666e-01 4.846252202987670898e-01 1.208809204399585724e-02 8.865818381309509277e-03 -1.605971145629882812e+01 0.000000000000000000e+00 -6.647753994911909103e-03 0.000000000000000000e+00 5.000000000000000000e+01 0.000000000000000000e+00
4.803663790225982666e-01 4.846252202987670898e-01 1.208809204399585724e-02 8.865818381309509277e-03 -1.605971145629882812e+01 0.000000000000000000e+00 -6.647753994911909103e-03 0.000000000000000000e+00 5.000000000000000000e+01 0.000000000000000000e+00
4.803663790225982666e-01 4.846252202987670898e-01 1.208809204399585724e-02 8.865818381309509277e-03 -1.605971145629882812e+01 0.000000000000000000e+00 -6.647753994911909103e-03 0.000000000000000000e+00 5.000000000000000000e+01 0.000000000000000000e+00
4.803663790225982666e-01 4.846252202987670898e-01 1.208809204399585724e-02 8.865818381309509277e-03 -1.605971145629882812e+01 0.000000000000000000e+00 -6.647753994911909103e-03 0.000000000000000000e+00 5.000000000000000000e+01 0.000000000000000000e+00
4.803663790225982666e-01 4.846252202987670898e-01 1.208809204399585724e-02 8.865818381309509277e-03 -1.605971145629882812e+01 0.000000000000000000e+00 -6.647753994911909103e-03 0.000000000000000000e+00 5.000000000000000000e+01 0.000000000000000000e+00
4.803663790225982666e-01 4.846252202987670898e-01 1.208809204399585724e-02 8.865818381309509277e-03 -1.605971145629882812e+01 0.000000000000000000e+00 -6.647753994911909103e-03 0.000000000000000000e+00 5.000000000000000000e+01 0.000000000000000000e+00
4.803663790225982666e-01 4.846252202987670898e-01 1.208809204399585724e-02 8.865818381309509277e-03 -1.605971145629882812e+01 0.000000000000000000e+00 -6.647753994911909103e-03 0.000000000000000000e+00 5.000000000000000000e+01 0.000000000000000000e+00
4.803663790225982666e-01 4.846252202987670898e-01 1.208809204399585724e-02 8.865818381309509277e-03 -1.605971145629882812e+01 0.000000000000000000e+00 -6.647753994911909103e-03 0.000000000000000000e+00 5.000000000000000000e+01 0.000000000000000000e+00
4.803663790225982666e-01 4.846252202987670898e-01 1.208809204399585724e-02 8.865818381309509277e-03 -1.605971145629882812e+01 0.000000000000000000e+00 -6.647753994911909103e-03 0.000000000000000000e+00 5.000000000000000000e+01 0.000000000000000000e+00
4.803663790225982666e-01 4.846252202987670898e-01 1.208809204399585724e-02 8.865818381309509277e-03 -1.605971145629882812e+01 0.000000000000000000e+00 -6.647753994911909103e-03 0.000000000000000000e+00 5.000000000000000000e+01 0.000000000000000000e+00
4.803663790225982666e-01 4.846252202987670898e-01 1.208809204399585724e-02 8.865818381309509277e-03 -1.605971145629882812e+01 0.000000000000000000e+00 -6.647753994911909103e-03 0.000000000000000000e+00 5.000000000000000000e+01 0.000000000000000000e+00
4.803663790225982666e-01 4.846252202987670898e-01 1.208809204399585724e-02 8.865818381309509277e-03 -1.605971145629882812e+01 0.000000000000000000e+00 -6.647753994911909103e-03 0.000000000000000000e+00 5.000000000000000000e+01 0.000000000000000000e+00
4.803663790225982666e-01 4.846252202987670898e-01 1.208809204399585724e-02 8.865818381309509277e-03 -1.605971145629882812e+01 0.000000000000000000e+00 -6.647753994911909103e-03 0.000000000000000000e+00 5.000000000000000000e+01 0.000000000000000000e+00
4.803663790225982666e-01 4.846252202987670898e-01 1.208809204399585724e-02 8.865818381309509277e-03 -1.605971145629882812e+01 0.000000000000000000e+00 -6.647753994911909103e-03 0.000000000000000000e+00 5.000000000000000000e+01 0.000000000000000000e+00
4.803663790225982666e-01 4.846252202987670898e-01 1.208809204399585724e-02 8.865818381309509277e-03 -1.605971145629882812e+01 0.000000000000000000e+00 -6.647753994911909103e-03 0.000000000000000000e+00 5.000000000000000000e+01 0.000000000000000000e+00
4.803663790225982666e-01 4.846252202987670898e-01 1.208809204399585724e-02 8.865818381309509277e-03 -1.605971145629882812e+01 0.000000000000000000e+00 -6.647753994911909103e-03 0.000000000000000000e+00 5.000000000000000000e+01 0.000000000000000000e+00
4.803663790225982666e-01 4.846252202987670898e-01 1.208809204399585724e-02 8.865818381309509277e-03 -1.605971145629882812e+01 0.000000000000000000e+00 -6.647753994911909103e-03 0.000000000000000000e+00 5.000000000000000000e+01 0.000000000000000000e+00
4.803663790225982666e-01 4.846252202987670898e-01 1.208809204399585724e-02 8.865818381309509277e-03 -1.605971145629882812e+01 0.000000000000000000e+00 -6.647753994911909103e-03 0.000000000000000000e+00 5.000000000000000000e+01 0.000000000000000000e+00
4.803663790225982666e-01 4.846252202987670898e-01 1.208809204399585724e-02 8.865818381309509277e-03 -1.605971145629882812e+01 0.000000000000000000e+00 -6.647753994911909103e-03 0.000000000000000000e+00 5.000000000000000000e+01 0.000000000000000000e+00
4.803663790225982666e-01 4.846252202987670898e-01 1.208809204399585724e-02 8.865818381309509277e-03 -1.605971145629882812e+01 0.000000000000000000e+00 -6.647753994911909103e-03 0.000000000000000000e+00 5.000000000000000000e+01 0.000000000000000000e+00
4.803663790225982666e-01 4.846252202987670898e-01 1.208809204399585724e-02 8.865818381309509277e-03 -1.605971145629882812e+01 0.000000000000000000e+00 -6.647753994911909103e-03 0.000000000000000000e+00 5.000000000000000000e+01 0.000000000000000000e+00
4.803663790225982666e-01 4.846252202987670898e-01 1.208809204399585724e-02 8.865818381309509277e-03 -1.605971145629882812e+01 0.000000000000000000e+00 -6.647753994911909103e-03 0.000000000000000000e+00 5.000000000000000000e+01 0.000000000000000000e+00
4.803663790225982666e-01 4.846252202987670898e-01 1.208809204399585724e-02 8.865818381309509277e-03 -1.605971145629882812e+01 0.000000000000000000e+00 -6.647753994911909103e-03 0.000000000000000000e+00 5.000000000000000000e+01 0.000000000000000000e+00
4.803663790225982666e-01 4.846252202987670898e-01 1.208809204399585724e-02 8.865818381309509277e-03 -1.605971145629882812e+01 0.000000000000000000e+00 -6.647753994911909103e-03 0.000000000000000000e+00 5.000000000000000000e+01 0.000000000000000000e+00
4.803663790225982666e-01 4.846252202987670898e-01 1.208809204399585724e-02 8.865818381309509277e-03 -1.605971145629882812e+01 0.000000000000000000e+00 -6.647753994911909103e-03 0.000000000000000000e+00 5.000000000000000000e+01 0.000000000000000000e+00
4.803663790225982666e-01 4.846252202987670898e-01 1.208809204399585724e-02 8.865818381309509277e-03 -1.605971145629882812e+01 0.000000000000000000e+00 -6.647753994911909103e-03 0.000000000000000000e+00 5.000000000000000000e+01 0.000000000000000000e+00
4.803663790225982666e-01 4.846252202987670898e-01 1.208809204399585724e-02 8.865818381309509277e-03 -1.605971145629882812e+01 0.000000000000000000e+00 -6.647753994911909103e-03 0.000000000000000000e+00 5.000000000000000000e+01 0.000000000000000000e+00
4.803663790225982666e-01 4.846252202987670898e-01 1.208809204399585724e-02 8.865818381309509277e-03 -1.605971145629882812e+01 0.000000000000000000e+00 -6.647753994911909103e-03 0.000000000000000000e+00 5.000000000000000000e+01 0.000000000000000000e+00
4.803663790225982666e-01 4.846252202987670898e-01 1.208809204399585724e-02 8.865818381309509277e-03 -1.605971145629882812e+01 0.000000000000000000e+00 -6.647753994911909103e-03 0.000000000000000000e+00 5.000000000000000000e+01 0.000000000000000000e+00
4.803663790225982666e-01 4.846252202987670898e-01 1.208809204399585724e-02 8.865818381309509277e-03 -1.605971145629882812e+01 0.000000000000000000e+00 -6.647753994911909103e-03 0.000000000000000000e+00 5.000000000000000000e+01 0.000000000000000000e+00
4.803663790225982666e-01 4.846252202987670898e-01 1.208809204399585724e-02 8.865818381309509277e-03 -1.605971145629882812e+01 0.000000000000000000e+00 -6.647753994911909103e-03 0.000000000000000000e+00 5.000000000000000000e+01 0.000000000000000000e+00
4.803663790225982666e-01 4.846252202987670898e-01 1.208809204399585724e-02 8.865818381309509277e-03 -1.605971145629882812e+01 0.000000000000000000e+00 -6.647753994911909103e-03 0.000000000000000000e+00 5.000000000000000000e+01 0.000000000000000000e+00
4.803663790225982666e-01 4.846252202987670898e-01 1.208809204399585724e-02 8.865818381309509277e-03 -1.605971145629882812e+01 0.000000000000000000e+00 -6.647753994911909103e-03 0.000000000000000000e+00 5.000000000000000000e+01 0.000000000000000000e+00
4.803663790225982666e-01 4.846252202987670898e-01 1.208809204399585724e-02 8.865818381309509277e-03 -1.605971145629882812e+01 0.000000000000000000e+00 -6.647753994911909103e-03 0.000000000000000000e+00 5.000000000000000000e+01 0.000000000000000000e+00
4.803663790225982666e-01 4.846252202987670898e-01 1.208809204399585724e-02 8.865818381309509277e-03 -1.605971145629882812e+01 0.000000000000000000e+00 -6.647753994911909103e-03 0.000000000000000000e+00 5.000000000000000000e+01 0.000000000000000000e+00
4.803663790225982666e-01 4.846252202987670898e-01 1.208809204399585724e-02 8.865818381309509277e-03 -1.605971145629882812e+01 0.000000000000000000e+00 -6.647753994911909103e-03 0.000000000000000000e+00 5.000000000000000000e+01 0.000000000000000000e+00
4.803663790225982666e-01 4.846252202987670898e-01 1.208809204399585724e-02 8.865818381309509277e-03 -1.605971145629882812e+01 0.000000000000000000e+00 -6.647753994911909103e-03 0.000000000000000000e+00 5.000000000000000000e+01 0.000000000000000000e+00
4.803663790225982666e-01 4.846252202987670898e-01 1.208809204399585724e-02 8.865818381309509277e-03 -1.605971145629882812e+01 0.000000000000000000e+00 -6.647753994911909103e-03 0.000000000000000000e+00 5.000000000000000000e+01 0.000000000000000000e+00
4.803663790225982666e-01 4.846252202987670898e-01 1.208809204399585724e-02 8.865818381309509277e-03 -1.605971145629882812e+01 0.000000000000000000e+00 -6.647753994911909103e-03 0.000000000000000000e+00 5.000000000000000000e+01 0.000000000000000000e+00
4.803663790225982666e-01 4.846252202987670898e-01 1.208809204399585724e-02 8.865818381309509277e-03 -1.605971145629882812e+01 0.000000000000000000e+00 -6.647753994911909103e-03 0.000000000000000000e+00 5.000000000000000000e+01 0.000000000000000000e+00
4.803663790225982666e-01 4.846252202987670898e-01 1.208809204399585724e-02 8.865818381309509277e-03 -1.605971145629882812e+01 0.000000000000000000e+00 -6.647753994911909103e-03 0.000000000000000000e+00 5.000000000000000000e+01 0.000000000000000000e+00
4.803663790225982666e-01 4.846252202987670898e-01 1.208809204399585724e-02 8.865818381309509277e-03 -1.605971145629882812e+01 0.000000000000000000e+00 -6.647753994911909103e-03 0.000000000000000000e+00 5.000000000000000000e+01 0.000000000000000000e+00
4.803663790225982666e-01 4.846252202987670898e-01 1.208809204399585724e-02 8.865818381309509277e-03 -1.605971145629882812e+01 0.000000000000000000e+00 -6.647753994911909103e-03 0.000000000000000000e+00 5.000000000000000000e+01 0.000000000000000000e+00
4.803663790225982666e-01 4.846252202987670898e-01 1.208809204399585724e-02 8.865818381309509277e-03 -1.605971145629882812e+01 0.000000000000000000e+00 -6.647753994911909103e-03 0.000000000000000000e+00 5.000000000000000000e+01 0.000000000000000000e+00
4.803663790225982666e-01 4.846252202987670898e-01 1.208809204399585724e-02 8.865818381309509277e-03 -1.605971145629882812e+01 0.000000000000000000e+00 -6.647753994911909103e-03 0.000000000000000000e+00 5.000000000000000000e+01 0.000000000000000000e+00
4.803663790225982666e-01 4.846252202987670898e-01 1.208809204399585724e-02 8.865818381309509277e-03 -1.605971145629882812e+01 0.000000000000000000e+00 -6.647753994911909103e-03 0.000000000000000000e+00 5.000000000000000000e+01 0.000000000000000000e+00
4.803663790225982666e-01 4.846252202987670898e-01 1.208809204399585724e-02 8.865818381309509277e-03 -1.605971145629882812e+01 0.000000000000000000e+00 -6.647753994911909103e-03 0.000000000000000000e+00 5.000000000000000000e+01 0.000000000000000000e+00
