4.264797568321228027e-01 3.469950854778289795e-01 -1.819372326135635376e-01 -1.863738447427749634e-01 -7.304630279541015625e+01 -3.128964424133300781e+01 -3.023677319288253784e-02 -2.687639184296131134e-02 8.800000000000000000e+01 3.800000000000000000e+01
4.264797568321228027e-01 3.469922840595245361e-01 -1.819441914558410645e-01 -1.863804161548614502e-01 -7.221705627441406250e+01 -3.046039581298828125e+01 -2.989351563155651093e-02 -2.616410516202449799e-02 8.700000000000000000e+01 3.700000000000000000e+01
4.264797568321228027e-01 3.469922840595245361e-01 -1.819441914558410645e-01 -1.863804161548614502e-01 -7.221705627441406250e+01 -3.046039581298828125e+01 -2.989351563155651093e-02 -2.616410516202449799e-02 8.700000000000000000e+01 3.700000000000000000e+01
4.264797568321228027e-01 3.469380438327789307e-01 -1.820641309022903442e-01 -1.865075975656509399e-01 -7.121940612792968750e+01 -2.946274375915527344e+01 -2.948054857552051544e-02 -2.530716545879840851e-02 8.600000000000000000e+01 3.600000000000000000e+01
4.264797568321228027e-01 3.468730151653289795e-01 -1.822325140237808228e-01 -1.866600662469863892e-01 -7.033740234375000000e+01 -2.858073806762695312e+01 -2.911545149981975555e-02 -2.454956248402595520e-02 8.500000000000000000e+01 3.500000000000000000e+01
4.264797568321228027e-01 3.466532528400421143e-01 -1.827694028615951538e-01 -1.871753633022308350e-01 -6.785031127929687500e+01 -2.609365844726562500e+01 -2.808594703674316406e-02 -2.241327427327632904e-02 8.200000000000000000e+01 3.200000000000000000e+01
4.264797568321228027e-01 3.465701341629028320e-01 -1.829810738563537598e-01 -1.873702555894851685e-01 -6.705642700195312500e+01 -2.529977416992187500e+01 -2.775732614099979401e-02 -2.173136360943317413e-02 8.100000000000000000e+01 3.100000000000000000e+01
4.264797568321228027e-01 3.464476764202117920e-01 -1.832471936941146851e-01 -1.876574009656906128e-01 -6.616546630859375000e+01 -2.440881729125976562e+01 -2.738852240145206451e-02 -2.096607163548469543e-02 8.000000000000000000e+01 3.000000000000000000e+01
4.264797568321228027e-01 3.463113307952880859e-01 -1.835901439189910889e-01 -1.879770904779434204e-01 -6.530969238281250000e+01 -2.355303192138671875e+01 -2.703428268432617188e-02 -2.023098990321159363e-02 7.900000000000000000e+01 2.900000000000000000e+01
4.264797568321228027e-01 3.462318480014801025e-01 -1.837855875492095947e-01 -1.881634593009948730e-01 -6.482373046875000000e+01 -2.306707000732421875e+01 -2.683312445878982544e-02 -1.981357112526893616e-02 7.800000000000000000e+01 2.800000000000000000e+01
4.264797568321228027e-01 3.461005389690399170e-01 -1.841088980436325073e-01 -1.884713619947433472e-01 -6.411055755615234375e+01 -2.235390281677246094e+01 -2.653791382908821106e-02 -1.920099370181560516e-02 7.700000000000000000e+01 2.700000000000000000e+01
4.264797568321228027e-01 3.442381620407104492e-01 -1.885803043842315674e-01 -1.928382217884063721e-01 -5.810028839111328125e+01 -1.634362792968750000e+01 -2.405002340674400330e-02 -1.403843797743320465e-02 7.000000000000000000e+01 2.000000000000000000e+01
4.264797568321228027e-01 3.435788750648498535e-01 -1.900787949562072754e-01 -1.943840980529785156e-01 -5.674283981323242188e+01 -1.498618125915527344e+01 -2.348812110722064972e-02 -1.287245284765958786e-02 6.800000000000000000e+01 1.800000000000000000e+01
4.264797568321228027e-01 3.421871960163116455e-01 -1.932580024003982544e-01 -1.976472735404968262e-01 -5.492264556884765625e+01 -1.316598415374755859e+01 -2.273466996848583221e-02 -1.130898576229810715e-02 6.600000000000000000e+01 1.600000000000000000e+01
4.264797568321228027e-01 3.413065969944000244e-01 -1.954767405986785889e-01 -1.997120827436447144e-01 -5.400157928466796875e+01 -1.224492073059082031e+01 -2.235340513288974762e-02 -1.051783375442028046e-02 6.500000000000000000e+01 1.500000000000000000e+01
4.264797568321228027e-01 3.386915922164916992e-01 -2.014462351799011230e-01 -2.058436870574951172e-01 -5.161942291259765625e+01 -9.862766265869140625e+00 -2.136733569204807281e-02 -8.471670560538768768e-03 6.200000000000000000e+01 1.200000000000000000e+01
4.264797568321228027e-01 3.375650644302368164e-01 -2.040546238422393799e-01 -2.084851413965225220e-01 -5.068670272827148438e+01 -8.930047035217285156e+00 -2.098124474287033081e-02 -7.670507300645112991e-03 6.100000000000000000e+01 1.100000000000000000e+01
4.264797568321228027e-01 3.364319503307342529e-01 -2.070018202066421509e-01 -2.111420482397079468e-01 -4.995223617553710938e+01 -8.195578575134277344e+00 -2.067722007632255554e-02 -7.039631716907024384e-03 6.000000000000000000e+01 1.000000000000000000e+01
4.264797568321228027e-01 3.307718634605407715e-01 -2.199584096670150757e-01 -2.244136780500411987e-01 -4.653376770019531250e+01 -4.777111053466796875e+00 -1.926217973232269287e-02 -4.103322513401508331e-03 5.600000000000000000e+01 6.000000000000000000e+00
4.264797568321228027e-01 3.276984095573425293e-01 -2.267044335603713989e-01 -2.316202521324157715e-01 -4.494959640502929688e+01 -3.192939281463623047e+00 -1.860642805695533752e-02 -2.742590615525841713e-03 5.400000000000000000e+01 4.000000000000000000e+00
4.264797568321228027e-01 3.224600851535797119e-01 -2.392454147338867188e-01 -2.439029514789581299e-01 -4.338549804687500000e+01 -1.628839612007141113e+00 -1.795898564159870148e-02 -1.399099710397422314e-03 5.200000000000000000e+01 2.000000000000000000e+00
4.264797568321228027e-01 3.154858648777008057e-01 -2.563101053237915039e-01 -2.602559328079223633e-01 -4.175666046142578125e+01 0.000000000000000000e+00 -1.728474535048007965e-02 0.000000000000000000e+00 5.000000000000000000e+01 0.000000000000000000e+00
4.264797568321228027e-01 3.154858648777008057e-01 -2.563101053237915039e-01 -2.602559328079223633e-01 -4.175666046142578125e+01 0.000000000000000000e+00 -1.728474535048007965e-02 0.000000000000000000e+00 5.000000000000000000e+01 0.000000000000000000e+00
4.264797568321228027e-01 3.154858648777008057e-01 -2.563101053237915039e-01 -2.602559328079223633e-01 -4.175666046142578125e+01 0.000000000000000000e+00 -1.728474535048007965e-02 0.000000000000000000e+00 5.000000000000000000e+01 0.000000000000000000e+00
4.264797568321228027e-01 3.154858648777008057e-01 -2.563101053237915039e-01 -2.602559328079223633e-01 -4.175666046142578125e+01 0.000000000000000000e+00 -1.728474535048007965e-02 0.000000000000000000e+00 5.000000000000000000e+01 0.000000000000000000e+00
4.264797568321228027e-01 3.154858648777008057e-01 -2.563101053237915039e-01 -2.602559328079223633e-01 -4.175666046142578125e+01 0.000000000000000000e+00 -1.728474535048007965e-02 0.000000000000000000e+00 5.000000000000000000e+01 0.000000000000000000e+00
4.264797568321228027e-01 3.154858648777008057e-01 -2.563101053237915039e-01 -2.602559328079223633e-01 -4.175666046142578125e+01 0.000000000000000000e+00 -1.728474535048007965e-02 0.000000000000000000e+00 5.000000000000000000e+01 0.000000000000000000e+00
4.264797568321228027e-01 3.154858648777008057e-01 -2.563101053237915039e-01 -2.602559328079223633e-01 -4.175666046142578125e+01 0.000000000000000000e+00 -1.728474535048007965e-02 0.000000000000000000e+00 5.000000000000000000e+01 0.000000000000000000e+00
4.264797568321228027e-01 3.154858648777008057e-01 -2.563101053237915039e-01 -2.602559328079223633e-01 -4.175666046142578125e+01 0.000000000000000000e+00 -1.728474535048007965e-02 0.000000000000000000e+00 5.000000000000000000e+01 0.000000000000000000e+00
4.264797568321228027e-01 3.154858648777008057e-01 -2.563101053237915039e-01 -2.602559328079223633e-01 -4.175666046142578125e+01 0.000000000000000000e+00 -1.728474535048007965e-02 0.000000000000000000e+00 5.000000000000000000e+01 0.000000000000000000e+00
4.264797568321228027e-01 3.154858648777008057e-01 -2.563101053237915039e-01 -2.602559328079223633e-01 -4.175666046142578125e+01 0.000000000000000000e+00 -1.728474535048007965e-02 0.000000000000000000e+00 5.000000000000000000e+01 0.000000000000000000e+00
4.264797568321228027e-01 3.154858648777008057e-01 -2.563101053237915039e-01 -2.602559328079223633e-01 -4.175666046142578125e+01 0.000000000000000000e+00 -1.728474535048007965e-02 0.000000000000000000e+00 5.000000000000000000e+01 0.000000000000000000e+00
4.264797568321228027e-01 3.154858350753784180e-01 -2.563101351261138916e-01 -2.602560222148895264e-01 -4.175666046142578125e+01 0.000000000000000000e+00 -1.728474535048007965e-02 0.000000000000000000e+00 5.000000000000000000e+01 0.000000000000000000e+00
4.264797568321228027e-01 3.154858648777008057e-01 -2.563101053237915039e-01 -2.602559328079223633e-01 -4.175666046142578125e+01 0.000000000000000000e+00 -1.728474535048007965e-02 0.000000000000000000e+00 5.000000000000000000e+01 0.000000000000000000e+00
4.264797568321228027e-01 3.154858648777008057e-01 -2.563101053237915039e-01 -2.602559328079223633e-01 -4.175666046142578125e+01 0.000000000000000000e+00 -1.728474535048007965e-02 0.000000000000000000e+00 5.000000000000000000e+01 0.000000000000000000e+00
4.264797568321228027e-01 3.154858648777008057e-01 -2.563101053237915039e-01 -2.602559328079223633e-01 -4.175666046142578125e+01 0.000000000000000000e+00 -1.728474535048007965e-02 0.000000000000000000e+00 5.000000000000000000e+01 0.000000000000000000e+00
4.264797568321228027e-01 3.154858648777008057e-01 -2.563101053237915039e-01 -2.602559328079223633e-01 -4.175666046142578125e+01 0.000000000000000000e+00 -1.728474535048007965e-02 0.000000000000000000e+00 5.000000000000000000e+01 0.000000000000000000e+00
4.264797568321228027e-01 3.154858648777008057e-01 -2.563101053237915039e-01 -2.602559328079223633e-01 -4.175666046142578125e+01 0.000000000000000000e+00 -1.728474535048007965e-02 0.000000000000000000e+00 5.000000000000000000e+01 0.000000000000000000e+00
4.264797568321228027e-01 3.154858648777008057e-01 -2.563101053237915039e-01 -2.602559328079223633e-01 -4.175666046142578125e+01 0.000000000000000000e+00 -1.728474535048007965e-02 0.000000000000000000e+00 5.000000000000000000e+01 0.000000000000000000e+00
4.264797568321228027e-01 3.154858648777008057e-01 -2.563101053237915039e-01 -2.602559328079223633e-01 -4.175666046142578125e+01 0.000000000000000000e+00 -1.728474535048007965e-02 0.000000000000000000e+00 5.000000000000000000e+01 0.000000000000000000e+00
4.264797568321228027e-01 3.154858648777008057e-01 -2.563101053237915039e-01 -2.602559328079223633e-01 -4.175666046142578125e+01 0.000000000000000000e+00 -1.728474535048007965e-02 0.000000000000000000e+00 5.000000000000000000e+01 0.000000000000000000e+00
4.264797568321228027e-01 3.154858648777008057e-01 -2.563101053237915039e-01 -2.602559328079223633e-01 -4.175666046142578125e+01 0.000000000000000000e+00 -1.728474535048007965e-02 0.000000000000000000e+00 5.000000000000000000e+01 0.000000000000000000e+00
4.264797568321228027e-01 3.154858648777008057e-01 -2.563101053237915039e-01 -2.602559328079223633e-01 -4.175666046142578125e+01 0.000000000000000000e+00 -1.728474535048007965e-02 0.000000000000000000e+00 5.000000000000000000e+01 0.000000000000000000e+00
4.264797568321228027e-01 3.154858648777008057e-01 -2.563101053237915039e-01 -2.602559328079223633e-01 -4.175666046142578125e+01 0.000000000000000000e+00 -1.728474535048007965e-02 0.000000000000000000e+00 5.000000000000000000e+01 0.000000000000000000e+00
4.264797568321228027e-01 3.154858648777008057e-01 -2.563101053237915039e-01 -2.602559328079223633e-01 -4.175666046142578125e+01 0.000000000000000000e+00 -1.728474535048007965e-02 0.000000000000000000e+00 5.000000000000000000e+01 0.000000000000000000e+00
4.264797568321228027e-01 3.154858648777008057e-01 -2.563101053237915039e-01 -2.602559328079223633e-01 -4.175666046142578125e+01 0.000000000000000000e+00 -1.728474535048007965e-02 0.000000000000000000e+00 5.000000000000000000e+01 0.000000000000000000e+00
4.264797568321228027e-01 3.154858648777008057e-01 -2.563101053237915039e-01 -2.602559328079223633e-01 -4.175666046142578125e+01 0.000000000000000000e+00 -1.728474535048007965e-02 0.000000000000000000e+00 5.000000000000000000e+01 0.000000000000000000e+00
4.264797568321228027e-01 3.154858648777008057e-01 -2.563101053237915039e-01 -2.602559328079223633e-01 -4.175666046142578125e+01 0.000000000000000000e+00 -1.728474535048007965e-02 0.000000000000000000e+00 5.000000000000000000e+01 0.000000000000000000e+00
4.264797568321228027e-01 3.154858648777008057e-01 -2.563101053237915039e-01 -2.602559328079223633e-01 -4.175666046142578125e+01 0.000000000000000000e+00 -1.728474535048007965e-02 0.000000000000000000e+00 5.000000000000000000e+01 0.000000000000000000e+00
4.264797568321228027e-01 3.154858648777008057e-01 -2.563101053237915039e-01 -2.602559328079223633e-01 -4.175666046142578125e+01 0.000000000000000000e+00 -1.728474535048007965e-02 0.000000000000000000e+00 5.000000000000000000e+01 0.000000000000000000e+00
4.264797568321228027e-01 3.154858350753784180e-01 -2.563101351261138916e-01 -2.602560222148895264e-01 -4.175666046142578125e+01 0.000000000000000000e+00 -1.728474535048007965e-02 0.000000000000000000e+00 5.000000000000000000e+01 0.000000000000000000e+00
4.264797568321228027e-01 3.154858648777008057e-01 -2.563101053237915039e-01 -2.602559328079223633e-01 -4.175666046142578125e+01 0.000000000000000000e+00 -1.728474535048007965e-02 0.000000000000000000e+00 5.000000000000000000e+01 0.000000000000000000e+00
4.264797568321228027e-01 3.154858648777008057e-01 -2.563101053237915039e-01 -2.602559328079223633e-01 -4.175666046142578125e+01 0.000000000000000000e+00 -1.728474535048007965e-02 0.000000000000000000e+00 5.000000000000000000e+01 0.000000000000000000e+00
4.264797568321228027e-01 3.154858648777008057e-01 -2.563101053237915039e-01 -2.602559328079223633e-01 -4.175666046142578125e+01 0.000000000000000000e+00 -1.728474535048007965e-02 0.000000000000000000e+00 5.000000000000000000e+01 0.000000000000000000e+00
4.264797568321228027e-01 3.154858350753784180e-01 -2.563101351261138916e-01 -2.602560222148895264e-01 -4.175666046142578125e+01 0.000000000000000000e+00 -1.728474535048007965e-02 0.000000000000000000e+00 5.000000000000000000e+01 0.000000000000000000e+00
4.264797568321228027e-01 3.154858648777008057e-01 -2.563101053237915039e-01 -2.602559328079223633e-01 -4.175666046142578125e+01 0.000000000000000000e+00 -1.728474535048007965e-02 0.000000000000000000e+00 5.000000000000000000e+01 0.000000000000000000e+00
4.264797568321228027e-01 3.154858350753784180e-01 -2.563101351261138916e-01 -2.602560222148895264e-01 -4.175666046142578125e+01 0.000000000000000000e+00 -1.728474535048007965e-02 0.000000000000000000e+00 5.000000000000000000e+01 0.000000000000000000e+00
4.264797568321228027e-01 3.154858648777008057e-01 -2.563101053237915039e-01 -2.602559328079223633e-01 -4.175666046142578125e+01 0.000000000000000000e+00 -1.728474535048007965e-02 0.000000000000000000e+00 5.000000000000000000e+01 0.000000000000000000e+00
4.264797568321228027e-01 3.154858648777008057e-01 -2.563101053237915039e-01 -2.602559328079223633e-01 -4.175666046142578125e+01 0.000000000000000000e+00 -1.728474535048007965e-02 0.000000000000000000e+00 5.000000000000000000e+01 0.000000000000000000e+00
4.264797568321228027e-01 3.154858350753784180e-01 -2.563101351261138916e-01 -2.602560222148895264e-01 -4.175666046142578125e+01 0.000000000000000000e+00 -1.728474535048007965e-02 0.000000000000000000e+00 5.000000000000000000e+01 0.000000000000000000e+00
4.264797568321228027e-01 3.154858648777008057e-01 -2.563101053237915039e-01 -2.602559328079223633e-01 -4.175666046142578125e+01 0.000000000000000000e+00 -1.728474535048007965e-02 0.000000000000000000e+00 5.000000000000000000e+01 0.000000000000000000e+00
4.264797568321228027e-01 3.154858648777008057e-01 -2.563101053237915039e-01 -2.602559328079223633e-01 -4.175666046142578125e+01 0.000000000000000000e+00 -1.728474535048007965e-02 0.000000000000000000e+00 5.000000000000000000e+01 0.000000000000000000e+00
4.264797568321228027e-01 3.154858350753784180e-01 -2.563101351261138916e-01 -2.602560222148895264e-01 -4.175666046142578125e+01 0.000000000000000000e+00 -1.728474535048007965e-02 0.000000000000000000e+00 5.000000000000000000e+01 0.000000000000000000e+00
4.264797568321228027e-01 3.154858648777008057e-01 -2.563101053237915039e-01 -2.602559328079223633e-01 -4.175666046142578125e+01 0.000000000000000000e+00 -1.728474535048007965e-02 0.000000000000000000e+00 5.000000000000000000e+01 0.000000000000000000e+00
4.264797568321228027e-01 3.154858648777008057e-01 -2.563101053237915039e-01 -2.602559328079223633e-01 -4.175666046142578125e+01 0.000000000000000000e+00 -1.728474535048007965e-02 0.000000000000000000e+00 5.000000000000000000e+01 0.000000000000000000e+00
4.264797568321228027e-01 3.154858648777008057e-01 -2.563101053237915039e-01 -2.602559328079223633e-01 -4.175666046142578125e+01 0.000000000000000000e+00 -1.728474535048007965e-02 0.000000000000000000e+00 5.000000000000000000e+01 0.000000000000000000e+00
4.264797568321228027e-01 3.154858350753784180e-01 -2.563101351261138916e-01 -2.602560222148895264e-01 -4.175666046142578125e+01 0.000000000000000000e+00 -1.728474535048007965e-02 0.000000000000000000e+00 5.000000000000000000e+01 0.000000000000000000e+00
4.264797568321228027e-01 3.154858648777008057e-01 -2.563101053237915039e-01 -2.602559328079223633e-01 -4.175666046142578125e+01 0.000000000000000000e+00 -1.728474535048007965e-02 0.000000000000000000e+00 5.000000000000000000e+01 0.000000000000000000e+00
4.264797568321228027e-01 3.154858648777008057e-01 -2.563101053237915039e-01 -2.602559328079223633e-01 -4.175666046142578125e+01 0.000000000000000000e+00 -1.728474535048007965e-02 0.000000000000000000e+00 5.000000000000000000e+01 0.000000000000000000e+00
4.264797568321228027e-01 3.154858648777008057e-01 -2.563101053237915039e-01 -2.602559328079223633e-01 -4.175666046142578125e+01 0.000000000000000000e+00 -1.728474535048007965e-02 0.000000000000000000e+00 5.000000000000000000e+01 0.000000000000000000e+00
4.264797568321228027e-01 3.154858648777008057e-01 -2.563101053237915039e-01 -2.602559328079223633e-01 -4.175666046142578125e+01 0.000000000000000000e+00 -1.728474535048007965e-02 0.000000000000000000e+00 5.000000000000000000e+01 0.000000000000000000e+00
4.264797568321228027e-01 3.154858350753784180e-01 -2.563101351261138916e-01 -2.602560222148895264e-01 -4.175666046142578125e+01 0.000000000000000000e+00 -1.728474535048007965e-02 0.000000000000000000e+00 5.000000000000000000e+01 0.000000000000000000e+00
4.264797568321228027e-01 3.154858648777008057e-01 -2.563101053237915039e-01 -2.602559328079223633e-01 -4.175666046142578125e+01 0.000000000000000000e+00 -1.728474535048007965e-02 0.000000000000000000e+00 5.000000000000000000e+01 0.000000000000000000e+00
4.264797568321228027e-01 3.154858648777008057e-01 -2.563101053237915039e-01 -2.602559328079223633e-01 -4.175666046142578125e+01 0.000000000000000000e+00 -1.728474535048007965e-02 0.000000000000000000e+00 5.000000000000000000e+01 0.000000000000000000e+00
4.264797568321228027e-01 3.154858648777008057e-01 -2.563101053237915039e-01 -2.602559328079223633e-01 -4.175666046142578125e+01 0.000000000000000000e+00 -1.728474535048007965e-02 0.000000000000000000e+00 5.000000000000000000e+01 0.000000000000000000e+00
4.264797568321228027e-01 3.154858648777008057e-01 -2.563101053237915039e-01 -2.602559328079223633e-01 -4.175666046142578125e+01 0.000000000000000000e+00 -1.728474535048007965e-02 0.000000000000000000e+00 5.000000000000000000e+01 0.000000000000000000e+00
4.264797568321228027e-01 3.154858648777008057e-01 -2.563101053237915039e-01 -2.602559328079223633e-01 -4.175666046142578125e+01 0.000000000000000000e+00 -1.728474535048007965e-02 0.000000000000000000e+00 5.000000000000000000e+01 0.000000000000000000e+00
4.264797568321228027e-01 3.154858648777008057e-01 -2.563101053237915039e-01 -2.602559328079223633e-01 -4.175666046142578125e+01 0.000000000000000000e+00 -1.728474535048007965e-02 0.000000000000000000e+00 5.000000000000000000e+01 0.000000000000000000e+00
4.264797568321228027e-01 3.154858648777008057e-01 -2.563101053237915039e-01 -2.602559328079223633e-01 -4.175666046142578125e+01 0.000000000000000000e+00 -1.728474535048007965e-02 0.000000000000000000e+00 5.000000000000000000e+01 0.000000000000000000e+00
4.264797568321228027e-01 3.154858648777008057e-01 -2.563101053237915039e-01 -2.602559328079223633e-01 -4.175666046142578125e+01 0.000000000000000000e+00 -1.728474535048007965e-02 0.000000000000000000e+00 5.000000000000000000e+01 0.000000000000000000e+00
4.264797568321228027e-01 3.154858648777008057e-01 -2.563101053237915039e-01 -2.602559328079223633e-01 -4.175666046142578125e+01 0.000000000000000000e+00 -1.728474535048007965e-02 0.000000000000000000e+00 5.000000000000000000e+01 0.000000000000000000e+00
4.264797568321228027e-01 3.154858350753784180e-01 -2.563101351261138916e-01 -2.602560222148895264e-01 -4.175666046142578125e+01 0.000000000000000000e+00 -1.728474535048007965e-02 0.000000000000000000e+00 5.000000000000000000e+01 0.000000000000000000e+00
4.264797568321228027e-01 3.154858648777008057e-01 -2.563101053237915039e-01 -2.602559328079223633e-01 -4.175666046142578125e+01 0.000000000000000000e+00 -1.728474535048007965e-02 0.000000000000000000e+00 5.000000000000000000e+01 0.000000000000000000e+00
4.264797568321228027e-01 3.154858350753784180e-01 -2.563101351261138916e-01 -2.602560222148895264e-01 -4.175666046142578125e+01 0.000000000000000000e+00 -1.728474535048007965e-02 0.000000000000000000e+00 5.000000000000000000e+01 0.000000000000000000e+00
4.264797568321228027e-01 3.154858350753784180e-01 -2.563101351261138916e-01 -2.602560222148895264e-01 -4.175666046142578125e+01 0.000000000000000000e+00 -1.728474535048007965e-02 0.000000000000000000e+00 5.000000000000000000e+01 0.000000000000000000e+00
4.264797568321228027e-01 3.154858648777008057e-01 -2.563101053237915039e-01 -2.602559328079223633e-01 -4.175666046142578125e+01 0.000000000000000000e+00 -1.728474535048007965e-02 0.000000000000000000e+00 5.000000000000000000e+01 0.000000000000000000e+00
4.264797568321228027e-01 3.154858648777008057e-01 -2.563101053237915039e-01 -2.602559328079223633e-01 -4.175666046142578125e+01 0.000000000000000000e+00 -1.728474535048007965e-02 0.000000000000000000e+00 5.000000000000000000e+01 0.000000000000000000e+00
4.264797568321228027e-01 3.154858648777008057e-01 -2.563101053237915039e-01 -2.602559328079223633e-01 -4.175666046142578125e+01 0.000000000000000000e+00 -1.728474535048007965e-02 0.000000000000000000e+00 5.000000000000000000e+01 0.000000000000000000e+00
4.264797568321228027e-01 3.154858648777008057e-01 -2.563101053237915039e-01 -2.602559328079223633e-01 -4.175666046142578125e+01 0.000000000000000000e+00 -1.728474535048007965e-02 0.000000000000000000e+00 5.000000000000000000e+01 0.000000000000000000e+00
4.264797568321228027e-01 3.154858350753784180e-01 -2.563101351261138916e-01 -2.602560222148895264e-01 -4.175666046142578125e+01 0.000000000000000000e+00 -1.728474535048007965e-02 0.000000000000000000e+00 5.000000000000000000e+01 0.000000000000000000e+00
4.264797568321228027e-01 3.154858648777008057e-01 -2.563101053237915039e-01 -2.602559328079223633e-01 -4.175666046142578125e+01 0.000000000000000000e+00 -1.728474535048007965e-02 0.000000000000000000e+00 5.000000000000000000e+01 0.000000000000000000e+00
