4.240135848522186279e-01 4.902789592742919922e-01 1.627207100391387939e-01 1.562812477350234985e-01 -1.249316101074218750e+02 -8.378682708740234375e+01 -5.171417072415351868e-02 -7.942427694797515869e-02 1.590000000000000000e+02 1.090000000000000000e+02
4.240135848522186279e-01 4.902552962303161621e-01 1.626646369695663452e-01 1.562254428863525391e-01 -1.232036132812500000e+02 -8.205882263183593750e+01 -5.099888145923614502e-02 -7.778624445199966431e-02 1.570000000000000000e+02 1.070000000000000000e+02
4.240135848522186279e-01 4.902323186397552490e-01 1.626093238592147827e-01 1.561712622642517090e-01 -1.225495529174804688e+02 -8.140476226806640625e+01 -5.072814226150512695e-02 -7.716624438762664795e-02 1.550000000000000000e+02 1.050000000000000000e+02
4.240135848522186279e-01 4.901405274868011475e-01 1.623660027980804443e-01 1.559547781944274902e-01 -1.207119293212890625e+02 -7.956713867187500000e+01 -4.996747523546218872e-02 -7.542429864406585693e-02 1.530000000000000000e+02 1.030000000000000000e+02
4.240135848522186279e-01 4.900144040584564209e-01 1.620824038982391357e-01 1.556573212146759033e-01 -1.188918609619140625e+02 -7.774707794189453125e+01 -4.921407625079154968e-02 -7.369900494813919067e-02 1.510000000000000000e+02 1.010000000000000000e+02
4.240135848522186279e-01 4.900144040584564209e-01 1.620824038982391357e-01 1.556573212146759033e-01 -1.188918609619140625e+02 -7.774707794189453125e+01 -4.921407625079154968e-02 -7.369900494813919067e-02 1.510000000000000000e+02 1.010000000000000000e+02
4.240135848522186279e-01 4.899264276027679443e-01 1.618859320878982544e-01 1.554498374462127686e-01 -1.180973510742187500e+02 -7.695256805419921875e+01 -4.888519644737243652e-02 -7.294586300849914551e-02 1.500000000000000000e+02 1.000000000000000000e+02
4.240135848522186279e-01 4.898242056369781494e-01 1.616562306880950928e-01 1.552087515592575073e-01 -1.172482910156250000e+02 -7.610350036621093750e+01 -4.853373765945434570e-02 -7.214099913835525513e-02 1.490000000000000000e+02 9.900000000000000000e+01
4.240135848522186279e-01 4.898242056369781494e-01 1.616562306880950928e-01 1.552087515592575073e-01 -1.172482910156250000e+02 -7.610350036621093750e+01 -4.853373765945434570e-02 -7.214099913835525513e-02 1.490000000000000000e+02 9.900000000000000000e+01
4.240135848522186279e-01 4.897624850273132324e-01 1.615003496408462524e-01 1.550631970167160034e-01 -1.168668212890625000e+02 -7.572203826904296875e+01 -4.837583005428314209e-02 -7.177940011024475098e-02 1.480000000000000000e+02 9.800000000000000000e+01
4.240135848522186279e-01 4.896068572998046875e-01 1.611862480640411377e-01 1.546961516141891479e-01 -1.160099639892578125e+02 -7.486518096923828125e+01 -4.802114516496658325e-02 -7.096716016530990601e-02 1.470000000000000000e+02 9.700000000000000000e+01
4.240135848522186279e-01 4.865820109844207764e-01 1.542607694864273071e-01 1.475623100996017456e-01 -1.063632507324218750e+02 -6.521847534179687500e+01 -4.402798414230346680e-02 -6.182273104786872864e-02 1.360000000000000000e+02 8.600000000000000000e+01
4.240135848522186279e-01 4.841086566448211670e-01 1.483467668294906616e-01 1.417291164398193359e-01 -1.014207763671875000e+02 -6.027599334716796875e+01 -4.198209941387176514e-02 -5.713758990168571472e-02 1.290000000000000000e+02 7.900000000000000000e+01
4.240135848522186279e-01 4.800266027450561523e-01 1.393117755651473999e-01 1.321019381284713745e-01 -9.523855590820312500e+01 -5.409377288818359375e+01 -3.942302986979484558e-02 -5.127726122736930847e-02 1.210000000000000000e+02 7.100000000000000000e+01
4.240135848522186279e-01 4.721872508525848389e-01 1.204495057463645935e-01 1.136134937405586243e-01 -8.663369750976562500e+01 -4.548892211914062500e+01 -3.586113825440406799e-02 -4.312044009566307068e-02 1.110000000000000000e+02 6.100000000000000000e+01
4.240135848522186279e-01 4.693232476711273193e-01 1.139112859964370728e-01 1.068589910864830017e-01 -8.398674011230468750e+01 -4.284195709228515625e+01 -3.476545587182044983e-02 -4.061129689216613770e-02 1.070000000000000000e+02 5.700000000000000000e+01
4.240135848522186279e-01 4.621386229991912842e-01 9.712094068527221680e-02 8.991466462612152100e-02 -7.843558502197265625e+01 -3.729080200195312500e+01 -3.246761113405227661e-02 -3.534917533397674561e-02 1.000000000000000000e+02 5.000000000000000000e+01
4.240135848522186279e-01 4.569028615951538086e-01 8.522840589284896851e-02 7.756656408309936523e-02 -7.502909088134765625e+01 -3.388430404663085938e+01 -3.105752915143966675e-02 -3.212004154920578003e-02 9.600000000000000000e+01 4.600000000000000000e+01
4.240135848522186279e-01 4.478976726531982422e-01 6.329861283302307129e-02 5.632859095931053162e-02 -6.975280761718750000e+01 -2.860802459716796875e+01 -2.887346595525741577e-02 -2.711848355829715729e-02 9.000000000000000000e+01 4.000000000000000000e+01
4.240135848522186279e-01 4.418717026710510254e-01 4.872230440378189087e-02 4.211685433983802795e-02 -6.667539978027343750e+01 -2.553062057495117188e+01 -2.759960293769836426e-02 -2.420131303369998932e-02 8.600000000000000000e+01 3.600000000000000000e+01
4.240135848522186279e-01 4.075288772583007812e-01 -3.119854815304279327e-02 -3.887778148055076599e-02 -5.408004379272460938e+01 -1.293525886535644531e+01 -2.238588407635688782e-02 -1.226175576448440552e-02 7.000000000000000000e+01 2.000000000000000000e+01
4.240135848522186279e-01 3.842165768146514893e-01 -8.531109988689422607e-02 -9.385786205530166626e-02 -4.939520645141601562e+01 -8.250423431396484375e+00 -2.044664323329925537e-02 -7.820846512913703918e-03 6.300000000000000000e+01 1.300000000000000000e+01
4.240135848522186279e-01 3.431629240512847900e-01 -1.830151826143264771e-01 -1.906794160604476929e-01 -4.335858917236328125e+01 -2.213804483413696289e+00 -1.794784702360630035e-02 -2.098537748679518700e-03 5.500000000000000000e+01 5.000000000000000000e+00
4.240135848522186279e-01 3.319913148880004883e-01 -2.113843113183975220e-01 -2.170266956090927124e-01 -4.204428100585937500e+01 -8.994973301887512207e-01 -1.740380190312862396e-02 -8.526630117557942867e-04 5.300000000000000000e+01 3.000000000000000000e+00
4.240135848522186279e-01 3.216090202331542969e-01 -2.385374754667282104e-01 -2.415124624967575073e-01 -4.116469955444335938e+01 -1.991605758666992188e-02 -1.703970879316329956e-02 -1.887908365461044014e-05 5.200000000000000000e+01 2.000000000000000000e+00
4.240135848522186279e-01 3.216090202331542969e-01 -2.385374754667282104e-01 -2.415124624967575073e-01 -4.116469955444335938e+01 -1.991605758666992188e-02 -1.703970879316329956e-02 -1.887908365461044014e-05 5.200000000000000000e+01 2.000000000000000000e+00
4.240135848522186279e-01 3.216090202331542969e-01 -2.385374754667282104e-01 -2.415124624967575073e-01 -4.116469955444335938e+01 -1.991605758666992188e-02 -1.703970879316329956e-02 -1.887908365461044014e-05 5.200000000000000000e+01 2.000000000000000000e+00
4.240135848522186279e-01 3.216090202331542969e-01 -2.385374754667282104e-01 -2.415124624967575073e-01 -4.116469955444335938e+01 -1.991605758666992188e-02 -1.703970879316329956e-02 -1.887908365461044014e-05 5.200000000000000000e+01 2.000000000000000000e+00
4.240135848522186279e-01 3.216090202331542969e-01 -2.385374754667282104e-01 -2.415124624967575073e-01 -4.116469955444335938e+01 -1.991605758666992188e-02 -1.703970879316329956e-02 -1.887908365461044014e-05 5.200000000000000000e+01 2.000000000000000000e+00
4.240135848522186279e-01 3.210943043231964111e-01 -2.395420074462890625e-01 -2.427263706922531128e-01 -4.114661407470703125e+01 -1.831829547882080078e-03 -1.703222282230854034e-02 -1.736451281431072857e-06 5.100000000000000000e+01 1.000000000000000000e+00
4.240135848522186279e-01 3.210943043231964111e-01 -2.395420074462890625e-01 -2.427263706922531128e-01 -4.114661407470703125e+01 -1.831829547882080078e-03 -1.703222282230854034e-02 -1.736451281431072857e-06 5.100000000000000000e+01 1.000000000000000000e+00
4.240135848522186279e-01 3.210943043231964111e-01 -2.395420074462890625e-01 -2.427263706922531128e-01 -4.114661407470703125e+01 -1.831829547882080078e-03 -1.703222282230854034e-02 -1.736451281431072857e-06 5.100000000000000000e+01 1.000000000000000000e+00
4.240135848522186279e-01 3.210943043231964111e-01 -2.395420074462890625e-01 -2.427263706922531128e-01 -4.114661407470703125e+01 -1.831829547882080078e-03 -1.703222282230854034e-02 -1.736451281431072857e-06 5.100000000000000000e+01 1.000000000000000000e+00
4.240135848522186279e-01 3.210943043231964111e-01 -2.395420074462890625e-01 -2.427263706922531128e-01 -4.114661407470703125e+01 -1.831829547882080078e-03 -1.703222282230854034e-02 -1.736451281431072857e-06 5.100000000000000000e+01 1.000000000000000000e+00
4.240135848522186279e-01 3.210943043231964111e-01 -2.395420074462890625e-01 -2.427263706922531128e-01 -4.114661407470703125e+01 -1.831829547882080078e-03 -1.703222282230854034e-02 -1.736451281431072857e-06 5.100000000000000000e+01 1.000000000000000000e+00
4.240135848522186279e-01 3.210943043231964111e-01 -2.395420074462890625e-01 -2.427263706922531128e-01 -4.114661407470703125e+01 -1.831829547882080078e-03 -1.703222282230854034e-02 -1.736451281431072857e-06 5.100000000000000000e+01 1.000000000000000000e+00
4.240135848522186279e-01 3.210943043231964111e-01 -2.395420074462890625e-01 -2.427263706922531128e-01 -4.114661407470703125e+01 -1.831829547882080078e-03 -1.703222282230854034e-02 -1.736451281431072857e-06 5.100000000000000000e+01 1.000000000000000000e+00
4.240135848522186279e-01 3.210943043231964111e-01 -2.395420074462890625e-01 -2.427263706922531128e-01 -4.114661407470703125e+01 -1.831829547882080078e-03 -1.703222282230854034e-02 -1.736451281431072857e-06 5.100000000000000000e+01 1.000000000000000000e+00
4.240135848522186279e-01 3.203698694705963135e-01 -2.409557998180389404e-01 -2.444348931312561035e-01 -4.114478302001953125e+01 0.000000000000000000e+00 -1.703146472573280334e-02 0.000000000000000000e+00 5.000000000000000000e+01 0.000000000000000000e+00
4.240135848522186279e-01 3.203698694705963135e-01 -2.409557998180389404e-01 -2.444348931312561035e-01 -4.114478302001953125e+01 0.000000000000000000e+00 -1.703146472573280334e-02 0.000000000000000000e+00 5.000000000000000000e+01 0.000000000000000000e+00
4.240135848522186279e-01 3.203698694705963135e-01 -2.409557998180389404e-01 -2.444348931312561035e-01 -4.114478302001953125e+01 0.000000000000000000e+00 -1.703146472573280334e-02 0.000000000000000000e+00 5.000000000000000000e+01 0.000000000000000000e+00
4.240135848522186279e-01 3.203698694705963135e-01 -2.409557998180389404e-01 -2.444348931312561035e-01 -4.114478302001953125e+01 0.000000000000000000e+00 -1.703146472573280334e-02 0.000000000000000000e+00 5.000000000000000000e+01 0.000000000000000000e+00
4.240135848522186279e-01 3.203698694705963135e-01 -2.409557998180389404e-01 -2.444348931312561035e-01 -4.114478302001953125e+01 0.000000000000000000e+00 -1.703146472573280334e-02 0.000000000000000000e+00 5.000000000000000000e+01 0.000000000000000000e+00
4.240135848522186279e-01 3.203698694705963135e-01 -2.409557998180389404e-01 -2.444348931312561035e-01 -4.114478302001953125e+01 0.000000000000000000e+00 -1.703146472573280334e-02 0.000000000000000000e+00 5.000000000000000000e+01 0.000000000000000000e+00
4.240135848522186279e-01 3.203698694705963135e-01 -2.409557998180389404e-01 -2.444348931312561035e-01 -4.114478302001953125e+01 0.000000000000000000e+00 -1.703146472573280334e-02 0.000000000000000000e+00 5.000000000000000000e+01 0.000000000000000000e+00
4.240135848522186279e-01 3.203698694705963135e-01 -2.409557998180389404e-01 -2.444348931312561035e-01 -4.114478302001953125e+01 0.000000000000000000e+00 -1.703146472573280334e-02 0.000000000000000000e+00 5.000000000000000000e+01 0.000000000000000000e+00
4.240135848522186279e-01 3.203698694705963135e-01 -2.409557998180389404e-01 -2.444348931312561035e-01 -4.114478302001953125e+01 0.000000000000000000e+00 -1.703146472573280334e-02 0.000000000000000000e+00 5.000000000000000000e+01 0.000000000000000000e+00
4.240135848522186279e-01 3.203698694705963135e-01 -2.409557998180389404e-01 -2.444348931312561035e-01 -4.114478302001953125e+01 0.000000000000000000e+00 -1.703146472573280334e-02 0.000000000000000000e+00 5.000000000000000000e+01 0.000000000000000000e+00
4.240135848522186279e-01 3.203698694705963135e-01 -2.409557998180389404e-01 -2.444348931312561035e-01 -4.114478302001953125e+01 0.000000000000000000e+00 -1.703146472573280334e-02 0.000000000000000000e+00 5.000000000000000000e+01 0.000000000000000000e+00
4.240135848522186279e-01 3.203698694705963135e-01 -2.409557998180389404e-01 -2.444348931312561035e-01 -4.114478302001953125e+01 0.000000000000000000e+00 -1.703146472573280334e-02 0.000000000000000000e+00 5.000000000000000000e+01 0.000000000000000000e+00
4.240135848522186279e-01 3.203698694705963135e-01 -2.409557998180389404e-01 -2.444348931312561035e-01 -4.114478302001953125e+01 0.000000000000000000e+00 -1.703146472573280334e-02 0.000000000000000000e+00 5.000000000000000000e+01 0.000000000000000000e+00
4.240135848522186279e-01 3.203698694705963135e-01 -2.409557998180389404e-01 -2.444348931312561035e-01 -4.114478302001953125e+01 0.000000000000000000e+00 -1.703146472573280334e-02 0.000000000000000000e+00 5.000000000000000000e+01 0.000000000000000000e+00
4.240135848522186279e-01 3.203698694705963135e-01 -2.409557998180389404e-01 -2.444348931312561035e-01 -4.114478302001953125e+01 0.000000000000000000e+00 -1.703146472573280334e-02 0.000000000000000000e+00 5.000000000000000000e+01 0.000000000000000000e+00
4.240135848522186279e-01 3.203698694705963135e-01 -2.409557998180389404e-01 -2.444348931312561035e-01 -4.114478302001953125e+01 0.000000000000000000e+00 -1.703146472573280334e-02 0.000000000000000000e+00 5.000000000000000000e+01 0.000000000000000000e+00
4.240135848522186279e-01 3.203698694705963135e-01 -2.409557998180389404e-01 -2.444348931312561035e-01 -4.114478302001953125e+01 0.000000000000000000e+00 -1.703146472573280334e-02 0.000000000000000000e+00 5.000000000000000000e+01 0.000000000000000000e+00
4.240135848522186279e-01 3.203698694705963135e-01 -2.409557998180389404e-01 -2.444348931312561035e-01 -4.114478302001953125e+01 0.000000000000000000e+00 -1.703146472573280334e-02 0.000000000000000000e+00 5.000000000000000000e+01 0.000000000000000000e+00
4.240135848522186279e-01 3.203698694705963135e-01 -2.409557998180389404e-01 -2.444348931312561035e-01 -4.114478302001953125e+01 0.000000000000000000e+00 -1.703146472573280334e-02 0.000000000000000000e+00 5.000000000000000000e+01 0.000000000000000000e+00
4.240135848522186279e-01 3.203698694705963135e-01 -2.409557998180389404e-01 -2.444348931312561035e-01 -4.114478302001953125e+01 0.000000000000000000e+00 -1.703146472573280334e-02 0.000000000000000000e+00 5.000000000000000000e+01 0.000000000000000000e+00
4.240135848522186279e-01 3.203698694705963135e-01 -2.409557998180389404e-01 -2.444348931312561035e-01 -4.114478302001953125e+01 0.000000000000000000e+00 -1.703146472573280334e-02 0.000000000000000000e+00 5.000000000000000000e+01 0.000000000000000000e+00
4.240135848522186279e-01 3.203698694705963135e-01 -2.409557998180389404e-01 -2.444348931312561035e-01 -4.114478302001953125e+01 0.000000000000000000e+00 -1.703146472573280334e-02 0.000000000000000000e+00 5.000000000000000000e+01 0.000000000000000000e+00
4.240135848522186279e-01 3.203698694705963135e-01 -2.409557998180389404e-01 -2.444348931312561035e-01 -4.114478302001953125e+01 0.000000000000000000e+00 -1.703146472573280334e-02 0.000000000000000000e+00 5.000000000000000000e+01 0.000000000000000000e+00
4.240135848522186279e-01 3.203698694705963135e-01 -2.409557998180389404e-01 -2.444348931312561035e-01 -4.114478302001953125e+01 0.000000000000000000e+00 -1.703146472573280334e-02 0.000000000000000000e+00 5.000000000000000000e+01 0.000000000000000000e+00
4.240135848522186279e-01 3.203698694705963135e-01 -2.409557998180389404e-01 -2.444348931312561035e-01 -4.114478302001953125e+01 0.000000000000000000e+00 -1.703146472573280334e-02 0.000000000000000000e+00 5.000000000000000000e+01 0.000000000000000000e+00
4.240135848522186279e-01 3.203698694705963135e-01 -2.409557998180389404e-01 -2.444348931312561035e-01 -4.114478302001953125e+01 0.000000000000000000e+00 -1.703146472573280334e-02 0.000000000000000000e+00 5.000000000000000000e+01 0.000000000000000000e+00
4.240135848522186279e-01 3.203698694705963135e-01 -2.409557998180389404e-01 -2.444348931312561035e-01 -4.114478302001953125e+01 0.000000000000000000e+00 -1.703146472573280334e-02 0.000000000000000000e+00 5.000000000000000000e+01 0.000000000000000000e+00
4.240135848522186279e-01 3.203698694705963135e-01 -2.409557998180389404e-01 -2.444348931312561035e-01 -4.114478302001953125e+01 0.000000000000000000e+00 -1.703146472573280334e-02 0.000000000000000000e+00 5.000000000000000000e+01 0.000000000000000000e+00
4.240135848522186279e-01 3.203698694705963135e-01 -2.409557998180389404e-01 -2.444348931312561035e-01 -4.114478302001953125e+01 0.000000000000000000e+00 -1.703146472573280334e-02 0.000000000000000000e+00 5.000000000000000000e+01 0.000000000000000000e+00
4.240135848522186279e-01 3.203698694705963135e-01 -2.409557998180389404e-01 -2.444348931312561035e-01 -4.114478302001953125e+01 0.000000000000000000e+00 -1.703146472573280334e-02 0.000000000000000000e+00 5.000000000000000000e+01 0.000000000000000000e+00
4.240135848522186279e-01 3.203698694705963135e-01 -2.409557998180389404e-01 -2.444348931312561035e-01 -4.114478302001953125e+01 0.000000000000000000e+00 -1.703146472573280334e-02 0.000000000000000000e+00 5.000000000000000000e+01 0.000000000000000000e+00
4.240135848522186279e-01 3.203698694705963135e-01 -2.409557998180389404e-01 -2.444348931312561035e-01 -4.114478302001953125e+01 0.000000000000000000e+00 -1.703146472573280334e-02 0.000000000000000000e+00 5.000000000000000000e+01 0.000000000000000000e+00
4.240135848522186279e-01 3.203698694705963135e-01 -2.409557998180389404e-01 -2.444348931312561035e-01 -4.114478302001953125e+01 0.000000000000000000e+00 -1.703146472573280334e-02 0.000000000000000000e+00 5.000000000000000000e+01 0.000000000000000000e+00
4.240135848522186279e-01 3.203698694705963135e-01 -2.409557998180389404e-01 -2.444348931312561035e-01 -4.114478302001953125e+01 0.000000000000000000e+00 -1.703146472573280334e-02 0.000000000000000000e+00 5.000000000000000000e+01 0.000000000000000000e+00
4.240135848522186279e-01 3.203698694705963135e-01 -2.409557998180389404e-01 -2.444348931312561035e-01 -4.114478302001953125e+01 0.000000000000000000e+00 -1.703146472573280334e-02 0.000000000000000000e+00 5.000000000000000000e+01 0.000000000000000000e+00
4.240135848522186279e-01 3.203698694705963135e-01 -2.409557998180389404e-01 -2.444348931312561035e-01 -4.114478302001953125e+01 0.000000000000000000e+00 -1.703146472573280334e-02 0.000000000000000000e+00 5.000000000000000000e+01 0.000000000000000000e+00
4.240135848522186279e-01 3.203698694705963135e-01 -2.409557998180389404e-01 -2.444348931312561035e-01 -4.114478302001953125e+01 0.000000000000000000e+00 -1.703146472573280334e-02 0.000000000000000000e+00 5.000000000000000000e+01 0.000000000000000000e+00
4.240135848522186279e-01 3.203698694705963135e-01 -2.409557998180389404e-01 -2.444348931312561035e-01 -4.114478302001953125e+01 0.000000000000000000e+00 -1.703146472573280334e-02 0.000000000000000000e+00 5.000000000000000000e+01 0.000000000000000000e+00
4.240135848522186279e-01 3.203698694705963135e-01 -2.409557998180389404e-01 -2.444348931312561035e-01 -4.114478302001953125e+01 0.000000000000000000e+00 -1.703146472573280334e-02 0.000000000000000000e+00 5.000000000000000000e+01 0.000000000000000000e+00
4.240135848522186279e-01 3.203698694705963135e-01 -2.409557998180389404e-01 -2.444348931312561035e-01 -4.114478302001953125e+01 0.000000000000000000e+00 -1.703146472573280334e-02 0.000000000000000000e+00 5.000000000000000000e+01 0.000000000000000000e+00
4.240135848522186279e-01 3.203698694705963135e-01 -2.409557998180389404e-01 -2.444348931312561035e-01 -4.114478302001953125e+01 0.000000000000000000e+00 -1.703146472573280334e-02 0.000000000000000000e+00 5.000000000000000000e+01 0.000000000000000000e+00
4.240135848522186279e-01 3.203698694705963135e-01 -2.409557998180389404e-01 -2.444348931312561035e-01 -4.114478302001953125e+01 0.000000000000000000e+00 -1.703146472573280334e-02 0.000000000000000000e+00 5.000000000000000000e+01 0.000000000000000000e+00
4.240135848522186279e-01 3.203698694705963135e-01 -2.409557998180389404e-01 -2.444348931312561035e-01 -4.114478302001953125e+01 0.000000000000000000e+00 -1.703146472573280334e-02 0.000000000000000000e+00 5.000000000000000000e+01 0.000000000000000000e+00
4.240135848522186279e-01 3.203698694705963135e-01 -2.409557998180389404e-01 -2.444348931312561035e-01 -4.114478302001953125e+01 0.000000000000000000e+00 -1.703146472573280334e-02 0.000000000000000000e+00 5.000000000000000000e+01 0.000000000000000000e+00
4.240135848522186279e-01 3.203698694705963135e-01 -2.409557998180389404e-01 -2.444348931312561035e-01 -4.114478302001953125e+01 0.000000000000000000e+00 -1.703146472573280334e-02 0.000000000000000000e+00 5.000000000000000000e+01 0.000000000000000000e+00
4.240135848522186279e-01 3.203698694705963135e-01 -2.409557998180389404e-01 -2.444348931312561035e-01 -4.114478302001953125e+01 0.000000000000000000e+00 -1.703146472573280334e-02 0.000000000000000000e+00 5.000000000000000000e+01 0.000000000000000000e+00
4.240135848522186279e-01 3.203698694705963135e-01 -2.409557998180389404e-01 -2.444348931312561035e-01 -4.114478302001953125e+01 0.000000000000000000e+00 -1.703146472573280334e-02 0.000000000000000000e+00 5.000000000000000000e+01 0.000000000000000000e+00
4.240135848522186279e-01 3.203698694705963135e-01 -2.409557998180389404e-01 -2.444348931312561035e-01 -4.114478302001953125e+01 0.000000000000000000e+00 -1.703146472573280334e-02 0.000000000000000000e+00 5.000000000000000000e+01 0.000000000000000000e+00
4.240135848522186279e-01 3.203698694705963135e-01 -2.409557998180389404e-01 -2.444348931312561035e-01 -4.114478302001953125e+01 0.000000000000000000e+00 -1.703146472573280334e-02 0.000000000000000000e+00 5.000000000000000000e+01 0.000000000000000000e+00
4.240135848522186279e-01 3.203698694705963135e-01 -2.409557998180389404e-01 -2.444348931312561035e-01 -4.114478302001953125e+01 0.000000000000000000e+00 -1.703146472573280334e-02 0.000000000000000000e+00 5.000000000000000000e+01 0.000000000000000000e+00
4.240135848522186279e-01 3.203698694705963135e-01 -2.409557998180389404e-01 -2.444348931312561035e-01 -4.114478302001953125e+01 0.000000000000000000e+00 -1.703146472573280334e-02 0.000000000000000000e+00 5.000000000000000000e+01 0.000000000000000000e+00
4.240135848522186279e-01 3.203698694705963135e-01 -2.409557998180389404e-01 -2.444348931312561035e-01 -4.114478302001953125e+01 0.000000000000000000e+00 -1.703146472573280334e-02 0.000000000000000000e+00 5.000000000000000000e+01 0.000000000000000000e+00
4.240135848522186279e-01 3.203698694705963135e-01 -2.409557998180389404e-01 -2.444348931312561035e-01 -4.114478302001953125e+01 0.000000000000000000e+00 -1.703146472573280334e-02 0.000000000000000000e+00 5.000000000000000000e+01 0.000000000000000000e+00
