4.874991476535797119e-01 9.206012487411499023e-01 9.018447399139404297e-01 8.884161114692687988e-01 -5.598979568481445312e+01 -4.356152343750000000e+01 -2.317640557885169983e-02 -5.225991457700729370e-02 2.790000000000000000e+02 2.420000000000000000e+02
4.874991476535797119e-01 9.205615520477294922e-01 9.017577171325683594e-01 8.883346915245056152e-01 -3.473390197753906250e+01 -2.230562782287597656e+01 -1.437774579972028732e-02 -2.675963006913661957e-02 2.060000000000000000e+02 1.690000000000000000e+02
4.874991476535797119e-01 9.205543994903564453e-01 9.017413258552551270e-01 8.883200287818908691e-01 -3.444680786132812500e+01 -2.201853561401367188e+01 -1.425890531390905380e-02 -2.641521021723747253e-02 1.980000000000000000e+02 1.610000000000000000e+02
4.874991476535797119e-01 9.204891920089721680e-01 9.016053080558776855e-01 8.881862759590148926e-01 -3.209951019287109375e+01 -1.967123794555664062e+01 -1.328726578503847122e-02 -2.359920367598533630e-02 1.900000000000000000e+02 1.530000000000000000e+02
4.874991476535797119e-01 9.203480482101440430e-01 9.012951254844665527e-01 8.878967165946960449e-01 -3.007820510864257812e+01 -1.764993286132812500e+01 -1.245056744664907455e-02 -2.117428183555603027e-02 1.850000000000000000e+02 1.480000000000000000e+02
4.874991476535797119e-01 9.203377366065979004e-01 9.012715220451354980e-01 8.878755569458007812e-01 -2.995862388610839844e+01 -1.753035163879394531e+01 -1.240106765180826187e-02 -2.103082276880741119e-02 1.830000000000000000e+02 1.460000000000000000e+02
4.874991476535797119e-01 9.203280210494995117e-01 9.012490510940551758e-01 8.878556489944458008e-01 -2.986719322204589844e+01 -1.743892288208007812e+01 -1.236322056502103806e-02 -2.092113718390464783e-02 1.810000000000000000e+02 1.440000000000000000e+02
4.874991476535797119e-01 9.203165173530578613e-01 9.012234210968017578e-01 8.878320455551147461e-01 -2.975430297851562500e+01 -1.732603073120117188e+01 -1.231649145483970642e-02 -2.078570425510406494e-02 1.770000000000000000e+02 1.400000000000000000e+02
4.874991476535797119e-01 9.202617406845092773e-01 9.010989665985107422e-01 8.877196907997131348e-01 -2.938128662109375000e+01 -1.695301437377929688e+01 -1.216208469122648239e-02 -2.033820375800132751e-02 1.750000000000000000e+02 1.380000000000000000e+02
4.874991476535797119e-01 9.202593564987182617e-01 9.010941982269287109e-01 8.877148032188415527e-01 -2.936565399169921875e+01 -1.693738174438476562e+01 -1.215561386197805405e-02 -2.031944878399372101e-02 1.750000000000000000e+02 1.380000000000000000e+02
4.874991476535797119e-01 9.200593233108520508e-01 9.007239937782287598e-01 8.873044848442077637e-01 -2.830825614929199219e+01 -1.587998199462890625e+01 -1.171791460365056992e-02 -1.905090734362602234e-02 1.720000000000000000e+02 1.350000000000000000e+02
4.874991476535797119e-01 9.192822575569152832e-01 8.989022374153137207e-01 8.857104778289794922e-01 -2.563839912414550781e+01 -1.321012687683105469e+01 -1.061275415122509003e-02 -1.584793254733085632e-02 1.580000000000000000e+02 1.210000000000000000e+02
4.874991476535797119e-01 9.184156656265258789e-01 8.968875408172607422e-01 8.839328885078430176e-01 -2.402866363525390625e+01 -1.160039043426513672e+01 -9.946420788764953613e-03 -1.391676347702741623e-02 1.520000000000000000e+02 1.150000000000000000e+02
4.874991476535797119e-01 9.170238971710205078e-01 8.935872316360473633e-01 8.810779452323913574e-01 -2.199705505371093750e+01 -9.568781852722167969e+00 -9.105456992983818054e-03 -1.147948205471038818e-02 1.460000000000000000e+02 1.090000000000000000e+02
4.874991476535797119e-01 9.165925979614257812e-01 8.925225138664245605e-01 8.801932334899902344e-01 -2.155699920654296875e+01 -9.128726959228515625e+00 -8.923300541937351227e-03 -1.095155719667673111e-02 1.400000000000000000e+02 1.030000000000000000e+02
4.874991476535797119e-01 9.165340065956115723e-01 8.924029469490051270e-01 8.800730705261230469e-01 -2.149741172790527344e+01 -9.069138526916503906e+00 -8.898634463548660278e-03 -1.088006980717182159e-02 1.370000000000000000e+02 1.000000000000000000e+02
4.874991476535797119e-01 9.165340065956115723e-01 8.924029469490051270e-01 8.800730705261230469e-01 -2.149741172790527344e+01 -9.069138526916503906e+00 -8.898634463548660278e-03 -1.088006980717182159e-02 1.370000000000000000e+02 1.000000000000000000e+02
4.874991476535797119e-01 9.147688150405883789e-01 8.890398740768432617e-01 8.764521479606628418e-01 -2.035117340087890625e+01 -7.922902107238769531e+00 -8.424161002039909363e-03 -9.504952467978000641e-03 1.340000000000000000e+02 9.700000000000000000e+01
4.874991476535797119e-01 9.138456583023071289e-01 8.868030905723571777e-01 8.745584487915039062e-01 -1.982524108886718750e+01 -7.396970272064208984e+00 -8.206456899642944336e-03 -8.874001912772655487e-03 1.310000000000000000e+02 9.400000000000000000e+01
4.874991476535797119e-01 9.135807752609252930e-01 8.863265514373779297e-01 8.740151524543762207e-01 -1.967911911010742188e+01 -7.250847816467285156e+00 -8.145971223711967468e-03 -8.698701858520507812e-03 1.290000000000000000e+02 9.200000000000000000e+01
4.874991476535797119e-01 9.059173464775085449e-01 8.694447278976440430e-01 8.582952618598937988e-01 -1.721138381958007812e+01 -4.783111572265625000e+00 -7.124477066099643707e-03 -5.738206207752227783e-03 1.220000000000000000e+02 8.500000000000000000e+01
4.874991476535797119e-01 9.041444063186645508e-01 8.659219145774841309e-01 8.546584248542785645e-01 -1.688047790527343750e+01 -4.452206134796142578e+00 -6.987502332776784897e-03 -5.341225303709506989e-03 1.120000000000000000e+02 7.500000000000000000e+01
4.874991476535797119e-01 9.041172862052917480e-01 8.658735752105712891e-01 8.546028137207031250e-01 -1.687664794921875000e+01 -4.448376655578613281e+00 -6.985916756093502045e-03 -5.336631089448928833e-03 1.110000000000000000e+02 7.400000000000000000e+01
4.874991476535797119e-01 8.928141593933105469e-01 8.429964780807495117e-01 8.314168453216552734e-01 -1.559332275390625000e+01 -3.165050029754638672e+00 -6.454697344452142715e-03 -3.797049168497323990e-03 1.050000000000000000e+02 6.800000000000000000e+01
4.874991476535797119e-01 8.898300528526306152e-01 8.365975022315979004e-01 8.252956271171569824e-01 -1.533266258239746094e+01 -2.904389619827270508e+00 -6.346799898892641068e-03 -3.484339918941259384e-03 1.010000000000000000e+02 6.400000000000000000e+01
4.874991476535797119e-01 8.761348724365234375e-01 8.106171488761901855e-01 7.972028851509094238e-01 -1.424045467376708984e+01 -1.812182426452636719e+00 -5.894691217690706253e-03 -2.174040069803595543e-03 9.700000000000000000e+01 6.000000000000000000e+01
4.874991476535797119e-01 8.736793398857116699e-01 8.050723075866699219e-01 7.921658754348754883e-01 -1.408542442321777344e+01 -1.657151699066162109e+00 -5.830517970025539398e-03 -1.988052856177091599e-03 9.500000000000000000e+01 5.800000000000000000e+01
4.874991476535797119e-01 8.729417920112609863e-01 8.034223914146423340e-01 7.906529903411865234e-01 -1.404323768615722656e+01 -1.614964962005615234e+00 -5.813055206090211868e-03 -1.937442226335406303e-03 9.000000000000000000e+01 5.300000000000000000e+01
4.874991476535797119e-01 8.725012540817260742e-01 8.024162054061889648e-01 7.897492647171020508e-01 -1.402054119110107422e+01 -1.592268943786621094e+00 -5.803660489618778229e-03 -1.910214195959270000e-03 8.700000000000000000e+01 5.000000000000000000e+01
4.874991476535797119e-01 8.450431823730468750e-01 7.426732182502746582e-01 7.334249615669250488e-01 -1.291895771026611328e+01 -4.906845092773437500e-01 -5.347670987248420715e-03 -5.886647268198430538e-04 7.300000000000000000e+01 3.600000000000000000e+01
4.874991476535797119e-01 8.405027389526367188e-01 7.327550053596496582e-01 7.241111993789672852e-01 -1.282526016235351562e+01 -3.969878554344177246e-01 -5.308886058628559113e-03 -4.762586322613060474e-04 6.900000000000000000e+01 3.200000000000000000e+01
4.874991476535797119e-01 8.284780979156494141e-01 7.076402306556701660e-01 6.994452476501464844e-01 -1.265755653381347656e+01 -2.292840480804443359e-01 -5.239466670900583267e-03 -2.750676358118653297e-04 6.600000000000000000e+01 2.900000000000000000e+01
4.874991476535797119e-01 8.284780979156494141e-01 7.076402306556701660e-01 6.994452476501464844e-01 -1.265755653381347656e+01 -2.292840480804443359e-01 -5.239466670900583267e-03 -2.750676358118653297e-04 6.600000000000000000e+01 2.900000000000000000e+01
4.874991476535797119e-01 8.211932182312011719e-01 6.900570392608642578e-01 6.845018267631530762e-01 -1.259191989898681641e+01 -1.636477112770080566e-01 -5.212297197431325912e-03 -1.963249960681423545e-04 6.200000000000000000e+01 2.500000000000000000e+01
4.874991476535797119e-01 8.205643892288208008e-01 6.888018846511840820e-01 6.832119226455688477e-01 -1.258680438995361328e+01 -1.585320234298706055e-01 -5.210179835557937622e-03 -1.901877985801547766e-04 6.100000000000000000e+01 2.400000000000000000e+01
4.874991476535797119e-01 8.196765184402465820e-01 6.866384744644165039e-01 6.813906431198120117e-01 -1.258100128173828125e+01 -1.527285575866699219e-01 -5.207777488976716995e-03 -1.832254929468035698e-04 6.000000000000000000e+01 2.300000000000000000e+01
4.874991476535797119e-01 8.158649802207946777e-01 6.776307821273803711e-01 6.735721230506896973e-01 -1.255863761901855469e+01 -1.303650140762329102e-01 -5.198520142585039139e-03 -1.563963887747377157e-04 5.900000000000000000e+01 2.200000000000000000e+01
4.874991476535797119e-01 8.127439618110656738e-01 6.704910397529602051e-01 6.671699881553649902e-01 -1.254197216033935547e+01 -1.136999726295471191e-01 -5.191621836274862289e-03 -1.364036579616367817e-04 5.700000000000000000e+01 2.000000000000000000e+01
4.874991476535797119e-01 7.942897081375122070e-01 6.313262581825256348e-01 6.293150782585144043e-01 -1.247270393371582031e+01 -4.443192481994628906e-02 -5.162948742508888245e-03 -5.330412022885866463e-05 5.000000000000000000e+01 1.300000000000000000e+01
4.874991476535797119e-01 7.783964872360229492e-01 5.944312810897827148e-01 5.967135429382324219e-01 -1.243973350524902344e+01 -1.146090030670166016e-02 -5.149301141500473022e-03 -1.374941984977340326e-05 4.500000000000000000e+01 8.000000000000000000e+00
4.874991476535797119e-01 7.783964872360229492e-01 5.944312810897827148e-01 5.967135429382324219e-01 -1.243973350524902344e+01 -1.146090030670166016e-02 -5.149301141500473022e-03 -1.374941984977340326e-05 4.500000000000000000e+01 8.000000000000000000e+00
4.874991476535797119e-01 7.775347232818603516e-01 5.924463868141174316e-01 5.949457883834838867e-01 -1.243885421752929688e+01 -1.058202981948852539e-02 -5.148936994373798370e-03 -1.269505628442857414e-05 4.400000000000000000e+01 7.000000000000000000e+00
4.874991476535797119e-01 7.775347232818603516e-01 5.924463868141174316e-01 5.949457883834838867e-01 -1.243885421752929688e+01 -1.058202981948852539e-02 -5.148936994373798370e-03 -1.269505628442857414e-05 4.400000000000000000e+01 7.000000000000000000e+00
4.874991476535797119e-01 7.723100185394287109e-01 5.808889865875244141e-01 5.842284560203552246e-01 -1.243489456176757812e+01 -6.622254848480224609e-03 -5.147298332303762436e-03 -7.944590834085829556e-06 4.300000000000000000e+01 6.000000000000000000e+00
4.874991476535797119e-01 7.723100185394287109e-01 5.808889865875244141e-01 5.842284560203552246e-01 -1.243489456176757812e+01 -6.622254848480224609e-03 -5.147298332303762436e-03 -7.944590834085829556e-06 4.300000000000000000e+01 6.000000000000000000e+00
4.874991476535797119e-01 7.723100185394287109e-01 5.808889865875244141e-01 5.842284560203552246e-01 -1.243489456176757812e+01 -6.622254848480224609e-03 -5.147298332303762436e-03 -7.944590834085829556e-06 4.300000000000000000e+01 6.000000000000000000e+00
4.874991476535797119e-01 7.723100185394287109e-01 5.808889865875244141e-01 5.842284560203552246e-01 -1.243489456176757812e+01 -6.622254848480224609e-03 -5.147298332303762436e-03 -7.944590834085829556e-06 4.300000000000000000e+01 6.000000000000000000e+00
4.874991476535797119e-01 7.611030340194702148e-01 5.594567060470581055e-01 5.612397193908691406e-01 -1.242963790893554688e+01 -1.365661621093750000e-03 -5.145122297108173370e-03 -1.638357844058191404e-06 4.100000000000000000e+01 4.000000000000000000e+00
4.874991476535797119e-01 7.556902170181274414e-01 5.475057959556579590e-01 5.501365065574645996e-01 -1.242844963073730469e+01 -1.762509346008300781e-04 -5.144630093127489090e-03 -2.114448278689451399e-07 3.900000000000000000e+01 2.000000000000000000e+00
4.874991476535797119e-01 7.556902170181274414e-01 5.475057959556579590e-01 5.501365065574645996e-01 -1.242844963073730469e+01 -1.762509346008300781e-04 -5.144630093127489090e-03 -2.114448278689451399e-07 3.900000000000000000e+01 2.000000000000000000e+00
4.874991476535797119e-01 7.556902170181274414e-01 5.475057959556579590e-01 5.501365065574645996e-01 -1.242844963073730469e+01 -1.762509346008300781e-04 -5.144630093127489090e-03 -2.114448278689451399e-07 3.900000000000000000e+01 2.000000000000000000e+00
4.874991476535797119e-01 7.556902170181274414e-01 5.475057959556579590e-01 5.501365065574645996e-01 -1.242844963073730469e+01 -1.762509346008300781e-04 -5.144630093127489090e-03 -2.114448278689451399e-07 3.900000000000000000e+01 2.000000000000000000e+00
4.874991476535797119e-01 7.556902170181274414e-01 5.475057959556579590e-01 5.501365065574645996e-01 -1.242844963073730469e+01 -1.762509346008300781e-04 -5.144630093127489090e-03 -2.114448278689451399e-07 3.900000000000000000e+01 2.000000000000000000e+00
4.874991476535797119e-01 7.556902170181274414e-01 5.475057959556579590e-01 5.501365065574645996e-01 -1.242844963073730469e+01 -1.762509346008300781e-04 -5.144630093127489090e-03 -2.114448278689451399e-07 3.900000000000000000e+01 2.000000000000000000e+00
4.874991476535797119e-01 7.525904178619384766e-01 5.412368178367614746e-01 5.437779426574707031e-01 -1.242827224731445312e+01 0.000000000000000000e+00 -5.144556984305381775e-03 0.000000000000000000e+00 3.700000000000000000e+01 0.000000000000000000e+00
4.874991476535797119e-01 7.525904178619384766e-01 5.412368178367614746e-01 5.437779426574707031e-01 -1.242827224731445312e+01 0.000000000000000000e+00 -5.144556984305381775e-03 0.000000000000000000e+00 3.700000000000000000e+01 0.000000000000000000e+00
4.874991476535797119e-01 7.525904178619384766e-01 5.412368178367614746e-01 5.437779426574707031e-01 -1.242827224731445312e+01 0.000000000000000000e+00 -5.144556984305381775e-03 0.000000000000000000e+00 3.700000000000000000e+01 0.000000000000000000e+00
4.874991476535797119e-01 7.525904178619384766e-01 5.412368178367614746e-01 5.437779426574707031e-01 -1.242827224731445312e+01 0.000000000000000000e+00 -5.144556984305381775e-03 0.000000000000000000e+00 3.700000000000000000e+01 0.000000000000000000e+00
4.874991476535797119e-01 7.525904178619384766e-01 5.412368178367614746e-01 5.437779426574707031e-01 -1.242827224731445312e+01 0.000000000000000000e+00 -5.144556984305381775e-03 0.000000000000000000e+00 3.700000000000000000e+01 0.000000000000000000e+00
4.874991476535797119e-01 7.525904178619384766e-01 5.412368178367614746e-01 5.437779426574707031e-01 -1.242827224731445312e+01 0.000000000000000000e+00 -5.144556984305381775e-03 0.000000000000000000e+00 3.700000000000000000e+01 0.000000000000000000e+00
4.874991476535797119e-01 7.525904178619384766e-01 5.412368178367614746e-01 5.437779426574707031e-01 -1.242827224731445312e+01 0.000000000000000000e+00 -5.144556984305381775e-03 0.000000000000000000e+00 3.700000000000000000e+01 0.000000000000000000e+00
4.874991476535797119e-01 7.525904178619384766e-01 5.412368178367614746e-01 5.437779426574707031e-01 -1.242827224731445312e+01 0.000000000000000000e+00 -5.144556984305381775e-03 0.000000000000000000e+00 3.700000000000000000e+01 0.000000000000000000e+00
4.874991476535797119e-01 7.525904178619384766e-01 5.412368178367614746e-01 5.437779426574707031e-01 -1.242827224731445312e+01 0.000000000000000000e+00 -5.144556984305381775e-03 0.000000000000000000e+00 3.700000000000000000e+01 0.000000000000000000e+00
4.874991476535797119e-01 7.525904178619384766e-01 5.412368178367614746e-01 5.437779426574707031e-01 -1.242827224731445312e+01 0.000000000000000000e+00 -5.144556984305381775e-03 0.000000000000000000e+00 3.700000000000000000e+01 0.000000000000000000e+00
4.874991476535797119e-01 7.525904178619384766e-01 5.412368178367614746e-01 5.437779426574707031e-01 -1.242827224731445312e+01 0.000000000000000000e+00 -5.144556984305381775e-03 0.000000000000000000e+00 3.700000000000000000e+01 0.000000000000000000e+00
4.874991476535797119e-01 7.525904178619384766e-01 5.412368178367614746e-01 5.437779426574707031e-01 -1.242827224731445312e+01 0.000000000000000000e+00 -5.144556984305381775e-03 0.000000000000000000e+00 3.700000000000000000e+01 0.000000000000000000e+00
4.874991476535797119e-01 7.525904178619384766e-01 5.412368178367614746e-01 5.437779426574707031e-01 -1.242827224731445312e+01 0.000000000000000000e+00 -5.144556984305381775e-03 0.000000000000000000e+00 3.700000000000000000e+01 0.000000000000000000e+00
4.874991476535797119e-01 7.525904178619384766e-01 5.412368178367614746e-01 5.437779426574707031e-01 -1.242827224731445312e+01 0.000000000000000000e+00 -5.144556984305381775e-03 0.000000000000000000e+00 3.700000000000000000e+01 0.000000000000000000e+00
4.874991476535797119e-01 7.525904178619384766e-01 5.412368178367614746e-01 5.437779426574707031e-01 -1.242827224731445312e+01 0.000000000000000000e+00 -5.144556984305381775e-03 0.000000000000000000e+00 3.700000000000000000e+01 0.000000000000000000e+00
4.874991476535797119e-01 7.525904178619384766e-01 5.412368178367614746e-01 5.437779426574707031e-01 -1.242827224731445312e+01 0.000000000000000000e+00 -5.144556984305381775e-03 0.000000000000000000e+00 3.700000000000000000e+01 0.000000000000000000e+00
4.874991476535797119e-01 7.525904178619384766e-01 5.412368178367614746e-01 5.437779426574707031e-01 -1.242827224731445312e+01 0.000000000000000000e+00 -5.144556984305381775e-03 0.000000000000000000e+00 3.700000000000000000e+01 0.000000000000000000e+00
4.874991476535797119e-01 7.525904178619384766e-01 5.412368178367614746e-01 5.437779426574707031e-01 -1.242827224731445312e+01 0.000000000000000000e+00 -5.144556984305381775e-03 0.000000000000000000e+00 3.700000000000000000e+01 0.000000000000000000e+00
4.874991476535797119e-01 7.525904178619384766e-01 5.412368178367614746e-01 5.437779426574707031e-01 -1.242827224731445312e+01 0.000000000000000000e+00 -5.144556984305381775e-03 0.000000000000000000e+00 3.700000000000000000e+01 0.000000000000000000e+00
4.874991476535797119e-01 7.525904178619384766e-01 5.412368178367614746e-01 5.437779426574707031e-01 -1.242827224731445312e+01 0.000000000000000000e+00 -5.144556984305381775e-03 0.000000000000000000e+00 3.700000000000000000e+01 0.000000000000000000e+00
4.874991476535797119e-01 7.525904178619384766e-01 5.412368178367614746e-01 5.437779426574707031e-01 -1.242827224731445312e+01 0.000000000000000000e+00 -5.144556984305381775e-03 0.000000000000000000e+00 3.700000000000000000e+01 0.000000000000000000e+00
4.874991476535797119e-01 7.525904178619384766e-01 5.412368178367614746e-01 5.437779426574707031e-01 -1.242827224731445312e+01 0.000000000000000000e+00 -5.144556984305381775e-03 0.000000000000000000e+00 3.700000000000000000e+01 0.000000000000000000e+00
4.874991476535797119e-01 7.525904178619384766e-01 5.412368178367614746e-01 5.437779426574707031e-01 -1.242827224731445312e+01 0.000000000000000000e+00 -5.144556984305381775e-03 0.000000000000000000e+00 3.700000000000000000e+01 0.000000000000000000e+00
4.874991476535797119e-01 7.525904178619384766e-01 5.412368178367614746e-01 5.437779426574707031e-01 -1.242827224731445312e+01 0.000000000000000000e+00 -5.144556984305381775e-03 0.000000000000000000e+00 3.700000000000000000e+01 0.000000000000000000e+00
4.874991476535797119e-01 7.525904178619384766e-01 5.412368178367614746e-01 5.437779426574707031e-01 -1.242827224731445312e+01 0.000000000000000000e+00 -5.144556984305381775e-03 0.000000000000000000e+00 3.700000000000000000e+01 0.000000000000000000e+00
4.874991476535797119e-01 7.525904178619384766e-01 5.412368178367614746e-01 5.437779426574707031e-01 -1.242827224731445312e+01 0.000000000000000000e+00 -5.144556984305381775e-03 0.000000000000000000e+00 3.700000000000000000e+01 0.000000000000000000e+00
4.874991476535797119e-01 7.525904178619384766e-01 5.412368178367614746e-01 5.437779426574707031e-01 -1.242827224731445312e+01 0.000000000000000000e+00 -5.144556984305381775e-03 0.000000000000000000e+00 3.700000000000000000e+01 0.000000000000000000e+00
4.874991476535797119e-01 7.525904178619384766e-01 5.412368178367614746e-01 5.437779426574707031e-01 -1.242827224731445312e+01 0.000000000000000000e+00 -5.144556984305381775e-03 0.000000000000000000e+00 3.700000000000000000e+01 0.000000000000000000e+00
4.874991476535797119e-01 7.525904178619384766e-01 5.412368178367614746e-01 5.437779426574707031e-01 -1.242827224731445312e+01 0.000000000000000000e+00 -5.144556984305381775e-03 0.000000000000000000e+00 3.700000000000000000e+01 0.000000000000000000e+00
4.874991476535797119e-01 7.525904178619384766e-01 5.412368178367614746e-01 5.437779426574707031e-01 -1.242827224731445312e+01 0.000000000000000000e+00 -5.144556984305381775e-03 0.000000000000000000e+00 3.700000000000000000e+01 0.000000000000000000e+00
4.874991476535797119e-01 7.525904178619384766e-01 5.412368178367614746e-01 5.437779426574707031e-01 -1.242827224731445312e+01 0.000000000000000000e+00 -5.144556984305381775e-03 0.000000000000000000e+00 3.700000000000000000e+01 0.000000000000000000e+00
4.874991476535797119e-01 7.525904178619384766e-01 5.412368178367614746e-01 5.437779426574707031e-01 -1.242827224731445312e+01 0.000000000000000000e+00 -5.144556984305381775e-03 0.000000000000000000e+00 3.700000000000000000e+01 0.000000000000000000e+00
4.874991476535797119e-01 7.525904178619384766e-01 5.412368178367614746e-01 5.437779426574707031e-01 -1.242827224731445312e+01 0.000000000000000000e+00 -5.144556984305381775e-03 0.000000000000000000e+00 3.700000000000000000e+01 0.000000000000000000e+00
4.874991476535797119e-01 7.525904178619384766e-01 5.412368178367614746e-01 5.437779426574707031e-01 -1.242827224731445312e+01 0.000000000000000000e+00 -5.144556984305381775e-03 0.000000000000000000e+00 3.700000000000000000e+01 0.000000000000000000e+00
4.874991476535797119e-01 7.525904178619384766e-01 5.412368178367614746e-01 5.437779426574707031e-01 -1.242827224731445312e+01 0.000000000000000000e+00 -5.144556984305381775e-03 0.000000000000000000e+00 3.700000000000000000e+01 0.000000000000000000e+00
4.874991476535797119e-01 7.525904178619384766e-01 5.412368178367614746e-01 5.437779426574707031e-01 -1.242827224731445312e+01 0.000000000000000000e+00 -5.144556984305381775e-03 0.000000000000000000e+00 3.700000000000000000e+01 0.000000000000000000e+00
4.874991476535797119e-01 7.525904178619384766e-01 5.412368178367614746e-01 5.437779426574707031e-01 -1.242827224731445312e+01 0.000000000000000000e+00 -5.144556984305381775e-03 0.000000000000000000e+00 3.700000000000000000e+01 0.000000000000000000e+00
