4.332534074783325195e-01 6.132076978683471680e-01 3.943937122821807861e-01 4.153557419776916504e-01 -1.130396804809570312e+02 -7.636750793457031250e+01 -4.679162427783012390e-02 -9.174010902643203735e-02 1.720000000000000000e+02 1.220000000000000000e+02
4.332534074783325195e-01 6.131837964057922363e-01 3.943454921245574951e-01 4.153005778789520264e-01 -1.084478530883789062e+02 -7.177568054199218750e+01 -4.489088431000709534e-02 -8.622395247220993042e-02 1.660000000000000000e+02 1.160000000000000000e+02
4.332534074783325195e-01 6.131188273429870605e-01 3.942091166973114014e-01 4.151506125926971436e-01 -1.060219421386718750e+02 -6.934976959228515625e+01 -4.388670623302459717e-02 -8.330971747636795044e-02 1.630000000000000000e+02 1.130000000000000000e+02
4.332534074783325195e-01 6.130665540695190430e-01 3.940954208374023438e-01 4.150299727916717529e-01 -1.047969360351562500e+02 -6.812475585937500000e+01 -4.337962716817855835e-02 -8.183810859918594360e-02 1.610000000000000000e+02 1.110000000000000000e+02
4.332534074783325195e-01 6.130060553550720215e-01 3.939718306064605713e-01 4.148903191089630127e-01 -1.039421005249023438e+02 -6.726992797851562500e+01 -4.302577674388885498e-02 -8.081120252609252930e-02 1.600000000000000000e+02 1.100000000000000000e+02
4.332534074783325195e-01 6.129412651062011719e-01 3.938394486904144287e-01 4.147407710552215576e-01 -1.032306976318359375e+02 -6.655852508544921875e+01 -4.273129627108573914e-02 -7.995659857988357544e-02 1.590000000000000000e+02 1.090000000000000000e+02
4.332534074783325195e-01 6.128797531127929688e-01 3.937138915061950684e-01 4.145987927913665771e-01 -1.026778640747070312e+02 -6.600569152832031250e+01 -4.250245913863182068e-02 -7.929248362779617310e-02 1.580000000000000000e+02 1.080000000000000000e+02
4.332534074783325195e-01 6.128797531127929688e-01 3.937138915061950684e-01 4.145987927913665771e-01 -1.026778640747070312e+02 -6.600569152832031250e+01 -4.250245913863182068e-02 -7.929248362779617310e-02 1.580000000000000000e+02 1.080000000000000000e+02
4.332534074783325195e-01 6.127351522445678711e-01 3.934259712696075439e-01 4.142650365829467773e-01 -1.017421646118164062e+02 -6.506999206542968750e+01 -4.211513325572013855e-02 -7.816842943429946899e-02 1.570000000000000000e+02 1.070000000000000000e+02
4.332534074783325195e-01 6.127351522445678711e-01 3.934259712696075439e-01 4.142650365829467773e-01 -1.017421646118164062e+02 -6.506999206542968750e+01 -4.211513325572013855e-02 -7.816842943429946899e-02 1.570000000000000000e+02 1.070000000000000000e+02
4.332534074783325195e-01 6.126113533973693848e-01 3.931795656681060791e-01 4.139793217182159424e-01 -1.010621185302734375e+02 -6.438995361328125000e+01 -4.183363541960716248e-02 -7.735150307416915894e-02 1.560000000000000000e+02 1.060000000000000000e+02
4.332534074783325195e-01 6.108758449554443359e-01 3.894485533237457275e-01 4.099735617637634277e-01 -9.529328155517578125e+01 -5.862111663818359375e+01 -3.944568336009979248e-02 -7.042141258716583252e-02 1.480000000000000000e+02 9.800000000000000000e+01
4.332534074783325195e-01 6.076971292495727539e-01 3.821594119071960449e-01 4.026367068290710449e-01 -8.904652404785156250e+01 -5.237435531616210938e+01 -3.685990348458290100e-02 -6.291718780994415283e-02 1.400000000000000000e+02 9.000000000000000000e+01
4.332534074783325195e-01 6.057541370391845703e-01 3.778215050697326660e-01 3.981520533561706543e-01 -8.628685760498046875e+01 -4.961468505859375000e+01 -3.571756556630134583e-02 -5.960200354456901550e-02 1.360000000000000000e+02 8.600000000000000000e+01
4.332534074783325195e-01 6.011407971382141113e-01 3.675671219825744629e-01 3.875039219856262207e-01 -8.128067016601562500e+01 -4.460850143432617188e+01 -3.364530578255653381e-02 -5.358808860182762146e-02 1.280000000000000000e+02 7.800000000000000000e+01
4.332534074783325195e-01 5.991023778915405273e-01 3.628565967082977295e-01 3.827989995479583740e-01 -7.931398010253906250e+01 -4.264180374145507812e+01 -3.283121436834335327e-02 -5.122549831867218018e-02 1.250000000000000000e+02 7.500000000000000000e+01
4.332534074783325195e-01 5.955609083175659180e-01 3.541470766067504883e-01 3.746248781681060791e-01 -7.662892913818359375e+01 -3.995675277709960938e+01 -3.171976655721664429e-02 -4.799995198845863342e-02 1.210000000000000000e+02 7.100000000000000000e+01
4.332534074783325195e-01 5.922479033470153809e-01 3.466851711273193359e-01 3.669780492782592773e-01 -7.438339233398437500e+01 -3.771121978759765625e+01 -3.079024888575077057e-02 -4.530239850282669067e-02 1.170000000000000000e+02 6.700000000000000000e+01
4.332534074783325195e-01 5.877903699874877930e-01 3.355194926261901855e-01 3.566895425319671631e-01 -7.168434906005859375e+01 -3.501217651367187500e+01 -2.967300638556480408e-02 -4.206004366278648376e-02 1.130000000000000000e+02 6.300000000000000000e+01
4.332534074783325195e-01 5.829661488533020020e-01 3.244204223155975342e-01 3.455546796321868896e-01 -6.912927246093750000e+01 -3.245709228515625000e+01 -2.861535921692848206e-02 -3.899062797427177429e-02 1.090000000000000000e+02 5.900000000000000000e+01
4.332534074783325195e-01 5.447718501091003418e-01 2.328750938177108765e-01 2.573977410793304443e-01 -5.494141387939453125e+01 -1.826923751831054688e+01 -2.274243906140327454e-02 -2.194679155945777893e-02 8.800000000000000000e+01 3.800000000000000000e+01
4.332534074783325195e-01 5.049467682838439941e-01 1.413142830133438110e-01 1.654767394065856934e-01 -4.629253387451171875e+01 -9.620359420776367188e+00 -1.916232332587242126e-02 -1.155691500753164291e-02 7.500000000000000000e+01 2.500000000000000000e+01
4.332534074783325195e-01 4.703386723995208740e-01 6.115683913230895996e-02 8.559716492891311646e-02 -4.154580688476562500e+01 -4.873629093170166016e+00 -1.719746366143226624e-02 -5.854679271578788757e-03 6.700000000000000000e+01 1.700000000000000000e+01
4.332534074783325195e-01 4.549330472946166992e-01 2.631890773773193359e-02 5.003916844725608826e-02 -3.977416992187500000e+01 -3.101995468139648438e+00 -1.646411232650279999e-02 -3.726419759914278984e-03 6.500000000000000000e+01 1.500000000000000000e+01
4.332534074783325195e-01 4.549330472946166992e-01 2.631890773773193359e-02 5.003916844725608826e-02 -3.977416992187500000e+01 -3.101995468139648438e+00 -1.646411232650279999e-02 -3.726419759914278984e-03 6.500000000000000000e+01 1.500000000000000000e+01
4.332534074783325195e-01 4.549330472946166992e-01 2.631891146302223206e-02 5.003916844725608826e-02 -3.977416992187500000e+01 -3.101995468139648438e+00 -1.646411232650279999e-02 -3.726419759914278984e-03 6.500000000000000000e+01 1.500000000000000000e+01
4.332534074783325195e-01 4.241367280483245850e-01 -3.340926393866539001e-02 -2.104237303137779236e-02 -3.769308471679687500e+01 -1.020907163619995117e+00 -1.560266874730587006e-02 -1.226413412950932980e-03 6.000000000000000000e+01 1.000000000000000000e+01
4.332534074783325195e-01 4.228707849979400635e-01 -3.599512949585914612e-02 -2.396431751549243927e-02 -3.761666870117187500e+01 -9.444963932037353516e-01 -1.557103730738162994e-02 -1.134621328674256802e-03 5.900000000000000000e+01 9.000000000000000000e+00
4.332534074783325195e-01 4.218376874923706055e-01 -3.839585185050964355e-02 -2.634882926940917969e-02 -3.756091308593750000e+01 -8.887393474578857422e-01 -1.554795820266008377e-02 -1.067640492692589760e-03 5.800000000000000000e+01 8.000000000000000000e+00
4.332534074783325195e-01 4.030928015708923340e-01 -7.826527953147888184e-02 -6.961423903703689575e-02 -3.687340545654296875e+01 -2.012329101562500000e-01 -1.526337116956710815e-02 -2.417406212771311402e-04 5.400000000000000000e+01 4.000000000000000000e+00
4.332534074783325195e-01 3.965959846973419189e-01 -9.294796735048294067e-02 -8.460965752601623535e-02 -3.673980712890625000e+01 -6.763267517089843750e-02 -1.520806923508644104e-02 -8.124697342282161117e-05 5.300000000000000000e+01 3.000000000000000000e+00
4.332534074783325195e-01 3.930904269218444824e-01 -9.926372021436691284e-02 -9.270089864730834961e-02 -3.668424987792968750e+01 -1.207315921783447266e-02 -1.518507208675146103e-02 -1.450345735065639019e-05 5.200000000000000000e+01 2.000000000000000000e+00
4.332534074783325195e-01 3.930904269218444824e-01 -9.926372021436691284e-02 -9.270089864730834961e-02 -3.668424987792968750e+01 -1.207315921783447266e-02 -1.518507208675146103e-02 -1.450345735065639019e-05 5.200000000000000000e+01 2.000000000000000000e+00
4.332534074783325195e-01 3.930904269218444824e-01 -9.926372021436691284e-02 -9.270089864730834961e-02 -3.668424987792968750e+01 -1.207315921783447266e-02 -1.518507208675146103e-02 -1.450345735065639019e-05 5.200000000000000000e+01 2.000000000000000000e+00
4.332534074783325195e-01 3.930904269218444824e-01 -9.926372021436691284e-02 -9.270089864730834961e-02 -3.668424987792968750e+01 -1.207315921783447266e-02 -1.518507208675146103e-02 -1.450345735065639019e-05 5.200000000000000000e+01 2.000000000000000000e+00
4.332534074783325195e-01 3.930904269218444824e-01 -9.926372021436691284e-02 -9.270089864730834961e-02 -3.668424987792968750e+01 -1.207315921783447266e-02 -1.518507208675146103e-02 -1.450345735065639019e-05 5.200000000000000000e+01 2.000000000000000000e+00
4.332534074783325195e-01 3.930904269218444824e-01 -9.926372021436691284e-02 -9.270089864730834961e-02 -3.668424987792968750e+01 -1.207315921783447266e-02 -1.518507208675146103e-02 -1.450345735065639019e-05 5.200000000000000000e+01 2.000000000000000000e+00
4.332534074783325195e-01 3.930904269218444824e-01 -9.926372021436691284e-02 -9.270089864730834961e-02 -3.668424987792968750e+01 -1.207315921783447266e-02 -1.518507208675146103e-02 -1.450345735065639019e-05 5.200000000000000000e+01 2.000000000000000000e+00
4.332534074783325195e-01 3.910848200321197510e-01 -1.045884490013122559e-01 -9.733007848262786865e-02 -3.667754364013671875e+01 -5.368828773498535156e-03 -1.518229581415653229e-02 -6.449561169574735686e-06 5.100000000000000000e+01 1.000000000000000000e+00
4.332534074783325195e-01 3.910848200321197510e-01 -1.045884490013122559e-01 -9.733007848262786865e-02 -3.667754364013671875e+01 -5.368828773498535156e-03 -1.518229581415653229e-02 -6.449561169574735686e-06 5.100000000000000000e+01 1.000000000000000000e+00
4.332534074783325195e-01 3.910848200321197510e-01 -1.045884490013122559e-01 -9.733007848262786865e-02 -3.667754364013671875e+01 -5.368828773498535156e-03 -1.518229581415653229e-02 -6.449561169574735686e-06 5.100000000000000000e+01 1.000000000000000000e+00
4.332534074783325195e-01 3.910848200321197510e-01 -1.045884490013122559e-01 -9.733007848262786865e-02 -3.667754364013671875e+01 -5.368828773498535156e-03 -1.518229581415653229e-02 -6.449561169574735686e-06 5.100000000000000000e+01 1.000000000000000000e+00
4.332534074783325195e-01 3.910848200321197510e-01 -1.045884490013122559e-01 -9.733007848262786865e-02 -3.667754364013671875e+01 -5.368828773498535156e-03 -1.518229581415653229e-02 -6.449561169574735686e-06 5.100000000000000000e+01 1.000000000000000000e+00
4.332534074783325195e-01 3.910848200321197510e-01 -1.045884490013122559e-01 -9.733007848262786865e-02 -3.667754364013671875e+01 -5.368828773498535156e-03 -1.518229581415653229e-02 -6.449561169574735686e-06 5.100000000000000000e+01 1.000000000000000000e+00
4.332534074783325195e-01 3.910848200321197510e-01 -1.045884490013122559e-01 -9.733007848262786865e-02 -3.667754364013671875e+01 -5.368828773498535156e-03 -1.518229581415653229e-02 -6.449561169574735686e-06 5.100000000000000000e+01 1.000000000000000000e+00
4.332534074783325195e-01 3.823914229869842529e-01 -1.244420111179351807e-01 -1.173954606056213379e-01 -3.667217254638671875e+01 0.000000000000000000e+00 -1.518007274717092514e-02 0.000000000000000000e+00 5.000000000000000000e+01 0.000000000000000000e+00
4.332534074783325195e-01 3.823914229869842529e-01 -1.244420111179351807e-01 -1.173954606056213379e-01 -3.667217254638671875e+01 0.000000000000000000e+00 -1.518007274717092514e-02 0.000000000000000000e+00 5.000000000000000000e+01 0.000000000000000000e+00
4.332534074783325195e-01 3.823914229869842529e-01 -1.244420111179351807e-01 -1.173954606056213379e-01 -3.667217254638671875e+01 0.000000000000000000e+00 -1.518007274717092514e-02 0.000000000000000000e+00 5.000000000000000000e+01 0.000000000000000000e+00
4.332534074783325195e-01 3.823914229869842529e-01 -1.244420111179351807e-01 -1.173954606056213379e-01 -3.667217254638671875e+01 0.000000000000000000e+00 -1.518007274717092514e-02 0.000000000000000000e+00 5.000000000000000000e+01 0.000000000000000000e+00
4.332534074783325195e-01 3.823914229869842529e-01 -1.244420111179351807e-01 -1.173954606056213379e-01 -3.667217254638671875e+01 0.000000000000000000e+00 -1.518007274717092514e-02 0.000000000000000000e+00 5.000000000000000000e+01 0.000000000000000000e+00
4.332534074783325195e-01 3.823914229869842529e-01 -1.244420111179351807e-01 -1.173954606056213379e-01 -3.667217254638671875e+01 0.000000000000000000e+00 -1.518007274717092514e-02 0.000000000000000000e+00 5.000000000000000000e+01 0.000000000000000000e+00
4.332534074783325195e-01 3.823914229869842529e-01 -1.244420111179351807e-01 -1.173954606056213379e-01 -3.667217254638671875e+01 0.000000000000000000e+00 -1.518007274717092514e-02 0.000000000000000000e+00 5.000000000000000000e+01 0.000000000000000000e+00
4.332534074783325195e-01 3.823914229869842529e-01 -1.244420111179351807e-01 -1.173954606056213379e-01 -3.667217254638671875e+01 0.000000000000000000e+00 -1.518007274717092514e-02 0.000000000000000000e+00 5.000000000000000000e+01 0.000000000000000000e+00
4.332534074783325195e-01 3.823914229869842529e-01 -1.244420111179351807e-01 -1.173954606056213379e-01 -3.667217254638671875e+01 0.000000000000000000e+00 -1.518007274717092514e-02 0.000000000000000000e+00 5.000000000000000000e+01 0.000000000000000000e+00
4.332534074783325195e-01 3.823914229869842529e-01 -1.244420111179351807e-01 -1.173954606056213379e-01 -3.667217254638671875e+01 0.000000000000000000e+00 -1.518007274717092514e-02 0.000000000000000000e+00 5.000000000000000000e+01 0.000000000000000000e+00
4.332534074783325195e-01 3.823914229869842529e-01 -1.244420111179351807e-01 -1.173954606056213379e-01 -3.667217254638671875e+01 0.000000000000000000e+00 -1.518007274717092514e-02 0.000000000000000000e+00 5.000000000000000000e+01 0.000000000000000000e+00
4.332534074783325195e-01 3.823914229869842529e-01 -1.244420111179351807e-01 -1.173954606056213379e-01 -3.667217254638671875e+01 0.000000000000000000e+00 -1.518007274717092514e-02 0.000000000000000000e+00 5.000000000000000000e+01 0.000000000000000000e+00
4.332534074783325195e-01 3.823914229869842529e-01 -1.244420111179351807e-01 -1.173954606056213379e-01 -3.667217254638671875e+01 0.000000000000000000e+00 -1.518007274717092514e-02 0.000000000000000000e+00 5.000000000000000000e+01 0.000000000000000000e+00
4.332534074783325195e-01 3.823914229869842529e-01 -1.244420111179351807e-01 -1.173954606056213379e-01 -3.667217254638671875e+01 0.000000000000000000e+00 -1.518007274717092514e-02 0.000000000000000000e+00 5.000000000000000000e+01 0.000000000000000000e+00
4.332534074783325195e-01 3.823914229869842529e-01 -1.244420111179351807e-01 -1.173954606056213379e-01 -3.667217254638671875e+01 0.000000000000000000e+00 -1.518007274717092514e-02 0.000000000000000000e+00 5.000000000000000000e+01 0.000000000000000000e+00
4.332534074783325195e-01 3.823914229869842529e-01 -1.244420111179351807e-01 -1.173954606056213379e-01 -3.667217254638671875e+01 0.000000000000000000e+00 -1.518007274717092514e-02 0.000000000000000000e+00 5.000000000000000000e+01 0.000000000000000000e+00
4.332534074783325195e-01 3.823914229869842529e-01 -1.244420111179351807e-01 -1.173954606056213379e-01 -3.667217254638671875e+01 0.000000000000000000e+00 -1.518007274717092514e-02 0.000000000000000000e+00 5.000000000000000000e+01 0.000000000000000000e+00
4.332534074783325195e-01 3.823914229869842529e-01 -1.244420111179351807e-01 -1.173954606056213379e-01 -3.667217254638671875e+01 0.000000000000000000e+00 -1.518007274717092514e-02 0.000000000000000000e+00 5.000000000000000000e+01 0.000000000000000000e+00
4.332534074783325195e-01 3.823914229869842529e-01 -1.244420111179351807e-01 -1.173954606056213379e-01 -3.667217254638671875e+01 0.000000000000000000e+00 -1.518007274717092514e-02 0.000000000000000000e+00 5.000000000000000000e+01 0.000000000000000000e+00
4.332534074783325195e-01 3.823914229869842529e-01 -1.244420111179351807e-01 -1.173954606056213379e-01 -3.667217254638671875e+01 0.000000000000000000e+00 -1.518007274717092514e-02 0.000000000000000000e+00 5.000000000000000000e+01 0.000000000000000000e+00
4.332534074783325195e-01 3.823914229869842529e-01 -1.244420111179351807e-01 -1.173954606056213379e-01 -3.667217254638671875e+01 0.000000000000000000e+00 -1.518007274717092514e-02 0.000000000000000000e+00 5.000000000000000000e+01 0.000000000000000000e+00
4.332534074783325195e-01 3.823914229869842529e-01 -1.244420111179351807e-01 -1.173954606056213379e-01 -3.667217254638671875e+01 0.000000000000000000e+00 -1.518007274717092514e-02 0.000000000000000000e+00 5.000000000000000000e+01 0.000000000000000000e+00
4.332534074783325195e-01 3.823914229869842529e-01 -1.244420111179351807e-01 -1.173954606056213379e-01 -3.667217254638671875e+01 0.000000000000000000e+00 -1.518007274717092514e-02 0.000000000000000000e+00 5.000000000000000000e+01 0.000000000000000000e+00
4.332534074783325195e-01 3.823914229869842529e-01 -1.244420111179351807e-01 -1.173954606056213379e-01 -3.667217254638671875e+01 0.000000000000000000e+00 -1.518007274717092514e-02 0.000000000000000000e+00 5.000000000000000000e+01 0.000000000000000000e+00
4.332534074783325195e-01 3.823914229869842529e-01 -1.244420111179351807e-01 -1.173954606056213379e-01 -3.667217254638671875e+01 0.000000000000000000e+00 -1.518007274717092514e-02 0.000000000000000000e+00 5.000000000000000000e+01 0.000000000000000000e+00
4.332534074783325195e-01 3.823914229869842529e-01 -1.244420111179351807e-01 -1.173954606056213379e-01 -3.667217254638671875e+01 0.000000000000000000e+00 -1.518007274717092514e-02 0.000000000000000000e+00 5.000000000000000000e+01 0.000000000000000000e+00
4.332534074783325195e-01 3.823914229869842529e-01 -1.244420111179351807e-01 -1.173954606056213379e-01 -3.667217254638671875e+01 0.000000000000000000e+00 -1.518007274717092514e-02 0.000000000000000000e+00 5.000000000000000000e+01 0.000000000000000000e+00
4.332534074783325195e-01 3.823914229869842529e-01 -1.244420111179351807e-01 -1.173954606056213379e-01 -3.667217254638671875e+01 0.000000000000000000e+00 -1.518007274717092514e-02 0.000000000000000000e+00 5.000000000000000000e+01 0.000000000000000000e+00
4.332534074783325195e-01 3.823914229869842529e-01 -1.244420111179351807e-01 -1.173954606056213379e-01 -3.667217254638671875e+01 0.000000000000000000e+00 -1.518007274717092514e-02 0.000000000000000000e+00 5.000000000000000000e+01 0.000000000000000000e+00
4.332534074783325195e-01 3.823914229869842529e-01 -1.244420111179351807e-01 -1.173954606056213379e-01 -3.667217254638671875e+01 0.000000000000000000e+00 -1.518007274717092514e-02 0.000000000000000000e+00 5.000000000000000000e+01 0.000000000000000000e+00
4.332534074783325195e-01 3.823914229869842529e-01 -1.244420111179351807e-01 -1.173954606056213379e-01 -3.667217254638671875e+01 0.000000000000000000e+00 -1.518007274717092514e-02 0.000000000000000000e+00 5.000000000000000000e+01 0.000000000000000000e+00
4.332534074783325195e-01 3.823914229869842529e-01 -1.244420111179351807e-01 -1.173954606056213379e-01 -3.667217254638671875e+01 0.000000000000000000e+00 -1.518007274717092514e-02 0.000000000000000000e+00 5.000000000000000000e+01 0.000000000000000000e+00
4.332534074783325195e-01 3.823914229869842529e-01 -1.244420111179351807e-01 -1.173954606056213379e-01 -3.667217254638671875e+01 0.000000000000000000e+00 -1.518007274717092514e-02 0.000000000000000000e+00 5.000000000000000000e+01 0.000000000000000000e+00
4.332534074783325195e-01 3.823914229869842529e-01 -1.244420111179351807e-01 -1.173954606056213379e-01 -3.667217254638671875e+01 0.000000000000000000e+00 -1.518007274717092514e-02 0.000000000000000000e+00 5.000000000000000000e+01 0.000000000000000000e+00
4.332534074783325195e-01 3.823914229869842529e-01 -1.244420111179351807e-01 -1.173954606056213379e-01 -3.667217254638671875e+01 0.000000000000000000e+00 -1.518007274717092514e-02 0.000000000000000000e+00 5.000000000000000000e+01 0.000000000000000000e+00
4.332534074783325195e-01 3.823914229869842529e-01 -1.244420111179351807e-01 -1.173954606056213379e-01 -3.667217254638671875e+01 0.000000000000000000e+00 -1.518007274717092514e-02 0.000000000000000000e+00 5.000000000000000000e+01 0.000000000000000000e+00
4.332534074783325195e-01 3.823914229869842529e-01 -1.244420111179351807e-01 -1.173954606056213379e-01 -3.667217254638671875e+01 0.000000000000000000e+00 -1.518007274717092514e-02 0.000000000000000000e+00 5.000000000000000000e+01 0.000000000000000000e+00
4.332534074783325195e-01 3.823914229869842529e-01 -1.244420111179351807e-01 -1.173954606056213379e-01 -3.667217254638671875e+01 0.000000000000000000e+00 -1.518007274717092514e-02 0.000000000000000000e+00 5.000000000000000000e+01 0.000000000000000000e+00
4.332534074783325195e-01 3.823914229869842529e-01 -1.244420111179351807e-01 -1.173954606056213379e-01 -3.667217254638671875e+01 0.000000000000000000e+00 -1.518007274717092514e-02 0.000000000000000000e+00 5.000000000000000000e+01 0.000000000000000000e+00
4.332534074783325195e-01 3.823914229869842529e-01 -1.244420111179351807e-01 -1.173954606056213379e-01 -3.667217254638671875e+01 0.000000000000000000e+00 -1.518007274717092514e-02 0.000000000000000000e+00 5.000000000000000000e+01 0.000000000000000000e+00
4.332534074783325195e-01 3.823914229869842529e-01 -1.244420111179351807e-01 -1.173954606056213379e-01 -3.667217254638671875e+01 0.000000000000000000e+00 -1.518007274717092514e-02 0.000000000000000000e+00 5.000000000000000000e+01 0.000000000000000000e+00
4.332534074783325195e-01 3.823914229869842529e-01 -1.244420111179351807e-01 -1.173954606056213379e-01 -3.667217254638671875e+01 0.000000000000000000e+00 -1.518007274717092514e-02 0.000000000000000000e+00 5.000000000000000000e+01 0.000000000000000000e+00
4.332534074783325195e-01 3.823914229869842529e-01 -1.244420111179351807e-01 -1.173954606056213379e-01 -3.667217254638671875e+01 0.000000000000000000e+00 -1.518007274717092514e-02 0.000000000000000000e+00 5.000000000000000000e+01 0.000000000000000000e+00
4.332534074783325195e-01 3.823914229869842529e-01 -1.244420111179351807e-01 -1.173954606056213379e-01 -3.667217254638671875e+01 0.000000000000000000e+00 -1.518007274717092514e-02 0.000000000000000000e+00 5.000000000000000000e+01 0.000000000000000000e+00
4.332534074783325195e-01 3.823914229869842529e-01 -1.244420111179351807e-01 -1.173954606056213379e-01 -3.667217254638671875e+01 0.000000000000000000e+00 -1.518007274717092514e-02 0.000000000000000000e+00 5.000000000000000000e+01 0.000000000000000000e+00
4.332534074783325195e-01 3.823914229869842529e-01 -1.244420111179351807e-01 -1.173954606056213379e-01 -3.667217254638671875e+01 0.000000000000000000e+00 -1.518007274717092514e-02 0.000000000000000000e+00 5.000000000000000000e+01 0.000000000000000000e+00
