4.658905267715454102e-01 9.204346537590026855e-01 9.866388440132141113e-01 9.756457805633544922e-01 -9.514555358886718750e+01 -8.117305755615234375e+01 -3.938453271985054016e-02 -1.413564682006835938e-01 4.030000000000000000e+02 3.530000000000000000e+02
4.658905267715454102e-01 9.203194379806518555e-01 9.863892793655395508e-01 9.753984808921813965e-01 -6.840620422363281250e+01 -5.443370056152343750e+01 -2.831605263054370880e-02 -9.479199349880218506e-02 3.190000000000000000e+02 2.690000000000000000e+02
4.658905267715454102e-01 9.202088713645935059e-01 9.861384630203247070e-01 9.751611351966857910e-01 -6.424977111816406250e+01 -5.027727127075195312e+01 -2.659553848206996918e-02 -8.755390346050262451e-02 3.020000000000000000e+02 2.520000000000000000e+02
4.658905267715454102e-01 9.200954437255859375e-01 9.858805537223815918e-01 9.749177098274230957e-01 -6.198021316528320312e+01 -4.800772094726562500e+01 -2.565607801079750061e-02 -8.360165357589721680e-02 2.910000000000000000e+02 2.410000000000000000e+02
4.658905267715454102e-01 9.199146628379821777e-01 9.854652285575866699e-01 9.745296835899353027e-01 -5.929658889770507812e+01 -4.532408905029296875e+01 -2.454522065818309784e-02 -7.892832159996032715e-02 2.820000000000000000e+02 2.320000000000000000e+02
4.658905267715454102e-01 9.197578430175781250e-01 9.851281046867370605e-01 9.741930365562438965e-01 -5.747708129882812500e+01 -4.350457763671875000e+01 -2.379205264151096344e-02 -7.575979083776473999e-02 2.740000000000000000e+02 2.240000000000000000e+02
4.658905267715454102e-01 9.196239113807678223e-01 9.848189353942871094e-01 9.739055633544921875e-01 -5.590839385986328125e+01 -4.193589782714843750e+01 -2.314271032810211182e-02 -7.302805781364440918e-02 2.700000000000000000e+02 2.200000000000000000e+02
4.658905267715454102e-01 9.195006489753723145e-01 9.845304489135742188e-01 9.736410379409790039e-01 -5.491485977172851562e+01 -4.094236373901367188e+01 -2.273144759237766266e-02 -7.129789888858795166e-02 2.670000000000000000e+02 2.170000000000000000e+02
4.658905267715454102e-01 9.192304611206054688e-01 9.839636087417602539e-01 9.730610847473144531e-01 -5.312131500244140625e+01 -3.914881896972656250e+01 -2.198902890086174011e-02 -6.817457824945449829e-02 2.620000000000000000e+02 2.120000000000000000e+02
4.658905267715454102e-01 9.191527962684631348e-01 9.837949872016906738e-01 9.728943705558776855e-01 -5.265977478027343750e+01 -3.868727874755859375e+01 -2.179797738790512085e-02 -6.737083941698074341e-02 2.580000000000000000e+02 2.080000000000000000e+02
4.658905267715454102e-01 9.190244674682617188e-01 9.834921956062316895e-01 9.726189374923706055e-01 -5.176298141479492188e+01 -3.779048538208007812e+01 -2.142675966024398804e-02 -6.580914556980133057e-02 2.570000000000000000e+02 2.070000000000000000e+02
4.658905267715454102e-01 9.171940684318542480e-01 9.793576002120971680e-01 9.686900973320007324e-01 -4.566943359375000000e+01 -3.169693565368652344e+01 -1.890439726412296295e-02 -5.519771203398704529e-02 2.370000000000000000e+02 1.870000000000000000e+02
4.658905267715454102e-01 9.156362414360046387e-01 9.758516550064086914e-01 9.653463363647460938e-01 -4.200441741943359375e+01 -2.803192520141601562e+01 -1.738730072975158691e-02 -4.881538450717926025e-02 2.240000000000000000e+02 1.740000000000000000e+02
4.658905267715454102e-01 9.146298170089721680e-01 9.734898209571838379e-01 9.631861448287963867e-01 -4.028916931152343750e+01 -2.631667137145996094e+01 -1.667729206383228302e-02 -4.582840576767921448e-02 2.190000000000000000e+02 1.690000000000000000e+02
4.658905267715454102e-01 9.132148623466491699e-01 9.700799584388732910e-01 9.601490497589111328e-01 -3.879027175903320312e+01 -2.481777381896972656e+01 -1.605683751404285431e-02 -4.321819543838500977e-02 2.120000000000000000e+02 1.620000000000000000e+02
4.658905267715454102e-01 9.109879732131958008e-01 9.651585221290588379e-01 9.553691744804382324e-01 -3.675035095214843750e+01 -2.277785110473632812e+01 -1.521243434399366379e-02 -3.966582939028739929e-02 2.070000000000000000e+02 1.570000000000000000e+02
4.658905267715454102e-01 9.101329445838928223e-01 9.632040262222290039e-01 9.535338878631591797e-01 -3.604265213012695312e+01 -2.207015609741210938e+01 -1.491948962211608887e-02 -3.843343630433082581e-02 2.040000000000000000e+02 1.540000000000000000e+02
4.658905267715454102e-01 9.095411300659179688e-01 9.619629383087158203e-01 9.522636532783508301e-01 -3.559894561767578125e+01 -2.162644958496093750e+01 -1.473582163453102112e-02 -3.766075521707534790e-02 2.020000000000000000e+02 1.520000000000000000e+02
4.658905267715454102e-01 9.071654081344604492e-01 9.563294649124145508e-01 9.471642971038818359e-01 -3.405883407592773438e+01 -2.008633804321289062e+01 -1.409830804914236069e-02 -3.497877344489097595e-02 1.960000000000000000e+02 1.460000000000000000e+02
4.658905267715454102e-01 9.055392146110534668e-01 9.528980255126953125e-01 9.436737895011901855e-01 -3.319982147216796875e+01 -1.922732543945312500e+01 -1.374272815883159637e-02 -3.348286822438240051e-02 1.910000000000000000e+02 1.410000000000000000e+02
4.658905267715454102e-01 8.951497673988342285e-01 9.294898509979248047e-01 9.213736057281494141e-01 -2.915085220336914062e+01 -1.517835617065429688e+01 -1.206669863313436508e-02 -2.643190883100032806e-02 1.740000000000000000e+02 1.240000000000000000e+02
4.658905267715454102e-01 8.851158022880554199e-01 9.064408540725708008e-01 8.998364210128784180e-01 -2.707433319091796875e+01 -1.310183715820312500e+01 -1.120714470744132996e-02 -2.281581610441207886e-02 1.610000000000000000e+02 1.110000000000000000e+02
4.658905267715454102e-01 8.724372386932373047e-01 8.783743381500244141e-01 8.726228475570678711e-01 -2.506636810302734375e+01 -1.109387207031250000e+01 -1.037596818059682846e-02 -1.931910216808319092e-02 1.510000000000000000e+02 1.010000000000000000e+02
4.658905267715454102e-01 8.646353483200073242e-01 8.602309823036193848e-01 8.558766245841979980e-01 -2.416520500183105469e+01 -1.019270896911621094e+01 -1.000294089317321777e-02 -1.774979755282402039e-02 1.450000000000000000e+02 9.500000000000000000e+01
4.658905267715454102e-01 8.473797440528869629e-01 8.206169009208679199e-01 8.188387751579284668e-01 -2.257242965698242188e+01 -8.599932670593261719e+00 -9.343627840280532837e-03 -1.497610379010438919e-02 1.370000000000000000e+02 8.700000000000000000e+01
4.658905267715454102e-01 8.422921299934387207e-01 8.091795444488525391e-01 8.079185485839843750e-01 -2.219128227233886719e+01 -8.218786239624023438e+00 -9.185855276882648468e-03 -1.431236788630485535e-02 1.340000000000000000e+02 8.400000000000000000e+01
4.658905267715454102e-01 8.304168581962585449e-01 7.809274196624755859e-01 7.824291586875915527e-01 -2.139540100097656250e+01 -7.422904968261718750e+00 -8.856408298015594482e-03 -1.292640343308448792e-02 1.310000000000000000e+02 8.100000000000000000e+01
4.658905267715454102e-01 8.173350095748901367e-01 7.532723546028137207e-01 7.543499469757080078e-01 -2.062061691284179688e+01 -6.648119926452636719e+00 -8.535694330930709839e-03 -1.157717593014240265e-02 1.250000000000000000e+02 7.500000000000000000e+01
4.658905267715454102e-01 8.105928897857666016e-01 7.376397252082824707e-01 7.398784756660461426e-01 -2.027293014526367188e+01 -6.300432682037353516e+00 -8.391773328185081482e-03 -1.097170636057853699e-02 1.210000000000000000e+02 7.100000000000000000e+01
4.658905267715454102e-01 7.318720817565917969e-01 5.662645101547241211e-01 5.709099769592285156e-01 -1.732925415039062500e+01 -3.356757164001464844e+00 -7.173268590122461319e-03 -5.845527630299329758e-03 9.800000000000000000e+01 4.800000000000000000e+01
4.658905267715454102e-01 6.644206643104553223e-01 4.231782853603363037e-01 4.261304438114166260e-01 -1.585225868225097656e+01 -1.879760980606079102e+00 -6.561881396919488907e-03 -3.273455426096916199e-03 8.200000000000000000e+01 3.200000000000000000e+01
4.658905267715454102e-01 6.167122721672058105e-01 3.269004821777343750e-01 3.237278759479522705e-01 -1.516841888427734375e+01 -1.195921897888183594e+00 -6.278812885284423828e-03 -2.082603517919778824e-03 7.300000000000000000e+01 2.300000000000000000e+01
4.658905267715454102e-01 5.847721099853515625e-01 2.627185285091400146e-01 2.551706433296203613e-01 -1.481427955627441406e+01 -8.417823910713195801e-01 -6.132220383733510971e-03 -1.465897541493177414e-03 7.100000000000000000e+01 2.100000000000000000e+01
4.658905267715454102e-01 5.350164175033569336e-01 1.507458984851837158e-01 1.483736783266067505e-01 -1.434266090393066406e+01 -3.701642751693725586e-01 -5.936998408287763596e-03 -6.446118932217359543e-04 6.300000000000000000e+01 1.300000000000000000e+01
4.658905267715454102e-01 5.350164175033569336e-01 1.507458984851837158e-01 1.483736783266067505e-01 -1.434266090393066406e+01 -3.701642751693725586e-01 -5.936998408287763596e-03 -6.446118932217359543e-04 6.300000000000000000e+01 1.300000000000000000e+01
4.658905267715454102e-01 5.302079916000366211e-01 1.391279697418212891e-01 1.380527466535568237e-01 -1.430996799468994141e+01 -3.374714255332946777e-01 -5.923465825617313385e-03 -5.876798531971871853e-04 6.200000000000000000e+01 1.200000000000000000e+01
4.658905267715454102e-01 5.257031321525573730e-01 1.284761726856231689e-01 1.283833831548690796e-01 -1.428308010101318359e+01 -3.105835318565368652e-01 -5.912335589528083801e-03 -5.408567376434803009e-04 6.100000000000000000e+01 1.100000000000000000e+01
4.658905267715454102e-01 5.150241255760192871e-01 1.053134799003601074e-01 1.054616793990135193e-01 -1.422523212432861328e+01 -2.527355551719665527e-01 -5.888390354812145233e-03 -4.401190089993178844e-04 5.900000000000000000e+01 9.000000000000000000e+00
4.658905267715454102e-01 4.637299180030822754e-01 -4.624178167432546616e-03 -4.637588746845722198e-03 -1.399939250946044922e+01 -2.689427137374877930e-02 -5.794906057417392731e-03 -4.683425140683539212e-05 5.200000000000000000e+01 2.000000000000000000e+00
4.658905267715454102e-01 4.492518603801727295e-01 -3.741036728024482727e-02 -3.571368381381034851e-02 -1.397249794006347656e+01 0.000000000000000000e+00 -5.783773493021726608e-03 0.000000000000000000e+00 5.000000000000000000e+01 0.000000000000000000e+00
4.658905267715454102e-01 4.492518603801727295e-01 -3.741036728024482727e-02 -3.571368381381034851e-02 -1.397249794006347656e+01 0.000000000000000000e+00 -5.783773493021726608e-03 0.000000000000000000e+00 5.000000000000000000e+01 0.000000000000000000e+00
4.658905267715454102e-01 4.492518603801727295e-01 -3.741036728024482727e-02 -3.571368381381034851e-02 -1.397249794006347656e+01 0.000000000000000000e+00 -5.783773493021726608e-03 0.000000000000000000e+00 5.000000000000000000e+01 0.000000000000000000e+00
4.658905267715454102e-01 4.492518603801727295e-01 -3.741036728024482727e-02 -3.571368381381034851e-02 -1.397249794006347656e+01 0.000000000000000000e+00 -5.783773493021726608e-03 0.000000000000000000e+00 5.000000000000000000e+01 0.000000000000000000e+00
4.658905267715454102e-01 4.492518603801727295e-01 -3.741036728024482727e-02 -3.571368381381034851e-02 -1.397249794006347656e+01 0.000000000000000000e+00 -5.783773493021726608e-03 0.000000000000000000e+00 5.000000000000000000e+01 0.000000000000000000e+00
4.658905267715454102e-01 4.492518603801727295e-01 -3.741036728024482727e-02 -3.571368381381034851e-02 -1.397249794006347656e+01 0.000000000000000000e+00 -5.783773493021726608e-03 0.000000000000000000e+00 5.000000000000000000e+01 0.000000000000000000e+00
4.658905267715454102e-01 4.492518603801727295e-01 -3.741036728024482727e-02 -3.571368381381034851e-02 -1.397249794006347656e+01 0.000000000000000000e+00 -5.783773493021726608e-03 0.000000000000000000e+00 5.000000000000000000e+01 0.000000000000000000e+00
4.658905267715454102e-01 4.492518603801727295e-01 -3.741036728024482727e-02 -3.571368381381034851e-02 -1.397249794006347656e+01 0.000000000000000000e+00 -5.783773493021726608e-03 0.000000000000000000e+00 5.000000000000000000e+01 0.000000000000000000e+00
4.658905267715454102e-01 4.492518603801727295e-01 -3.741036728024482727e-02 -3.571368381381034851e-02 -1.397249794006347656e+01 0.000000000000000000e+00 -5.783773493021726608e-03 0.000000000000000000e+00 5.000000000000000000e+01 0.000000000000000000e+00
4.658905267715454102e-01 4.492518603801727295e-01 -3.741036728024482727e-02 -3.571368381381034851e-02 -1.397249794006347656e+01 0.000000000000000000e+00 -5.783773493021726608e-03 0.000000000000000000e+00 5.000000000000000000e+01 0.000000000000000000e+00
4.658905267715454102e-01 4.492518603801727295e-01 -3.741036728024482727e-02 -3.571368381381034851e-02 -1.397249794006347656e+01 0.000000000000000000e+00 -5.783773493021726608e-03 0.000000000000000000e+00 5.000000000000000000e+01 0.000000000000000000e+00
4.658905267715454102e-01 4.492518603801727295e-01 -3.741036728024482727e-02 -3.571368381381034851e-02 -1.397249794006347656e+01 0.000000000000000000e+00 -5.783773493021726608e-03 0.000000000000000000e+00 5.000000000000000000e+01 0.000000000000000000e+00
4.658905267715454102e-01 4.492518603801727295e-01 -3.741036728024482727e-02 -3.571368381381034851e-02 -1.397249794006347656e+01 0.000000000000000000e+00 -5.783773493021726608e-03 0.000000000000000000e+00 5.000000000000000000e+01 0.000000000000000000e+00
4.658905267715454102e-01 4.492518603801727295e-01 -3.741036728024482727e-02 -3.571368381381034851e-02 -1.397249794006347656e+01 0.000000000000000000e+00 -5.783773493021726608e-03 0.000000000000000000e+00 5.000000000000000000e+01 0.000000000000000000e+00
4.658905267715454102e-01 4.492518603801727295e-01 -3.741036728024482727e-02 -3.571368381381034851e-02 -1.397249794006347656e+01 0.000000000000000000e+00 -5.783773493021726608e-03 0.000000000000000000e+00 5.000000000000000000e+01 0.000000000000000000e+00
4.658905267715454102e-01 4.492518603801727295e-01 -3.741036728024482727e-02 -3.571368381381034851e-02 -1.397249794006347656e+01 0.000000000000000000e+00 -5.783773493021726608e-03 0.000000000000000000e+00 5.000000000000000000e+01 0.000000000000000000e+00
4.658905267715454102e-01 4.492518603801727295e-01 -3.741036728024482727e-02 -3.571368381381034851e-02 -1.397249794006347656e+01 0.000000000000000000e+00 -5.783773493021726608e-03 0.000000000000000000e+00 5.000000000000000000e+01 0.000000000000000000e+00
4.658905267715454102e-01 4.492518603801727295e-01 -3.741036728024482727e-02 -3.571368381381034851e-02 -1.397249794006347656e+01 0.000000000000000000e+00 -5.783773493021726608e-03 0.000000000000000000e+00 5.000000000000000000e+01 0.000000000000000000e+00
4.658905267715454102e-01 4.492518603801727295e-01 -3.741036728024482727e-02 -3.571368381381034851e-02 -1.397249794006347656e+01 0.000000000000000000e+00 -5.783773493021726608e-03 0.000000000000000000e+00 5.000000000000000000e+01 0.000000000000000000e+00
4.658905267715454102e-01 4.492518603801727295e-01 -3.741036728024482727e-02 -3.571368381381034851e-02 -1.397249794006347656e+01 0.000000000000000000e+00 -5.783773493021726608e-03 0.000000000000000000e+00 5.000000000000000000e+01 0.000000000000000000e+00
4.658905267715454102e-01 4.492518603801727295e-01 -3.741036728024482727e-02 -3.571368381381034851e-02 -1.397249794006347656e+01 0.000000000000000000e+00 -5.783773493021726608e-03 0.000000000000000000e+00 5.000000000000000000e+01 0.000000000000000000e+00
4.658905267715454102e-01 4.492518603801727295e-01 -3.741036728024482727e-02 -3.571368381381034851e-02 -1.397249794006347656e+01 0.000000000000000000e+00 -5.783773493021726608e-03 0.000000000000000000e+00 5.000000000000000000e+01 0.000000000000000000e+00
4.658905267715454102e-01 4.492518603801727295e-01 -3.741036728024482727e-02 -3.571368381381034851e-02 -1.397249794006347656e+01 0.000000000000000000e+00 -5.783773493021726608e-03 0.000000000000000000e+00 5.000000000000000000e+01 0.000000000000000000e+00
4.658905267715454102e-01 4.492518603801727295e-01 -3.741036728024482727e-02 -3.571368381381034851e-02 -1.397249794006347656e+01 0.000000000000000000e+00 -5.783773493021726608e-03 0.000000000000000000e+00 5.000000000000000000e+01 0.000000000000000000e+00
4.658905267715454102e-01 4.492518603801727295e-01 -3.741036728024482727e-02 -3.571368381381034851e-02 -1.397249794006347656e+01 0.000000000000000000e+00 -5.783773493021726608e-03 0.000000000000000000e+00 5.000000000000000000e+01 0.000000000000000000e+00
4.658905267715454102e-01 4.492518603801727295e-01 -3.741036728024482727e-02 -3.571368381381034851e-02 -1.397249794006347656e+01 0.000000000000000000e+00 -5.783773493021726608e-03 0.000000000000000000e+00 5.000000000000000000e+01 0.000000000000000000e+00
4.658905267715454102e-01 4.492518603801727295e-01 -3.741036728024482727e-02 -3.571368381381034851e-02 -1.397249794006347656e+01 0.000000000000000000e+00 -5.783773493021726608e-03 0.000000000000000000e+00 5.000000000000000000e+01 0.000000000000000000e+00
4.658905267715454102e-01 4.492518603801727295e-01 -3.741036728024482727e-02 -3.571368381381034851e-02 -1.397249794006347656e+01 0.000000000000000000e+00 -5.783773493021726608e-03 0.000000000000000000e+00 5.000000000000000000e+01 0.000000000000000000e+00
4.658905267715454102e-01 4.492518603801727295e-01 -3.741036728024482727e-02 -3.571368381381034851e-02 -1.397249794006347656e+01 0.000000000000000000e+00 -5.783773493021726608e-03 0.000000000000000000e+00 5.000000000000000000e+01 0.000000000000000000e+00
4.658905267715454102e-01 4.492518603801727295e-01 -3.741036728024482727e-02 -3.571368381381034851e-02 -1.397249794006347656e+01 0.000000000000000000e+00 -5.783773493021726608e-03 0.000000000000000000e+00 5.000000000000000000e+01 0.000000000000000000e+00
4.658905267715454102e-01 4.492518603801727295e-01 -3.741036728024482727e-02 -3.571368381381034851e-02 -1.397249794006347656e+01 0.000000000000000000e+00 -5.783773493021726608e-03 0.000000000000000000e+00 5.000000000000000000e+01 0.000000000000000000e+00
4.658905267715454102e-01 4.492518603801727295e-01 -3.741036728024482727e-02 -3.571368381381034851e-02 -1.397249794006347656e+01 0.000000000000000000e+00 -5.783773493021726608e-03 0.000000000000000000e+00 5.000000000000000000e+01 0.000000000000000000e+00
4.658905267715454102e-01 4.492518603801727295e-01 -3.741036728024482727e-02 -3.571368381381034851e-02 -1.397249794006347656e+01 0.000000000000000000e+00 -5.783773493021726608e-03 0.000000000000000000e+00 5.000000000000000000e+01 0.000000000000000000e+00
4.658905267715454102e-01 4.492518603801727295e-01 -3.741036728024482727e-02 -3.571368381381034851e-02 -1.397249794006347656e+01 0.000000000000000000e+00 -5.783773493021726608e-03 0.000000000000000000e+00 5.000000000000000000e+01 0.000000000000000000e+00
4.658905267715454102e-01 4.492518603801727295e-01 -3.741036728024482727e-02 -3.571368381381034851e-02 -1.397249794006347656e+01 0.000000000000000000e+00 -5.783773493021726608e-03 0.000000000000000000e+00 5.000000000000000000e+01 0.000000000000000000e+00
4.658905267715454102e-01 4.492518603801727295e-01 -3.741036728024482727e-02 -3.571368381381034851e-02 -1.397249794006347656e+01 0.000000000000000000e+00 -5.783773493021726608e-03 0.000000000000000000e+00 5.000000000000000000e+01 0.000000000000000000e+00
4.658905267715454102e-01 4.492518603801727295e-01 -3.741036728024482727e-02 -3.571368381381034851e-02 -1.397249794006347656e+01 0.000000000000000000e+00 -5.783773493021726608e-03 0.000000000000000000e+00 5.000000000000000000e+01 0.000000000000000000e+00
4.658905267715454102e-01 4.492518603801727295e-01 -3.741036728024482727e-02 -3.571368381381034851e-02 -1.397249794006347656e+01 0.000000000000000000e+00 -5.783773493021726608e-03 0.000000000000000000e+00 5.000000000000000000e+01 0.000000000000000000e+00
4.658905267715454102e-01 4.492518603801727295e-01 -3.741036728024482727e-02 -3.571368381381034851e-02 -1.397249794006347656e+01 0.000000000000000000e+00 -5.783773493021726608e-03 0.000000000000000000e+00 5.000000000000000000e+01 0.000000000000000000e+00
4.658905267715454102e-01 4.492518603801727295e-01 -3.741036728024482727e-02 -3.571368381381034851e-02 -1.397249794006347656e+01 0.000000000000000000e+00 -5.783773493021726608e-03 0.000000000000000000e+00 5.000000000000000000e+01 0.000000000000000000e+00
4.658905267715454102e-01 4.492518603801727295e-01 -3.741036728024482727e-02 -3.571368381381034851e-02 -1.397249794006347656e+01 0.000000000000000000e+00 -5.783773493021726608e-03 0.000000000000000000e+00 5.000000000000000000e+01 0.000000000000000000e+00
4.658905267715454102e-01 4.492518603801727295e-01 -3.741036728024482727e-02 -3.571368381381034851e-02 -1.397249794006347656e+01 0.000000000000000000e+00 -5.783773493021726608e-03 0.000000000000000000e+00 5.000000000000000000e+01 0.000000000000000000e+00
4.658905267715454102e-01 4.492518603801727295e-01 -3.741036728024482727e-02 -3.571368381381034851e-02 -1.397249794006347656e+01 0.000000000000000000e+00 -5.783773493021726608e-03 0.000000000000000000e+00 5.000000000000000000e+01 0.000000000000000000e+00
4.658905267715454102e-01 4.492518603801727295e-01 -3.741036728024482727e-02 -3.571368381381034851e-02 -1.397249794006347656e+01 0.000000000000000000e+00 -5.783773493021726608e-03 0.000000000000000000e+00 5.000000000000000000e+01 0.000000000000000000e+00
4.658905267715454102e-01 4.492518603801727295e-01 -3.741036728024482727e-02 -3.571368381381034851e-02 -1.397249794006347656e+01 0.000000000000000000e+00 -5.783773493021726608e-03 0.000000000000000000e+00 5.000000000000000000e+01 0.000000000000000000e+00
4.658905267715454102e-01 4.492518603801727295e-01 -3.741036728024482727e-02 -3.571368381381034851e-02 -1.397249794006347656e+01 0.000000000000000000e+00 -5.783773493021726608e-03 0.000000000000000000e+00 5.000000000000000000e+01 0.000000000000000000e+00
4.658905267715454102e-01 4.492518603801727295e-01 -3.741036728024482727e-02 -3.571368381381034851e-02 -1.397249794006347656e+01 0.000000000000000000e+00 -5.783773493021726608e-03 0.000000000000000000e+00 5.000000000000000000e+01 0.000000000000000000e+00
4.658905267715454102e-01 4.492518603801727295e-01 -3.741036728024482727e-02 -3.571368381381034851e-02 -1.397249794006347656e+01 0.000000000000000000e+00 -5.783773493021726608e-03 0.000000000000000000e+00 5.000000000000000000e+01 0.000000000000000000e+00
4.658905267715454102e-01 4.492518603801727295e-01 -3.741036728024482727e-02 -3.571368381381034851e-02 -1.397249794006347656e+01 0.000000000000000000e+00 -5.783773493021726608e-03 0.000000000000000000e+00 5.000000000000000000e+01 0.000000000000000000e+00
4.658905267715454102e-01 4.492518603801727295e-01 -3.741036728024482727e-02 -3.571368381381034851e-02 -1.397249794006347656e+01 0.000000000000000000e+00 -5.783773493021726608e-03 0.000000000000000000e+00 5.000000000000000000e+01 0.000000000000000000e+00
4.658905267715454102e-01 4.492518603801727295e-01 -3.741036728024482727e-02 -3.571368381381034851e-02 -1.397249794006347656e+01 0.000000000000000000e+00 -5.783773493021726608e-03 0.000000000000000000e+00 5.000000000000000000e+01 0.000000000000000000e+00
4.658905267715454102e-01 4.492518603801727295e-01 -3.741036728024482727e-02 -3.571368381381034851e-02 -1.397249794006347656e+01 0.000000000000000000e+00 -5.783773493021726608e-03 0.000000000000000000e+00 5.000000000000000000e+01 0.000000000000000000e+00
