4.663719832897186279e-01 4.977358877658843994e-01 6.389505416154861450e-02 6.725083291530609131e-02 -7.127278137207031250e+01 -4.058806991577148438e+01 -2.950264327228069305e-02 -4.584114626049995422e-02 1.310000000000000000e+02 8.100000000000000000e+01
4.663719832897186279e-01 4.965122938156127930e-01 6.115223094820976257e-02 6.462719291448593140e-02 -6.714264678955078125e+01 -3.645793151855468750e+01 -2.779301628470420837e-02 -4.117646813392639160e-02 1.250000000000000000e+02 7.500000000000000000e+01
4.663719832897186279e-01 4.969483017921447754e-01 6.237607821822166443e-02 6.556208431720733643e-02 -6.407388305664062500e+01 -3.338916015625000000e+01 -2.652273140847682953e-02 -3.771052137017250061e-02 1.190000000000000000e+02 6.900000000000000000e+01
4.663719832897186279e-01 4.989590644836425781e-01 6.660343706607818604e-02 6.987357884645462036e-02 -6.260797500610351562e+01 -3.192325782775878906e+01 -2.591593377292156219e-02 -3.605489805340766907e-02 1.160000000000000000e+02 6.600000000000000000e+01
4.663719832897186279e-01 4.988025426864624023e-01 6.626132875680923462e-02 6.953796744346618652e-02 -6.149008941650390625e+01 -3.080537414550781250e+01 -2.545319683849811554e-02 -3.479233384132385254e-02 1.140000000000000000e+02 6.400000000000000000e+01
4.663719832897186279e-01 4.986626803874969482e-01 6.693397462368011475e-02 6.923807412385940552e-02 -5.952832031250000000e+01 -2.884360504150390625e+01 -2.464114315807819366e-02 -3.257666155695915222e-02 1.100000000000000000e+02 6.000000000000000000e+01
4.663719832897186279e-01 4.986626803874969482e-01 6.693397462368011475e-02 6.923807412385940552e-02 -5.952832031250000000e+01 -2.884360504150390625e+01 -2.464114315807819366e-02 -3.257666155695915222e-02 1.100000000000000000e+02 6.000000000000000000e+01
4.663719832897186279e-01 4.995262920856475830e-01 6.882147490978240967e-02 7.108984142541885376e-02 -5.812574386596679688e+01 -2.744102859497070312e+01 -2.406056039035320282e-02 -3.099256008863449097e-02 1.080000000000000000e+02 5.800000000000000000e+01
4.663719832897186279e-01 5.005916357040405273e-01 7.111977040767669678e-02 7.337415963411331177e-02 -5.780366516113281250e+01 -2.711894989013671875e+01 -2.392723970115184784e-02 -3.062879666686058044e-02 1.070000000000000000e+02 5.700000000000000000e+01
4.663719832897186279e-01 5.025254487991333008e-01 7.549822330474853516e-02 7.752066105604171753e-02 -5.720011901855468750e+01 -2.651540374755859375e+01 -2.367740683257579803e-02 -2.994713559746742249e-02 1.060000000000000000e+02 5.600000000000000000e+01
4.663719832897186279e-01 5.007995367050170898e-01 7.152554392814636230e-02 7.381994277238845825e-02 -5.585964965820312500e+01 -2.517493438720703125e+01 -2.312253415584564209e-02 -2.843317762017250061e-02 1.030000000000000000e+02 5.300000000000000000e+01
4.663719832897186279e-01 5.000612735748291016e-01 7.052504271268844604e-02 7.223694771528244019e-02 -5.337772369384765625e+01 -2.269300842285156250e+01 -2.209516614675521851e-02 -2.563003078103065491e-02 9.900000000000000000e+01 4.900000000000000000e+01
4.663719832897186279e-01 4.985883235931396484e-01 6.745073944330215454e-02 6.907863914966583252e-02 -5.267545318603515625e+01 -2.199073982238769531e+01 -2.180446870625019073e-02 -2.483687177300453186e-02 9.700000000000000000e+01 4.700000000000000000e+01
4.663719832897186279e-01 4.947167932987213135e-01 5.860831588506698608e-02 6.077725812792778015e-02 -5.063611602783203125e+01 -1.995140075683593750e+01 -2.096030488610267639e-02 -2.253359369933605194e-02 9.400000000000000000e+01 4.400000000000000000e+01
4.663719832897186279e-01 5.002059936523437500e-01 7.045077532529830933e-02 7.254726439714431763e-02 -4.924649429321289062e+01 -1.856177902221679688e+01 -2.038508467376232147e-02 -2.096412144601345062e-02 9.200000000000000000e+01 4.200000000000000000e+01
4.663719832897186279e-01 5.025157332420349121e-01 7.502248883247375488e-02 7.749982923269271851e-02 -4.875491333007812500e+01 -1.807019805908203125e+01 -2.018160000443458557e-02 -2.040891721844673157e-02 9.100000000000000000e+01 4.100000000000000000e+01
4.663719832897186279e-01 5.001298189163208008e-01 7.026032358407974243e-02 7.238392531871795654e-02 -4.723404693603515625e+01 -1.654933547973632812e+01 -1.955205388367176056e-02 -1.869121938943862915e-02 8.800000000000000000e+01 3.800000000000000000e+01
4.663719832897186279e-01 5.015754103660583496e-01 7.312459498643875122e-02 7.548358291387557983e-02 -4.578710174560546875e+01 -1.510238742828369141e+01 -1.895310543477535248e-02 -1.705699972808361053e-02 8.600000000000000000e+01 3.600000000000000000e+01
4.663719832897186279e-01 4.960827827453613281e-01 6.165149062871932983e-02 6.370622664690017700e-02 -4.443927764892578125e+01 -1.375456619262695312e+01 -1.839518733322620392e-02 -1.553473901003599167e-02 8.400000000000000000e+01 3.400000000000000000e+01
4.663719832897186279e-01 4.991820752620697021e-01 6.837047636508941650e-02 7.035176455974578857e-02 -4.383437347412109375e+01 -1.314966487884521484e+01 -1.814479380846023560e-02 -1.485154870897531509e-02 8.200000000000000000e+01 3.200000000000000000e+01
4.663719832897186279e-01 5.065195560455322266e-01 8.525835722684860229e-02 8.608487248420715332e-02 -3.851914978027343750e+01 -7.834434509277343750e+00 -1.594460941851139069e-02 -8.848398923873901367e-03 7.400000000000000000e+01 2.400000000000000000e+01
4.663719832897186279e-01 5.052850842475891113e-01 8.199729025363922119e-02 8.343790471553802490e-02 -3.809440612792968750e+01 -7.409690380096435547e+00 -1.576879248023033142e-02 -8.368683047592639923e-03 7.300000000000000000e+01 2.300000000000000000e+01
4.663719832897186279e-01 5.017375946044921875e-01 7.319170981645584106e-02 7.583133876323699951e-02 -3.723026657104492188e+01 -6.545552730560302734e+00 -1.541109010577201843e-02 -7.392704952508211136e-03 7.100000000000000000e+01 2.100000000000000000e+01
4.663719832897186279e-01 4.903803765773773193e-01 4.918979480862617493e-02 5.147906392812728882e-02 -3.519110107421875000e+01 -4.506386756896972656e+00 -1.456699799746274948e-02 -5.089621990919113159e-03 6.600000000000000000e+01 1.600000000000000000e+01
4.663719832897186279e-01 4.903803765773773193e-01 4.918979480862617493e-02 5.147906392812728882e-02 -3.519110107421875000e+01 -4.506386756896972656e+00 -1.456699799746274948e-02 -5.089621990919113159e-03 6.600000000000000000e+01 1.600000000000000000e+01
4.663719832897186279e-01 4.832649528980255127e-01 3.654848039150238037e-02 3.622209280729293823e-02 -3.371827697753906250e+01 -3.033562183380126953e+00 -1.395733747631311417e-02 -3.426178358495235443e-03 6.300000000000000000e+01 1.300000000000000000e+01
4.663719832897186279e-01 4.855388998985290527e-01 4.115584120154380798e-02 4.109791666269302368e-02 -3.344859695434570312e+01 -2.763884067535400391e+00 -1.384570635855197906e-02 -3.121597226709127426e-03 6.200000000000000000e+01 1.200000000000000000e+01
4.663719832897186279e-01 4.794920682907104492e-01 2.837166190147399902e-02 2.813223190605640411e-02 -3.288061523437500000e+01 -2.195899724960327148e+00 -1.361059583723545074e-02 -2.480102004483342171e-03 6.000000000000000000e+01 1.000000000000000000e+01
4.663719832897186279e-01 4.733471274375915527e-01 1.488788612186908722e-02 1.495618186891078949e-02 -3.248106384277343750e+01 -1.796350717544555664e+00 -1.344520598649978638e-02 -2.028841758146882057e-03 5.900000000000000000e+01 9.000000000000000000e+00
4.663719832897186279e-01 4.585584998130798340e-01 -1.526157837361097336e-02 -1.675375737249851227e-02 -3.135819816589355469e+01 -6.734843850135803223e-01 -1.298040710389614105e-02 -7.606495055370032787e-04 5.400000000000000000e+01 4.000000000000000000e+00
4.663719832897186279e-01 4.548052251338958740e-01 -2.161036059260368347e-02 -2.480157092213630676e-02 -3.077632904052734375e+01 -9.161376953125000000e-02 -1.273954845964908600e-02 -1.034708038787357509e-04 5.200000000000000000e+01 2.000000000000000000e+00
4.663719832897186279e-01 4.548052251338958740e-01 -2.161036059260368347e-02 -2.480157092213630676e-02 -3.077632904052734375e+01 -9.161376953125000000e-02 -1.273954845964908600e-02 -1.034708038787357509e-04 5.200000000000000000e+01 2.000000000000000000e+00
4.663719832897186279e-01 4.548052251338958740e-01 -2.161036059260368347e-02 -2.480157092213630676e-02 -3.077632904052734375e+01 -9.161376953125000000e-02 -1.273954845964908600e-02 -1.034708038787357509e-04 5.200000000000000000e+01 2.000000000000000000e+00
4.663719832897186279e-01 4.548052251338958740e-01 -2.161036059260368347e-02 -2.480157092213630676e-02 -3.077632904052734375e+01 -9.161376953125000000e-02 -1.273954845964908600e-02 -1.034708038787357509e-04 5.200000000000000000e+01 2.000000000000000000e+00
4.663719832897186279e-01 4.497637748718261719e-01 -3.444382920861244202e-02 -3.561150655150413513e-02 -3.069569778442382812e+01 -1.098453998565673828e-02 -1.270617172122001648e-02 -1.240620440512429923e-05 5.100000000000000000e+01 1.000000000000000000e+00
4.663719832897186279e-01 4.497637748718261719e-01 -3.444382920861244202e-02 -3.561150655150413513e-02 -3.069569778442382812e+01 -1.098453998565673828e-02 -1.270617172122001648e-02 -1.240620440512429923e-05 5.100000000000000000e+01 1.000000000000000000e+00
4.663719832897186279e-01 4.497637748718261719e-01 -3.444382920861244202e-02 -3.561150655150413513e-02 -3.069569778442382812e+01 -1.098453998565673828e-02 -1.270617172122001648e-02 -1.240620440512429923e-05 5.100000000000000000e+01 1.000000000000000000e+00
4.663719832897186279e-01 4.497637748718261719e-01 -3.444382920861244202e-02 -3.561150655150413513e-02 -3.069569778442382812e+01 -1.098453998565673828e-02 -1.270617172122001648e-02 -1.240620440512429923e-05 5.100000000000000000e+01 1.000000000000000000e+00
4.663719832897186279e-01 4.497637748718261719e-01 -3.444382920861244202e-02 -3.561150655150413513e-02 -3.069569778442382812e+01 -1.098453998565673828e-02 -1.270617172122001648e-02 -1.240620440512429923e-05 5.100000000000000000e+01 1.000000000000000000e+00
4.663719832897186279e-01 4.412800073623657227e-01 -5.262599885463714600e-02 -5.380249395966529846e-02 -3.068471527099609375e+01 0.000000000000000000e+00 -1.270162593573331833e-02 0.000000000000000000e+00 5.000000000000000000e+01 0.000000000000000000e+00
4.663719832897186279e-01 4.412800073623657227e-01 -5.262599885463714600e-02 -5.380249395966529846e-02 -3.068471527099609375e+01 0.000000000000000000e+00 -1.270162593573331833e-02 0.000000000000000000e+00 5.000000000000000000e+01 0.000000000000000000e+00
4.663719832897186279e-01 4.412800073623657227e-01 -5.262599885463714600e-02 -5.380249395966529846e-02 -3.068471527099609375e+01 0.000000000000000000e+00 -1.270162593573331833e-02 0.000000000000000000e+00 5.000000000000000000e+01 0.000000000000000000e+00
4.663719832897186279e-01 4.412800073623657227e-01 -5.262599885463714600e-02 -5.380249395966529846e-02 -3.068471527099609375e+01 0.000000000000000000e+00 -1.270162593573331833e-02 0.000000000000000000e+00 5.000000000000000000e+01 0.000000000000000000e+00
4.663719832897186279e-01 4.412800073623657227e-01 -5.262599885463714600e-02 -5.380249395966529846e-02 -3.068471527099609375e+01 0.000000000000000000e+00 -1.270162593573331833e-02 0.000000000000000000e+00 5.000000000000000000e+01 0.000000000000000000e+00
4.663719832897186279e-01 4.412800073623657227e-01 -5.262599885463714600e-02 -5.380249395966529846e-02 -3.068471527099609375e+01 0.000000000000000000e+00 -1.270162593573331833e-02 0.000000000000000000e+00 5.000000000000000000e+01 0.000000000000000000e+00
4.663719832897186279e-01 4.412800073623657227e-01 -5.262599885463714600e-02 -5.380249395966529846e-02 -3.068471527099609375e+01 0.000000000000000000e+00 -1.270162593573331833e-02 0.000000000000000000e+00 5.000000000000000000e+01 0.000000000000000000e+00
4.663719832897186279e-01 4.412800073623657227e-01 -5.262599885463714600e-02 -5.380249395966529846e-02 -3.068471527099609375e+01 0.000000000000000000e+00 -1.270162593573331833e-02 0.000000000000000000e+00 5.000000000000000000e+01 0.000000000000000000e+00
4.663719832897186279e-01 4.412800073623657227e-01 -5.262599885463714600e-02 -5.380249395966529846e-02 -3.068471527099609375e+01 0.000000000000000000e+00 -1.270162593573331833e-02 0.000000000000000000e+00 5.000000000000000000e+01 0.000000000000000000e+00
4.663719832897186279e-01 4.412800073623657227e-01 -5.262599885463714600e-02 -5.380249395966529846e-02 -3.068471527099609375e+01 0.000000000000000000e+00 -1.270162593573331833e-02 0.000000000000000000e+00 5.000000000000000000e+01 0.000000000000000000e+00
4.663719832897186279e-01 4.412800073623657227e-01 -5.262599885463714600e-02 -5.380249395966529846e-02 -3.068471527099609375e+01 0.000000000000000000e+00 -1.270162593573331833e-02 0.000000000000000000e+00 5.000000000000000000e+01 0.000000000000000000e+00
4.663719832897186279e-01 4.412800073623657227e-01 -5.262599885463714600e-02 -5.380249395966529846e-02 -3.068471527099609375e+01 0.000000000000000000e+00 -1.270162593573331833e-02 0.000000000000000000e+00 5.000000000000000000e+01 0.000000000000000000e+00
4.663719832897186279e-01 4.412800073623657227e-01 -5.262599885463714600e-02 -5.380249395966529846e-02 -3.068471527099609375e+01 0.000000000000000000e+00 -1.270162593573331833e-02 0.000000000000000000e+00 5.000000000000000000e+01 0.000000000000000000e+00
4.663719832897186279e-01 4.412800073623657227e-01 -5.262599885463714600e-02 -5.380249395966529846e-02 -3.068471527099609375e+01 0.000000000000000000e+00 -1.270162593573331833e-02 0.000000000000000000e+00 5.000000000000000000e+01 0.000000000000000000e+00
4.663719832897186279e-01 4.412800073623657227e-01 -5.262599885463714600e-02 -5.380249395966529846e-02 -3.068471527099609375e+01 0.000000000000000000e+00 -1.270162593573331833e-02 0.000000000000000000e+00 5.000000000000000000e+01 0.000000000000000000e+00
4.663719832897186279e-01 4.412800073623657227e-01 -5.262599885463714600e-02 -5.380249395966529846e-02 -3.068471527099609375e+01 0.000000000000000000e+00 -1.270162593573331833e-02 0.000000000000000000e+00 5.000000000000000000e+01 0.000000000000000000e+00
4.663719832897186279e-01 4.412800073623657227e-01 -5.262599885463714600e-02 -5.380249395966529846e-02 -3.068471527099609375e+01 0.000000000000000000e+00 -1.270162593573331833e-02 0.000000000000000000e+00 5.000000000000000000e+01 0.000000000000000000e+00
4.663719832897186279e-01 4.412800073623657227e-01 -5.262599885463714600e-02 -5.380249395966529846e-02 -3.068471527099609375e+01 0.000000000000000000e+00 -1.270162593573331833e-02 0.000000000000000000e+00 5.000000000000000000e+01 0.000000000000000000e+00
4.663719832897186279e-01 4.412800073623657227e-01 -5.262599885463714600e-02 -5.380249395966529846e-02 -3.068471527099609375e+01 0.000000000000000000e+00 -1.270162593573331833e-02 0.000000000000000000e+00 5.000000000000000000e+01 0.000000000000000000e+00
4.663719832897186279e-01 4.412800073623657227e-01 -5.262599885463714600e-02 -5.380249395966529846e-02 -3.068471527099609375e+01 0.000000000000000000e+00 -1.270162593573331833e-02 0.000000000000000000e+00 5.000000000000000000e+01 0.000000000000000000e+00
4.663719832897186279e-01 4.412800073623657227e-01 -5.262599885463714600e-02 -5.380249395966529846e-02 -3.068471527099609375e+01 0.000000000000000000e+00 -1.270162593573331833e-02 0.000000000000000000e+00 5.000000000000000000e+01 0.000000000000000000e+00
4.663719832897186279e-01 4.412800073623657227e-01 -5.262599885463714600e-02 -5.380249395966529846e-02 -3.068471527099609375e+01 0.000000000000000000e+00 -1.270162593573331833e-02 0.000000000000000000e+00 5.000000000000000000e+01 0.000000000000000000e+00
4.663719832897186279e-01 4.412800073623657227e-01 -5.262599885463714600e-02 -5.380249395966529846e-02 -3.068471527099609375e+01 0.000000000000000000e+00 -1.270162593573331833e-02 0.000000000000000000e+00 5.000000000000000000e+01 0.000000000000000000e+00
4.663719832897186279e-01 4.412800073623657227e-01 -5.262599885463714600e-02 -5.380249395966529846e-02 -3.068471527099609375e+01 0.000000000000000000e+00 -1.270162593573331833e-02 0.000000000000000000e+00 5.000000000000000000e+01 0.000000000000000000e+00
4.663719832897186279e-01 4.412800073623657227e-01 -5.262599885463714600e-02 -5.380249395966529846e-02 -3.068471527099609375e+01 0.000000000000000000e+00 -1.270162593573331833e-02 0.000000000000000000e+00 5.000000000000000000e+01 0.000000000000000000e+00
4.663719832897186279e-01 4.412800073623657227e-01 -5.262599885463714600e-02 -5.380249395966529846e-02 -3.068471527099609375e+01 0.000000000000000000e+00 -1.270162593573331833e-02 0.000000000000000000e+00 5.000000000000000000e+01 0.000000000000000000e+00
4.663719832897186279e-01 4.412800073623657227e-01 -5.262599885463714600e-02 -5.380249395966529846e-02 -3.068471527099609375e+01 0.000000000000000000e+00 -1.270162593573331833e-02 0.000000000000000000e+00 5.000000000000000000e+01 0.000000000000000000e+00
4.663719832897186279e-01 4.412800073623657227e-01 -5.262599885463714600e-02 -5.380249395966529846e-02 -3.068471527099609375e+01 0.000000000000000000e+00 -1.270162593573331833e-02 0.000000000000000000e+00 5.000000000000000000e+01 0.000000000000000000e+00
4.663719832897186279e-01 4.412800073623657227e-01 -5.262599885463714600e-02 -5.380249395966529846e-02 -3.068471527099609375e+01 0.000000000000000000e+00 -1.270162593573331833e-02 0.000000000000000000e+00 5.000000000000000000e+01 0.000000000000000000e+00
4.663719832897186279e-01 4.412800073623657227e-01 -5.262599885463714600e-02 -5.380249395966529846e-02 -3.068471527099609375e+01 0.000000000000000000e+00 -1.270162593573331833e-02 0.000000000000000000e+00 5.000000000000000000e+01 0.000000000000000000e+00
4.663719832897186279e-01 4.412800073623657227e-01 -5.262599885463714600e-02 -5.380249395966529846e-02 -3.068471527099609375e+01 0.000000000000000000e+00 -1.270162593573331833e-02 0.000000000000000000e+00 5.000000000000000000e+01 0.000000000000000000e+00
4.663719832897186279e-01 4.412800073623657227e-01 -5.262599885463714600e-02 -5.380249395966529846e-02 -3.068471527099609375e+01 0.000000000000000000e+00 -1.270162593573331833e-02 0.000000000000000000e+00 5.000000000000000000e+01 0.000000000000000000e+00
4.663719832897186279e-01 4.412800073623657227e-01 -5.262599885463714600e-02 -5.380249395966529846e-02 -3.068471527099609375e+01 0.000000000000000000e+00 -1.270162593573331833e-02 0.000000000000000000e+00 5.000000000000000000e+01 0.000000000000000000e+00
4.663719832897186279e-01 4.412800073623657227e-01 -5.262599885463714600e-02 -5.380249395966529846e-02 -3.068471527099609375e+01 0.000000000000000000e+00 -1.270162593573331833e-02 0.000000000000000000e+00 5.000000000000000000e+01 0.000000000000000000e+00
4.663719832897186279e-01 4.412800073623657227e-01 -5.262599885463714600e-02 -5.380249395966529846e-02 -3.068471527099609375e+01 0.000000000000000000e+00 -1.270162593573331833e-02 0.000000000000000000e+00 5.000000000000000000e+01 0.000000000000000000e+00
4.663719832897186279e-01 4.412800073623657227e-01 -5.262599885463714600e-02 -5.380249395966529846e-02 -3.068471527099609375e+01 0.000000000000000000e+00 -1.270162593573331833e-02 0.000000000000000000e+00 5.000000000000000000e+01 0.000000000000000000e+00
4.663719832897186279e-01 4.412800073623657227e-01 -5.262599885463714600e-02 -5.380249395966529846e-02 -3.068471527099609375e+01 0.000000000000000000e+00 -1.270162593573331833e-02 0.000000000000000000e+00 5.000000000000000000e+01 0.000000000000000000e+00
4.663719832897186279e-01 4.412800073623657227e-01 -5.262599885463714600e-02 -5.380249395966529846e-02 -3.068471527099609375e+01 0.000000000000000000e+00 -1.270162593573331833e-02 0.000000000000000000e+00 5.000000000000000000e+01 0.000000000000000000e+00
4.663719832897186279e-01 4.412800073623657227e-01 -5.262599885463714600e-02 -5.380249395966529846e-02 -3.068471527099609375e+01 0.000000000000000000e+00 -1.270162593573331833e-02 0.000000000000000000e+00 5.000000000000000000e+01 0.000000000000000000e+00
4.663719832897186279e-01 4.412800073623657227e-01 -5.262599885463714600e-02 -5.380249395966529846e-02 -3.068471527099609375e+01 0.000000000000000000e+00 -1.270162593573331833e-02 0.000000000000000000e+00 5.000000000000000000e+01 0.000000000000000000e+00
4.663719832897186279e-01 4.412800073623657227e-01 -5.262599885463714600e-02 -5.380249395966529846e-02 -3.068471527099609375e+01 0.000000000000000000e+00 -1.270162593573331833e-02 0.000000000000000000e+00 5.000000000000000000e+01 0.000000000000000000e+00
4.663719832897186279e-01 4.412800073623657227e-01 -5.262599885463714600e-02 -5.380249395966529846e-02 -3.068471527099609375e+01 0.000000000000000000e+00 -1.270162593573331833e-02 0.000000000000000000e+00 5.000000000000000000e+01 0.000000000000000000e+00
4.663719832897186279e-01 4.412800073623657227e-01 -5.262599885463714600e-02 -5.380249395966529846e-02 -3.068471527099609375e+01 0.000000000000000000e+00 -1.270162593573331833e-02 0.000000000000000000e+00 5.000000000000000000e+01 0.000000000000000000e+00
4.663719832897186279e-01 4.412800073623657227e-01 -5.262599885463714600e-02 -5.380249395966529846e-02 -3.068471527099609375e+01 0.000000000000000000e+00 -1.270162593573331833e-02 0.000000000000000000e+00 5.000000000000000000e+01 0.000000000000000000e+00
4.663719832897186279e-01 4.412800073623657227e-01 -5.262599885463714600e-02 -5.380249395966529846e-02 -3.068471527099609375e+01 0.000000000000000000e+00 -1.270162593573331833e-02 0.000000000000000000e+00 5.000000000000000000e+01 0.000000000000000000e+00
4.663719832897186279e-01 4.412800073623657227e-01 -5.262599885463714600e-02 -5.380249395966529846e-02 -3.068471527099609375e+01 0.000000000000000000e+00 -1.270162593573331833e-02 0.000000000000000000e+00 5.000000000000000000e+01 0.000000000000000000e+00
4.663719832897186279e-01 4.412800073623657227e-01 -5.262599885463714600e-02 -5.380249395966529846e-02 -3.068471527099609375e+01 0.000000000000000000e+00 -1.270162593573331833e-02 0.000000000000000000e+00 5.000000000000000000e+01 0.000000000000000000e+00
4.663719832897186279e-01 4.412800073623657227e-01 -5.262599885463714600e-02 -5.380249395966529846e-02 -3.068471527099609375e+01 0.000000000000000000e+00 -1.270162593573331833e-02 0.000000000000000000e+00 5.000000000000000000e+01 0.000000000000000000e+00
4.663719832897186279e-01 4.412800073623657227e-01 -5.262599885463714600e-02 -5.380249395966529846e-02 -3.068471527099609375e+01 0.000000000000000000e+00 -1.270162593573331833e-02 0.000000000000000000e+00 5.000000000000000000e+01 0.000000000000000000e+00
4.663719832897186279e-01 4.412800073623657227e-01 -5.262599885463714600e-02 -5.380249395966529846e-02 -3.068471527099609375e+01 0.000000000000000000e+00 -1.270162593573331833e-02 0.000000000000000000e+00 5.000000000000000000e+01 0.000000000000000000e+00
4.663719832897186279e-01 4.412800073623657227e-01 -5.262599885463714600e-02 -5.380249395966529846e-02 -3.068471527099609375e+01 0.000000000000000000e+00 -1.270162593573331833e-02 0.000000000000000000e+00 5.000000000000000000e+01 0.000000000000000000e+00
4.663719832897186279e-01 4.412800073623657227e-01 -5.262599885463714600e-02 -5.380249395966529846e-02 -3.068471527099609375e+01 0.000000000000000000e+00 -1.270162593573331833e-02 0.000000000000000000e+00 5.000000000000000000e+01 0.000000000000000000e+00
