4.207751452922821045e-01 3.078364431858062744e-01 -2.772554457187652588e-01 -2.684063017368316650e-01 -3.718459320068359375e+01 -1.118733882904052734e+00 -1.539218425750732422e-02 -1.039198483340442181e-03 5.800000000000000000e+01 8.000000000000000000e+00
4.207751452922821045e-01 3.148784041404724121e-01 -2.617946267127990723e-01 -2.516706287860870361e-01 -3.652936553955078125e+01 -4.635058641433715820e-01 -1.512095890939235687e-02 -4.305533366277813911e-04 5.300000000000000000e+01 3.000000000000000000e+00
4.207751452922821045e-01 3.148784041404724121e-01 -2.617946267127990723e-01 -2.516706287860870361e-01 -3.652936553955078125e+01 -4.635058641433715820e-01 -1.512095890939235687e-02 -4.305533366277813911e-04 5.300000000000000000e+01 3.000000000000000000e+00
4.207751452922821045e-01 3.148784041404724121e-01 -2.617946267127990723e-01 -2.516706287860870361e-01 -3.652936553955078125e+01 -4.635058641433715820e-01 -1.512095890939235687e-02 -4.305533366277813911e-04 5.300000000000000000e+01 3.000000000000000000e+00
4.207751452922821045e-01 3.148784041404724121e-01 -2.617946267127990723e-01 -2.516706287860870361e-01 -3.652936553955078125e+01 -4.635058641433715820e-01 -1.512095890939235687e-02 -4.305533366277813911e-04 5.300000000000000000e+01 3.000000000000000000e+00
4.207751452922821045e-01 3.148784041404724121e-01 -2.617946267127990723e-01 -2.516706287860870361e-01 -3.652936553955078125e+01 -4.635058641433715820e-01 -1.512095890939235687e-02 -4.305533366277813911e-04 5.300000000000000000e+01 3.000000000000000000e+00
4.207751452922821045e-01 3.148784041404724121e-01 -2.617946267127990723e-01 -2.516706287860870361e-01 -3.652936553955078125e+01 -4.635058641433715820e-01 -1.512095890939235687e-02 -4.305533366277813911e-04 5.300000000000000000e+01 3.000000000000000000e+00
4.207751452922821045e-01 3.148784041404724121e-01 -2.617946267127990723e-01 -2.516706287860870361e-01 -3.652936553955078125e+01 -4.635058641433715820e-01 -1.512095890939235687e-02 -4.305533366277813911e-04 5.300000000000000000e+01 3.000000000000000000e+00
4.207751452922821045e-01 3.148784041404724121e-01 -2.617946267127990723e-01 -2.516706287860870361e-01 -3.652936553955078125e+01 -4.635058641433715820e-01 -1.512095890939235687e-02 -4.305533366277813911e-04 5.300000000000000000e+01 3.000000000000000000e+00
4.207751452922821045e-01 3.148784041404724121e-01 -2.617946267127990723e-01 -2.516706287860870361e-01 -3.652936553955078125e+01 -4.635058641433715820e-01 -1.512095890939235687e-02 -4.305533366277813911e-04 5.300000000000000000e+01 3.000000000000000000e+00
4.207751452922821045e-01 3.148784041404724121e-01 -2.617946267127990723e-01 -2.516706287860870361e-01 -3.652936553955078125e+01 -4.635058641433715820e-01 -1.512095890939235687e-02 -4.305533366277813911e-04 5.300000000000000000e+01 3.000000000000000000e+00
4.207751452922821045e-01 3.148784041404724121e-01 -2.617946267127990723e-01 -2.516706287860870361e-01 -3.652936553955078125e+01 -4.635058641433715820e-01 -1.512095890939235687e-02 -4.305533366277813911e-04 5.300000000000000000e+01 3.000000000000000000e+00
4.207751452922821045e-01 3.148784041404724121e-01 -2.617946267127990723e-01 -2.516706287860870361e-01 -3.652936553955078125e+01 -4.635058641433715820e-01 -1.512095890939235687e-02 -4.305533366277813911e-04 5.300000000000000000e+01 3.000000000000000000e+00
4.207751452922821045e-01 3.148784041404724121e-01 -2.617946267127990723e-01 -2.516706287860870361e-01 -3.652936553955078125e+01 -4.635058641433715820e-01 -1.512095890939235687e-02 -4.305533366277813911e-04 5.300000000000000000e+01 3.000000000000000000e+00
4.207751452922821045e-01 3.148784041404724121e-01 -2.617946267127990723e-01 -2.516706287860870361e-01 -3.652936553955078125e+01 -4.635058641433715820e-01 -1.512095890939235687e-02 -4.305533366277813911e-04 5.300000000000000000e+01 3.000000000000000000e+00
4.207751452922821045e-01 3.148784041404724121e-01 -2.617946267127990723e-01 -2.516706287860870361e-01 -3.652936553955078125e+01 -4.635058641433715820e-01 -1.512095890939235687e-02 -4.305533366277813911e-04 5.300000000000000000e+01 3.000000000000000000e+00
4.207751452922821045e-01 3.148784041404724121e-01 -2.617946267127990723e-01 -2.516706287860870361e-01 -3.652936553955078125e+01 -4.635058641433715820e-01 -1.512095890939235687e-02 -4.305533366277813911e-04 5.300000000000000000e+01 3.000000000000000000e+00
4.207751452922821045e-01 3.148784041404724121e-01 -2.617946267127990723e-01 -2.516706287860870361e-01 -3.652936553955078125e+01 -4.635058641433715820e-01 -1.512095890939235687e-02 -4.305533366277813911e-04 5.300000000000000000e+01 3.000000000000000000e+00
4.207751452922821045e-01 3.148784041404724121e-01 -2.617946267127990723e-01 -2.516706287860870361e-01 -3.652936553955078125e+01 -4.635058641433715820e-01 -1.512095890939235687e-02 -4.305533366277813911e-04 5.300000000000000000e+01 3.000000000000000000e+00
4.207751452922821045e-01 3.148784041404724121e-01 -2.617946267127990723e-01 -2.516706287860870361e-01 -3.652936553955078125e+01 -4.635058641433715820e-01 -1.512095890939235687e-02 -4.305533366277813911e-04 5.300000000000000000e+01 3.000000000000000000e+00
4.207751452922821045e-01 3.174743652343750000e-01 -2.556100785732269287e-01 -2.455011457204818726e-01 -3.644179153442382812e+01 -3.759303092956542969e-01 -1.508470904082059860e-02 -3.492038813419640064e-04 5.200000000000000000e+01 2.000000000000000000e+00
4.207751452922821045e-01 3.196660876274108887e-01 -2.503885924816131592e-01 -2.402923703193664551e-01 -3.617581558227539062e+01 -1.099537611007690430e-01 -1.497461088001728058e-02 -1.021366988425143063e-04 5.100000000000000000e+01 1.000000000000000000e+00
4.207751452922821045e-01 3.196660876274108887e-01 -2.503885924816131592e-01 -2.402923703193664551e-01 -3.617581558227539062e+01 -1.099537611007690430e-01 -1.497461088001728058e-02 -1.021366988425143063e-04 5.100000000000000000e+01 1.000000000000000000e+00
4.207751452922821045e-01 3.196660876274108887e-01 -2.503885924816131592e-01 -2.402923703193664551e-01 -3.617581558227539062e+01 -1.099537611007690430e-01 -1.497461088001728058e-02 -1.021366988425143063e-04 5.100000000000000000e+01 1.000000000000000000e+00
4.207751452922821045e-01 3.196660876274108887e-01 -2.503885924816131592e-01 -2.402923703193664551e-01 -3.617581558227539062e+01 -1.099537611007690430e-01 -1.497461088001728058e-02 -1.021366988425143063e-04 5.100000000000000000e+01 1.000000000000000000e+00
4.207751452922821045e-01 3.196660876274108887e-01 -2.503885924816131592e-01 -2.402923703193664551e-01 -3.617581558227539062e+01 -1.099537611007690430e-01 -1.497461088001728058e-02 -1.021366988425143063e-04 5.100000000000000000e+01 1.000000000000000000e+00
4.207751452922821045e-01 3.226342797279357910e-01 -2.428848594427108765e-01 -2.332382649183273315e-01 -3.606586074829101562e+01 0.000000000000000000e+00 -1.492909621447324753e-02 0.000000000000000000e+00 5.000000000000000000e+01 0.000000000000000000e+00
4.207751452922821045e-01 3.226342797279357910e-01 -2.428848594427108765e-01 -2.332382649183273315e-01 -3.606586074829101562e+01 0.000000000000000000e+00 -1.492909621447324753e-02 0.000000000000000000e+00 5.000000000000000000e+01 0.000000000000000000e+00
4.207751452922821045e-01 3.226342797279357910e-01 -2.428848594427108765e-01 -2.332382649183273315e-01 -3.606586074829101562e+01 0.000000000000000000e+00 -1.492909621447324753e-02 0.000000000000000000e+00 5.000000000000000000e+01 0.000000000000000000e+00
4.207751452922821045e-01 3.226342797279357910e-01 -2.428848594427108765e-01 -2.332382649183273315e-01 -3.606586074829101562e+01 0.000000000000000000e+00 -1.492909621447324753e-02 0.000000000000000000e+00 5.000000000000000000e+01 0.000000000000000000e+00
4.207751452922821045e-01 3.226342797279357910e-01 -2.428848594427108765e-01 -2.332382649183273315e-01 -3.606586074829101562e+01 0.000000000000000000e+00 -1.492909621447324753e-02 0.000000000000000000e+00 5.000000000000000000e+01 0.000000000000000000e+00
4.207751452922821045e-01 3.226342797279357910e-01 -2.428848594427108765e-01 -2.332382649183273315e-01 -3.606586074829101562e+01 0.000000000000000000e+00 -1.492909621447324753e-02 0.000000000000000000e+00 5.000000000000000000e+01 0.000000000000000000e+00
4.207751452922821045e-01 3.226342797279357910e-01 -2.428848594427108765e-01 -2.332382649183273315e-01 -3.606586074829101562e+01 0.000000000000000000e+00 -1.492909621447324753e-02 0.000000000000000000e+00 5.000000000000000000e+01 0.000000000000000000e+00
4.207751452922821045e-01 3.226342797279357910e-01 -2.428848594427108765e-01 -2.332382649183273315e-01 -3.606586074829101562e+01 0.000000000000000000e+00 -1.492909621447324753e-02 0.000000000000000000e+00 5.000000000000000000e+01 0.000000000000000000e+00
4.207751452922821045e-01 3.226342797279357910e-01 -2.428848594427108765e-01 -2.332382649183273315e-01 -3.606586074829101562e+01 0.000000000000000000e+00 -1.492909621447324753e-02 0.000000000000000000e+00 5.000000000000000000e+01 0.000000000000000000e+00
4.207751452922821045e-01 3.226342797279357910e-01 -2.428848594427108765e-01 -2.332382649183273315e-01 -3.606586074829101562e+01 0.000000000000000000e+00 -1.492909621447324753e-02 0.000000000000000000e+00 5.000000000000000000e+01 0.000000000000000000e+00
4.207751452922821045e-01 3.226342797279357910e-01 -2.428848594427108765e-01 -2.332382649183273315e-01 -3.606586074829101562e+01 0.000000000000000000e+00 -1.492909621447324753e-02 0.000000000000000000e+00 5.000000000000000000e+01 0.000000000000000000e+00
4.207751452922821045e-01 3.226342797279357910e-01 -2.428848594427108765e-01 -2.332382649183273315e-01 -3.606586074829101562e+01 0.000000000000000000e+00 -1.492909621447324753e-02 0.000000000000000000e+00 5.000000000000000000e+01 0.000000000000000000e+00
4.207751452922821045e-01 3.226342797279357910e-01 -2.428848594427108765e-01 -2.332382649183273315e-01 -3.606586074829101562e+01 0.000000000000000000e+00 -1.492909621447324753e-02 0.000000000000000000e+00 5.000000000000000000e+01 0.000000000000000000e+00
4.207751452922821045e-01 3.226342797279357910e-01 -2.428848594427108765e-01 -2.332382649183273315e-01 -3.606586074829101562e+01 0.000000000000000000e+00 -1.492909621447324753e-02 0.000000000000000000e+00 5.000000000000000000e+01 0.000000000000000000e+00
4.207751452922821045e-01 3.226342797279357910e-01 -2.428848594427108765e-01 -2.332382649183273315e-01 -3.606586074829101562e+01 0.000000000000000000e+00 -1.492909621447324753e-02 0.000000000000000000e+00 5.000000000000000000e+01 0.000000000000000000e+00
4.207751452922821045e-01 3.226342797279357910e-01 -2.428848594427108765e-01 -2.332382649183273315e-01 -3.606586074829101562e+01 0.000000000000000000e+00 -1.492909621447324753e-02 0.000000000000000000e+00 5.000000000000000000e+01 0.000000000000000000e+00
4.207751452922821045e-01 3.226342797279357910e-01 -2.428848594427108765e-01 -2.332382649183273315e-01 -3.606586074829101562e+01 0.000000000000000000e+00 -1.492909621447324753e-02 0.000000000000000000e+00 5.000000000000000000e+01 0.000000000000000000e+00
4.207751452922821045e-01 3.226342797279357910e-01 -2.428848594427108765e-01 -2.332382649183273315e-01 -3.606586074829101562e+01 0.000000000000000000e+00 -1.492909621447324753e-02 0.000000000000000000e+00 5.000000000000000000e+01 0.000000000000000000e+00
4.207751452922821045e-01 3.226342797279357910e-01 -2.428848594427108765e-01 -2.332382649183273315e-01 -3.606586074829101562e+01 0.000000000000000000e+00 -1.492909621447324753e-02 0.000000000000000000e+00 5.000000000000000000e+01 0.000000000000000000e+00
4.207751452922821045e-01 3.226342797279357910e-01 -2.428848594427108765e-01 -2.332382649183273315e-01 -3.606586074829101562e+01 0.000000000000000000e+00 -1.492909621447324753e-02 0.000000000000000000e+00 5.000000000000000000e+01 0.000000000000000000e+00
4.207751452922821045e-01 3.226342797279357910e-01 -2.428848594427108765e-01 -2.332382649183273315e-01 -3.606586074829101562e+01 0.000000000000000000e+00 -1.492909621447324753e-02 0.000000000000000000e+00 5.000000000000000000e+01 0.000000000000000000e+00
4.207751452922821045e-01 3.226342797279357910e-01 -2.428848594427108765e-01 -2.332382649183273315e-01 -3.606586074829101562e+01 0.000000000000000000e+00 -1.492909621447324753e-02 0.000000000000000000e+00 5.000000000000000000e+01 0.000000000000000000e+00
4.207751452922821045e-01 3.226342797279357910e-01 -2.428848594427108765e-01 -2.332382649183273315e-01 -3.606586074829101562e+01 0.000000000000000000e+00 -1.492909621447324753e-02 0.000000000000000000e+00 5.000000000000000000e+01 0.000000000000000000e+00
4.207751452922821045e-01 3.226342797279357910e-01 -2.428848594427108765e-01 -2.332382649183273315e-01 -3.606586074829101562e+01 0.000000000000000000e+00 -1.492909621447324753e-02 0.000000000000000000e+00 5.000000000000000000e+01 0.000000000000000000e+00
4.207751452922821045e-01 3.226342797279357910e-01 -2.428848594427108765e-01 -2.332382649183273315e-01 -3.606586074829101562e+01 0.000000000000000000e+00 -1.492909621447324753e-02 0.000000000000000000e+00 5.000000000000000000e+01 0.000000000000000000e+00
4.207751452922821045e-01 3.226342797279357910e-01 -2.428848594427108765e-01 -2.332382649183273315e-01 -3.606586074829101562e+01 0.000000000000000000e+00 -1.492909621447324753e-02 0.000000000000000000e+00 5.000000000000000000e+01 0.000000000000000000e+00
4.207751452922821045e-01 3.226342797279357910e-01 -2.428848594427108765e-01 -2.332382649183273315e-01 -3.606586074829101562e+01 0.000000000000000000e+00 -1.492909621447324753e-02 0.000000000000000000e+00 5.000000000000000000e+01 0.000000000000000000e+00
4.207751452922821045e-01 3.226342797279357910e-01 -2.428848594427108765e-01 -2.332382649183273315e-01 -3.606586074829101562e+01 0.000000000000000000e+00 -1.492909621447324753e-02 0.000000000000000000e+00 5.000000000000000000e+01 0.000000000000000000e+00
4.207751452922821045e-01 3.226342797279357910e-01 -2.428848594427108765e-01 -2.332382649183273315e-01 -3.606586074829101562e+01 0.000000000000000000e+00 -1.492909621447324753e-02 0.000000000000000000e+00 5.000000000000000000e+01 0.000000000000000000e+00
4.207751452922821045e-01 3.226342797279357910e-01 -2.428848594427108765e-01 -2.332382649183273315e-01 -3.606586074829101562e+01 0.000000000000000000e+00 -1.492909621447324753e-02 0.000000000000000000e+00 5.000000000000000000e+01 0.000000000000000000e+00
4.207751452922821045e-01 3.226342797279357910e-01 -2.428848594427108765e-01 -2.332382649183273315e-01 -3.606586074829101562e+01 0.000000000000000000e+00 -1.492909621447324753e-02 0.000000000000000000e+00 5.000000000000000000e+01 0.000000000000000000e+00
4.207751452922821045e-01 3.226342797279357910e-01 -2.428848594427108765e-01 -2.332382649183273315e-01 -3.606586074829101562e+01 0.000000000000000000e+00 -1.492909621447324753e-02 0.000000000000000000e+00 5.000000000000000000e+01 0.000000000000000000e+00
4.207751452922821045e-01 3.226342797279357910e-01 -2.428848594427108765e-01 -2.332382649183273315e-01 -3.606586074829101562e+01 0.000000000000000000e+00 -1.492909621447324753e-02 0.000000000000000000e+00 5.000000000000000000e+01 0.000000000000000000e+00
4.207751452922821045e-01 3.226342797279357910e-01 -2.428848594427108765e-01 -2.332382649183273315e-01 -3.606586074829101562e+01 0.000000000000000000e+00 -1.492909621447324753e-02 0.000000000000000000e+00 5.000000000000000000e+01 0.000000000000000000e+00
4.207751452922821045e-01 3.226342797279357910e-01 -2.428848594427108765e-01 -2.332382649183273315e-01 -3.606586074829101562e+01 0.000000000000000000e+00 -1.492909621447324753e-02 0.000000000000000000e+00 5.000000000000000000e+01 0.000000000000000000e+00
4.207751452922821045e-01 3.226342797279357910e-01 -2.428848594427108765e-01 -2.332382649183273315e-01 -3.606586074829101562e+01 0.000000000000000000e+00 -1.492909621447324753e-02 0.000000000000000000e+00 5.000000000000000000e+01 0.000000000000000000e+00
4.207751452922821045e-01 3.226342797279357910e-01 -2.428848594427108765e-01 -2.332382649183273315e-01 -3.606586074829101562e+01 0.000000000000000000e+00 -1.492909621447324753e-02 0.000000000000000000e+00 5.000000000000000000e+01 0.000000000000000000e+00
4.207751452922821045e-01 3.226342797279357910e-01 -2.428848594427108765e-01 -2.332382649183273315e-01 -3.606586074829101562e+01 0.000000000000000000e+00 -1.492909621447324753e-02 0.000000000000000000e+00 5.000000000000000000e+01 0.000000000000000000e+00
4.207751452922821045e-01 3.226342797279357910e-01 -2.428848594427108765e-01 -2.332382649183273315e-01 -3.606586074829101562e+01 0.000000000000000000e+00 -1.492909621447324753e-02 0.000000000000000000e+00 5.000000000000000000e+01 0.000000000000000000e+00
4.207751452922821045e-01 3.226342797279357910e-01 -2.428848594427108765e-01 -2.332382649183273315e-01 -3.606586074829101562e+01 0.000000000000000000e+00 -1.492909621447324753e-02 0.000000000000000000e+00 5.000000000000000000e+01 0.000000000000000000e+00
4.207751452922821045e-01 3.226342797279357910e-01 -2.428848594427108765e-01 -2.332382649183273315e-01 -3.606586074829101562e+01 0.000000000000000000e+00 -1.492909621447324753e-02 0.000000000000000000e+00 5.000000000000000000e+01 0.000000000000000000e+00
4.207751452922821045e-01 3.226342797279357910e-01 -2.428848594427108765e-01 -2.332382649183273315e-01 -3.606586074829101562e+01 0.000000000000000000e+00 -1.492909621447324753e-02 0.000000000000000000e+00 5.000000000000000000e+01 0.000000000000000000e+00
4.207751452922821045e-01 3.226342797279357910e-01 -2.428848594427108765e-01 -2.332382649183273315e-01 -3.606586074829101562e+01 0.000000000000000000e+00 -1.492909621447324753e-02 0.000000000000000000e+00 5.000000000000000000e+01 0.000000000000000000e+00
4.207751452922821045e-01 3.226342797279357910e-01 -2.428848594427108765e-01 -2.332382649183273315e-01 -3.606586074829101562e+01 0.000000000000000000e+00 -1.492909621447324753e-02 0.000000000000000000e+00 5.000000000000000000e+01 0.000000000000000000e+00
4.207751452922821045e-01 3.226342797279357910e-01 -2.428848594427108765e-01 -2.332382649183273315e-01 -3.606586074829101562e+01 0.000000000000000000e+00 -1.492909621447324753e-02 0.000000000000000000e+00 5.000000000000000000e+01 0.000000000000000000e+00
4.207751452922821045e-01 3.226342797279357910e-01 -2.428848594427108765e-01 -2.332382649183273315e-01 -3.606586074829101562e+01 0.000000000000000000e+00 -1.492909621447324753e-02 0.000000000000000000e+00 5.000000000000000000e+01 0.000000000000000000e+00
4.207751452922821045e-01 3.226342797279357910e-01 -2.428848594427108765e-01 -2.332382649183273315e-01 -3.606586074829101562e+01 0.000000000000000000e+00 -1.492909621447324753e-02 0.000000000000000000e+00 5.000000000000000000e+01 0.000000000000000000e+00
4.207751452922821045e-01 3.226342797279357910e-01 -2.428848594427108765e-01 -2.332382649183273315e-01 -3.606586074829101562e+01 0.000000000000000000e+00 -1.492909621447324753e-02 0.000000000000000000e+00 5.000000000000000000e+01 0.000000000000000000e+00
4.207751452922821045e-01 3.226342797279357910e-01 -2.428848594427108765e-01 -2.332382649183273315e-01 -3.606586074829101562e+01 0.000000000000000000e+00 -1.492909621447324753e-02 0.000000000000000000e+00 5.000000000000000000e+01 0.000000000000000000e+00
4.207751452922821045e-01 3.226342797279357910e-01 -2.428848594427108765e-01 -2.332382649183273315e-01 -3.606586074829101562e+01 0.000000000000000000e+00 -1.492909621447324753e-02 0.000000000000000000e+00 5.000000000000000000e+01 0.000000000000000000e+00
4.207751452922821045e-01 3.226342797279357910e-01 -2.428848594427108765e-01 -2.332382649183273315e-01 -3.606586074829101562e+01 0.000000000000000000e+00 -1.492909621447324753e-02 0.000000000000000000e+00 5.000000000000000000e+01 0.000000000000000000e+00
4.207751452922821045e-01 3.226342797279357910e-01 -2.428848594427108765e-01 -2.332382649183273315e-01 -3.606586074829101562e+01 0.000000000000000000e+00 -1.492909621447324753e-02 0.000000000000000000e+00 5.000000000000000000e+01 0.000000000000000000e+00
4.207751452922821045e-01 3.226342797279357910e-01 -2.428848594427108765e-01 -2.332382649183273315e-01 -3.606586074829101562e+01 0.000000000000000000e+00 -1.492909621447324753e-02 0.000000000000000000e+00 5.000000000000000000e+01 0.000000000000000000e+00
4.207751452922821045e-01 3.226342797279357910e-01 -2.428848594427108765e-01 -2.332382649183273315e-01 -3.606586074829101562e+01 0.000000000000000000e+00 -1.492909621447324753e-02 0.000000000000000000e+00 5.000000000000000000e+01 0.000000000000000000e+00
4.207751452922821045e-01 3.226342797279357910e-01 -2.428848594427108765e-01 -2.332382649183273315e-01 -3.606586074829101562e+01 0.000000000000000000e+00 -1.492909621447324753e-02 0.000000000000000000e+00 5.000000000000000000e+01 0.000000000000000000e+00
4.207751452922821045e-01 3.226342797279357910e-01 -2.428848594427108765e-01 -2.332382649183273315e-01 -3.606586074829101562e+01 0.000000000000000000e+00 -1.492909621447324753e-02 0.000000000000000000e+00 5.000000000000000000e+01 0.000000000000000000e+00
4.207751452922821045e-01 3.226342797279357910e-01 -2.428848594427108765e-01 -2.332382649183273315e-01 -3.606586074829101562e+01 0.000000000000000000e+00 -1.492909621447324753e-02 0.000000000000000000e+00 5.000000000000000000e+01 0.000000000000000000e+00
4.207751452922821045e-01 3.226342797279357910e-01 -2.428848594427108765e-01 -2.332382649183273315e-01 -3.606586074829101562e+01 0.000000000000000000e+00 -1.492909621447324753e-02 0.000000000000000000e+00 5.000000000000000000e+01 0.000000000000000000e+00
4.207751452922821045e-01 3.226342797279357910e-01 -2.428848594427108765e-01 -2.332382649183273315e-01 -3.606586074829101562e+01 0.000000000000000000e+00 -1.492909621447324753e-02 0.000000000000000000e+00 5.000000000000000000e+01 0.000000000000000000e+00
4.207751452922821045e-01 3.226342797279357910e-01 -2.428848594427108765e-01 -2.332382649183273315e-01 -3.606586074829101562e+01 0.000000000000000000e+00 -1.492909621447324753e-02 0.000000000000000000e+00 5.000000000000000000e+01 0.000000000000000000e+00
4.207751452922821045e-01 3.226342797279357910e-01 -2.428848594427108765e-01 -2.332382649183273315e-01 -3.606586074829101562e+01 0.000000000000000000e+00 -1.492909621447324753e-02 0.000000000000000000e+00 5.000000000000000000e+01 0.000000000000000000e+00
4.207751452922821045e-01 3.226342797279357910e-01 -2.428848594427108765e-01 -2.332382649183273315e-01 -3.606586074829101562e+01 0.000000000000000000e+00 -1.492909621447324753e-02 0.000000000000000000e+00 5.000000000000000000e+01 0.000000000000000000e+00
4.207751452922821045e-01 3.226342797279357910e-01 -2.428848594427108765e-01 -2.332382649183273315e-01 -3.606586074829101562e+01 0.000000000000000000e+00 -1.492909621447324753e-02 0.000000000000000000e+00 5.000000000000000000e+01 0.000000000000000000e+00
4.207751452922821045e-01 3.226342797279357910e-01 -2.428848594427108765e-01 -2.332382649183273315e-01 -3.606586074829101562e+01 0.000000000000000000e+00 -1.492909621447324753e-02 0.000000000000000000e+00 5.000000000000000000e+01 0.000000000000000000e+00
4.207751452922821045e-01 3.226342797279357910e-01 -2.428848594427108765e-01 -2.332382649183273315e-01 -3.606586074829101562e+01 0.000000000000000000e+00 -1.492909621447324753e-02 0.000000000000000000e+00 5.000000000000000000e+01 0.000000000000000000e+00
