4.361914396286010742e-01 2.796712517738342285e-01 -3.576649427413940430e-01 -3.588337004184722900e-01 -5.334122467041015625e+01 -2.977266883850097656e+01 -2.208005823194980621e-02 -2.767675556242465973e-02 1.480000000000000000e+02 9.900000000000000000e+01
4.361914396286010742e-01 3.033497631549835205e-01 -2.998282313346862793e-01 -3.045490086078643799e-01 -4.645411682128906250e+01 -2.288555908203125000e+01 -1.922920905053615570e-02 -2.127447910606861115e-02 1.270000000000000000e+02 7.800000000000000000e+01
4.361914396286010742e-01 3.041358590126037598e-01 -2.987184226512908936e-01 -3.027468323707580566e-01 -4.456566619873046875e+01 -2.099711036682128906e+01 -1.844750344753265381e-02 -1.951897144317626953e-02 1.210000000000000000e+02 7.200000000000000000e+01
4.361914396286010742e-01 3.043000400066375732e-01 -2.983019649982452393e-01 -3.023704588413238525e-01 -4.419834136962890625e+01 -2.062978363037109375e+01 -1.829545386135578156e-02 -1.917750388383865356e-02 1.200000000000000000e+02 7.100000000000000000e+01
4.361914396286010742e-01 3.043000698089599609e-01 -2.983019649982452393e-01 -3.023703694343566895e-01 -4.419834136962890625e+01 -2.062978363037109375e+01 -1.829545386135578156e-02 -1.917750388383865356e-02 1.200000000000000000e+02 7.100000000000000000e+01
4.361914396286010742e-01 3.084451854228973389e-01 -2.884366810321807861e-01 -2.928673923015594482e-01 -4.389694213867187500e+01 -2.032838439941406250e+01 -1.817069202661514282e-02 -1.889732293784618378e-02 1.190000000000000000e+02 7.000000000000000000e+01
4.361914396286010742e-01 3.084451854228973389e-01 -2.884366810321807861e-01 -2.928673923015594482e-01 -4.389694213867187500e+01 -2.032838439941406250e+01 -1.817069202661514282e-02 -1.889732293784618378e-02 1.190000000000000000e+02 7.000000000000000000e+01
4.361914396286010742e-01 3.041651546955108643e-01 -2.967359721660614014e-01 -3.026796877384185791e-01 -4.319194793701171875e+01 -1.962339019775390625e+01 -1.787886768579483032e-02 -1.824195869266986847e-02 1.180000000000000000e+02 6.900000000000000000e+01
4.361914396286010742e-01 3.048103749752044678e-01 -2.953827977180480957e-01 -3.012004792690277100e-01 -4.300919723510742188e+01 -1.944063949584960938e+01 -1.780322007834911346e-02 -1.807207241654396057e-02 1.170000000000000000e+02 6.800000000000000000e+01
4.361914396286010742e-01 3.048103749752044678e-01 -2.953827977180480957e-01 -3.012004792690277100e-01 -4.300919723510742188e+01 -1.944063949584960938e+01 -1.780322007834911346e-02 -1.807207241654396057e-02 1.170000000000000000e+02 6.800000000000000000e+01
4.361914396286010742e-01 3.048103749752044678e-01 -2.953827977180480957e-01 -3.012004792690277100e-01 -4.300919723510742188e+01 -1.944063949584960938e+01 -1.780322007834911346e-02 -1.807207241654396057e-02 1.170000000000000000e+02 6.800000000000000000e+01
4.361914396286010742e-01 3.241268098354339600e-01 -2.575086057186126709e-01 -2.569161653518676758e-01 -4.165927124023437500e+01 -1.809071731567382812e+01 -1.724443212151527405e-02 -1.681718043982982635e-02 1.140000000000000000e+02 6.500000000000000000e+01
4.361914396286010742e-01 3.239673972129821777e-01 -2.578109800815582275e-01 -2.572816312313079834e-01 -4.044113159179687500e+01 -1.687257385253906250e+01 -1.674019545316696167e-02 -1.568479090929031372e-02 1.110000000000000000e+02 6.200000000000000000e+01
4.361914396286010742e-01 3.244197666645050049e-01 -2.567419111728668213e-01 -2.562445402145385742e-01 -4.008819961547851562e+01 -1.651964187622070312e+01 -1.659410260617733002e-02 -1.535670552402734756e-02 1.100000000000000000e+02 6.100000000000000000e+01
4.361914396286010742e-01 3.370598256587982178e-01 -2.289373129606246948e-01 -2.272662967443466187e-01 -3.454825210571289062e+01 -1.097969436645507812e+01 -1.430089771747589111e-02 -1.020675431936979294e-02 9.300000000000000000e+01 4.400000000000000000e+01
4.361914396286010742e-01 3.370598256587982178e-01 -2.289373129606246948e-01 -2.272662967443466187e-01 -3.454825210571289062e+01 -1.097969436645507812e+01 -1.430089771747589111e-02 -1.020675431936979294e-02 9.300000000000000000e+01 4.400000000000000000e+01
4.361914396286010742e-01 3.500739336013793945e-01 -1.992829889059066772e-01 -1.974305212497711182e-01 -3.402294921875000000e+01 -1.045439338684082031e+01 -1.408345345407724380e-02 -9.718433022499084473e-03 9.100000000000000000e+01 4.200000000000000000e+01
4.361914396286010742e-01 3.500739336013793945e-01 -1.992829889059066772e-01 -1.974305212497711182e-01 -3.402294921875000000e+01 -1.045439338684082031e+01 -1.408345345407724380e-02 -9.718433022499084473e-03 9.100000000000000000e+01 4.200000000000000000e+01
4.361914396286010742e-01 3.506102263927459717e-01 -1.980720162391662598e-01 -1.962010413408279419e-01 -3.366278457641601562e+01 -1.009422683715820312e+01 -1.393436733633279800e-02 -9.383621625602245331e-03 9.000000000000000000e+01 4.100000000000000000e+01
4.361914396286010742e-01 3.506508469581604004e-01 -1.995231360197067261e-01 -1.961079090833663940e-01 -3.320513534545898438e+01 -9.636577606201171875e+00 -1.374492794275283813e-02 -8.958189748227596283e-03 9.000000000000000000e+01 4.100000000000000000e+01
4.361914396286010742e-01 3.557446599006652832e-01 -1.884024739265441895e-01 -1.844299882650375366e-01 -3.024256515502929688e+01 -6.674006938934326172e+00 -1.251860242336988449e-02 -6.204175297170877457e-03 7.900000000000000000e+01 3.000000000000000000e+01
4.361914396286010742e-01 3.531722426414489746e-01 -1.965820640325546265e-01 -1.903274357318878174e-01 -2.961838340759277344e+01 -6.049824714660644531e+00 -1.226022839546203613e-02 -5.623933859169483185e-03 7.700000000000000000e+01 2.800000000000000000e+01
4.361914396286010742e-01 3.527553081512451172e-01 -1.974370181560516357e-01 -1.912832856178283691e-01 -2.938754463195800781e+01 -5.818987369537353516e+00 -1.216467563062906265e-02 -5.409346893429756165e-03 7.600000000000000000e+01 2.700000000000000000e+01
4.361914396286010742e-01 3.738130927085876465e-01 -1.524963080883026123e-01 -1.430068165063858032e-01 -2.888380050659179688e+01 -5.315241813659667969e+00 -1.195615530014038086e-02 -4.941063467413187027e-03 7.500000000000000000e+01 2.600000000000000000e+01
4.361914396286010742e-01 3.543426394462585449e-01 -1.990920156240463257e-01 -1.876442134380340576e-01 -2.905363655090332031e+01 -5.485079765319824219e+00 -1.202645711600780487e-02 -5.098945461213588715e-03 7.500000000000000000e+01 2.600000000000000000e+01
4.361914396286010742e-01 3.556269705295562744e-01 -1.954307109117507935e-01 -1.846997886896133423e-01 -2.793491363525390625e+01 -4.366356372833251953e+00 -1.156337372958660126e-02 -4.058977123349905014e-03 7.200000000000000000e+01 2.300000000000000000e+01
4.361914396286010742e-01 3.547023832798004150e-01 -1.971874982118606567e-01 -1.868194788694381714e-01 -2.731265830993652344e+01 -3.744101047515869141e+00 -1.130579691380262375e-02 -3.480526851490139961e-03 7.000000000000000000e+01 2.100000000000000000e+01
4.361914396286010742e-01 3.570641577243804932e-01 -1.909466087818145752e-01 -1.814049333333969116e-01 -2.621114540100097656e+01 -2.642587423324584961e+00 -1.084983721375465393e-02 -2.456556539982557297e-03 6.500000000000000000e+01 1.600000000000000000e+01
4.361914396286010742e-01 3.570641577243804932e-01 -1.909466087818145752e-01 -1.814049333333969116e-01 -2.621114540100097656e+01 -2.642587423324584961e+00 -1.084983721375465393e-02 -2.456556539982557297e-03 6.500000000000000000e+01 1.600000000000000000e+01
4.361914396286010742e-01 3.580283224582672119e-01 -1.886971592903137207e-01 -1.791945248842239380e-01 -2.500014114379882812e+01 -1.431585073471069336e+00 -1.034855376929044724e-02 -1.330805476754903793e-03 6.100000000000000000e+01 1.200000000000000000e+01
4.361914396286010742e-01 3.806151747703552246e-01 -1.383455693721771240e-01 -1.274125576019287109e-01 -2.434640693664550781e+01 -7.778485417366027832e-01 -1.007794775068759918e-02 -7.230901974253356457e-04 5.600000000000000000e+01 7.000000000000000000e+00
4.361914396286010742e-01 3.760496079921722412e-01 -1.474322974681854248e-01 -1.378794461488723755e-01 -2.388970947265625000e+01 -3.211497664451599121e-01 -9.888902306556701660e-03 -2.985417086165398359e-04 5.200000000000000000e+01 3.000000000000000000e+00
4.361914396286010742e-01 3.729412853717803955e-01 -1.538467705249786377e-01 -1.450054943561553955e-01 -2.366967964172363281e+01 -1.011213660240173340e-01 -9.797822684049606323e-03 -9.400270209880545735e-05 5.100000000000000000e+01 2.000000000000000000e+00
4.361914396286010742e-01 3.714579045772552490e-01 -1.567643582820892334e-01 -1.484062522649765015e-01 -2.361008834838867188e+01 -4.153138399124145508e-02 -9.773155674338340759e-03 -3.860768993035890162e-05 5.100000000000000000e+01 2.000000000000000000e+00
4.361914396286010742e-01 3.786479234695434570e-01 -1.425386071205139160e-01 -1.319226175546646118e-01 -2.359212875366210938e+01 -2.357172966003417969e-02 -9.765721857547760010e-03 -2.191234489146154374e-05 5.000000000000000000e+01 1.000000000000000000e+00
4.361914396286010742e-01 3.786479234695434570e-01 -1.425386071205139160e-01 -1.319226175546646118e-01 -2.359212875366210938e+01 -2.357172966003417969e-02 -9.765721857547760010e-03 -2.191234489146154374e-05 5.000000000000000000e+01 1.000000000000000000e+00
4.361914396286010742e-01 3.786479234695434570e-01 -1.425386071205139160e-01 -1.319226175546646118e-01 -2.359212875366210938e+01 -2.357172966003417969e-02 -9.765721857547760010e-03 -2.191234489146154374e-05 5.000000000000000000e+01 1.000000000000000000e+00
4.361914396286010742e-01 3.786479234695434570e-01 -1.425386071205139160e-01 -1.319226175546646118e-01 -2.359212875366210938e+01 -2.357172966003417969e-02 -9.765721857547760010e-03 -2.191234489146154374e-05 5.000000000000000000e+01 1.000000000000000000e+00
4.361914396286010742e-01 3.789591193199157715e-01 -1.419188529253005981e-01 -1.312091797590255737e-01 -2.356855773925781250e+01 0.000000000000000000e+00 -9.755964390933513641e-03 0.000000000000000000e+00 4.900000000000000000e+01 0.000000000000000000e+00
4.361914396286010742e-01 3.789591193199157715e-01 -1.419188529253005981e-01 -1.312091797590255737e-01 -2.356855773925781250e+01 0.000000000000000000e+00 -9.755964390933513641e-03 0.000000000000000000e+00 4.900000000000000000e+01 0.000000000000000000e+00
4.361914396286010742e-01 3.789591193199157715e-01 -1.419188529253005981e-01 -1.312091797590255737e-01 -2.356855773925781250e+01 0.000000000000000000e+00 -9.755964390933513641e-03 0.000000000000000000e+00 4.900000000000000000e+01 0.000000000000000000e+00
4.361914396286010742e-01 3.789591193199157715e-01 -1.419188529253005981e-01 -1.312091797590255737e-01 -2.356855773925781250e+01 0.000000000000000000e+00 -9.755964390933513641e-03 0.000000000000000000e+00 4.900000000000000000e+01 0.000000000000000000e+00
4.361914396286010742e-01 3.789591193199157715e-01 -1.419188529253005981e-01 -1.312091797590255737e-01 -2.356855773925781250e+01 0.000000000000000000e+00 -9.755964390933513641e-03 0.000000000000000000e+00 4.900000000000000000e+01 0.000000000000000000e+00
4.361914396286010742e-01 3.789591193199157715e-01 -1.419188529253005981e-01 -1.312091797590255737e-01 -2.356855773925781250e+01 0.000000000000000000e+00 -9.755964390933513641e-03 0.000000000000000000e+00 4.900000000000000000e+01 0.000000000000000000e+00
4.361914396286010742e-01 3.789591193199157715e-01 -1.419188529253005981e-01 -1.312091797590255737e-01 -2.356855773925781250e+01 0.000000000000000000e+00 -9.755964390933513641e-03 0.000000000000000000e+00 4.900000000000000000e+01 0.000000000000000000e+00
4.361914396286010742e-01 3.789591193199157715e-01 -1.419188529253005981e-01 -1.312091797590255737e-01 -2.356855773925781250e+01 0.000000000000000000e+00 -9.755964390933513641e-03 0.000000000000000000e+00 4.900000000000000000e+01 0.000000000000000000e+00
4.361914396286010742e-01 3.789591193199157715e-01 -1.419188529253005981e-01 -1.312091797590255737e-01 -2.356855773925781250e+01 0.000000000000000000e+00 -9.755964390933513641e-03 0.000000000000000000e+00 4.900000000000000000e+01 0.000000000000000000e+00
4.361914396286010742e-01 3.789591193199157715e-01 -1.419188529253005981e-01 -1.312091797590255737e-01 -2.356855773925781250e+01 0.000000000000000000e+00 -9.755964390933513641e-03 0.000000000000000000e+00 4.900000000000000000e+01 0.000000000000000000e+00
4.361914396286010742e-01 3.789591193199157715e-01 -1.419188529253005981e-01 -1.312091797590255737e-01 -2.356855773925781250e+01 0.000000000000000000e+00 -9.755964390933513641e-03 0.000000000000000000e+00 4.900000000000000000e+01 0.000000000000000000e+00
4.361914396286010742e-01 3.789591193199157715e-01 -1.419188529253005981e-01 -1.312091797590255737e-01 -2.356855773925781250e+01 0.000000000000000000e+00 -9.755964390933513641e-03 0.000000000000000000e+00 4.900000000000000000e+01 0.000000000000000000e+00
4.361914396286010742e-01 3.789591193199157715e-01 -1.419188529253005981e-01 -1.312091797590255737e-01 -2.356855773925781250e+01 0.000000000000000000e+00 -9.755964390933513641e-03 0.000000000000000000e+00 4.900000000000000000e+01 0.000000000000000000e+00
4.361914396286010742e-01 3.789591193199157715e-01 -1.419188529253005981e-01 -1.312091797590255737e-01 -2.356855773925781250e+01 0.000000000000000000e+00 -9.755964390933513641e-03 0.000000000000000000e+00 4.900000000000000000e+01 0.000000000000000000e+00
4.361914396286010742e-01 3.789591193199157715e-01 -1.419188529253005981e-01 -1.312091797590255737e-01 -2.356855773925781250e+01 0.000000000000000000e+00 -9.755964390933513641e-03 0.000000000000000000e+00 4.900000000000000000e+01 0.000000000000000000e+00
4.361914396286010742e-01 3.789591193199157715e-01 -1.419188529253005981e-01 -1.312091797590255737e-01 -2.356855773925781250e+01 0.000000000000000000e+00 -9.755964390933513641e-03 0.000000000000000000e+00 4.900000000000000000e+01 0.000000000000000000e+00
4.361914396286010742e-01 3.789591193199157715e-01 -1.419188529253005981e-01 -1.312091797590255737e-01 -2.356855773925781250e+01 0.000000000000000000e+00 -9.755964390933513641e-03 0.000000000000000000e+00 4.900000000000000000e+01 0.000000000000000000e+00
4.361914396286010742e-01 3.789591193199157715e-01 -1.419188529253005981e-01 -1.312091797590255737e-01 -2.356855773925781250e+01 0.000000000000000000e+00 -9.755964390933513641e-03 0.000000000000000000e+00 4.900000000000000000e+01 0.000000000000000000e+00
4.361914396286010742e-01 3.789591193199157715e-01 -1.419188529253005981e-01 -1.312091797590255737e-01 -2.356855773925781250e+01 0.000000000000000000e+00 -9.755964390933513641e-03 0.000000000000000000e+00 4.900000000000000000e+01 0.000000000000000000e+00
4.361914396286010742e-01 3.789591193199157715e-01 -1.419188529253005981e-01 -1.312091797590255737e-01 -2.356855773925781250e+01 0.000000000000000000e+00 -9.755964390933513641e-03 0.000000000000000000e+00 4.900000000000000000e+01 0.000000000000000000e+00
4.361914396286010742e-01 3.789591193199157715e-01 -1.419188529253005981e-01 -1.312091797590255737e-01 -2.356855773925781250e+01 0.000000000000000000e+00 -9.755964390933513641e-03 0.000000000000000000e+00 4.900000000000000000e+01 0.000000000000000000e+00
4.361914396286010742e-01 3.789591193199157715e-01 -1.419188529253005981e-01 -1.312091797590255737e-01 -2.356855773925781250e+01 0.000000000000000000e+00 -9.755964390933513641e-03 0.000000000000000000e+00 4.900000000000000000e+01 0.000000000000000000e+00
4.361914396286010742e-01 3.789591193199157715e-01 -1.419188529253005981e-01 -1.312091797590255737e-01 -2.356855773925781250e+01 0.000000000000000000e+00 -9.755964390933513641e-03 0.000000000000000000e+00 4.900000000000000000e+01 0.000000000000000000e+00
4.361914396286010742e-01 3.789591193199157715e-01 -1.419188529253005981e-01 -1.312091797590255737e-01 -2.356855773925781250e+01 0.000000000000000000e+00 -9.755964390933513641e-03 0.000000000000000000e+00 4.900000000000000000e+01 0.000000000000000000e+00
4.361914396286010742e-01 3.789591193199157715e-01 -1.419188529253005981e-01 -1.312091797590255737e-01 -2.356855773925781250e+01 0.000000000000000000e+00 -9.755964390933513641e-03 0.000000000000000000e+00 4.900000000000000000e+01 0.000000000000000000e+00
4.361914396286010742e-01 3.789591193199157715e-01 -1.419188529253005981e-01 -1.312091797590255737e-01 -2.356855773925781250e+01 0.000000000000000000e+00 -9.755964390933513641e-03 0.000000000000000000e+00 4.900000000000000000e+01 0.000000000000000000e+00
4.361914396286010742e-01 3.789591193199157715e-01 -1.419188529253005981e-01 -1.312091797590255737e-01 -2.356855773925781250e+01 0.000000000000000000e+00 -9.755964390933513641e-03 0.000000000000000000e+00 4.900000000000000000e+01 0.000000000000000000e+00
4.361914396286010742e-01 3.789591193199157715e-01 -1.419188529253005981e-01 -1.312091797590255737e-01 -2.356855773925781250e+01 0.000000000000000000e+00 -9.755964390933513641e-03 0.000000000000000000e+00 4.900000000000000000e+01 0.000000000000000000e+00
4.361914396286010742e-01 3.789591193199157715e-01 -1.419188529253005981e-01 -1.312091797590255737e-01 -2.356855773925781250e+01 0.000000000000000000e+00 -9.755964390933513641e-03 0.000000000000000000e+00 4.900000000000000000e+01 0.000000000000000000e+00
4.361914396286010742e-01 3.789591193199157715e-01 -1.419188529253005981e-01 -1.312091797590255737e-01 -2.356855773925781250e+01 0.000000000000000000e+00 -9.755964390933513641e-03 0.000000000000000000e+00 4.900000000000000000e+01 0.000000000000000000e+00
4.361914396286010742e-01 3.789591193199157715e-01 -1.419188529253005981e-01 -1.312091797590255737e-01 -2.356855773925781250e+01 0.000000000000000000e+00 -9.755964390933513641e-03 0.000000000000000000e+00 4.900000000000000000e+01 0.000000000000000000e+00
4.361914396286010742e-01 3.789591193199157715e-01 -1.419188529253005981e-01 -1.312091797590255737e-01 -2.356855773925781250e+01 0.000000000000000000e+00 -9.755964390933513641e-03 0.000000000000000000e+00 4.900000000000000000e+01 0.000000000000000000e+00
4.361914396286010742e-01 3.789591193199157715e-01 -1.419188529253005981e-01 -1.312091797590255737e-01 -2.356855773925781250e+01 0.000000000000000000e+00 -9.755964390933513641e-03 0.000000000000000000e+00 4.900000000000000000e+01 0.000000000000000000e+00
4.361914396286010742e-01 3.789591193199157715e-01 -1.419188529253005981e-01 -1.312091797590255737e-01 -2.356855773925781250e+01 0.000000000000000000e+00 -9.755964390933513641e-03 0.000000000000000000e+00 4.900000000000000000e+01 0.000000000000000000e+00
4.361914396286010742e-01 3.789591193199157715e-01 -1.419188529253005981e-01 -1.312091797590255737e-01 -2.356855773925781250e+01 0.000000000000000000e+00 -9.755964390933513641e-03 0.000000000000000000e+00 4.900000000000000000e+01 0.000000000000000000e+00
4.361914396286010742e-01 3.789591193199157715e-01 -1.419188529253005981e-01 -1.312091797590255737e-01 -2.356855773925781250e+01 0.000000000000000000e+00 -9.755964390933513641e-03 0.000000000000000000e+00 4.900000000000000000e+01 0.000000000000000000e+00
4.361914396286010742e-01 3.789591193199157715e-01 -1.419188529253005981e-01 -1.312091797590255737e-01 -2.356855773925781250e+01 0.000000000000000000e+00 -9.755964390933513641e-03 0.000000000000000000e+00 4.900000000000000000e+01 0.000000000000000000e+00
4.361914396286010742e-01 3.789591193199157715e-01 -1.419188529253005981e-01 -1.312091797590255737e-01 -2.356855773925781250e+01 0.000000000000000000e+00 -9.755964390933513641e-03 0.000000000000000000e+00 4.900000000000000000e+01 0.000000000000000000e+00
4.361914396286010742e-01 3.789591193199157715e-01 -1.419188529253005981e-01 -1.312091797590255737e-01 -2.356855773925781250e+01 0.000000000000000000e+00 -9.755964390933513641e-03 0.000000000000000000e+00 4.900000000000000000e+01 0.000000000000000000e+00
4.361914396286010742e-01 3.789591193199157715e-01 -1.419188529253005981e-01 -1.312091797590255737e-01 -2.356855773925781250e+01 0.000000000000000000e+00 -9.755964390933513641e-03 0.000000000000000000e+00 4.900000000000000000e+01 0.000000000000000000e+00
4.361914396286010742e-01 3.789591193199157715e-01 -1.419188529253005981e-01 -1.312091797590255737e-01 -2.356855773925781250e+01 0.000000000000000000e+00 -9.755964390933513641e-03 0.000000000000000000e+00 4.900000000000000000e+01 0.000000000000000000e+00
4.361914396286010742e-01 3.789591193199157715e-01 -1.419188529253005981e-01 -1.312091797590255737e-01 -2.356855773925781250e+01 0.000000000000000000e+00 -9.755964390933513641e-03 0.000000000000000000e+00 4.900000000000000000e+01 0.000000000000000000e+00
4.361914396286010742e-01 3.789591193199157715e-01 -1.419188529253005981e-01 -1.312091797590255737e-01 -2.356855773925781250e+01 0.000000000000000000e+00 -9.755964390933513641e-03 0.000000000000000000e+00 4.900000000000000000e+01 0.000000000000000000e+00
4.361914396286010742e-01 3.789591193199157715e-01 -1.419188529253005981e-01 -1.312091797590255737e-01 -2.356855773925781250e+01 0.000000000000000000e+00 -9.755964390933513641e-03 0.000000000000000000e+00 4.900000000000000000e+01 0.000000000000000000e+00
4.361914396286010742e-01 3.789591193199157715e-01 -1.419188529253005981e-01 -1.312091797590255737e-01 -2.356855773925781250e+01 0.000000000000000000e+00 -9.755964390933513641e-03 0.000000000000000000e+00 4.900000000000000000e+01 0.000000000000000000e+00
4.361914396286010742e-01 3.789591193199157715e-01 -1.419188529253005981e-01 -1.312091797590255737e-01 -2.356855773925781250e+01 0.000000000000000000e+00 -9.755964390933513641e-03 0.000000000000000000e+00 4.900000000000000000e+01 0.000000000000000000e+00
4.361914396286010742e-01 3.789591193199157715e-01 -1.419188529253005981e-01 -1.312091797590255737e-01 -2.356855773925781250e+01 0.000000000000000000e+00 -9.755964390933513641e-03 0.000000000000000000e+00 4.900000000000000000e+01 0.000000000000000000e+00
4.361914396286010742e-01 3.789591193199157715e-01 -1.419188529253005981e-01 -1.312091797590255737e-01 -2.356855773925781250e+01 0.000000000000000000e+00 -9.755964390933513641e-03 0.000000000000000000e+00 4.900000000000000000e+01 0.000000000000000000e+00
4.361914396286010742e-01 3.789591193199157715e-01 -1.419188529253005981e-01 -1.312091797590255737e-01 -2.356855773925781250e+01 0.000000000000000000e+00 -9.755964390933513641e-03 0.000000000000000000e+00 4.900000000000000000e+01 0.000000000000000000e+00
4.361914396286010742e-01 3.789591193199157715e-01 -1.419188529253005981e-01 -1.312091797590255737e-01 -2.356855773925781250e+01 0.000000000000000000e+00 -9.755964390933513641e-03 0.000000000000000000e+00 4.900000000000000000e+01 0.000000000000000000e+00
4.361914396286010742e-01 3.789591193199157715e-01 -1.419188529253005981e-01 -1.312091797590255737e-01 -2.356855773925781250e+01 0.000000000000000000e+00 -9.755964390933513641e-03 0.000000000000000000e+00 4.900000000000000000e+01 0.000000000000000000e+00
4.361914396286010742e-01 3.789591193199157715e-01 -1.419188529253005981e-01 -1.312091797590255737e-01 -2.356855773925781250e+01 0.000000000000000000e+00 -9.755964390933513641e-03 0.000000000000000000e+00 4.900000000000000000e+01 0.000000000000000000e+00
4.361914396286010742e-01 3.789591193199157715e-01 -1.419188529253005981e-01 -1.312091797590255737e-01 -2.356855773925781250e+01 0.000000000000000000e+00 -9.755964390933513641e-03 0.000000000000000000e+00 4.900000000000000000e+01 0.000000000000000000e+00
