4.567666649818420410e-01 5.660303831100463867e-01 2.205476015806198120e-01 2.392112314701080322e-01 -6.193643188476562500e+01 -3.375119018554687500e+01 -2.563795633614063263e-02 -3.641220927238464355e-02 1.680000000000000000e+02 1.180000000000000000e+02
4.567666649818420410e-01 5.476375222206115723e-01 1.825155764818191528e-01 1.989437192678451538e-01 -4.933351135253906250e+01 -2.114827346801757812e+01 -2.042110450565814972e-02 -2.281565219163894653e-02 1.380000000000000000e+02 8.800000000000000000e+01
4.567666649818420410e-01 5.435564517974853516e-01 1.735549569129943848e-01 1.900090277194976807e-01 -4.745164871215820312e+01 -1.926640892028808594e+01 -1.964212767779827118e-02 -2.078541554510593414e-02 1.330000000000000000e+02 8.300000000000000000e+01
4.567666649818420410e-01 5.367164015769958496e-01 1.590840816497802734e-01 1.750340908765792847e-01 -4.644844055175781250e+01 -1.826320266723632812e+01 -1.922686025500297546e-02 -1.970311440527439117e-02 1.290000000000000000e+02 7.900000000000000000e+01
4.567666649818420410e-01 5.359135270118713379e-01 1.568678766489028931e-01 1.732763499021530151e-01 -4.571715545654296875e+01 -1.753191375732421875e+01 -1.892415061593055725e-02 -1.891417056322097778e-02 1.260000000000000000e+02 7.600000000000000000e+01
4.567666649818420410e-01 5.340263247489929199e-01 1.531506627798080444e-01 1.691447049379348755e-01 -4.502983093261718750e+01 -1.684459114074707031e+01 -1.863964088261127472e-02 -1.817265711724758148e-02 1.240000000000000000e+02 7.400000000000000000e+01
4.567666649818420410e-01 5.294342637062072754e-01 1.429159343242645264e-01 1.590912938117980957e-01 -4.433329010009765625e+01 -1.614804840087890625e+01 -1.835131458938121796e-02 -1.742119714617729187e-02 1.220000000000000000e+02 7.200000000000000000e+01
4.567666649818420410e-01 5.299593806266784668e-01 1.441026479005813599e-01 1.602409332990646362e-01 -4.354084396362304688e+01 -1.535560512542724609e+01 -1.802328974008560181e-02 -1.656627655029296875e-02 1.210000000000000000e+02 7.100000000000000000e+01
4.567666649818420410e-01 5.283856391906738281e-01 1.410329341888427734e-01 1.567955315113067627e-01 -4.342519378662109375e+01 -1.523995494842529297e+01 -1.797541789710521698e-02 -1.644150726497173309e-02 1.200000000000000000e+02 7.000000000000000000e+01
4.567666649818420410e-01 5.257032513618469238e-01 1.356981843709945679e-01 1.509229838848114014e-01 -4.338423919677734375e+01 -1.519899845123291016e+01 -1.795846410095691681e-02 -1.639732159674167633e-02 1.190000000000000000e+02 6.900000000000000000e+01
4.567666649818420410e-01 5.254771113395690918e-01 1.351770013570785522e-01 1.504278928041458130e-01 -4.282847595214843750e+01 -1.464323616027832031e+01 -1.772841252386569977e-02 -1.579774171113967896e-02 1.180000000000000000e+02 6.800000000000000000e+01
4.567666649818420410e-01 5.263013243675231934e-01 1.376661062240600586e-01 1.522323489189147949e-01 -4.076820755004882812e+01 -1.258296585083007812e+01 -1.687558554112911224e-02 -1.357503514736890793e-02 1.110000000000000000e+02 6.100000000000000000e+01
4.567666649818420410e-01 5.281032323837280273e-01 1.414547115564346313e-01 1.561772674322128296e-01 -4.068785858154296875e+01 -1.250261688232421875e+01 -1.684232428669929504e-02 -1.348835136741399765e-02 1.110000000000000000e+02 6.100000000000000000e+01
4.567666649818420410e-01 5.249267816543579102e-01 1.346735805273056030e-01 1.492230594158172607e-01 -4.026605606079101562e+01 -1.208081626892089844e+01 -1.666772365570068359e-02 -1.303329505026340485e-02 1.080000000000000000e+02 5.800000000000000000e+01
4.567666649818420410e-01 5.295142531394958496e-01 1.436898261308670044e-01 1.592664122581481934e-01 -3.974823379516601562e+01 -1.156299400329589844e+01 -1.645337790250778198e-02 -1.247464679181575775e-02 1.070000000000000000e+02 5.700000000000000000e+01
4.567666649818420410e-01 5.295836329460144043e-01 1.438251584768295288e-01 1.594182997941970825e-01 -3.952806091308593750e+01 -1.134282207489013672e+01 -1.636223867535591125e-02 -1.223711576312780380e-02 1.070000000000000000e+02 5.700000000000000000e+01
4.567666649818420410e-01 5.278105735778808594e-01 1.399887055158615112e-01 1.555365473031997681e-01 -3.901914978027343750e+01 -1.083390998840332031e+01 -1.615158095955848694e-02 -1.168807968497276306e-02 1.050000000000000000e+02 5.500000000000000000e+01
4.567666649818420410e-01 5.223729014396667480e-01 1.307393461465835571e-01 1.436318457126617432e-01 -3.870704650878906250e+01 -1.052180862426757812e+01 -1.602238789200782776e-02 -1.135137211531400681e-02 1.040000000000000000e+02 5.400000000000000000e+01
4.567666649818420410e-01 5.233873724937438965e-01 1.329244226217269897e-01 1.458528190851211548e-01 -3.833631896972656250e+01 -1.015108203887939453e+01 -1.586893014609813690e-02 -1.095141656696796417e-02 1.050000000000000000e+02 5.500000000000000000e+01
4.567666649818420410e-01 5.200070142745971680e-01 1.261656135320663452e-01 1.384522020816802979e-01 -3.829536437988281250e+01 -1.011012649536132812e+01 -1.585197634994983673e-02 -1.090723183006048203e-02 1.040000000000000000e+02 5.400000000000000000e+01
4.567666649818420410e-01 5.185847878456115723e-01 1.234239935874938965e-01 1.353385150432586670e-01 -3.673579406738281250e+01 -8.550559043884277344e+00 -1.520640868693590164e-02 -9.224704466760158539e-03 9.900000000000000000e+01 4.900000000000000000e+01
4.567666649818420410e-01 5.206982493400573730e-01 1.276589035987854004e-01 1.399655193090438843e-01 -3.589507675170898438e+01 -7.709839344024658203e+00 -1.485840231180191040e-02 -8.317700587213039398e-03 9.600000000000000000e+01 4.600000000000000000e+01
4.567666649818420410e-01 5.168624520301818848e-01 1.189842000603675842e-01 1.315678060054779053e-01 -3.568237304687500000e+01 -7.497133255004882812e+00 -1.477035507559776306e-02 -8.088224567472934723e-03 9.400000000000000000e+01 4.400000000000000000e+01
4.567666649818420410e-01 5.187057852745056152e-01 1.227807849645614624e-01 1.356034129858016968e-01 -3.493745422363281250e+01 -6.752213001251220703e+00 -1.446200348436832428e-02 -7.284572813659906387e-03 9.300000000000000000e+01 4.300000000000000000e+01
4.567666649818420410e-01 5.195603966712951660e-01 1.255299299955368042e-01 1.374744176864624023e-01 -3.359364318847656250e+01 -5.408402442932128906e+00 -1.390574686229228973e-02 -5.834813229739665985e-03 8.800000000000000000e+01 3.800000000000000000e+01
4.567666649818420410e-01 5.212466716766357422e-01 1.298875063657760620e-01 1.411661803722381592e-01 -3.303955078125000000e+01 -4.854311466217041016e+00 -1.367638632655143738e-02 -5.237036384642124176e-03 8.600000000000000000e+01 3.600000000000000000e+01
4.567666649818420410e-01 5.337095260620117188e-01 1.567262560129165649e-01 1.684511303901672363e-01 -3.203079223632812500e+01 -3.845552921295166016e+00 -1.325882039964199066e-02 -4.148744978010654449e-03 8.300000000000000000e+01 3.300000000000000000e+01
4.567666649818420410e-01 5.305461287498474121e-01 1.492927819490432739e-01 1.615255028009414673e-01 -3.141751861572265625e+01 -3.232281208038330078e+00 -1.300496235489845276e-02 -3.487121546640992165e-03 8.100000000000000000e+01 3.100000000000000000e+01
4.567666649818420410e-01 5.305461287498474121e-01 1.492927819490432739e-01 1.615255028009414673e-01 -3.141751861572265625e+01 -3.232281208038330078e+00 -1.300496235489845276e-02 -3.487121546640992165e-03 8.100000000000000000e+01 3.100000000000000000e+01
4.567666649818420410e-01 5.130776762962341309e-01 1.111723110079765320e-01 1.232817918062210083e-01 -2.942118072509765625e+01 -1.235942125320434570e+00 -1.217859890311956406e-02 -1.333386637270450592e-03 7.000000000000000000e+01 2.000000000000000000e+01
4.567666649818420410e-01 4.954805672168731689e-01 7.250690460205078125e-02 8.475641161203384399e-02 -2.921963882446289062e+01 -1.034399747848510742e+00 -1.209517195820808411e-02 -1.115954131819307804e-03 6.600000000000000000e+01 1.600000000000000000e+01
4.567666649818420410e-01 4.923748373985290527e-01 6.457287818193435669e-02 7.795702666044235229e-02 -2.887101936340332031e+01 -6.857806444168090820e-01 -1.195086445659399033e-02 -7.398491725325584412e-04 6.200000000000000000e+01 1.200000000000000000e+01
4.567666649818420410e-01 4.959693551063537598e-01 7.141290605068206787e-02 8.582651615142822266e-02 -2.858279037475585938e+01 -3.975517749786376953e-01 -1.183155551552772522e-02 -4.288956697564572096e-04 6.100000000000000000e+01 1.100000000000000000e+01
4.567666649818420410e-01 4.731777906417846680e-01 2.742844820022583008e-02 3.592890501022338867e-02 -2.838652992248535156e+01 -2.012926340103149414e-01 -1.175031531602144241e-02 -2.171630039811134338e-04 5.700000000000000000e+01 7.000000000000000000e+00
4.567666649818420410e-01 4.731777906417846680e-01 2.742844820022583008e-02 3.592890501022338867e-02 -2.838652992248535156e+01 -2.012926340103149414e-01 -1.175031531602144241e-02 -2.171630039811134338e-04 5.700000000000000000e+01 7.000000000000000000e+00
4.567666649818420410e-01 4.731777906417846680e-01 2.742844820022583008e-02 3.592890501022338867e-02 -2.838652992248535156e+01 -2.012926340103149414e-01 -1.175031531602144241e-02 -2.171630039811134338e-04 5.700000000000000000e+01 7.000000000000000000e+00
4.567666649818420410e-01 4.731777906417846680e-01 2.742844820022583008e-02 3.592890501022338867e-02 -2.838652992248535156e+01 -2.012926340103149414e-01 -1.175031531602144241e-02 -2.171630039811134338e-04 5.700000000000000000e+01 7.000000000000000000e+00
4.567666649818420410e-01 4.780493676662445068e-01 3.721446916460990906e-02 4.659425467252731323e-02 -2.831618499755859375e+01 -1.309484839439392090e-01 -1.172119658440351486e-02 -1.412727579008787870e-04 5.600000000000000000e+01 6.000000000000000000e+00
4.567666649818420410e-01 4.474316835403442383e-01 -2.431866154074668884e-02 -2.043708972632884979e-02 -2.820904731750488281e+01 -2.380752563476562500e-02 -1.167684793472290039e-02 -2.568456511653494090e-05 5.200000000000000000e+01 2.000000000000000000e+00
4.567666649818420410e-01 4.519424736499786377e-01 -1.494957506656646729e-02 -1.056160964071750641e-02 -2.820155525207519531e+01 -1.631605625152587891e-02 -1.167374663054943085e-02 -1.760245140758343041e-05 5.100000000000000000e+01 1.000000000000000000e+00
4.567666649818420410e-01 4.519424736499786377e-01 -1.494957506656646729e-02 -1.056160964071750641e-02 -2.820155525207519531e+01 -1.631605625152587891e-02 -1.167374663054943085e-02 -1.760245140758343041e-05 5.100000000000000000e+01 1.000000000000000000e+00
4.567666649818420410e-01 4.519424736499786377e-01 -1.494957506656646729e-02 -1.056160964071750641e-02 -2.820155525207519531e+01 -1.631605625152587891e-02 -1.167374663054943085e-02 -1.760245140758343041e-05 5.100000000000000000e+01 1.000000000000000000e+00
4.567666649818420410e-01 4.476742744445800781e-01 -2.383956871926784515e-02 -1.990598626434803009e-02 -2.818523788452148438e+01 0.000000000000000000e+00 -1.166699267923831940e-02 0.000000000000000000e+00 5.000000000000000000e+01 0.000000000000000000e+00
4.567666649818420410e-01 4.476742744445800781e-01 -2.383956871926784515e-02 -1.990598626434803009e-02 -2.818523788452148438e+01 0.000000000000000000e+00 -1.166699267923831940e-02 0.000000000000000000e+00 5.000000000000000000e+01 0.000000000000000000e+00
4.567666649818420410e-01 4.476742744445800781e-01 -2.383956871926784515e-02 -1.990598626434803009e-02 -2.818523788452148438e+01 0.000000000000000000e+00 -1.166699267923831940e-02 0.000000000000000000e+00 5.000000000000000000e+01 0.000000000000000000e+00
4.567666649818420410e-01 4.476742744445800781e-01 -2.383956871926784515e-02 -1.990598626434803009e-02 -2.818523788452148438e+01 0.000000000000000000e+00 -1.166699267923831940e-02 0.000000000000000000e+00 5.000000000000000000e+01 0.000000000000000000e+00
4.567666649818420410e-01 4.476742744445800781e-01 -2.383956871926784515e-02 -1.990598626434803009e-02 -2.818523788452148438e+01 0.000000000000000000e+00 -1.166699267923831940e-02 0.000000000000000000e+00 5.000000000000000000e+01 0.000000000000000000e+00
4.567666649818420410e-01 4.476742744445800781e-01 -2.383956871926784515e-02 -1.990598626434803009e-02 -2.818523788452148438e+01 0.000000000000000000e+00 -1.166699267923831940e-02 0.000000000000000000e+00 5.000000000000000000e+01 0.000000000000000000e+00
4.567666649818420410e-01 4.476742744445800781e-01 -2.383956871926784515e-02 -1.990598626434803009e-02 -2.818523788452148438e+01 0.000000000000000000e+00 -1.166699267923831940e-02 0.000000000000000000e+00 5.000000000000000000e+01 0.000000000000000000e+00
4.567666649818420410e-01 4.476742744445800781e-01 -2.383956871926784515e-02 -1.990598626434803009e-02 -2.818523788452148438e+01 0.000000000000000000e+00 -1.166699267923831940e-02 0.000000000000000000e+00 5.000000000000000000e+01 0.000000000000000000e+00
4.567666649818420410e-01 4.476742744445800781e-01 -2.383956871926784515e-02 -1.990598626434803009e-02 -2.818523788452148438e+01 0.000000000000000000e+00 -1.166699267923831940e-02 0.000000000000000000e+00 5.000000000000000000e+01 0.000000000000000000e+00
4.567666649818420410e-01 4.476742744445800781e-01 -2.383956871926784515e-02 -1.990598626434803009e-02 -2.818523788452148438e+01 0.000000000000000000e+00 -1.166699267923831940e-02 0.000000000000000000e+00 5.000000000000000000e+01 0.000000000000000000e+00
4.567666649818420410e-01 4.476742744445800781e-01 -2.383956871926784515e-02 -1.990598626434803009e-02 -2.818523788452148438e+01 0.000000000000000000e+00 -1.166699267923831940e-02 0.000000000000000000e+00 5.000000000000000000e+01 0.000000000000000000e+00
4.567666649818420410e-01 4.476742744445800781e-01 -2.383956871926784515e-02 -1.990598626434803009e-02 -2.818523788452148438e+01 0.000000000000000000e+00 -1.166699267923831940e-02 0.000000000000000000e+00 5.000000000000000000e+01 0.000000000000000000e+00
4.567666649818420410e-01 4.476742744445800781e-01 -2.383956871926784515e-02 -1.990598626434803009e-02 -2.818523788452148438e+01 0.000000000000000000e+00 -1.166699267923831940e-02 0.000000000000000000e+00 5.000000000000000000e+01 0.000000000000000000e+00
4.567666649818420410e-01 4.476742744445800781e-01 -2.383956871926784515e-02 -1.990598626434803009e-02 -2.818523788452148438e+01 0.000000000000000000e+00 -1.166699267923831940e-02 0.000000000000000000e+00 5.000000000000000000e+01 0.000000000000000000e+00
4.567666649818420410e-01 4.476742744445800781e-01 -2.383956871926784515e-02 -1.990598626434803009e-02 -2.818523788452148438e+01 0.000000000000000000e+00 -1.166699267923831940e-02 0.000000000000000000e+00 5.000000000000000000e+01 0.000000000000000000e+00
4.567666649818420410e-01 4.476742744445800781e-01 -2.383956871926784515e-02 -1.990598626434803009e-02 -2.818523788452148438e+01 0.000000000000000000e+00 -1.166699267923831940e-02 0.000000000000000000e+00 5.000000000000000000e+01 0.000000000000000000e+00
4.567666649818420410e-01 4.476742744445800781e-01 -2.383956871926784515e-02 -1.990598626434803009e-02 -2.818523788452148438e+01 0.000000000000000000e+00 -1.166699267923831940e-02 0.000000000000000000e+00 5.000000000000000000e+01 0.000000000000000000e+00
4.567666649818420410e-01 4.476742744445800781e-01 -2.383956871926784515e-02 -1.990598626434803009e-02 -2.818523788452148438e+01 0.000000000000000000e+00 -1.166699267923831940e-02 0.000000000000000000e+00 5.000000000000000000e+01 0.000000000000000000e+00
4.567666649818420410e-01 4.476742744445800781e-01 -2.383956871926784515e-02 -1.990598626434803009e-02 -2.818523788452148438e+01 0.000000000000000000e+00 -1.166699267923831940e-02 0.000000000000000000e+00 5.000000000000000000e+01 0.000000000000000000e+00
4.567666649818420410e-01 4.476742744445800781e-01 -2.383956871926784515e-02 -1.990598626434803009e-02 -2.818523788452148438e+01 0.000000000000000000e+00 -1.166699267923831940e-02 0.000000000000000000e+00 5.000000000000000000e+01 0.000000000000000000e+00
4.567666649818420410e-01 4.476742744445800781e-01 -2.383956871926784515e-02 -1.990598626434803009e-02 -2.818523788452148438e+01 0.000000000000000000e+00 -1.166699267923831940e-02 0.000000000000000000e+00 5.000000000000000000e+01 0.000000000000000000e+00
4.567666649818420410e-01 4.476742744445800781e-01 -2.383956871926784515e-02 -1.990598626434803009e-02 -2.818523788452148438e+01 0.000000000000000000e+00 -1.166699267923831940e-02 0.000000000000000000e+00 5.000000000000000000e+01 0.000000000000000000e+00
4.567666649818420410e-01 4.476742744445800781e-01 -2.383956871926784515e-02 -1.990598626434803009e-02 -2.818523788452148438e+01 0.000000000000000000e+00 -1.166699267923831940e-02 0.000000000000000000e+00 5.000000000000000000e+01 0.000000000000000000e+00
4.567666649818420410e-01 4.476742744445800781e-01 -2.383956871926784515e-02 -1.990598626434803009e-02 -2.818523788452148438e+01 0.000000000000000000e+00 -1.166699267923831940e-02 0.000000000000000000e+00 5.000000000000000000e+01 0.000000000000000000e+00
4.567666649818420410e-01 4.476742744445800781e-01 -2.383956871926784515e-02 -1.990598626434803009e-02 -2.818523788452148438e+01 0.000000000000000000e+00 -1.166699267923831940e-02 0.000000000000000000e+00 5.000000000000000000e+01 0.000000000000000000e+00
4.567666649818420410e-01 4.476742744445800781e-01 -2.383956871926784515e-02 -1.990598626434803009e-02 -2.818523788452148438e+01 0.000000000000000000e+00 -1.166699267923831940e-02 0.000000000000000000e+00 5.000000000000000000e+01 0.000000000000000000e+00
4.567666649818420410e-01 4.476742744445800781e-01 -2.383956871926784515e-02 -1.990598626434803009e-02 -2.818523788452148438e+01 0.000000000000000000e+00 -1.166699267923831940e-02 0.000000000000000000e+00 5.000000000000000000e+01 0.000000000000000000e+00
4.567666649818420410e-01 4.476742744445800781e-01 -2.383956871926784515e-02 -1.990598626434803009e-02 -2.818523788452148438e+01 0.000000000000000000e+00 -1.166699267923831940e-02 0.000000000000000000e+00 5.000000000000000000e+01 0.000000000000000000e+00
4.567666649818420410e-01 4.476742744445800781e-01 -2.383956871926784515e-02 -1.990598626434803009e-02 -2.818523788452148438e+01 0.000000000000000000e+00 -1.166699267923831940e-02 0.000000000000000000e+00 5.000000000000000000e+01 0.000000000000000000e+00
4.567666649818420410e-01 4.476742744445800781e-01 -2.383956871926784515e-02 -1.990598626434803009e-02 -2.818523788452148438e+01 0.000000000000000000e+00 -1.166699267923831940e-02 0.000000000000000000e+00 5.000000000000000000e+01 0.000000000000000000e+00
4.567666649818420410e-01 4.476742744445800781e-01 -2.383956871926784515e-02 -1.990598626434803009e-02 -2.818523788452148438e+01 0.000000000000000000e+00 -1.166699267923831940e-02 0.000000000000000000e+00 5.000000000000000000e+01 0.000000000000000000e+00
4.567666649818420410e-01 4.476742744445800781e-01 -2.383956871926784515e-02 -1.990598626434803009e-02 -2.818523788452148438e+01 0.000000000000000000e+00 -1.166699267923831940e-02 0.000000000000000000e+00 5.000000000000000000e+01 0.000000000000000000e+00
4.567666649818420410e-01 4.476742744445800781e-01 -2.383956871926784515e-02 -1.990598626434803009e-02 -2.818523788452148438e+01 0.000000000000000000e+00 -1.166699267923831940e-02 0.000000000000000000e+00 5.000000000000000000e+01 0.000000000000000000e+00
4.567666649818420410e-01 4.476742744445800781e-01 -2.383956871926784515e-02 -1.990598626434803009e-02 -2.818523788452148438e+01 0.000000000000000000e+00 -1.166699267923831940e-02 0.000000000000000000e+00 5.000000000000000000e+01 0.000000000000000000e+00
4.567666649818420410e-01 4.476742744445800781e-01 -2.383956871926784515e-02 -1.990598626434803009e-02 -2.818523788452148438e+01 0.000000000000000000e+00 -1.166699267923831940e-02 0.000000000000000000e+00 5.000000000000000000e+01 0.000000000000000000e+00
4.567666649818420410e-01 4.476742744445800781e-01 -2.383956871926784515e-02 -1.990598626434803009e-02 -2.818523788452148438e+01 0.000000000000000000e+00 -1.166699267923831940e-02 0.000000000000000000e+00 5.000000000000000000e+01 0.000000000000000000e+00
4.567666649818420410e-01 4.476742744445800781e-01 -2.383956871926784515e-02 -1.990598626434803009e-02 -2.818523788452148438e+01 0.000000000000000000e+00 -1.166699267923831940e-02 0.000000000000000000e+00 5.000000000000000000e+01 0.000000000000000000e+00
4.567666649818420410e-01 4.476742744445800781e-01 -2.383956871926784515e-02 -1.990598626434803009e-02 -2.818523788452148438e+01 0.000000000000000000e+00 -1.166699267923831940e-02 0.000000000000000000e+00 5.000000000000000000e+01 0.000000000000000000e+00
4.567666649818420410e-01 4.476742744445800781e-01 -2.383956871926784515e-02 -1.990598626434803009e-02 -2.818523788452148438e+01 0.000000000000000000e+00 -1.166699267923831940e-02 0.000000000000000000e+00 5.000000000000000000e+01 0.000000000000000000e+00
4.567666649818420410e-01 4.476742744445800781e-01 -2.383956871926784515e-02 -1.990598626434803009e-02 -2.818523788452148438e+01 0.000000000000000000e+00 -1.166699267923831940e-02 0.000000000000000000e+00 5.000000000000000000e+01 0.000000000000000000e+00
4.567666649818420410e-01 4.476742744445800781e-01 -2.383956871926784515e-02 -1.990598626434803009e-02 -2.818523788452148438e+01 0.000000000000000000e+00 -1.166699267923831940e-02 0.000000000000000000e+00 5.000000000000000000e+01 0.000000000000000000e+00
4.567666649818420410e-01 4.476742744445800781e-01 -2.383956871926784515e-02 -1.990598626434803009e-02 -2.818523788452148438e+01 0.000000000000000000e+00 -1.166699267923831940e-02 0.000000000000000000e+00 5.000000000000000000e+01 0.000000000000000000e+00
4.567666649818420410e-01 4.476742744445800781e-01 -2.383956871926784515e-02 -1.990598626434803009e-02 -2.818523788452148438e+01 0.000000000000000000e+00 -1.166699267923831940e-02 0.000000000000000000e+00 5.000000000000000000e+01 0.000000000000000000e+00
4.567666649818420410e-01 4.476742744445800781e-01 -2.383956871926784515e-02 -1.990598626434803009e-02 -2.818523788452148438e+01 0.000000000000000000e+00 -1.166699267923831940e-02 0.000000000000000000e+00 5.000000000000000000e+01 0.000000000000000000e+00
4.567666649818420410e-01 4.476742744445800781e-01 -2.383956871926784515e-02 -1.990598626434803009e-02 -2.818523788452148438e+01 0.000000000000000000e+00 -1.166699267923831940e-02 0.000000000000000000e+00 5.000000000000000000e+01 0.000000000000000000e+00
4.567666649818420410e-01 4.476742744445800781e-01 -2.383956871926784515e-02 -1.990598626434803009e-02 -2.818523788452148438e+01 0.000000000000000000e+00 -1.166699267923831940e-02 0.000000000000000000e+00 5.000000000000000000e+01 0.000000000000000000e+00
4.567666649818420410e-01 4.476742744445800781e-01 -2.383956871926784515e-02 -1.990598626434803009e-02 -2.818523788452148438e+01 0.000000000000000000e+00 -1.166699267923831940e-02 0.000000000000000000e+00 5.000000000000000000e+01 0.000000000000000000e+00
4.567666649818420410e-01 4.476742744445800781e-01 -2.383956871926784515e-02 -1.990598626434803009e-02 -2.818523788452148438e+01 0.000000000000000000e+00 -1.166699267923831940e-02 0.000000000000000000e+00 5.000000000000000000e+01 0.000000000000000000e+00
4.567666649818420410e-01 4.476742744445800781e-01 -2.383956871926784515e-02 -1.990598626434803009e-02 -2.818523788452148438e+01 0.000000000000000000e+00 -1.166699267923831940e-02 0.000000000000000000e+00 5.000000000000000000e+01 0.000000000000000000e+00
