4.801405966281890869e-01 5.540663003921508789e-01 1.352301687002182007e-01 1.539667844772338867e-01 -1.752530097961425781e+01 -9.139293670654296875e+00 -7.254419848322868347e-03 -1.719962991774082184e-02 1.120000000000000000e+02 6.200000000000000000e+01
4.801405966281890869e-01 5.380595326423645020e-01 1.104081347584724426e-01 1.206291168928146362e-01 -1.470305156707763672e+01 -6.317044258117675781e+00 -6.086178589612245560e-03 -1.188831683248281479e-02 9.400000000000000000e+01 4.400000000000000000e+01
4.801405966281890869e-01 5.416309833526611328e-01 1.199132725596427917e-01 1.280674636363983154e-01 -1.418374538421630859e+01 -5.797738075256347656e+00 -5.871217232197523117e-03 -1.091101299971342087e-02 9.200000000000000000e+01 4.200000000000000000e+01
4.801405966281890869e-01 5.434706211090087891e-01 1.236756220459938049e-01 1.318989098072052002e-01 -1.411262035369873047e+01 -5.726613044738769531e+00 -5.841775797307491302e-03 -1.077715959399938583e-02 9.100000000000000000e+01 4.100000000000000000e+01
4.801405966281890869e-01 5.398662686347961426e-01 1.143814176321029663e-01 1.243920475244522095e-01 -1.407201099395751953e+01 -5.686003684997558594e+00 -5.824965890496969223e-03 -1.070073526352643967e-02 9.100000000000000000e+01 4.100000000000000000e+01
4.801405966281890869e-01 5.398662686347961426e-01 1.143814176321029663e-01 1.243920475244522095e-01 -1.407201099395751953e+01 -5.686003684997558594e+00 -5.824965890496969223e-03 -1.070073526352643967e-02 9.100000000000000000e+01 4.100000000000000000e+01
4.801405966281890869e-01 5.398662686347961426e-01 1.143814176321029663e-01 1.243920475244522095e-01 -1.407201099395751953e+01 -5.686003684997558594e+00 -5.824965890496969223e-03 -1.070073526352643967e-02 9.100000000000000000e+01 4.100000000000000000e+01
4.801405966281890869e-01 5.398662686347961426e-01 1.143814176321029663e-01 1.243920475244522095e-01 -1.407201099395751953e+01 -5.686003684997558594e+00 -5.824965890496969223e-03 -1.070073526352643967e-02 9.100000000000000000e+01 4.100000000000000000e+01
4.801405966281890869e-01 5.398662686347961426e-01 1.143814176321029663e-01 1.243920475244522095e-01 -1.407201099395751953e+01 -5.686003684997558594e+00 -5.824965890496969223e-03 -1.070073526352643967e-02 9.100000000000000000e+01 4.100000000000000000e+01
4.801405966281890869e-01 5.429774522781372070e-01 1.207377016544342041e-01 1.308717876672744751e-01 -1.404287910461425781e+01 -5.656871795654296875e+00 -5.812907125800848007e-03 -1.064591016620397568e-02 9.000000000000000000e+01 4.000000000000000000e+01
4.801405966281890869e-01 5.449321866035461426e-01 1.263250410556793213e-01 1.349429488182067871e-01 -1.386825180053710938e+01 -5.482244491577148438e+00 -5.740621592849493027e-03 -1.031727157533168793e-02 8.900000000000000000e+01 3.900000000000000000e+01
4.801405966281890869e-01 5.498251914978027344e-01 1.396024674177169800e-01 1.451337337493896484e-01 -1.366618537902832031e+01 -5.280178070068359375e+00 -5.656978581100702286e-03 -9.936993941664695740e-03 8.800000000000000000e+01 3.800000000000000000e+01
4.801405966281890869e-01 5.498251914978027344e-01 1.396024674177169800e-01 1.451337337493896484e-01 -1.366618537902832031e+01 -5.280178070068359375e+00 -5.656978581100702286e-03 -9.936993941664695740e-03 8.800000000000000000e+01 3.800000000000000000e+01
4.801405966281890869e-01 5.564032793045043945e-01 1.562238037586212158e-01 1.588340699672698975e-01 -1.337426471710205078e+01 -4.988257408142089844e+00 -5.536140874028205872e-03 -9.387616068124771118e-03 8.700000000000000000e+01 3.700000000000000000e+01
4.801405966281890869e-01 5.543274283409118652e-01 1.523540019989013672e-01 1.545106470584869385e-01 -1.335135078430175781e+01 -4.965343475341796875e+00 -5.526655819267034531e-03 -9.344493038952350616e-03 8.700000000000000000e+01 3.700000000000000000e+01
4.801405966281890869e-01 5.575185418128967285e-01 1.588802933692932129e-01 1.611568480730056763e-01 -1.328022575378417969e+01 -4.894218444824218750e+00 -5.497214384377002716e-03 -9.210640564560890198e-03 8.600000000000000000e+01 3.600000000000000000e+01
4.801405966281890869e-01 5.589876174926757812e-01 1.617973893880844116e-01 1.642165333032608032e-01 -1.280542659759521484e+01 -4.419419288635253906e+00 -5.300675984472036362e-03 -8.317095227539539337e-03 8.500000000000000000e+01 3.500000000000000000e+01
4.801405966281890869e-01 5.600972771644592285e-01 1.653199940919876099e-01 1.665276437997817993e-01 -1.232339668273925781e+01 -3.937388896942138672e+00 -5.101144779473543167e-03 -7.409941405057907104e-03 8.400000000000000000e+01 3.400000000000000000e+01
4.801405966281890869e-01 5.600972771644592285e-01 1.653199940919876099e-01 1.665276437997817993e-01 -1.232339668273925781e+01 -3.937388896942138672e+00 -5.101144779473543167e-03 -7.409941405057907104e-03 8.400000000000000000e+01 3.400000000000000000e+01
4.801405966281890869e-01 5.600972771644592285e-01 1.653199940919876099e-01 1.665276437997817993e-01 -1.232339668273925781e+01 -3.937388896942138672e+00 -5.101144779473543167e-03 -7.409941405057907104e-03 8.400000000000000000e+01 3.400000000000000000e+01
4.801405966281890869e-01 5.312733650207519531e-01 1.032217219471931458e-01 1.064954102039337158e-01 -1.111262035369873047e+01 -2.726612567901611328e+00 -4.599956329911947250e-03 -5.131329409778118134e-03 8.200000000000000000e+01 3.200000000000000000e+01
4.801405966281890869e-01 5.137974619865417480e-01 6.743043661117553711e-02 7.009793817996978760e-02 -1.079353046417236328e+01 -2.407523632049560547e+00 -4.467871971428394318e-03 -4.530822392553091049e-03 8.100000000000000000e+01 3.100000000000000000e+01
4.801405966281890869e-01 5.018898248672485352e-01 4.118973761796951294e-02 4.529762268066406250e-02 -1.016483116149902344e+01 -1.778824329376220703e+00 -4.207628313452005386e-03 -3.347645979374647141e-03 7.800000000000000000e+01 2.800000000000000000e+01
4.801405966281890869e-01 4.985137581825256348e-01 3.505934774875640869e-02 3.826621174812316895e-02 -1.012136554718017578e+01 -1.735358238220214844e+00 -4.189636092633008957e-03 -3.265845356509089470e-03 7.700000000000000000e+01 2.700000000000000000e+01
4.801405966281890869e-01 5.226776599884033203e-01 8.770548552274703979e-02 8.859293162822723389e-02 -9.664720535278320312e+00 -1.278712391853332520e+00 -4.000612534582614899e-03 -2.406463725492358208e-03 7.700000000000000000e+01 2.700000000000000000e+01
4.801405966281890869e-01 5.427464842796325684e-01 1.296321302652359009e-01 1.303907334804534912e-01 -9.621335029602050781e+00 -1.235327482223510742e+00 -3.982653841376304626e-03 -2.324815839529037476e-03 7.600000000000000000e+01 2.600000000000000000e+01
4.801405966281890869e-01 5.427464842796325684e-01 1.296321302652359009e-01 1.303907334804534912e-01 -9.621335029602050781e+00 -1.235327482223510742e+00 -3.982653841376304626e-03 -2.324815839529037476e-03 7.600000000000000000e+01 2.600000000000000000e+01
4.801405966281890869e-01 5.401788353919982910e-01 1.241336986422538757e-01 1.250430345535278320e-01 -9.608003616333007812e+00 -1.221996307373046875e+00 -3.977135289460420609e-03 -2.299727406352758408e-03 7.500000000000000000e+01 2.500000000000000000e+01
4.801405966281890869e-01 5.275550484657287598e-01 9.696365147829055786e-02 9.875117987394332886e-02 -9.564399719238281250e+00 -1.178392171859741211e+00 -3.959085792303085327e-03 -2.217666944488883018e-03 7.300000000000000000e+01 2.300000000000000000e+01
4.801405966281890869e-01 5.073458552360534668e-01 6.190032884478569031e-02 5.666102468967437744e-02 -8.863606452941894531e+00 -4.775995016098022461e-01 -3.668999765068292618e-03 -8.988150511868298054e-04 6.700000000000000000e+01 1.700000000000000000e+01
4.801405966281890869e-01 5.051141381263732910e-01 5.655787512660026550e-02 5.201297625899314880e-02 -8.603202819824218750e+00 -2.171955704689025879e-01 -3.561208257451653481e-03 -4.087496781721711159e-04 6.100000000000000000e+01 1.100000000000000000e+01
4.801405966281890869e-01 4.989504218101501465e-01 4.400119557976722717e-02 3.917565941810607910e-02 -8.561433792114257812e+00 -1.754266023635864258e-01 -3.543918486684560776e-03 -3.301428514532744884e-04 5.800000000000000000e+01 8.000000000000000000e+00
4.801405966281890869e-01 4.896781742572784424e-01 2.145578525960445404e-02 1.986413449048995972e-02 -8.549857139587402344e+00 -1.638495922088623047e-01 -3.539126366376876831e-03 -3.083555784542113543e-04 5.700000000000000000e+01 7.000000000000000000e+00
4.801405966281890869e-01 4.878770411014556885e-01 1.799898780882358551e-02 1.611287333071231842e-02 -8.545577049255371094e+00 -1.595698595046997070e-01 -3.537354758009314537e-03 -3.003013844136148691e-04 5.600000000000000000e+01 6.000000000000000000e+00
4.801405966281890869e-01 4.757994413375854492e-01 -1.053435914218425751e-02 -9.041424840688705444e-03 -8.521102905273437500e+00 -1.350955367088317871e-01 -3.527223831042647362e-03 -2.542420988902449608e-04 5.400000000000000000e+01 4.000000000000000000e+00
4.801405966281890869e-01 4.757994413375854492e-01 -1.053435914218425751e-02 -9.041424840688705444e-03 -8.521102905273437500e+00 -1.350955367088317871e-01 -3.527223831042647362e-03 -2.542420988902449608e-04 5.400000000000000000e+01 4.000000000000000000e+00
4.801405966281890869e-01 4.796152412891387939e-01 -2.738371491432189941e-03 -1.094169798307120800e-03 -8.491971015930175781e+00 -1.059636473655700684e-01 -3.515165066346526146e-03 -1.994175399886444211e-04 5.300000000000000000e+01 3.000000000000000000e+00
4.801405966281890869e-01 4.794219732284545898e-01 -2.570977201685309410e-03 -1.496693701483309269e-03 -8.433618545532226562e+00 -4.761123657226562500e-02 -3.491010516881942749e-03 -8.960163540905341506e-05 5.300000000000000000e+01 3.000000000000000000e+00
4.801405966281890869e-01 4.783873558044433594e-01 -5.238872487097978592e-03 -3.651515580713748932e-03 -8.403615951538085938e+00 -1.760810613632202148e-02 -3.478591330349445343e-03 -3.313745037303306162e-05 5.200000000000000000e+01 2.000000000000000000e+00
4.801405966281890869e-01 4.783873558044433594e-01 -5.238872487097978592e-03 -3.651515580713748932e-03 -8.403615951538085938e+00 -1.760810613632202148e-02 -3.478591330349445343e-03 -3.313745037303306162e-05 5.200000000000000000e+01 2.000000000000000000e+00
4.801405966281890869e-01 4.725190699100494385e-01 -1.840963400900363922e-02 -1.587353087961673737e-02 -8.386007308959960938e+00 0.000000000000000000e+00 -3.471302334219217300e-03 0.000000000000000000e+00 5.000000000000000000e+01 0.000000000000000000e+00
4.801405966281890869e-01 4.725190699100494385e-01 -1.840963400900363922e-02 -1.587353087961673737e-02 -8.386007308959960938e+00 0.000000000000000000e+00 -3.471302334219217300e-03 0.000000000000000000e+00 5.000000000000000000e+01 0.000000000000000000e+00
4.801405966281890869e-01 4.725190699100494385e-01 -1.840963400900363922e-02 -1.587353087961673737e-02 -8.386007308959960938e+00 0.000000000000000000e+00 -3.471302334219217300e-03 0.000000000000000000e+00 5.000000000000000000e+01 0.000000000000000000e+00
4.801405966281890869e-01 4.725190699100494385e-01 -1.840963400900363922e-02 -1.587353087961673737e-02 -8.386007308959960938e+00 0.000000000000000000e+00 -3.471302334219217300e-03 0.000000000000000000e+00 5.000000000000000000e+01 0.000000000000000000e+00
4.801405966281890869e-01 4.725190699100494385e-01 -1.840963400900363922e-02 -1.587353087961673737e-02 -8.386007308959960938e+00 0.000000000000000000e+00 -3.471302334219217300e-03 0.000000000000000000e+00 5.000000000000000000e+01 0.000000000000000000e+00
4.801405966281890869e-01 4.725190699100494385e-01 -1.840963400900363922e-02 -1.587353087961673737e-02 -8.386007308959960938e+00 0.000000000000000000e+00 -3.471302334219217300e-03 0.000000000000000000e+00 5.000000000000000000e+01 0.000000000000000000e+00
4.801405966281890869e-01 4.725190699100494385e-01 -1.840963400900363922e-02 -1.587353087961673737e-02 -8.386007308959960938e+00 0.000000000000000000e+00 -3.471302334219217300e-03 0.000000000000000000e+00 5.000000000000000000e+01 0.000000000000000000e+00
4.801405966281890869e-01 4.725190699100494385e-01 -1.840963400900363922e-02 -1.587353087961673737e-02 -8.386007308959960938e+00 0.000000000000000000e+00 -3.471302334219217300e-03 0.000000000000000000e+00 5.000000000000000000e+01 0.000000000000000000e+00
4.801405966281890869e-01 4.725190699100494385e-01 -1.840963400900363922e-02 -1.587353087961673737e-02 -8.386007308959960938e+00 0.000000000000000000e+00 -3.471302334219217300e-03 0.000000000000000000e+00 5.000000000000000000e+01 0.000000000000000000e+00
4.801405966281890869e-01 4.725190699100494385e-01 -1.840963400900363922e-02 -1.587353087961673737e-02 -8.386007308959960938e+00 0.000000000000000000e+00 -3.471302334219217300e-03 0.000000000000000000e+00 5.000000000000000000e+01 0.000000000000000000e+00
4.801405966281890869e-01 4.725190699100494385e-01 -1.840963400900363922e-02 -1.587353087961673737e-02 -8.386007308959960938e+00 0.000000000000000000e+00 -3.471302334219217300e-03 0.000000000000000000e+00 5.000000000000000000e+01 0.000000000000000000e+00
4.801405966281890869e-01 4.725190699100494385e-01 -1.840963400900363922e-02 -1.587353087961673737e-02 -8.386007308959960938e+00 0.000000000000000000e+00 -3.471302334219217300e-03 0.000000000000000000e+00 5.000000000000000000e+01 0.000000000000000000e+00
4.801405966281890869e-01 4.725190699100494385e-01 -1.840963400900363922e-02 -1.587353087961673737e-02 -8.386007308959960938e+00 0.000000000000000000e+00 -3.471302334219217300e-03 0.000000000000000000e+00 5.000000000000000000e+01 0.000000000000000000e+00
4.801405966281890869e-01 4.725190699100494385e-01 -1.840963400900363922e-02 -1.587353087961673737e-02 -8.386007308959960938e+00 0.000000000000000000e+00 -3.471302334219217300e-03 0.000000000000000000e+00 5.000000000000000000e+01 0.000000000000000000e+00
4.801405966281890869e-01 4.725190699100494385e-01 -1.840963400900363922e-02 -1.587353087961673737e-02 -8.386007308959960938e+00 0.000000000000000000e+00 -3.471302334219217300e-03 0.000000000000000000e+00 5.000000000000000000e+01 0.000000000000000000e+00
4.801405966281890869e-01 4.725190699100494385e-01 -1.840963400900363922e-02 -1.587353087961673737e-02 -8.386007308959960938e+00 0.000000000000000000e+00 -3.471302334219217300e-03 0.000000000000000000e+00 5.000000000000000000e+01 0.000000000000000000e+00
4.801405966281890869e-01 4.725190699100494385e-01 -1.840963400900363922e-02 -1.587353087961673737e-02 -8.386007308959960938e+00 0.000000000000000000e+00 -3.471302334219217300e-03 0.000000000000000000e+00 5.000000000000000000e+01 0.000000000000000000e+00
4.801405966281890869e-01 4.725190699100494385e-01 -1.840963400900363922e-02 -1.587353087961673737e-02 -8.386007308959960938e+00 0.000000000000000000e+00 -3.471302334219217300e-03 0.000000000000000000e+00 5.000000000000000000e+01 0.000000000000000000e+00
4.801405966281890869e-01 4.725190699100494385e-01 -1.840963400900363922e-02 -1.587353087961673737e-02 -8.386007308959960938e+00 0.000000000000000000e+00 -3.471302334219217300e-03 0.000000000000000000e+00 5.000000000000000000e+01 0.000000000000000000e+00
4.801405966281890869e-01 4.725190699100494385e-01 -1.840963400900363922e-02 -1.587353087961673737e-02 -8.386007308959960938e+00 0.000000000000000000e+00 -3.471302334219217300e-03 0.000000000000000000e+00 5.000000000000000000e+01 0.000000000000000000e+00
4.801405966281890869e-01 4.725190699100494385e-01 -1.840963400900363922e-02 -1.587353087961673737e-02 -8.386007308959960938e+00 0.000000000000000000e+00 -3.471302334219217300e-03 0.000000000000000000e+00 5.000000000000000000e+01 0.000000000000000000e+00
4.801405966281890869e-01 4.725190699100494385e-01 -1.840963400900363922e-02 -1.587353087961673737e-02 -8.386007308959960938e+00 0.000000000000000000e+00 -3.471302334219217300e-03 0.000000000000000000e+00 5.000000000000000000e+01 0.000000000000000000e+00
4.801405966281890869e-01 4.725190699100494385e-01 -1.840963400900363922e-02 -1.587353087961673737e-02 -8.386007308959960938e+00 0.000000000000000000e+00 -3.471302334219217300e-03 0.000000000000000000e+00 5.000000000000000000e+01 0.000000000000000000e+00
4.801405966281890869e-01 4.725190699100494385e-01 -1.840963400900363922e-02 -1.587353087961673737e-02 -8.386007308959960938e+00 0.000000000000000000e+00 -3.471302334219217300e-03 0.000000000000000000e+00 5.000000000000000000e+01 0.000000000000000000e+00
4.801405966281890869e-01 4.725190699100494385e-01 -1.840963400900363922e-02 -1.587353087961673737e-02 -8.386007308959960938e+00 0.000000000000000000e+00 -3.471302334219217300e-03 0.000000000000000000e+00 5.000000000000000000e+01 0.000000000000000000e+00
4.801405966281890869e-01 4.725190699100494385e-01 -1.840963400900363922e-02 -1.587353087961673737e-02 -8.386007308959960938e+00 0.000000000000000000e+00 -3.471302334219217300e-03 0.000000000000000000e+00 5.000000000000000000e+01 0.000000000000000000e+00
4.801405966281890869e-01 4.725190699100494385e-01 -1.840963400900363922e-02 -1.587353087961673737e-02 -8.386007308959960938e+00 0.000000000000000000e+00 -3.471302334219217300e-03 0.000000000000000000e+00 5.000000000000000000e+01 0.000000000000000000e+00
4.801405966281890869e-01 4.725190699100494385e-01 -1.840963400900363922e-02 -1.587353087961673737e-02 -8.386007308959960938e+00 0.000000000000000000e+00 -3.471302334219217300e-03 0.000000000000000000e+00 5.000000000000000000e+01 0.000000000000000000e+00
4.801405966281890869e-01 4.725190699100494385e-01 -1.840963400900363922e-02 -1.587353087961673737e-02 -8.386007308959960938e+00 0.000000000000000000e+00 -3.471302334219217300e-03 0.000000000000000000e+00 5.000000000000000000e+01 0.000000000000000000e+00
4.801405966281890869e-01 4.725190699100494385e-01 -1.840963400900363922e-02 -1.587353087961673737e-02 -8.386007308959960938e+00 0.000000000000000000e+00 -3.471302334219217300e-03 0.000000000000000000e+00 5.000000000000000000e+01 0.000000000000000000e+00
4.801405966281890869e-01 4.725190699100494385e-01 -1.840963400900363922e-02 -1.587353087961673737e-02 -8.386007308959960938e+00 0.000000000000000000e+00 -3.471302334219217300e-03 0.000000000000000000e+00 5.000000000000000000e+01 0.000000000000000000e+00
4.801405966281890869e-01 4.725190699100494385e-01 -1.840963400900363922e-02 -1.587353087961673737e-02 -8.386007308959960938e+00 0.000000000000000000e+00 -3.471302334219217300e-03 0.000000000000000000e+00 5.000000000000000000e+01 0.000000000000000000e+00
4.801405966281890869e-01 4.725190699100494385e-01 -1.840963400900363922e-02 -1.587353087961673737e-02 -8.386007308959960938e+00 0.000000000000000000e+00 -3.471302334219217300e-03 0.000000000000000000e+00 5.000000000000000000e+01 0.000000000000000000e+00
4.801405966281890869e-01 4.725190699100494385e-01 -1.840963400900363922e-02 -1.587353087961673737e-02 -8.386007308959960938e+00 0.000000000000000000e+00 -3.471302334219217300e-03 0.000000000000000000e+00 5.000000000000000000e+01 0.000000000000000000e+00
4.801405966281890869e-01 4.725190699100494385e-01 -1.840963400900363922e-02 -1.587353087961673737e-02 -8.386007308959960938e+00 0.000000000000000000e+00 -3.471302334219217300e-03 0.000000000000000000e+00 5.000000000000000000e+01 0.000000000000000000e+00
4.801405966281890869e-01 4.725190699100494385e-01 -1.840963400900363922e-02 -1.587353087961673737e-02 -8.386007308959960938e+00 0.000000000000000000e+00 -3.471302334219217300e-03 0.000000000000000000e+00 5.000000000000000000e+01 0.000000000000000000e+00
4.801405966281890869e-01 4.725190699100494385e-01 -1.840963400900363922e-02 -1.587353087961673737e-02 -8.386007308959960938e+00 0.000000000000000000e+00 -3.471302334219217300e-03 0.000000000000000000e+00 5.000000000000000000e+01 0.000000000000000000e+00
4.801405966281890869e-01 4.725190699100494385e-01 -1.840963400900363922e-02 -1.587353087961673737e-02 -8.386007308959960938e+00 0.000000000000000000e+00 -3.471302334219217300e-03 0.000000000000000000e+00 5.000000000000000000e+01 0.000000000000000000e+00
4.801405966281890869e-01 4.725190699100494385e-01 -1.840963400900363922e-02 -1.587353087961673737e-02 -8.386007308959960938e+00 0.000000000000000000e+00 -3.471302334219217300e-03 0.000000000000000000e+00 5.000000000000000000e+01 0.000000000000000000e+00
4.801405966281890869e-01 4.725190699100494385e-01 -1.840963400900363922e-02 -1.587353087961673737e-02 -8.386007308959960938e+00 0.000000000000000000e+00 -3.471302334219217300e-03 0.000000000000000000e+00 5.000000000000000000e+01 0.000000000000000000e+00
4.801405966281890869e-01 4.725190699100494385e-01 -1.840963400900363922e-02 -1.587353087961673737e-02 -8.386007308959960938e+00 0.000000000000000000e+00 -3.471302334219217300e-03 0.000000000000000000e+00 5.000000000000000000e+01 0.000000000000000000e+00
4.801405966281890869e-01 4.725190699100494385e-01 -1.840963400900363922e-02 -1.587353087961673737e-02 -8.386007308959960938e+00 0.000000000000000000e+00 -3.471302334219217300e-03 0.000000000000000000e+00 5.000000000000000000e+01 0.000000000000000000e+00
4.801405966281890869e-01 4.725190699100494385e-01 -1.840963400900363922e-02 -1.587353087961673737e-02 -8.386007308959960938e+00 0.000000000000000000e+00 -3.471302334219217300e-03 0.000000000000000000e+00 5.000000000000000000e+01 0.000000000000000000e+00
4.801405966281890869e-01 4.725190699100494385e-01 -1.840963400900363922e-02 -1.587353087961673737e-02 -8.386007308959960938e+00 0.000000000000000000e+00 -3.471302334219217300e-03 0.000000000000000000e+00 5.000000000000000000e+01 0.000000000000000000e+00
4.801405966281890869e-01 4.725190699100494385e-01 -1.840963400900363922e-02 -1.587353087961673737e-02 -8.386007308959960938e+00 0.000000000000000000e+00 -3.471302334219217300e-03 0.000000000000000000e+00 5.000000000000000000e+01 0.000000000000000000e+00
4.801405966281890869e-01 4.725190699100494385e-01 -1.840963400900363922e-02 -1.587353087961673737e-02 -8.386007308959960938e+00 0.000000000000000000e+00 -3.471302334219217300e-03 0.000000000000000000e+00 5.000000000000000000e+01 0.000000000000000000e+00
4.801405966281890869e-01 4.725190699100494385e-01 -1.840963400900363922e-02 -1.587353087961673737e-02 -8.386007308959960938e+00 0.000000000000000000e+00 -3.471302334219217300e-03 0.000000000000000000e+00 5.000000000000000000e+01 0.000000000000000000e+00
4.801405966281890869e-01 4.725190699100494385e-01 -1.840963400900363922e-02 -1.587353087961673737e-02 -8.386007308959960938e+00 0.000000000000000000e+00 -3.471302334219217300e-03 0.000000000000000000e+00 5.000000000000000000e+01 0.000000000000000000e+00
4.801405966281890869e-01 4.725190699100494385e-01 -1.840963400900363922e-02 -1.587353087961673737e-02 -8.386007308959960938e+00 0.000000000000000000e+00 -3.471302334219217300e-03 0.000000000000000000e+00 5.000000000000000000e+01 0.000000000000000000e+00
4.801405966281890869e-01 4.725190699100494385e-01 -1.840963400900363922e-02 -1.587353087961673737e-02 -8.386007308959960938e+00 0.000000000000000000e+00 -3.471302334219217300e-03 0.000000000000000000e+00 5.000000000000000000e+01 0.000000000000000000e+00
4.801405966281890869e-01 4.725190699100494385e-01 -1.840963400900363922e-02 -1.587353087961673737e-02 -8.386007308959960938e+00 0.000000000000000000e+00 -3.471302334219217300e-03 0.000000000000000000e+00 5.000000000000000000e+01 0.000000000000000000e+00
