4.725943207740783691e-01 4.401483535766601562e-01 -7.299752533435821533e-02 -6.865500658750534058e-02 -1.056997070312500000e+02 -7.513123321533203125e+01 -4.375331848859786987e-02 -8.673959970474243164e-02 1.830000000000000000e+02 1.330000000000000000e+02
4.725943207740783691e-01 4.651337563991546631e-01 -2.409388683736324310e-02 -1.578640379011631012e-02 -6.474330139160156250e+01 -3.417483520507812500e+01 -2.679983153939247131e-02 -3.945511579513549805e-02 1.180000000000000000e+02 6.800000000000000000e+01
4.725943207740783691e-01 4.540114998817443848e-01 -4.716682806611061096e-02 -3.932087123394012451e-02 -6.349258041381835938e+01 -3.292411041259765625e+01 -2.628210745751857758e-02 -3.801114484667778015e-02 1.150000000000000000e+02 6.500000000000000000e+01
4.725943207740783691e-01 4.702218770980834961e-01 -1.507081929594278336e-02 -5.020042881369590759e-03 -6.201386642456054688e+01 -3.144540023803710938e+01 -2.567000873386859894e-02 -3.630396351218223572e-02 1.120000000000000000e+02 6.200000000000000000e+01
4.725943207740783691e-01 4.666558802127838135e-01 -2.163247577846050262e-02 -1.256562024354934692e-02 -6.139867782592773438e+01 -3.083020782470703125e+01 -2.541535906493663788e-02 -3.559371829032897949e-02 1.100000000000000000e+02 6.000000000000000000e+01
4.725943207740783691e-01 4.709447324275970459e-01 -1.234641019254922867e-02 -3.490495495498180389e-03 -6.078577041625976562e+01 -3.021730041503906250e+01 -2.516165189445018768e-02 -3.488611057400703430e-02 1.090000000000000000e+02 5.900000000000000000e+01
4.725943207740783691e-01 4.709447324275970459e-01 -1.234641484916210175e-02 -3.490495495498180389e-03 -6.078577041625976562e+01 -3.021730041503906250e+01 -2.516165189445018768e-02 -3.488611057400703430e-02 1.090000000000000000e+02 5.900000000000000000e+01
4.725943207740783691e-01 4.775245487689971924e-01 7.492923759855329990e-04 1.043226290494203568e-02 -5.965527343750000000e+01 -2.908680725097656250e+01 -2.469369396567344666e-02 -3.358094766736030579e-02 1.060000000000000000e+02 5.600000000000000000e+01
4.725943207740783691e-01 4.775245487689971924e-01 7.492923759855329990e-04 1.043226290494203568e-02 -5.965527343750000000e+01 -2.908680725097656250e+01 -2.469369396567344666e-02 -3.358094766736030579e-02 1.060000000000000000e+02 5.600000000000000000e+01
4.725943207740783691e-01 4.681748151779174805e-01 -1.798359863460063934e-02 -9.351584129035472870e-03 -5.757925796508789062e+01 -2.701079177856445312e+01 -2.383434772491455078e-02 -3.118417225778102875e-02 1.040000000000000000e+02 5.400000000000000000e+01
4.725943207740783691e-01 4.681748151779174805e-01 -1.798359863460063934e-02 -9.351584129035472870e-03 -5.757925796508789062e+01 -2.701079177856445312e+01 -2.383434772491455078e-02 -3.118417225778102875e-02 1.040000000000000000e+02 5.400000000000000000e+01
4.725943207740783691e-01 4.632969200611114502e-01 -2.757754735648632050e-02 -1.967311091721057892e-02 -5.458280944824218750e+01 -2.401433563232421875e+01 -2.259399928152561188e-02 -2.772473916411399841e-02 9.800000000000000000e+01 4.800000000000000000e+01
4.725943207740783691e-01 4.618755877017974854e-01 -2.801182679831981659e-02 -2.268062159419059753e-02 -5.259086227416992188e+01 -2.202239608764648438e+01 -2.176945284008979797e-02 -2.542502991855144501e-02 9.400000000000000000e+01 4.400000000000000000e+01
4.725943207740783691e-01 4.743997454643249512e-01 -1.960160676389932632e-03 3.820242127403616905e-03 -5.125765991210937500e+01 -2.068918991088867188e+01 -2.121758647263050079e-02 -2.388583309948444366e-02 9.200000000000000000e+01 4.200000000000000000e+01
4.725943207740783691e-01 4.870316088199615479e-01 2.319590933620929718e-02 3.054900839924812317e-02 -5.076528930664062500e+01 -2.019682312011718750e+01 -2.101377584040164948e-02 -2.331739105284214020e-02 9.100000000000000000e+01 4.100000000000000000e+01
4.725943207740783691e-01 4.877384006977081299e-01 2.456065639853477478e-02 3.204456716775894165e-02 -5.014319610595703125e+01 -1.957472991943359375e+01 -2.075626514852046967e-02 -2.259917929768562317e-02 9.000000000000000000e+01 4.000000000000000000e+01
4.725943207740783691e-01 4.787720441818237305e-01 7.297337055206298828e-03 1.307193748652935028e-02 -4.867477416992187500e+01 -1.810630035400390625e+01 -2.014842815697193146e-02 -2.090386673808097839e-02 8.900000000000000000e+01 3.900000000000000000e+01
4.725943207740783691e-01 4.777467250823974609e-01 4.999727010726928711e-03 1.090238336473703384e-02 -4.802220916748046875e+01 -1.745374107360839844e+01 -1.987830549478530884e-02 -2.015048079192638397e-02 8.800000000000000000e+01 3.800000000000000000e+01
4.725943207740783691e-01 4.765514731407165527e-01 1.365380245260894299e-03 8.373253978788852692e-03 -4.821421813964843750e+01 -1.764574813842773438e+01 -1.995778456330299377e-02 -2.037215605378150940e-02 8.700000000000000000e+01 3.700000000000000000e+01
4.725943207740783691e-01 4.765514731407165527e-01 1.365380245260894299e-03 8.373253978788852692e-03 -4.821421813964843750e+01 -1.764574813842773438e+01 -1.995778456330299377e-02 -2.037215605378150940e-02 8.700000000000000000e+01 3.700000000000000000e+01
4.725943207740783691e-01 4.722798764705657959e-01 -1.746433903463184834e-03 -6.653577438555657864e-04 -4.290185928344726562e+01 -1.233339118957519531e+01 -1.775878854095935822e-02 -1.423899736255407333e-02 7.800000000000000000e+01 2.800000000000000000e+01
4.725943207740783691e-01 4.793352484703063965e-01 1.588255353271961212e-02 1.426366623491048813e-02 -4.060065460205078125e+01 -1.003218650817871094e+01 -1.680622808635234833e-02 -1.158223859965801239e-02 7.500000000000000000e+01 2.500000000000000000e+01
4.725943207740783691e-01 4.609814286231994629e-01 -2.408774383366107941e-02 -2.457264438271522522e-02 -3.915254974365234375e+01 -8.584081649780273438e+00 -1.620679907500743866e-02 -9.910389780998229980e-03 7.300000000000000000e+01 2.300000000000000000e+01
4.725943207740783691e-01 4.578806161880493164e-01 -3.013361804187297821e-02 -3.113390132784843445e-02 -3.769121170043945312e+01 -7.122743606567382812e+00 -1.560189388692378998e-02 -8.223263546824455261e-03 7.000000000000000000e+01 2.000000000000000000e+01
4.725943207740783691e-01 4.624157547950744629e-01 -2.079168520867824554e-02 -2.153763920068740845e-02 -3.746157073974609375e+01 -6.893102645874023438e+00 -1.550683658570051193e-02 -7.958141155540943146e-03 6.900000000000000000e+01 1.900000000000000000e+01
4.725943207740783691e-01 4.538980424404144287e-01 -3.710477054119110107e-02 -3.956094756722450256e-02 -3.704841613769531250e+01 -6.479950904846191406e+00 -1.533581502735614777e-02 -7.481154520064592361e-03 6.900000000000000000e+01 1.900000000000000000e+01
4.725943207740783691e-01 4.370384812355041504e-01 -7.247947156429290771e-02 -7.523543387651443481e-02 -3.552702331542968750e+01 -4.958558082580566406e+00 -1.470605004578828812e-02 -5.724694579839706421e-03 6.700000000000000000e+01 1.700000000000000000e+01
4.725943207740783691e-01 4.503217935562133789e-01 -4.636912420392036438e-02 -4.712821543216705322e-02 -3.372716140747070312e+01 -3.158694028854370117e+00 -1.396101526916027069e-02 -3.646737197414040565e-03 6.300000000000000000e+01 1.300000000000000000e+01
4.725943207740783691e-01 4.422621726989746094e-01 -6.225635483860969543e-02 -6.418220698833465576e-02 -3.249422454833984375e+01 -1.925754547119140625e+00 -1.345065329223871231e-02 -2.223298884928226471e-03 6.000000000000000000e+01 1.000000000000000000e+01
4.725943207740783691e-01 4.461232721805572510e-01 -5.763522908091545105e-02 -5.601220205426216125e-02 -3.128098869323730469e+01 -7.125213742256164551e-01 -1.294844690710306168e-02 -8.226115605793893337e-04 5.700000000000000000e+01 7.000000000000000000e+00
4.725943207740783691e-01 4.478278756141662598e-01 -5.372830852866172791e-02 -5.240529403090476990e-02 -3.103671646118164062e+01 -4.682481288909912109e-01 -1.284733321517705917e-02 -5.405961419455707073e-04 5.600000000000000000e+01 6.000000000000000000e+00
4.725943207740783691e-01 4.478278756141662598e-01 -5.372830852866172791e-02 -5.240529403090476990e-02 -3.103671646118164062e+01 -4.682481288909912109e-01 -1.284733321517705917e-02 -5.405961419455707073e-04 5.600000000000000000e+01 6.000000000000000000e+00
4.725943207740783691e-01 4.478278756141662598e-01 -5.372830852866172791e-02 -5.240529403090476990e-02 -3.103671646118164062e+01 -4.682481288909912109e-01 -1.284733321517705917e-02 -5.405961419455707073e-04 5.600000000000000000e+01 6.000000000000000000e+00
4.725943207740783691e-01 4.466094076633453369e-01 -5.648055300116539001e-02 -5.498354882001876831e-02 -3.076315116882324219e+01 -1.946839094161987305e-01 -1.273409370332956314e-02 -2.247641095891594887e-04 5.300000000000000000e+01 3.000000000000000000e+00
4.725943207740783691e-01 4.466094076633453369e-01 -5.648055300116539001e-02 -5.498354882001876831e-02 -3.076315116882324219e+01 -1.946839094161987305e-01 -1.273409370332956314e-02 -2.247641095891594887e-04 5.300000000000000000e+01 3.000000000000000000e+00
4.725943207740783691e-01 4.403941333293914795e-01 -6.803273409605026245e-02 -6.813494116067886353e-02 -3.061623001098632812e+01 -4.776185750961303711e-02 -1.267327740788459778e-02 -5.514144140761345625e-05 5.100000000000000000e+01 1.000000000000000000e+00
4.725943207740783691e-01 4.403941333293914795e-01 -6.803273409605026245e-02 -6.813494116067886353e-02 -3.061623001098632812e+01 -4.776185750961303711e-02 -1.267327740788459778e-02 -5.514144140761345625e-05 5.100000000000000000e+01 1.000000000000000000e+00
4.725943207740783691e-01 4.403941333293914795e-01 -6.803273409605026245e-02 -6.813494116067886353e-02 -3.061623001098632812e+01 -4.776185750961303711e-02 -1.267327740788459778e-02 -5.514144140761345625e-05 5.100000000000000000e+01 1.000000000000000000e+00
4.725943207740783691e-01 4.388694167137145996e-01 -7.186532020568847656e-02 -7.136121392250061035e-02 -3.056847000122070312e+01 0.000000000000000000e+00 -1.265350729227066040e-02 0.000000000000000000e+00 5.000000000000000000e+01 0.000000000000000000e+00
4.725943207740783691e-01 4.388694167137145996e-01 -7.186532020568847656e-02 -7.136121392250061035e-02 -3.056847000122070312e+01 0.000000000000000000e+00 -1.265350729227066040e-02 0.000000000000000000e+00 5.000000000000000000e+01 0.000000000000000000e+00
4.725943207740783691e-01 4.388694167137145996e-01 -7.186532020568847656e-02 -7.136121392250061035e-02 -3.056847000122070312e+01 0.000000000000000000e+00 -1.265350729227066040e-02 0.000000000000000000e+00 5.000000000000000000e+01 0.000000000000000000e+00
4.725943207740783691e-01 4.388694167137145996e-01 -7.186532020568847656e-02 -7.136121392250061035e-02 -3.056847000122070312e+01 0.000000000000000000e+00 -1.265350729227066040e-02 0.000000000000000000e+00 5.000000000000000000e+01 0.000000000000000000e+00
4.725943207740783691e-01 4.388694167137145996e-01 -7.186532020568847656e-02 -7.136121392250061035e-02 -3.056847000122070312e+01 0.000000000000000000e+00 -1.265350729227066040e-02 0.000000000000000000e+00 5.000000000000000000e+01 0.000000000000000000e+00
4.725943207740783691e-01 4.388694167137145996e-01 -7.186532020568847656e-02 -7.136121392250061035e-02 -3.056847000122070312e+01 0.000000000000000000e+00 -1.265350729227066040e-02 0.000000000000000000e+00 5.000000000000000000e+01 0.000000000000000000e+00
4.725943207740783691e-01 4.388694167137145996e-01 -7.186532020568847656e-02 -7.136121392250061035e-02 -3.056847000122070312e+01 0.000000000000000000e+00 -1.265350729227066040e-02 0.000000000000000000e+00 5.000000000000000000e+01 0.000000000000000000e+00
4.725943207740783691e-01 4.388694167137145996e-01 -7.186532020568847656e-02 -7.136121392250061035e-02 -3.056847000122070312e+01 0.000000000000000000e+00 -1.265350729227066040e-02 0.000000000000000000e+00 5.000000000000000000e+01 0.000000000000000000e+00
4.725943207740783691e-01 4.388694167137145996e-01 -7.186532020568847656e-02 -7.136121392250061035e-02 -3.056847000122070312e+01 0.000000000000000000e+00 -1.265350729227066040e-02 0.000000000000000000e+00 5.000000000000000000e+01 0.000000000000000000e+00
4.725943207740783691e-01 4.388694167137145996e-01 -7.186532020568847656e-02 -7.136121392250061035e-02 -3.056847000122070312e+01 0.000000000000000000e+00 -1.265350729227066040e-02 0.000000000000000000e+00 5.000000000000000000e+01 0.000000000000000000e+00
4.725943207740783691e-01 4.388694167137145996e-01 -7.186532020568847656e-02 -7.136121392250061035e-02 -3.056847000122070312e+01 0.000000000000000000e+00 -1.265350729227066040e-02 0.000000000000000000e+00 5.000000000000000000e+01 0.000000000000000000e+00
4.725943207740783691e-01 4.388694167137145996e-01 -7.186532020568847656e-02 -7.136121392250061035e-02 -3.056847000122070312e+01 0.000000000000000000e+00 -1.265350729227066040e-02 0.000000000000000000e+00 5.000000000000000000e+01 0.000000000000000000e+00
4.725943207740783691e-01 4.388694167137145996e-01 -7.186532020568847656e-02 -7.136121392250061035e-02 -3.056847000122070312e+01 0.000000000000000000e+00 -1.265350729227066040e-02 0.000000000000000000e+00 5.000000000000000000e+01 0.000000000000000000e+00
4.725943207740783691e-01 4.388694167137145996e-01 -7.186532020568847656e-02 -7.136121392250061035e-02 -3.056847000122070312e+01 0.000000000000000000e+00 -1.265350729227066040e-02 0.000000000000000000e+00 5.000000000000000000e+01 0.000000000000000000e+00
4.725943207740783691e-01 4.388694167137145996e-01 -7.186532020568847656e-02 -7.136121392250061035e-02 -3.056847000122070312e+01 0.000000000000000000e+00 -1.265350729227066040e-02 0.000000000000000000e+00 5.000000000000000000e+01 0.000000000000000000e+00
4.725943207740783691e-01 4.388694167137145996e-01 -7.186532020568847656e-02 -7.136121392250061035e-02 -3.056847000122070312e+01 0.000000000000000000e+00 -1.265350729227066040e-02 0.000000000000000000e+00 5.000000000000000000e+01 0.000000000000000000e+00
4.725943207740783691e-01 4.388694167137145996e-01 -7.186532020568847656e-02 -7.136121392250061035e-02 -3.056847000122070312e+01 0.000000000000000000e+00 -1.265350729227066040e-02 0.000000000000000000e+00 5.000000000000000000e+01 0.000000000000000000e+00
4.725943207740783691e-01 4.388694167137145996e-01 -7.186532020568847656e-02 -7.136121392250061035e-02 -3.056847000122070312e+01 0.000000000000000000e+00 -1.265350729227066040e-02 0.000000000000000000e+00 5.000000000000000000e+01 0.000000000000000000e+00
4.725943207740783691e-01 4.388694167137145996e-01 -7.186532020568847656e-02 -7.136121392250061035e-02 -3.056847000122070312e+01 0.000000000000000000e+00 -1.265350729227066040e-02 0.000000000000000000e+00 5.000000000000000000e+01 0.000000000000000000e+00
4.725943207740783691e-01 4.388694167137145996e-01 -7.186532020568847656e-02 -7.136121392250061035e-02 -3.056847000122070312e+01 0.000000000000000000e+00 -1.265350729227066040e-02 0.000000000000000000e+00 5.000000000000000000e+01 0.000000000000000000e+00
4.725943207740783691e-01 4.388694167137145996e-01 -7.186532020568847656e-02 -7.136121392250061035e-02 -3.056847000122070312e+01 0.000000000000000000e+00 -1.265350729227066040e-02 0.000000000000000000e+00 5.000000000000000000e+01 0.000000000000000000e+00
4.725943207740783691e-01 4.388694167137145996e-01 -7.186532020568847656e-02 -7.136121392250061035e-02 -3.056847000122070312e+01 0.000000000000000000e+00 -1.265350729227066040e-02 0.000000000000000000e+00 5.000000000000000000e+01 0.000000000000000000e+00
4.725943207740783691e-01 4.388694167137145996e-01 -7.186532020568847656e-02 -7.136121392250061035e-02 -3.056847000122070312e+01 0.000000000000000000e+00 -1.265350729227066040e-02 0.000000000000000000e+00 5.000000000000000000e+01 0.000000000000000000e+00
4.725943207740783691e-01 4.388694167137145996e-01 -7.186532020568847656e-02 -7.136121392250061035e-02 -3.056847000122070312e+01 0.000000000000000000e+00 -1.265350729227066040e-02 0.000000000000000000e+00 5.000000000000000000e+01 0.000000000000000000e+00
4.725943207740783691e-01 4.388694167137145996e-01 -7.186532020568847656e-02 -7.136121392250061035e-02 -3.056847000122070312e+01 0.000000000000000000e+00 -1.265350729227066040e-02 0.000000000000000000e+00 5.000000000000000000e+01 0.000000000000000000e+00
4.725943207740783691e-01 4.388694167137145996e-01 -7.186532020568847656e-02 -7.136121392250061035e-02 -3.056847000122070312e+01 0.000000000000000000e+00 -1.265350729227066040e-02 0.000000000000000000e+00 5.000000000000000000e+01 0.000000000000000000e+00
4.725943207740783691e-01 4.388694167137145996e-01 -7.186532020568847656e-02 -7.136121392250061035e-02 -3.056847000122070312e+01 0.000000000000000000e+00 -1.265350729227066040e-02 0.000000000000000000e+00 5.000000000000000000e+01 0.000000000000000000e+00
4.725943207740783691e-01 4.388694167137145996e-01 -7.186532020568847656e-02 -7.136121392250061035e-02 -3.056847000122070312e+01 0.000000000000000000e+00 -1.265350729227066040e-02 0.000000000000000000e+00 5.000000000000000000e+01 0.000000000000000000e+00
4.725943207740783691e-01 4.388694167137145996e-01 -7.186532020568847656e-02 -7.136121392250061035e-02 -3.056847000122070312e+01 0.000000000000000000e+00 -1.265350729227066040e-02 0.000000000000000000e+00 5.000000000000000000e+01 0.000000000000000000e+00
4.725943207740783691e-01 4.388694167137145996e-01 -7.186532020568847656e-02 -7.136121392250061035e-02 -3.056847000122070312e+01 0.000000000000000000e+00 -1.265350729227066040e-02 0.000000000000000000e+00 5.000000000000000000e+01 0.000000000000000000e+00
4.725943207740783691e-01 4.388694167137145996e-01 -7.186532020568847656e-02 -7.136121392250061035e-02 -3.056847000122070312e+01 0.000000000000000000e+00 -1.265350729227066040e-02 0.000000000000000000e+00 5.000000000000000000e+01 0.000000000000000000e+00
4.725943207740783691e-01 4.388694167137145996e-01 -7.186532020568847656e-02 -7.136121392250061035e-02 -3.056847000122070312e+01 0.000000000000000000e+00 -1.265350729227066040e-02 0.000000000000000000e+00 5.000000000000000000e+01 0.000000000000000000e+00
4.725943207740783691e-01 4.388694167137145996e-01 -7.186532020568847656e-02 -7.136121392250061035e-02 -3.056847000122070312e+01 0.000000000000000000e+00 -1.265350729227066040e-02 0.000000000000000000e+00 5.000000000000000000e+01 0.000000000000000000e+00
4.725943207740783691e-01 4.388694167137145996e-01 -7.186532020568847656e-02 -7.136121392250061035e-02 -3.056847000122070312e+01 0.000000000000000000e+00 -1.265350729227066040e-02 0.000000000000000000e+00 5.000000000000000000e+01 0.000000000000000000e+00
4.725943207740783691e-01 4.388694167137145996e-01 -7.186532020568847656e-02 -7.136121392250061035e-02 -3.056847000122070312e+01 0.000000000000000000e+00 -1.265350729227066040e-02 0.000000000000000000e+00 5.000000000000000000e+01 0.000000000000000000e+00
4.725943207740783691e-01 4.388694167137145996e-01 -7.186532020568847656e-02 -7.136121392250061035e-02 -3.056847000122070312e+01 0.000000000000000000e+00 -1.265350729227066040e-02 0.000000000000000000e+00 5.000000000000000000e+01 0.000000000000000000e+00
4.725943207740783691e-01 4.388694167137145996e-01 -7.186532020568847656e-02 -7.136121392250061035e-02 -3.056847000122070312e+01 0.000000000000000000e+00 -1.265350729227066040e-02 0.000000000000000000e+00 5.000000000000000000e+01 0.000000000000000000e+00
4.725943207740783691e-01 4.388694167137145996e-01 -7.186532020568847656e-02 -7.136121392250061035e-02 -3.056847000122070312e+01 0.000000000000000000e+00 -1.265350729227066040e-02 0.000000000000000000e+00 5.000000000000000000e+01 0.000000000000000000e+00
4.725943207740783691e-01 4.388694167137145996e-01 -7.186532020568847656e-02 -7.136121392250061035e-02 -3.056847000122070312e+01 0.000000000000000000e+00 -1.265350729227066040e-02 0.000000000000000000e+00 5.000000000000000000e+01 0.000000000000000000e+00
4.725943207740783691e-01 4.388694167137145996e-01 -7.186532020568847656e-02 -7.136121392250061035e-02 -3.056847000122070312e+01 0.000000000000000000e+00 -1.265350729227066040e-02 0.000000000000000000e+00 5.000000000000000000e+01 0.000000000000000000e+00
4.725943207740783691e-01 4.388694167137145996e-01 -7.186532020568847656e-02 -7.136121392250061035e-02 -3.056847000122070312e+01 0.000000000000000000e+00 -1.265350729227066040e-02 0.000000000000000000e+00 5.000000000000000000e+01 0.000000000000000000e+00
4.725943207740783691e-01 4.388694167137145996e-01 -7.186532020568847656e-02 -7.136121392250061035e-02 -3.056847000122070312e+01 0.000000000000000000e+00 -1.265350729227066040e-02 0.000000000000000000e+00 5.000000000000000000e+01 0.000000000000000000e+00
4.725943207740783691e-01 4.388694167137145996e-01 -7.186532020568847656e-02 -7.136121392250061035e-02 -3.056847000122070312e+01 0.000000000000000000e+00 -1.265350729227066040e-02 0.000000000000000000e+00 5.000000000000000000e+01 0.000000000000000000e+00
4.725943207740783691e-01 4.388694167137145996e-01 -7.186532020568847656e-02 -7.136121392250061035e-02 -3.056847000122070312e+01 0.000000000000000000e+00 -1.265350729227066040e-02 0.000000000000000000e+00 5.000000000000000000e+01 0.000000000000000000e+00
4.725943207740783691e-01 4.388694167137145996e-01 -7.186532020568847656e-02 -7.136121392250061035e-02 -3.056847000122070312e+01 0.000000000000000000e+00 -1.265350729227066040e-02 0.000000000000000000e+00 5.000000000000000000e+01 0.000000000000000000e+00
4.725943207740783691e-01 4.388694167137145996e-01 -7.186532020568847656e-02 -7.136121392250061035e-02 -3.056847000122070312e+01 0.000000000000000000e+00 -1.265350729227066040e-02 0.000000000000000000e+00 5.000000000000000000e+01 0.000000000000000000e+00
4.725943207740783691e-01 4.388694167137145996e-01 -7.186532020568847656e-02 -7.136121392250061035e-02 -3.056847000122070312e+01 0.000000000000000000e+00 -1.265350729227066040e-02 0.000000000000000000e+00 5.000000000000000000e+01 0.000000000000000000e+00
4.725943207740783691e-01 4.388694167137145996e-01 -7.186532020568847656e-02 -7.136121392250061035e-02 -3.056847000122070312e+01 0.000000000000000000e+00 -1.265350729227066040e-02 0.000000000000000000e+00 5.000000000000000000e+01 0.000000000000000000e+00
4.725943207740783691e-01 4.388694167137145996e-01 -7.186532020568847656e-02 -7.136121392250061035e-02 -3.056847000122070312e+01 0.000000000000000000e+00 -1.265350729227066040e-02 0.000000000000000000e+00 5.000000000000000000e+01 0.000000000000000000e+00
4.725943207740783691e-01 4.388694167137145996e-01 -7.186532020568847656e-02 -7.136121392250061035e-02 -3.056847000122070312e+01 0.000000000000000000e+00 -1.265350729227066040e-02 0.000000000000000000e+00 5.000000000000000000e+01 0.000000000000000000e+00
4.725943207740783691e-01 4.388694167137145996e-01 -7.186532020568847656e-02 -7.136121392250061035e-02 -3.056847000122070312e+01 0.000000000000000000e+00 -1.265350729227066040e-02 0.000000000000000000e+00 5.000000000000000000e+01 0.000000000000000000e+00
4.725943207740783691e-01 4.388694167137145996e-01 -7.186532020568847656e-02 -7.136121392250061035e-02 -3.056847000122070312e+01 0.000000000000000000e+00 -1.265350729227066040e-02 0.000000000000000000e+00 5.000000000000000000e+01 0.000000000000000000e+00
4.725943207740783691e-01 4.388694167137145996e-01 -7.186532020568847656e-02 -7.136121392250061035e-02 -3.056847000122070312e+01 0.000000000000000000e+00 -1.265350729227066040e-02 0.000000000000000000e+00 5.000000000000000000e+01 0.000000000000000000e+00
