4.184074401855468750e-01 2.845992147922515869e-01 -3.149766325950622559e-01 -3.198036551475524902e-01 -4.137483978271484375e+01 -8.855334520339965820e-01 -1.712669432163238525e-02 -8.003929979167878628e-04 5.500000000000000000e+01 5.000000000000000000e+00
4.184074401855468750e-01 2.895859479904174805e-01 -3.020338416099548340e-01 -3.078852891921997070e-01 -4.048930740356445312e+01 0.000000000000000000e+00 -1.676013693213462830e-02 0.000000000000000000e+00 5.000000000000000000e+01 0.000000000000000000e+00
4.184074401855468750e-01 2.895859479904174805e-01 -3.020338416099548340e-01 -3.078852891921997070e-01 -4.048930740356445312e+01 0.000000000000000000e+00 -1.676013693213462830e-02 0.000000000000000000e+00 5.000000000000000000e+01 0.000000000000000000e+00
4.184074401855468750e-01 2.895859479904174805e-01 -3.020338416099548340e-01 -3.078852891921997070e-01 -4.048930740356445312e+01 0.000000000000000000e+00 -1.676013693213462830e-02 0.000000000000000000e+00 5.000000000000000000e+01 0.000000000000000000e+00
4.184074401855468750e-01 2.895859479904174805e-01 -3.020338416099548340e-01 -3.078852891921997070e-01 -4.048930740356445312e+01 0.000000000000000000e+00 -1.676013693213462830e-02 0.000000000000000000e+00 5.000000000000000000e+01 0.000000000000000000e+00
4.184074401855468750e-01 2.895859479904174805e-01 -3.020338416099548340e-01 -3.078852891921997070e-01 -4.048930740356445312e+01 0.000000000000000000e+00 -1.676013693213462830e-02 0.000000000000000000e+00 5.000000000000000000e+01 0.000000000000000000e+00
4.184074401855468750e-01 2.895859479904174805e-01 -3.020338416099548340e-01 -3.078852891921997070e-01 -4.048930740356445312e+01 0.000000000000000000e+00 -1.676013693213462830e-02 0.000000000000000000e+00 5.000000000000000000e+01 0.000000000000000000e+00
4.184074401855468750e-01 2.895859479904174805e-01 -3.020338416099548340e-01 -3.078852891921997070e-01 -4.048930740356445312e+01 0.000000000000000000e+00 -1.676013693213462830e-02 0.000000000000000000e+00 5.000000000000000000e+01 0.000000000000000000e+00
4.184074401855468750e-01 2.895859479904174805e-01 -3.020338416099548340e-01 -3.078852891921997070e-01 -4.048930740356445312e+01 0.000000000000000000e+00 -1.676013693213462830e-02 0.000000000000000000e+00 5.000000000000000000e+01 0.000000000000000000e+00
4.184074401855468750e-01 2.895859479904174805e-01 -3.020338416099548340e-01 -3.078852891921997070e-01 -4.048930740356445312e+01 0.000000000000000000e+00 -1.676013693213462830e-02 0.000000000000000000e+00 5.000000000000000000e+01 0.000000000000000000e+00
4.184074401855468750e-01 2.895859479904174805e-01 -3.020338416099548340e-01 -3.078852891921997070e-01 -4.048930740356445312e+01 0.000000000000000000e+00 -1.676013693213462830e-02 0.000000000000000000e+00 5.000000000000000000e+01 0.000000000000000000e+00
4.184074401855468750e-01 2.895859479904174805e-01 -3.020338416099548340e-01 -3.078852891921997070e-01 -4.048930740356445312e+01 0.000000000000000000e+00 -1.676013693213462830e-02 0.000000000000000000e+00 5.000000000000000000e+01 0.000000000000000000e+00
4.184074401855468750e-01 2.895859479904174805e-01 -3.020338416099548340e-01 -3.078852891921997070e-01 -4.048930740356445312e+01 0.000000000000000000e+00 -1.676013693213462830e-02 0.000000000000000000e+00 5.000000000000000000e+01 0.000000000000000000e+00
4.184074401855468750e-01 2.895859479904174805e-01 -3.020338416099548340e-01 -3.078852891921997070e-01 -4.048930740356445312e+01 0.000000000000000000e+00 -1.676013693213462830e-02 0.000000000000000000e+00 5.000000000000000000e+01 0.000000000000000000e+00
4.184074401855468750e-01 2.895859479904174805e-01 -3.020338416099548340e-01 -3.078852891921997070e-01 -4.048930740356445312e+01 0.000000000000000000e+00 -1.676013693213462830e-02 0.000000000000000000e+00 5.000000000000000000e+01 0.000000000000000000e+00
4.184074401855468750e-01 2.895859479904174805e-01 -3.020338416099548340e-01 -3.078852891921997070e-01 -4.048930740356445312e+01 0.000000000000000000e+00 -1.676013693213462830e-02 0.000000000000000000e+00 5.000000000000000000e+01 0.000000000000000000e+00
4.184074401855468750e-01 2.895859479904174805e-01 -3.020338416099548340e-01 -3.078852891921997070e-01 -4.048930740356445312e+01 0.000000000000000000e+00 -1.676013693213462830e-02 0.000000000000000000e+00 5.000000000000000000e+01 0.000000000000000000e+00
4.184074401855468750e-01 2.895859479904174805e-01 -3.020338416099548340e-01 -3.078852891921997070e-01 -4.048930740356445312e+01 0.000000000000000000e+00 -1.676013693213462830e-02 0.000000000000000000e+00 5.000000000000000000e+01 0.000000000000000000e+00
4.184074401855468750e-01 2.895859479904174805e-01 -3.020338416099548340e-01 -3.078852891921997070e-01 -4.048930740356445312e+01 0.000000000000000000e+00 -1.676013693213462830e-02 0.000000000000000000e+00 5.000000000000000000e+01 0.000000000000000000e+00
4.184074401855468750e-01 2.895859479904174805e-01 -3.020338416099548340e-01 -3.078852891921997070e-01 -4.048930740356445312e+01 0.000000000000000000e+00 -1.676013693213462830e-02 0.000000000000000000e+00 5.000000000000000000e+01 0.000000000000000000e+00
4.184074401855468750e-01 2.895859479904174805e-01 -3.020338416099548340e-01 -3.078852891921997070e-01 -4.048930740356445312e+01 0.000000000000000000e+00 -1.676013693213462830e-02 0.000000000000000000e+00 5.000000000000000000e+01 0.000000000000000000e+00
4.184074401855468750e-01 2.895859479904174805e-01 -3.020338416099548340e-01 -3.078852891921997070e-01 -4.048930740356445312e+01 0.000000000000000000e+00 -1.676013693213462830e-02 0.000000000000000000e+00 5.000000000000000000e+01 0.000000000000000000e+00
4.184074401855468750e-01 2.895859479904174805e-01 -3.020338416099548340e-01 -3.078852891921997070e-01 -4.048930740356445312e+01 0.000000000000000000e+00 -1.676013693213462830e-02 0.000000000000000000e+00 5.000000000000000000e+01 0.000000000000000000e+00
4.184074401855468750e-01 2.895859479904174805e-01 -3.020338416099548340e-01 -3.078852891921997070e-01 -4.048930740356445312e+01 0.000000000000000000e+00 -1.676013693213462830e-02 0.000000000000000000e+00 5.000000000000000000e+01 0.000000000000000000e+00
4.184074401855468750e-01 2.895859479904174805e-01 -3.020338416099548340e-01 -3.078852891921997070e-01 -4.048930740356445312e+01 0.000000000000000000e+00 -1.676013693213462830e-02 0.000000000000000000e+00 5.000000000000000000e+01 0.000000000000000000e+00
4.184074401855468750e-01 2.895859479904174805e-01 -3.020338416099548340e-01 -3.078852891921997070e-01 -4.048930740356445312e+01 0.000000000000000000e+00 -1.676013693213462830e-02 0.000000000000000000e+00 5.000000000000000000e+01 0.000000000000000000e+00
4.184074401855468750e-01 2.895859479904174805e-01 -3.020338416099548340e-01 -3.078852891921997070e-01 -4.048930740356445312e+01 0.000000000000000000e+00 -1.676013693213462830e-02 0.000000000000000000e+00 5.000000000000000000e+01 0.000000000000000000e+00
4.184074401855468750e-01 2.895859479904174805e-01 -3.020338416099548340e-01 -3.078852891921997070e-01 -4.048930740356445312e+01 0.000000000000000000e+00 -1.676013693213462830e-02 0.000000000000000000e+00 5.000000000000000000e+01 0.000000000000000000e+00
4.184074401855468750e-01 2.895859479904174805e-01 -3.020338416099548340e-01 -3.078852891921997070e-01 -4.048930740356445312e+01 0.000000000000000000e+00 -1.676013693213462830e-02 0.000000000000000000e+00 5.000000000000000000e+01 0.000000000000000000e+00
4.184074401855468750e-01 2.895859479904174805e-01 -3.020338416099548340e-01 -3.078852891921997070e-01 -4.048930740356445312e+01 0.000000000000000000e+00 -1.676013693213462830e-02 0.000000000000000000e+00 5.000000000000000000e+01 0.000000000000000000e+00
4.184074401855468750e-01 2.895859479904174805e-01 -3.020338416099548340e-01 -3.078852891921997070e-01 -4.048930740356445312e+01 0.000000000000000000e+00 -1.676013693213462830e-02 0.000000000000000000e+00 5.000000000000000000e+01 0.000000000000000000e+00
4.184074401855468750e-01 2.895859479904174805e-01 -3.020338416099548340e-01 -3.078852891921997070e-01 -4.048930740356445312e+01 0.000000000000000000e+00 -1.676013693213462830e-02 0.000000000000000000e+00 5.000000000000000000e+01 0.000000000000000000e+00
4.184074401855468750e-01 2.895859479904174805e-01 -3.020338416099548340e-01 -3.078852891921997070e-01 -4.048930740356445312e+01 0.000000000000000000e+00 -1.676013693213462830e-02 0.000000000000000000e+00 5.000000000000000000e+01 0.000000000000000000e+00
4.184074401855468750e-01 2.895859479904174805e-01 -3.020338416099548340e-01 -3.078852891921997070e-01 -4.048930740356445312e+01 0.000000000000000000e+00 -1.676013693213462830e-02 0.000000000000000000e+00 5.000000000000000000e+01 0.000000000000000000e+00
4.184074401855468750e-01 2.895859479904174805e-01 -3.020338416099548340e-01 -3.078852891921997070e-01 -4.048930740356445312e+01 0.000000000000000000e+00 -1.676013693213462830e-02 0.000000000000000000e+00 5.000000000000000000e+01 0.000000000000000000e+00
4.184074401855468750e-01 2.895859479904174805e-01 -3.020338416099548340e-01 -3.078852891921997070e-01 -4.048930740356445312e+01 0.000000000000000000e+00 -1.676013693213462830e-02 0.000000000000000000e+00 5.000000000000000000e+01 0.000000000000000000e+00
4.184074401855468750e-01 2.895859777927398682e-01 -3.020338416099548340e-01 -3.078851997852325439e-01 -4.048930740356445312e+01 0.000000000000000000e+00 -1.676013693213462830e-02 0.000000000000000000e+00 5.000000000000000000e+01 0.000000000000000000e+00
4.184074401855468750e-01 2.895859479904174805e-01 -3.020338416099548340e-01 -3.078852891921997070e-01 -4.048930740356445312e+01 0.000000000000000000e+00 -1.676013693213462830e-02 0.000000000000000000e+00 5.000000000000000000e+01 0.000000000000000000e+00
4.184074401855468750e-01 2.895859479904174805e-01 -3.020338416099548340e-01 -3.078852891921997070e-01 -4.048930740356445312e+01 0.000000000000000000e+00 -1.676013693213462830e-02 0.000000000000000000e+00 5.000000000000000000e+01 0.000000000000000000e+00
4.184074401855468750e-01 2.895859479904174805e-01 -3.020338416099548340e-01 -3.078852891921997070e-01 -4.048930740356445312e+01 0.000000000000000000e+00 -1.676013693213462830e-02 0.000000000000000000e+00 5.000000000000000000e+01 0.000000000000000000e+00
4.184074401855468750e-01 2.895859479904174805e-01 -3.020338416099548340e-01 -3.078852891921997070e-01 -4.048930740356445312e+01 0.000000000000000000e+00 -1.676013693213462830e-02 0.000000000000000000e+00 5.000000000000000000e+01 0.000000000000000000e+00
4.184074401855468750e-01 2.895859479904174805e-01 -3.020338416099548340e-01 -3.078852891921997070e-01 -4.048930740356445312e+01 0.000000000000000000e+00 -1.676013693213462830e-02 0.000000000000000000e+00 5.000000000000000000e+01 0.000000000000000000e+00
4.184074401855468750e-01 2.895859479904174805e-01 -3.020338416099548340e-01 -3.078852891921997070e-01 -4.048930740356445312e+01 0.000000000000000000e+00 -1.676013693213462830e-02 0.000000000000000000e+00 5.000000000000000000e+01 0.000000000000000000e+00
4.184074401855468750e-01 2.895859479904174805e-01 -3.020338416099548340e-01 -3.078852891921997070e-01 -4.048930740356445312e+01 0.000000000000000000e+00 -1.676013693213462830e-02 0.000000000000000000e+00 5.000000000000000000e+01 0.000000000000000000e+00
4.184074401855468750e-01 2.895859479904174805e-01 -3.020338416099548340e-01 -3.078852891921997070e-01 -4.048930740356445312e+01 0.000000000000000000e+00 -1.676013693213462830e-02 0.000000000000000000e+00 5.000000000000000000e+01 0.000000000000000000e+00
4.184074401855468750e-01 2.895859479904174805e-01 -3.020338416099548340e-01 -3.078852891921997070e-01 -4.048930740356445312e+01 0.000000000000000000e+00 -1.676013693213462830e-02 0.000000000000000000e+00 5.000000000000000000e+01 0.000000000000000000e+00
4.184074401855468750e-01 2.895859479904174805e-01 -3.020338416099548340e-01 -3.078852891921997070e-01 -4.048930740356445312e+01 0.000000000000000000e+00 -1.676013693213462830e-02 0.000000000000000000e+00 5.000000000000000000e+01 0.000000000000000000e+00
4.184074401855468750e-01 2.895859479904174805e-01 -3.020338416099548340e-01 -3.078852891921997070e-01 -4.048930740356445312e+01 0.000000000000000000e+00 -1.676013693213462830e-02 0.000000000000000000e+00 5.000000000000000000e+01 0.000000000000000000e+00
4.184074401855468750e-01 2.895859479904174805e-01 -3.020338416099548340e-01 -3.078852891921997070e-01 -4.048930740356445312e+01 0.000000000000000000e+00 -1.676013693213462830e-02 0.000000000000000000e+00 5.000000000000000000e+01 0.000000000000000000e+00
4.184074401855468750e-01 2.895859479904174805e-01 -3.020338416099548340e-01 -3.078852891921997070e-01 -4.048930740356445312e+01 0.000000000000000000e+00 -1.676013693213462830e-02 0.000000000000000000e+00 5.000000000000000000e+01 0.000000000000000000e+00
4.184074401855468750e-01 2.895859479904174805e-01 -3.020338416099548340e-01 -3.078852891921997070e-01 -4.048930740356445312e+01 0.000000000000000000e+00 -1.676013693213462830e-02 0.000000000000000000e+00 5.000000000000000000e+01 0.000000000000000000e+00
4.184074401855468750e-01 2.895859479904174805e-01 -3.020338416099548340e-01 -3.078852891921997070e-01 -4.048930740356445312e+01 0.000000000000000000e+00 -1.676013693213462830e-02 0.000000000000000000e+00 5.000000000000000000e+01 0.000000000000000000e+00
4.184074401855468750e-01 2.895859479904174805e-01 -3.020338416099548340e-01 -3.078852891921997070e-01 -4.048930740356445312e+01 0.000000000000000000e+00 -1.676013693213462830e-02 0.000000000000000000e+00 5.000000000000000000e+01 0.000000000000000000e+00
4.184074401855468750e-01 2.895859479904174805e-01 -3.020338416099548340e-01 -3.078852891921997070e-01 -4.048930740356445312e+01 0.000000000000000000e+00 -1.676013693213462830e-02 0.000000000000000000e+00 5.000000000000000000e+01 0.000000000000000000e+00
4.184074401855468750e-01 2.895859479904174805e-01 -3.020338416099548340e-01 -3.078852891921997070e-01 -4.048930740356445312e+01 0.000000000000000000e+00 -1.676013693213462830e-02 0.000000000000000000e+00 5.000000000000000000e+01 0.000000000000000000e+00
4.184074401855468750e-01 2.895859479904174805e-01 -3.020338416099548340e-01 -3.078852891921997070e-01 -4.048930740356445312e+01 0.000000000000000000e+00 -1.676013693213462830e-02 0.000000000000000000e+00 5.000000000000000000e+01 0.000000000000000000e+00
4.184074401855468750e-01 2.895859479904174805e-01 -3.020338416099548340e-01 -3.078852891921997070e-01 -4.048930740356445312e+01 0.000000000000000000e+00 -1.676013693213462830e-02 0.000000000000000000e+00 5.000000000000000000e+01 0.000000000000000000e+00
4.184074401855468750e-01 2.895859479904174805e-01 -3.020338416099548340e-01 -3.078852891921997070e-01 -4.048930740356445312e+01 0.000000000000000000e+00 -1.676013693213462830e-02 0.000000000000000000e+00 5.000000000000000000e+01 0.000000000000000000e+00
4.184074401855468750e-01 2.895859479904174805e-01 -3.020338416099548340e-01 -3.078852891921997070e-01 -4.048930740356445312e+01 0.000000000000000000e+00 -1.676013693213462830e-02 0.000000000000000000e+00 5.000000000000000000e+01 0.000000000000000000e+00
4.184074401855468750e-01 2.895859479904174805e-01 -3.020338416099548340e-01 -3.078852891921997070e-01 -4.048930740356445312e+01 0.000000000000000000e+00 -1.676013693213462830e-02 0.000000000000000000e+00 5.000000000000000000e+01 0.000000000000000000e+00
4.184074401855468750e-01 2.895859479904174805e-01 -3.020338416099548340e-01 -3.078852891921997070e-01 -4.048930740356445312e+01 0.000000000000000000e+00 -1.676013693213462830e-02 0.000000000000000000e+00 5.000000000000000000e+01 0.000000000000000000e+00
4.184074401855468750e-01 2.895859479904174805e-01 -3.020338416099548340e-01 -3.078852891921997070e-01 -4.048930740356445312e+01 0.000000000000000000e+00 -1.676013693213462830e-02 0.000000000000000000e+00 5.000000000000000000e+01 0.000000000000000000e+00
4.184074401855468750e-01 2.895859479904174805e-01 -3.020338416099548340e-01 -3.078852891921997070e-01 -4.048930740356445312e+01 0.000000000000000000e+00 -1.676013693213462830e-02 0.000000000000000000e+00 5.000000000000000000e+01 0.000000000000000000e+00
4.184074401855468750e-01 2.895859479904174805e-01 -3.020338416099548340e-01 -3.078852891921997070e-01 -4.048930740356445312e+01 0.000000000000000000e+00 -1.676013693213462830e-02 0.000000000000000000e+00 5.000000000000000000e+01 0.000000000000000000e+00
4.184074401855468750e-01 2.895859479904174805e-01 -3.020338416099548340e-01 -3.078852891921997070e-01 -4.048930740356445312e+01 0.000000000000000000e+00 -1.676013693213462830e-02 0.000000000000000000e+00 5.000000000000000000e+01 0.000000000000000000e+00
4.184074401855468750e-01 2.895859479904174805e-01 -3.020338416099548340e-01 -3.078852891921997070e-01 -4.048930740356445312e+01 0.000000000000000000e+00 -1.676013693213462830e-02 0.000000000000000000e+00 5.000000000000000000e+01 0.000000000000000000e+00
4.184074401855468750e-01 2.895859479904174805e-01 -3.020338416099548340e-01 -3.078852891921997070e-01 -4.048930740356445312e+01 0.000000000000000000e+00 -1.676013693213462830e-02 0.000000000000000000e+00 5.000000000000000000e+01 0.000000000000000000e+00
4.184074401855468750e-01 2.895859479904174805e-01 -3.020338416099548340e-01 -3.078852891921997070e-01 -4.048930740356445312e+01 0.000000000000000000e+00 -1.676013693213462830e-02 0.000000000000000000e+00 5.000000000000000000e+01 0.000000000000000000e+00
4.184074401855468750e-01 2.895859479904174805e-01 -3.020338416099548340e-01 -3.078852891921997070e-01 -4.048930740356445312e+01 0.000000000000000000e+00 -1.676013693213462830e-02 0.000000000000000000e+00 5.000000000000000000e+01 0.000000000000000000e+00
4.184074401855468750e-01 2.895859479904174805e-01 -3.020338416099548340e-01 -3.078852891921997070e-01 -4.048930740356445312e+01 0.000000000000000000e+00 -1.676013693213462830e-02 0.000000000000000000e+00 5.000000000000000000e+01 0.000000000000000000e+00
4.184074401855468750e-01 2.895859479904174805e-01 -3.020338416099548340e-01 -3.078852891921997070e-01 -4.048930740356445312e+01 0.000000000000000000e+00 -1.676013693213462830e-02 0.000000000000000000e+00 5.000000000000000000e+01 0.000000000000000000e+00
4.184074401855468750e-01 2.895859479904174805e-01 -3.020338416099548340e-01 -3.078852891921997070e-01 -4.048930740356445312e+01 0.000000000000000000e+00 -1.676013693213462830e-02 0.000000000000000000e+00 5.000000000000000000e+01 0.000000000000000000e+00
4.184074401855468750e-01 2.895859479904174805e-01 -3.020338416099548340e-01 -3.078852891921997070e-01 -4.048930740356445312e+01 0.000000000000000000e+00 -1.676013693213462830e-02 0.000000000000000000e+00 5.000000000000000000e+01 0.000000000000000000e+00
4.184074401855468750e-01 2.895859479904174805e-01 -3.020338416099548340e-01 -3.078852891921997070e-01 -4.048930740356445312e+01 0.000000000000000000e+00 -1.676013693213462830e-02 0.000000000000000000e+00 5.000000000000000000e+01 0.000000000000000000e+00
4.184074401855468750e-01 2.895859479904174805e-01 -3.020338416099548340e-01 -3.078852891921997070e-01 -4.048930740356445312e+01 0.000000000000000000e+00 -1.676013693213462830e-02 0.000000000000000000e+00 5.000000000000000000e+01 0.000000000000000000e+00
4.184074401855468750e-01 2.895859479904174805e-01 -3.020338416099548340e-01 -3.078852891921997070e-01 -4.048930740356445312e+01 0.000000000000000000e+00 -1.676013693213462830e-02 0.000000000000000000e+00 5.000000000000000000e+01 0.000000000000000000e+00
4.184074401855468750e-01 2.895859479904174805e-01 -3.020338416099548340e-01 -3.078852891921997070e-01 -4.048930740356445312e+01 0.000000000000000000e+00 -1.676013693213462830e-02 0.000000000000000000e+00 5.000000000000000000e+01 0.000000000000000000e+00
4.184074401855468750e-01 2.895859479904174805e-01 -3.020338416099548340e-01 -3.078852891921997070e-01 -4.048930740356445312e+01 0.000000000000000000e+00 -1.676013693213462830e-02 0.000000000000000000e+00 5.000000000000000000e+01 0.000000000000000000e+00
4.184074401855468750e-01 2.895859479904174805e-01 -3.020338416099548340e-01 -3.078852891921997070e-01 -4.048930740356445312e+01 0.000000000000000000e+00 -1.676013693213462830e-02 0.000000000000000000e+00 5.000000000000000000e+01 0.000000000000000000e+00
4.184074401855468750e-01 2.895859479904174805e-01 -3.020338416099548340e-01 -3.078852891921997070e-01 -4.048930740356445312e+01 0.000000000000000000e+00 -1.676013693213462830e-02 0.000000000000000000e+00 5.000000000000000000e+01 0.000000000000000000e+00
4.184074401855468750e-01 2.895859479904174805e-01 -3.020338416099548340e-01 -3.078852891921997070e-01 -4.048930740356445312e+01 0.000000000000000000e+00 -1.676013693213462830e-02 0.000000000000000000e+00 5.000000000000000000e+01 0.000000000000000000e+00
4.184074401855468750e-01 2.895859479904174805e-01 -3.020338416099548340e-01 -3.078852891921997070e-01 -4.048930740356445312e+01 0.000000000000000000e+00 -1.676013693213462830e-02 0.000000000000000000e+00 5.000000000000000000e+01 0.000000000000000000e+00
4.184074401855468750e-01 2.895859479904174805e-01 -3.020338416099548340e-01 -3.078852891921997070e-01 -4.048930740356445312e+01 0.000000000000000000e+00 -1.676013693213462830e-02 0.000000000000000000e+00 5.000000000000000000e+01 0.000000000000000000e+00
4.184074401855468750e-01 2.895859479904174805e-01 -3.020338416099548340e-01 -3.078852891921997070e-01 -4.048930740356445312e+01 0.000000000000000000e+00 -1.676013693213462830e-02 0.000000000000000000e+00 5.000000000000000000e+01 0.000000000000000000e+00
4.184074401855468750e-01 2.895859479904174805e-01 -3.020338416099548340e-01 -3.078852891921997070e-01 -4.048930740356445312e+01 0.000000000000000000e+00 -1.676013693213462830e-02 0.000000000000000000e+00 5.000000000000000000e+01 0.000000000000000000e+00
4.184074401855468750e-01 2.895859479904174805e-01 -3.020338416099548340e-01 -3.078852891921997070e-01 -4.048930740356445312e+01 0.000000000000000000e+00 -1.676013693213462830e-02 0.000000000000000000e+00 5.000000000000000000e+01 0.000000000000000000e+00
4.184074401855468750e-01 2.895859479904174805e-01 -3.020338416099548340e-01 -3.078852891921997070e-01 -4.048930740356445312e+01 0.000000000000000000e+00 -1.676013693213462830e-02 0.000000000000000000e+00 5.000000000000000000e+01 0.000000000000000000e+00
4.184074401855468750e-01 2.895859479904174805e-01 -3.020338416099548340e-01 -3.078852891921997070e-01 -4.048930740356445312e+01 0.000000000000000000e+00 -1.676013693213462830e-02 0.000000000000000000e+00 5.000000000000000000e+01 0.000000000000000000e+00
4.184074401855468750e-01 2.895859479904174805e-01 -3.020338416099548340e-01 -3.078852891921997070e-01 -4.048930740356445312e+01 0.000000000000000000e+00 -1.676013693213462830e-02 0.000000000000000000e+00 5.000000000000000000e+01 0.000000000000000000e+00
4.184074401855468750e-01 2.895859479904174805e-01 -3.020338416099548340e-01 -3.078852891921997070e-01 -4.048930740356445312e+01 0.000000000000000000e+00 -1.676013693213462830e-02 0.000000000000000000e+00 5.000000000000000000e+01 0.000000000000000000e+00
4.184074401855468750e-01 2.895859479904174805e-01 -3.020338416099548340e-01 -3.078852891921997070e-01 -4.048930740356445312e+01 0.000000000000000000e+00 -1.676013693213462830e-02 0.000000000000000000e+00 5.000000000000000000e+01 0.000000000000000000e+00
