4.645734429359436035e-01 2.722853124141693115e-01 -4.149210751056671143e-01 -4.139025509357452393e-01 -8.418087768554687500e+01 -5.601583862304687500e+01 -3.484581783413887024e-02 -6.228110194206237793e-02 1.750000000000000000e+02 1.260000000000000000e+02
4.645734429359436035e-01 2.846145033836364746e-01 -3.908195793628692627e-01 -3.873638212680816650e-01 -8.130773925781250000e+01 -5.314270782470703125e+01 -3.365651145577430725e-02 -5.908661708235740662e-02 1.690000000000000000e+02 1.200000000000000000e+02
4.645734429359436035e-01 2.727250754833221436e-01 -4.122173488140106201e-01 -4.129559397697448730e-01 -7.904029846191406250e+01 -5.087525939941406250e+01 -3.271792829036712646e-02 -5.656556040048599243e-02 1.660000000000000000e+02 1.170000000000000000e+02
4.645734429359436035e-01 2.727250754833221436e-01 -4.122173488140106201e-01 -4.129559397697448730e-01 -7.904029846191406250e+01 -5.087525939941406250e+01 -3.271792829036712646e-02 -5.656556040048599243e-02 1.660000000000000000e+02 1.170000000000000000e+02
4.645734429359436035e-01 2.743356227874755859e-01 -4.085204601287841797e-01 -4.094892144203186035e-01 -7.744574737548828125e+01 -4.928070831298828125e+01 -3.205787762999534607e-02 -5.479266121983528137e-02 1.630000000000000000e+02 1.140000000000000000e+02
4.645734429359436035e-01 2.744089365005493164e-01 -4.083685874938964844e-01 -4.093314111232757568e-01 -7.660607910156250000e+01 -4.844104003906250000e+01 -3.171030804514884949e-02 -5.385907739400863647e-02 1.610000000000000000e+02 1.120000000000000000e+02
4.645734429359436035e-01 2.744089365005493164e-01 -4.083685874938964844e-01 -4.093314111232757568e-01 -7.660607910156250000e+01 -4.844104003906250000e+01 -3.171030804514884949e-02 -5.385907739400863647e-02 1.610000000000000000e+02 1.120000000000000000e+02
4.645734429359436035e-01 2.767037451267242432e-01 -4.034812748432159424e-01 -4.043918251991271973e-01 -7.612583923339843750e+01 -4.796080017089843750e+01 -3.151151537895202637e-02 -5.332512408494949341e-02 1.600000000000000000e+02 1.110000000000000000e+02
4.645734429359436035e-01 2.769711315631866455e-01 -4.029820561408996582e-01 -4.038162529468536377e-01 -7.464297485351562500e+01 -4.647793579101562500e+01 -3.089769929647445679e-02 -5.167640373110771179e-02 1.570000000000000000e+02 1.080000000000000000e+02
4.645734429359436035e-01 2.772838473320007324e-01 -4.023355245590209961e-01 -4.031431376934051514e-01 -7.367779541015625000e+01 -4.551274871826171875e+01 -3.049817308783531189e-02 -5.060326308012008667e-02 1.560000000000000000e+02 1.070000000000000000e+02
4.645734429359436035e-01 2.775204479694366455e-01 -4.018737077713012695e-01 -4.026338458061218262e-01 -7.251141357421875000e+01 -4.434636688232421875e+01 -3.001536242663860321e-02 -4.930642247200012207e-02 1.540000000000000000e+02 1.050000000000000000e+02
4.645734429359436035e-01 2.867977917194366455e-01 -3.810944259166717529e-01 -3.826642632484436035e-01 -6.767084503173828125e+01 -3.950580215454101562e+01 -2.801165729761123657e-02 -4.392445087432861328e-02 1.440000000000000000e+02 9.500000000000000000e+01
4.645734429359436035e-01 2.903032898902893066e-01 -3.739233314990997314e-01 -3.751186430454254150e-01 -6.385624313354492188e+01 -3.569120025634765625e+01 -2.643264271318912506e-02 -3.968319296836853027e-02 1.360000000000000000e+02 8.700000000000000000e+01
4.645734429359436035e-01 2.975751757621765137e-01 -3.586353361606597900e-01 -3.594658076763153076e-01 -6.088362121582031250e+01 -3.271857833862304688e+01 -2.520215511322021484e-02 -3.637808933854103088e-02 1.300000000000000000e+02 8.100000000000000000e+01
4.645734429359436035e-01 3.010510504245758057e-01 -3.520230352878570557e-01 -3.519839346408843994e-01 -5.916179656982421875e+01 -3.099675369262695312e+01 -2.448942326009273529e-02 -3.446368128061294556e-02 1.260000000000000000e+02 7.700000000000000000e+01
4.645734429359436035e-01 3.123753368854522705e-01 -3.268668353557586670e-01 -3.276082873344421387e-01 -5.542149353027343750e+01 -2.725645065307617188e+01 -2.294116280972957611e-02 -3.030503168702125549e-02 1.190000000000000000e+02 7.000000000000000000e+01
4.645734429359436035e-01 3.163665235042572021e-01 -3.156369030475616455e-01 -3.190172016620635986e-01 -5.211687469482421875e+01 -2.395183181762695312e+01 -2.157324925065040588e-02 -2.663079835474491119e-02 1.120000000000000000e+02 6.300000000000000000e+01
4.645734429359436035e-01 3.215487301349639893e-01 -3.052666187286376953e-01 -3.078624308109283447e-01 -5.079909515380859375e+01 -2.263405418395996094e+01 -2.102776803076267242e-02 -2.516563050448894501e-02 1.100000000000000000e+02 6.100000000000000000e+01
4.645734429359436035e-01 3.275538682937622070e-01 -2.929129302501678467e-01 -2.949362993240356445e-01 -4.967861938476562500e+01 -2.151357269287109375e+01 -2.056396007537841797e-02 -2.391982451081275940e-02 1.070000000000000000e+02 5.800000000000000000e+01
4.645734429359436035e-01 3.280362486839294434e-01 -2.917041778564453125e-01 -2.938979864120483398e-01 -4.941443634033203125e+01 -2.124939346313476562e+01 -2.045460417866706848e-02 -2.362609840929508209e-02 1.060000000000000000e+02 5.700000000000000000e+01
4.645734429359436035e-01 3.451249301433563232e-01 -2.550800740718841553e-01 -2.571143805980682373e-01 -4.325479888916015625e+01 -1.508975696563720703e+01 -1.790488325059413910e-02 -1.677751727402210236e-02 9.100000000000000000e+01 4.200000000000000000e+01
4.645734429359436035e-01 3.685035705566406250e-01 -2.064244151115417480e-01 -2.067915648221969604e-01 -3.668785476684570312e+01 -8.522811889648437500e+00 -1.518656406551599503e-02 -9.476072154939174652e-03 7.900000000000000000e+01 3.000000000000000000e+01
4.645734429359436035e-01 3.790962994098663330e-01 -1.859990805387496948e-01 -1.839905977249145508e-01 -3.334231567382812500e+01 -5.177277565002441406e+00 -1.380171254277229309e-02 -5.756346043199300766e-03 7.200000000000000000e+01 2.300000000000000000e+01
4.645734429359436035e-01 3.918814361095428467e-01 -1.580416709184646606e-01 -1.564704328775405884e-01 -3.164759063720703125e+01 -3.482547521591186523e+00 -1.310019847005605698e-02 -3.872063709422945976e-03 6.800000000000000000e+01 1.900000000000000000e+01
4.645734429359436035e-01 3.933109343051910400e-01 -1.535339951515197754e-01 -1.533934175968170166e-01 -3.115364837646484375e+01 -2.988605976104736328e+00 -1.289573591202497482e-02 -3.322875825688242912e-03 6.600000000000000000e+01 1.700000000000000000e+01
4.645734429359436035e-01 4.018910229206085205e-01 -1.336417049169540405e-01 -1.349246799945831299e-01 -3.013614845275878906e+01 -1.971107482910156250e+00 -1.247455179691314697e-02 -2.191571984440088272e-03 6.400000000000000000e+01 1.500000000000000000e+01
4.645734429359436035e-01 4.035500288009643555e-01 -1.297723501920700073e-01 -1.313536465167999268e-01 -2.993401908874511719e+01 -1.768977642059326172e+00 -1.239088270813226700e-02 -1.966834301128983498e-03 6.200000000000000000e+01 1.300000000000000000e+01
4.645734429359436035e-01 4.082159698009490967e-01 -1.203885078430175781e-01 -1.213101446628570557e-01 -2.961956024169921875e+01 -1.454519271850585938e+00 -1.226071547716856003e-02 -1.617204514332115650e-03 6.200000000000000000e+01 1.300000000000000000e+01
4.645734429359436035e-01 4.082159698009490967e-01 -1.203885078430175781e-01 -1.213101446628570557e-01 -2.961956024169921875e+01 -1.454519271850585938e+00 -1.226071547716856003e-02 -1.617204514332115650e-03 6.200000000000000000e+01 1.300000000000000000e+01
4.645734429359436035e-01 4.279042482376098633e-01 -8.121927827596664429e-02 -7.893089205026626587e-02 -2.852659606933593750e+01 -3.615550994873046875e-01 -1.180829387158155441e-02 -4.019943589810281992e-04 5.600000000000000000e+01 7.000000000000000000e+00
4.645734429359436035e-01 4.278903007507324219e-01 -8.124780654907226562e-02 -7.896091043949127197e-02 -2.841827392578125000e+01 -2.532314658164978027e-01 -1.176345534622669220e-02 -2.815549087245017290e-04 5.500000000000000000e+01 6.000000000000000000e+00
4.645734429359436035e-01 4.278903007507324219e-01 -8.124780654907226562e-02 -7.896091043949127197e-02 -2.841827392578125000e+01 -2.532314658164978027e-01 -1.176345534622669220e-02 -2.815549087245017290e-04 5.500000000000000000e+01 6.000000000000000000e+00
4.645734429359436035e-01 4.397635459899902344e-01 -5.828974768519401550e-02 -5.340360477566719055e-02 -2.826097488403320312e+01 -9.593147039413452148e-02 -1.169834285974502563e-02 -1.066612239810638130e-04 5.200000000000000000e+01 3.000000000000000000e+00
4.645734429359436035e-01 4.388622939586639404e-01 -6.016956269741058350e-02 -5.534356087446212769e-02 -2.821888351440429688e+01 -5.384188890457153320e-02 -1.168091967701911926e-02 -5.986399992252700031e-05 5.000000000000000000e+01 1.000000000000000000e+00
4.645734429359436035e-01 4.381812512874603271e-01 -6.177986785769462585e-02 -5.680951476097106934e-02 -2.816504287719726562e+01 0.000000000000000000e+00 -1.165863312780857086e-02 0.000000000000000000e+00 4.900000000000000000e+01 0.000000000000000000e+00
4.645734429359436035e-01 4.381812512874603271e-01 -6.177986785769462585e-02 -5.680951476097106934e-02 -2.816504287719726562e+01 0.000000000000000000e+00 -1.165863312780857086e-02 0.000000000000000000e+00 4.900000000000000000e+01 0.000000000000000000e+00
4.645734429359436035e-01 4.381812512874603271e-01 -6.177986785769462585e-02 -5.680951476097106934e-02 -2.816504287719726562e+01 0.000000000000000000e+00 -1.165863312780857086e-02 0.000000000000000000e+00 4.900000000000000000e+01 0.000000000000000000e+00
4.645734429359436035e-01 4.381812512874603271e-01 -6.177986785769462585e-02 -5.680951476097106934e-02 -2.816504287719726562e+01 0.000000000000000000e+00 -1.165863312780857086e-02 0.000000000000000000e+00 4.900000000000000000e+01 0.000000000000000000e+00
4.645734429359436035e-01 4.381812512874603271e-01 -6.177986785769462585e-02 -5.680951476097106934e-02 -2.816504287719726562e+01 0.000000000000000000e+00 -1.165863312780857086e-02 0.000000000000000000e+00 4.900000000000000000e+01 0.000000000000000000e+00
4.645734429359436035e-01 4.381812512874603271e-01 -6.177986785769462585e-02 -5.680951476097106934e-02 -2.816504287719726562e+01 0.000000000000000000e+00 -1.165863312780857086e-02 0.000000000000000000e+00 4.900000000000000000e+01 0.000000000000000000e+00
4.645734429359436035e-01 4.381812512874603271e-01 -6.177986785769462585e-02 -5.680951476097106934e-02 -2.816504287719726562e+01 0.000000000000000000e+00 -1.165863312780857086e-02 0.000000000000000000e+00 4.900000000000000000e+01 0.000000000000000000e+00
4.645734429359436035e-01 4.381812512874603271e-01 -6.177986785769462585e-02 -5.680951476097106934e-02 -2.816504287719726562e+01 0.000000000000000000e+00 -1.165863312780857086e-02 0.000000000000000000e+00 4.900000000000000000e+01 0.000000000000000000e+00
4.645734429359436035e-01 4.381812512874603271e-01 -6.177986785769462585e-02 -5.680951476097106934e-02 -2.816504287719726562e+01 0.000000000000000000e+00 -1.165863312780857086e-02 0.000000000000000000e+00 4.900000000000000000e+01 0.000000000000000000e+00
4.645734429359436035e-01 4.381812512874603271e-01 -6.177986785769462585e-02 -5.680951476097106934e-02 -2.816504287719726562e+01 0.000000000000000000e+00 -1.165863312780857086e-02 0.000000000000000000e+00 4.900000000000000000e+01 0.000000000000000000e+00
4.645734429359436035e-01 4.381812512874603271e-01 -6.177986785769462585e-02 -5.680951476097106934e-02 -2.816504287719726562e+01 0.000000000000000000e+00 -1.165863312780857086e-02 0.000000000000000000e+00 4.900000000000000000e+01 0.000000000000000000e+00
4.645734429359436035e-01 4.381812512874603271e-01 -6.177986785769462585e-02 -5.680951476097106934e-02 -2.816504287719726562e+01 0.000000000000000000e+00 -1.165863312780857086e-02 0.000000000000000000e+00 4.900000000000000000e+01 0.000000000000000000e+00
4.645734429359436035e-01 4.381812512874603271e-01 -6.177986785769462585e-02 -5.680951476097106934e-02 -2.816504287719726562e+01 0.000000000000000000e+00 -1.165863312780857086e-02 0.000000000000000000e+00 4.900000000000000000e+01 0.000000000000000000e+00
4.645734429359436035e-01 4.381812512874603271e-01 -6.177986785769462585e-02 -5.680951476097106934e-02 -2.816504287719726562e+01 0.000000000000000000e+00 -1.165863312780857086e-02 0.000000000000000000e+00 4.900000000000000000e+01 0.000000000000000000e+00
4.645734429359436035e-01 4.381812512874603271e-01 -6.177986785769462585e-02 -5.680951476097106934e-02 -2.816504287719726562e+01 0.000000000000000000e+00 -1.165863312780857086e-02 0.000000000000000000e+00 4.900000000000000000e+01 0.000000000000000000e+00
4.645734429359436035e-01 4.381812512874603271e-01 -6.177986785769462585e-02 -5.680951476097106934e-02 -2.816504287719726562e+01 0.000000000000000000e+00 -1.165863312780857086e-02 0.000000000000000000e+00 4.900000000000000000e+01 0.000000000000000000e+00
4.645734429359436035e-01 4.381812512874603271e-01 -6.177986785769462585e-02 -5.680951476097106934e-02 -2.816504287719726562e+01 0.000000000000000000e+00 -1.165863312780857086e-02 0.000000000000000000e+00 4.900000000000000000e+01 0.000000000000000000e+00
4.645734429359436035e-01 4.381812512874603271e-01 -6.177986785769462585e-02 -5.680951476097106934e-02 -2.816504287719726562e+01 0.000000000000000000e+00 -1.165863312780857086e-02 0.000000000000000000e+00 4.900000000000000000e+01 0.000000000000000000e+00
4.645734429359436035e-01 4.381812512874603271e-01 -6.177986785769462585e-02 -5.680951476097106934e-02 -2.816504287719726562e+01 0.000000000000000000e+00 -1.165863312780857086e-02 0.000000000000000000e+00 4.900000000000000000e+01 0.000000000000000000e+00
4.645734429359436035e-01 4.381812512874603271e-01 -6.177986785769462585e-02 -5.680951476097106934e-02 -2.816504287719726562e+01 0.000000000000000000e+00 -1.165863312780857086e-02 0.000000000000000000e+00 4.900000000000000000e+01 0.000000000000000000e+00
4.645734429359436035e-01 4.381812512874603271e-01 -6.177986785769462585e-02 -5.680951476097106934e-02 -2.816504287719726562e+01 0.000000000000000000e+00 -1.165863312780857086e-02 0.000000000000000000e+00 4.900000000000000000e+01 0.000000000000000000e+00
4.645734429359436035e-01 4.381812512874603271e-01 -6.177986785769462585e-02 -5.680951476097106934e-02 -2.816504287719726562e+01 0.000000000000000000e+00 -1.165863312780857086e-02 0.000000000000000000e+00 4.900000000000000000e+01 0.000000000000000000e+00
4.645734429359436035e-01 4.381812512874603271e-01 -6.177986785769462585e-02 -5.680951476097106934e-02 -2.816504287719726562e+01 0.000000000000000000e+00 -1.165863312780857086e-02 0.000000000000000000e+00 4.900000000000000000e+01 0.000000000000000000e+00
4.645734429359436035e-01 4.381812512874603271e-01 -6.177986785769462585e-02 -5.680951476097106934e-02 -2.816504287719726562e+01 0.000000000000000000e+00 -1.165863312780857086e-02 0.000000000000000000e+00 4.900000000000000000e+01 0.000000000000000000e+00
4.645734429359436035e-01 4.381812512874603271e-01 -6.177986785769462585e-02 -5.680951476097106934e-02 -2.816504287719726562e+01 0.000000000000000000e+00 -1.165863312780857086e-02 0.000000000000000000e+00 4.900000000000000000e+01 0.000000000000000000e+00
4.645734429359436035e-01 4.381812512874603271e-01 -6.177986785769462585e-02 -5.680951476097106934e-02 -2.816504287719726562e+01 0.000000000000000000e+00 -1.165863312780857086e-02 0.000000000000000000e+00 4.900000000000000000e+01 0.000000000000000000e+00
4.645734429359436035e-01 4.381812512874603271e-01 -6.177986785769462585e-02 -5.680951476097106934e-02 -2.816504287719726562e+01 0.000000000000000000e+00 -1.165863312780857086e-02 0.000000000000000000e+00 4.900000000000000000e+01 0.000000000000000000e+00
4.645734429359436035e-01 4.381812512874603271e-01 -6.177986785769462585e-02 -5.680951476097106934e-02 -2.816504287719726562e+01 0.000000000000000000e+00 -1.165863312780857086e-02 0.000000000000000000e+00 4.900000000000000000e+01 0.000000000000000000e+00
4.645734429359436035e-01 4.381812512874603271e-01 -6.177986785769462585e-02 -5.680951476097106934e-02 -2.816504287719726562e+01 0.000000000000000000e+00 -1.165863312780857086e-02 0.000000000000000000e+00 4.900000000000000000e+01 0.000000000000000000e+00
4.645734429359436035e-01 4.381812512874603271e-01 -6.177986785769462585e-02 -5.680951476097106934e-02 -2.816504287719726562e+01 0.000000000000000000e+00 -1.165863312780857086e-02 0.000000000000000000e+00 4.900000000000000000e+01 0.000000000000000000e+00
4.645734429359436035e-01 4.381812512874603271e-01 -6.177986785769462585e-02 -5.680951476097106934e-02 -2.816504287719726562e+01 0.000000000000000000e+00 -1.165863312780857086e-02 0.000000000000000000e+00 4.900000000000000000e+01 0.000000000000000000e+00
4.645734429359436035e-01 4.381812512874603271e-01 -6.177986785769462585e-02 -5.680951476097106934e-02 -2.816504287719726562e+01 0.000000000000000000e+00 -1.165863312780857086e-02 0.000000000000000000e+00 4.900000000000000000e+01 0.000000000000000000e+00
4.645734429359436035e-01 4.381812512874603271e-01 -6.177986785769462585e-02 -5.680951476097106934e-02 -2.816504287719726562e+01 0.000000000000000000e+00 -1.165863312780857086e-02 0.000000000000000000e+00 4.900000000000000000e+01 0.000000000000000000e+00
4.645734429359436035e-01 4.381812512874603271e-01 -6.177986785769462585e-02 -5.680951476097106934e-02 -2.816504287719726562e+01 0.000000000000000000e+00 -1.165863312780857086e-02 0.000000000000000000e+00 4.900000000000000000e+01 0.000000000000000000e+00
4.645734429359436035e-01 4.381812512874603271e-01 -6.177986785769462585e-02 -5.680951476097106934e-02 -2.816504287719726562e+01 0.000000000000000000e+00 -1.165863312780857086e-02 0.000000000000000000e+00 4.900000000000000000e+01 0.000000000000000000e+00
4.645734429359436035e-01 4.381812512874603271e-01 -6.177986785769462585e-02 -5.680951476097106934e-02 -2.816504287719726562e+01 0.000000000000000000e+00 -1.165863312780857086e-02 0.000000000000000000e+00 4.900000000000000000e+01 0.000000000000000000e+00
4.645734429359436035e-01 4.381812512874603271e-01 -6.177986785769462585e-02 -5.680951476097106934e-02 -2.816504287719726562e+01 0.000000000000000000e+00 -1.165863312780857086e-02 0.000000000000000000e+00 4.900000000000000000e+01 0.000000000000000000e+00
4.645734429359436035e-01 4.381812512874603271e-01 -6.177986785769462585e-02 -5.680951476097106934e-02 -2.816504287719726562e+01 0.000000000000000000e+00 -1.165863312780857086e-02 0.000000000000000000e+00 4.900000000000000000e+01 0.000000000000000000e+00
4.645734429359436035e-01 4.381812512874603271e-01 -6.177986785769462585e-02 -5.680951476097106934e-02 -2.816504287719726562e+01 0.000000000000000000e+00 -1.165863312780857086e-02 0.000000000000000000e+00 4.900000000000000000e+01 0.000000000000000000e+00
4.645734429359436035e-01 4.381812512874603271e-01 -6.177986785769462585e-02 -5.680951476097106934e-02 -2.816504287719726562e+01 0.000000000000000000e+00 -1.165863312780857086e-02 0.000000000000000000e+00 4.900000000000000000e+01 0.000000000000000000e+00
4.645734429359436035e-01 4.381812512874603271e-01 -6.177986785769462585e-02 -5.680951476097106934e-02 -2.816504287719726562e+01 0.000000000000000000e+00 -1.165863312780857086e-02 0.000000000000000000e+00 4.900000000000000000e+01 0.000000000000000000e+00
4.645734429359436035e-01 4.381812512874603271e-01 -6.177986785769462585e-02 -5.680951476097106934e-02 -2.816504287719726562e+01 0.000000000000000000e+00 -1.165863312780857086e-02 0.000000000000000000e+00 4.900000000000000000e+01 0.000000000000000000e+00
4.645734429359436035e-01 4.381812512874603271e-01 -6.177986785769462585e-02 -5.680951476097106934e-02 -2.816504287719726562e+01 0.000000000000000000e+00 -1.165863312780857086e-02 0.000000000000000000e+00 4.900000000000000000e+01 0.000000000000000000e+00
4.645734429359436035e-01 4.381812512874603271e-01 -6.177986785769462585e-02 -5.680951476097106934e-02 -2.816504287719726562e+01 0.000000000000000000e+00 -1.165863312780857086e-02 0.000000000000000000e+00 4.900000000000000000e+01 0.000000000000000000e+00
4.645734429359436035e-01 4.381812512874603271e-01 -6.177986785769462585e-02 -5.680951476097106934e-02 -2.816504287719726562e+01 0.000000000000000000e+00 -1.165863312780857086e-02 0.000000000000000000e+00 4.900000000000000000e+01 0.000000000000000000e+00
4.645734429359436035e-01 4.381812512874603271e-01 -6.177986785769462585e-02 -5.680951476097106934e-02 -2.816504287719726562e+01 0.000000000000000000e+00 -1.165863312780857086e-02 0.000000000000000000e+00 4.900000000000000000e+01 0.000000000000000000e+00
4.645734429359436035e-01 4.381812512874603271e-01 -6.177986785769462585e-02 -5.680951476097106934e-02 -2.816504287719726562e+01 0.000000000000000000e+00 -1.165863312780857086e-02 0.000000000000000000e+00 4.900000000000000000e+01 0.000000000000000000e+00
4.645734429359436035e-01 4.381812512874603271e-01 -6.177986785769462585e-02 -5.680951476097106934e-02 -2.816504287719726562e+01 0.000000000000000000e+00 -1.165863312780857086e-02 0.000000000000000000e+00 4.900000000000000000e+01 0.000000000000000000e+00
4.645734429359436035e-01 4.381812512874603271e-01 -6.177986785769462585e-02 -5.680951476097106934e-02 -2.816504287719726562e+01 0.000000000000000000e+00 -1.165863312780857086e-02 0.000000000000000000e+00 4.900000000000000000e+01 0.000000000000000000e+00
4.645734429359436035e-01 4.381812512874603271e-01 -6.177986785769462585e-02 -5.680951476097106934e-02 -2.816504287719726562e+01 0.000000000000000000e+00 -1.165863312780857086e-02 0.000000000000000000e+00 4.900000000000000000e+01 0.000000000000000000e+00
4.645734429359436035e-01 4.381812512874603271e-01 -6.177986785769462585e-02 -5.680951476097106934e-02 -2.816504287719726562e+01 0.000000000000000000e+00 -1.165863312780857086e-02 0.000000000000000000e+00 4.900000000000000000e+01 0.000000000000000000e+00
4.645734429359436035e-01 4.381812512874603271e-01 -6.177986785769462585e-02 -5.680951476097106934e-02 -2.816504287719726562e+01 0.000000000000000000e+00 -1.165863312780857086e-02 0.000000000000000000e+00 4.900000000000000000e+01 0.000000000000000000e+00
4.645734429359436035e-01 4.381812512874603271e-01 -6.177986785769462585e-02 -5.680951476097106934e-02 -2.816504287719726562e+01 0.000000000000000000e+00 -1.165863312780857086e-02 0.000000000000000000e+00 4.900000000000000000e+01 0.000000000000000000e+00
4.645734429359436035e-01 4.381812512874603271e-01 -6.177986785769462585e-02 -5.680951476097106934e-02 -2.816504287719726562e+01 0.000000000000000000e+00 -1.165863312780857086e-02 0.000000000000000000e+00 4.900000000000000000e+01 0.000000000000000000e+00
4.645734429359436035e-01 4.381812512874603271e-01 -6.177986785769462585e-02 -5.680951476097106934e-02 -2.816504287719726562e+01 0.000000000000000000e+00 -1.165863312780857086e-02 0.000000000000000000e+00 4.900000000000000000e+01 0.000000000000000000e+00
4.645734429359436035e-01 4.381812512874603271e-01 -6.177986785769462585e-02 -5.680951476097106934e-02 -2.816504287719726562e+01 0.000000000000000000e+00 -1.165863312780857086e-02 0.000000000000000000e+00 4.900000000000000000e+01 0.000000000000000000e+00
4.645734429359436035e-01 4.381812512874603271e-01 -6.177986785769462585e-02 -5.680951476097106934e-02 -2.816504287719726562e+01 0.000000000000000000e+00 -1.165863312780857086e-02 0.000000000000000000e+00 4.900000000000000000e+01 0.000000000000000000e+00
