4.979229867458343506e-01 7.422844767570495605e-01 4.871813058853149414e-01 4.907616078853607178e-01 -2.256766510009765625e+01 -1.231608295440673828e+01 -9.341655299067497253e-03 -1.497097220271825790e-02 1.350000000000000000e+02 8.500000000000000000e+01
4.979229867458343506e-01 7.232707142829895020e-01 4.477876126766204834e-01 4.525754749774932861e-01 -1.512196922302246094e+01 -4.870387554168701172e+00 -6.259585265070199966e-03 -5.920262075960636139e-03 1.050000000000000000e+02 5.500000000000000000e+01
4.979229867458343506e-01 7.165818810462951660e-01 4.352065920829772949e-01 4.391419887542724609e-01 -1.329292392730712891e+01 -3.041342735290527344e+00 -5.502470768988132477e-03 -3.696943167597055435e-03 1.020000000000000000e+02 5.200000000000000000e+01
4.979229867458343506e-01 7.160966396331787109e-01 4.341862797737121582e-01 4.381674528121948242e-01 -1.326006889343261719e+01 -3.008487224578857422e+00 -5.488870665431022644e-03 -3.657005261629819870e-03 1.020000000000000000e+02 5.200000000000000000e+01
4.979229867458343506e-01 7.067015171051025391e-01 4.160177111625671387e-01 4.192988276481628418e-01 -1.323463153839111328e+01 -2.983049631118774414e+00 -5.478341132402420044e-03 -3.626084187999367714e-03 1.010000000000000000e+02 5.100000000000000000e+01
4.979229867458343506e-01 7.067015171051025391e-01 4.160177111625671387e-01 4.192988276481628418e-01 -1.323463153839111328e+01 -2.983049631118774414e+00 -5.478341132402420044e-03 -3.626084187999367714e-03 1.010000000000000000e+02 5.100000000000000000e+01
4.979229867458343506e-01 7.056571841239929199e-01 4.139945805072784424e-01 4.172014594078063965e-01 -1.315821552276611328e+01 -2.906634330749511719e+00 -5.446709692478179932e-03 -3.533196635544300079e-03 9.900000000000000000e+01 4.900000000000000000e+01
4.979229867458343506e-01 6.869528293609619141e-01 3.764368295669555664e-01 3.796367049217224121e-01 -1.304510688781738281e+01 -2.793524742126464844e+00 -5.399889312684535980e-03 -3.395704785361886024e-03 1.010000000000000000e+02 5.100000000000000000e+01
4.979229867458343506e-01 6.813884377479553223e-01 3.641136586666107178e-01 3.684614896774291992e-01 -1.290082454681396484e+01 -2.649243116378784180e+00 -5.340164992958307266e-03 -3.220321377739310265e-03 9.800000000000000000e+01 4.800000000000000000e+01
4.979229867458343506e-01 6.813884377479553223e-01 3.641136586666107178e-01 3.684614896774291992e-01 -1.290082454681396484e+01 -2.649243116378784180e+00 -5.340164992958307266e-03 -3.220321377739310265e-03 9.800000000000000000e+01 4.800000000000000000e+01
4.979229867458343506e-01 6.905838847160339355e-01 3.821322619915008545e-01 3.869291245937347412e-01 -1.248018264770507812e+01 -2.228600978851318359e+00 -5.166044458746910095e-03 -2.709004562348127365e-03 9.600000000000000000e+01 4.600000000000000000e+01
4.979229867458343506e-01 7.029763460159301758e-01 4.081368148326873779e-01 4.118174314498901367e-01 -1.222064971923828125e+01 -1.969069004058837891e+00 -5.058613605797290802e-03 -2.393527189269661903e-03 9.100000000000000000e+01 4.100000000000000000e+01
4.979229867458343506e-01 6.818445324897766113e-01 3.672218322753906250e-01 3.693774938583374023e-01 -1.217336845397949219e+01 -1.921787500381469727e+00 -5.039041861891746521e-03 -2.336053410544991493e-03 9.100000000000000000e+01 4.100000000000000000e+01
4.979229867458343506e-01 6.780471801757812500e-01 3.593327701091766357e-01 3.617511093616485596e-01 -1.213152503967285156e+01 -1.879944086074829102e+00 -5.021721590310335159e-03 -2.285190159454941750e-03 9.100000000000000000e+01 4.100000000000000000e+01
4.979229867458343506e-01 6.746374368667602539e-01 3.527645170688629150e-01 3.549031913280487061e-01 -1.205219364166259766e+01 -1.800612211227416992e+00 -4.988883156329393387e-03 -2.188757294788956642e-03 8.900000000000000000e+01 3.900000000000000000e+01
4.979229867458343506e-01 6.746374368667602539e-01 3.527645170688629150e-01 3.549031913280487061e-01 -1.205219364166259766e+01 -1.800612211227416992e+00 -4.988883156329393387e-03 -2.188757294788956642e-03 8.900000000000000000e+01 3.900000000000000000e+01
4.979229867458343506e-01 6.719293594360351562e-01 3.472524285316467285e-01 3.494644165039062500e-01 -1.200825309753417969e+01 -1.756671428680419922e+00 -4.970694426447153091e-03 -2.135344548150897026e-03 8.700000000000000000e+01 3.700000000000000000e+01
4.979229867458343506e-01 6.661695837974548340e-01 3.360784053802490234e-01 3.378968238830566406e-01 -1.199007415771484375e+01 -1.738492250442504883e+00 -4.963169340044260025e-03 -2.113246591761708260e-03 8.600000000000000000e+01 3.600000000000000000e+01
4.979229867458343506e-01 6.603802442550659180e-01 3.243827223777770996e-01 3.262698352336883545e-01 -1.194791698455810547e+01 -1.696335315704345703e+00 -4.945718683302402496e-03 -2.062002196907997131e-03 8.600000000000000000e+01 3.600000000000000000e+01
4.979229867458343506e-01 6.603716611862182617e-01 3.243660628795623779e-01 3.262526094913482666e-01 -1.193313217163085938e+01 -1.681551456451416016e+00 -4.939598497003316879e-03 -2.044031396508216858e-03 8.500000000000000000e+01 3.500000000000000000e+01
4.979229867458343506e-01 6.596524119377136230e-01 3.204488754272460938e-01 3.248081207275390625e-01 -1.190783596038818359e+01 -1.656254768371582031e+00 -4.929127637296915054e-03 -2.013281686231493950e-03 8.300000000000000000e+01 3.300000000000000000e+01
4.979229867458343506e-01 6.504411101341247559e-01 3.023789525032043457e-01 3.063086569309234619e-01 -1.185173606872558594e+01 -1.600155591964721680e+00 -4.905905574560165405e-03 -1.945089665241539478e-03 8.300000000000000000e+01 3.300000000000000000e+01
4.979229867458343506e-01 6.398728489875793457e-01 2.800529301166534424e-01 2.850839793682098389e-01 -1.173941993713378906e+01 -1.487838745117187500e+00 -4.859413485974073410e-03 -1.808561501093208790e-03 8.100000000000000000e+01 3.100000000000000000e+01
4.979229867458343506e-01 6.260033845901489258e-01 2.513417899608612061e-01 2.572293281555175781e-01 -1.169051074981689453e+01 -1.438929557800292969e+00 -4.839167930185794830e-03 -1.749109243974089622e-03 8.000000000000000000e+01 3.000000000000000000e+01
4.979229867458343506e-01 6.309025287628173828e-01 2.611225247383117676e-01 2.670685052871704102e-01 -1.145288658142089844e+01 -1.201305627822875977e+00 -4.740805830806493759e-03 -1.460262457840144634e-03 7.900000000000000000e+01 2.900000000000000000e+01
4.979229867458343506e-01 6.438345313072204590e-01 2.881979644298553467e-01 2.930403947830200195e-01 -1.146084308624267578e+01 -1.209262013435363770e+00 -4.744099453091621399e-03 -1.469933893531560898e-03 8.000000000000000000e+01 3.000000000000000000e+01
4.979229867458343506e-01 6.642803549766540527e-01 3.316202461719512939e-01 3.341026008129119873e-01 -1.147528648376464844e+01 -1.223705291748046875e+00 -4.750078078359365463e-03 -1.487490604631602764e-03 8.000000000000000000e+01 3.000000000000000000e+01
4.979229867458343506e-01 6.500710248947143555e-01 3.021732270717620850e-01 3.055654168128967285e-01 -1.140328025817871094e+01 -1.151699066162109375e+00 -4.720272030681371689e-03 -1.399962580762803555e-03 7.900000000000000000e+01 2.900000000000000000e+01
4.979229867458343506e-01 6.500710248947143555e-01 3.021732568740844727e-01 3.055654168128967285e-01 -1.140328025817871094e+01 -1.151699066162109375e+00 -4.720272030681371689e-03 -1.399962580762803555e-03 7.900000000000000000e+01 2.900000000000000000e+01
4.979229867458343506e-01 6.387186050415039062e-01 2.786017060279846191e-01 2.827658653259277344e-01 -1.100795364379882812e+01 -7.563729286193847656e-01 -4.556630272418260574e-03 -9.194188169203698635e-04 7.400000000000000000e+01 2.400000000000000000e+01
4.979229867458343506e-01 6.228334903717041016e-01 2.452398091554641724e-01 2.508631050586700439e-01 -1.088070487976074219e+01 -6.291239261627197266e-01 -4.503956995904445648e-03 -7.647396414540708065e-04 7.200000000000000000e+01 2.200000000000000000e+01
4.979229867458343506e-01 6.100294589996337891e-01 2.224078327417373657e-01 2.251482158899307251e-01 -1.065091705322265625e+01 -3.993353843688964844e-01 -4.408838693052530289e-03 -4.854172584600746632e-04 6.900000000000000000e+01 1.900000000000000000e+01
4.979229867458343506e-01 6.031121611595153809e-01 2.071864008903503418e-01 2.112559080123901367e-01 -1.056956100463867188e+01 -3.179805278778076172e-01 -4.375162068754434586e-03 -3.865252947434782982e-04 6.700000000000000000e+01 1.700000000000000000e+01
4.979229867458343506e-01 5.867089033126831055e-01 1.762961000204086304e-01 1.783125549554824829e-01 -1.042489528656005859e+01 -1.733139753341674805e-01 -4.315279424190521240e-03 -2.106740284943953156e-04 6.500000000000000000e+01 1.500000000000000000e+01
4.979229867458343506e-01 5.867089033126831055e-01 1.762961000204086304e-01 1.783125549554824829e-01 -1.042489528656005859e+01 -1.733139753341674805e-01 -4.315279424190521240e-03 -2.106740284943953156e-04 6.500000000000000000e+01 1.500000000000000000e+01
4.979229867458343506e-01 5.760168433189392090e-01 1.547734290361404419e-01 1.568392217159271240e-01 -1.036997318267822266e+01 -1.183915734291076660e-01 -4.292544908821582794e-03 -1.439124025637283921e-04 6.300000000000000000e+01 1.300000000000000000e+01
4.979229867458343506e-01 5.716135501861572266e-01 1.462537497282028198e-01 1.479959040880203247e-01 -1.036319828033447266e+01 -1.116170883178710938e-01 -4.289740696549415588e-03 -1.356775901513174176e-04 6.200000000000000000e+01 1.200000000000000000e+01
4.979229867458343506e-01 5.716135501861572266e-01 1.462537497282028198e-01 1.479959040880203247e-01 -1.036319828033447266e+01 -1.116170883178710938e-01 -4.289740696549415588e-03 -1.356775901513174176e-04 6.200000000000000000e+01 1.200000000000000000e+01
4.979229867458343506e-01 5.675039291381835938e-01 1.366981863975524902e-01 1.397423744201660156e-01 -1.029953956604003906e+01 -4.795819520950317383e-02 -4.263389855623245239e-03 -5.829619840369559824e-05 5.800000000000000000e+01 8.000000000000000000e+00
4.979229867458343506e-01 5.573928952217102051e-01 1.171385571360588074e-01 1.194359585642814636e-01 -1.028993892669677734e+01 -3.835743665695190430e-02 -4.259415436536073685e-03 -4.662587525672279298e-05 5.600000000000000000e+01 6.000000000000000000e+00
4.979229867458343506e-01 5.266114473342895508e-01 5.795211717486381531e-02 5.761625990271568298e-02 -1.025680446624755859e+01 -5.223274230957031250e-03 -4.245699848979711533e-03 -6.349217983370181173e-06 5.200000000000000000e+01 2.000000000000000000e+00
4.979229867458343506e-01 5.266114473342895508e-01 5.795211344957351685e-02 5.761625990271568298e-02 -1.025680446624755859e+01 -5.223274230957031250e-03 -4.245699848979711533e-03 -6.349217983370181173e-06 5.200000000000000000e+01 2.000000000000000000e+00
4.979229867458343506e-01 5.266114473342895508e-01 5.795211344957351685e-02 5.761625990271568298e-02 -1.025680446624755859e+01 -5.223274230957031250e-03 -4.245699848979711533e-03 -6.349217983370181173e-06 5.200000000000000000e+01 2.000000000000000000e+00
4.979229867458343506e-01 5.266114473342895508e-01 5.795211344957351685e-02 5.761625990271568298e-02 -1.025680446624755859e+01 -5.223274230957031250e-03 -4.245699848979711533e-03 -6.349217983370181173e-06 5.200000000000000000e+01 2.000000000000000000e+00
4.979229867458343506e-01 5.266114473342895508e-01 5.795211717486381531e-02 5.761625990271568298e-02 -1.025680446624755859e+01 -5.223274230957031250e-03 -4.245699848979711533e-03 -6.349217983370181173e-06 5.200000000000000000e+01 2.000000000000000000e+00
4.979229867458343506e-01 5.256135463714599609e-01 5.584368482232093811e-02 5.561213195323944092e-02 -1.025372791290283203e+01 -2.146601676940917969e-03 -4.244426265358924866e-03 -2.609329158076434396e-06 5.100000000000000000e+01 1.000000000000000000e+00
4.979229867458343506e-01 5.256135463714599609e-01 5.584368482232093811e-02 5.561213195323944092e-02 -1.025372791290283203e+01 -2.146601676940917969e-03 -4.244426265358924866e-03 -2.609329158076434396e-06 5.100000000000000000e+01 1.000000000000000000e+00
4.979229867458343506e-01 5.208983421325683594e-01 4.657066240906715393e-02 4.614238813519477844e-02 -1.025158119201660156e+01 0.000000000000000000e+00 -4.243537783622741699e-03 0.000000000000000000e+00 5.000000000000000000e+01 0.000000000000000000e+00
4.979229867458343506e-01 5.208983421325683594e-01 4.657066240906715393e-02 4.614238813519477844e-02 -1.025158119201660156e+01 0.000000000000000000e+00 -4.243537783622741699e-03 0.000000000000000000e+00 5.000000000000000000e+01 0.000000000000000000e+00
4.979229867458343506e-01 5.208983421325683594e-01 4.657066240906715393e-02 4.614238813519477844e-02 -1.025158119201660156e+01 0.000000000000000000e+00 -4.243537783622741699e-03 0.000000000000000000e+00 5.000000000000000000e+01 0.000000000000000000e+00
4.979229867458343506e-01 5.208983421325683594e-01 4.657066240906715393e-02 4.614238813519477844e-02 -1.025158119201660156e+01 0.000000000000000000e+00 -4.243537783622741699e-03 0.000000000000000000e+00 5.000000000000000000e+01 0.000000000000000000e+00
4.979229867458343506e-01 5.208983421325683594e-01 4.657066240906715393e-02 4.614238813519477844e-02 -1.025158119201660156e+01 0.000000000000000000e+00 -4.243537783622741699e-03 0.000000000000000000e+00 5.000000000000000000e+01 0.000000000000000000e+00
4.979229867458343506e-01 5.208983421325683594e-01 4.657066240906715393e-02 4.614238813519477844e-02 -1.025158119201660156e+01 0.000000000000000000e+00 -4.243537783622741699e-03 0.000000000000000000e+00 5.000000000000000000e+01 0.000000000000000000e+00
4.979229867458343506e-01 5.208983421325683594e-01 4.657066240906715393e-02 4.614238813519477844e-02 -1.025158119201660156e+01 0.000000000000000000e+00 -4.243537783622741699e-03 0.000000000000000000e+00 5.000000000000000000e+01 0.000000000000000000e+00
4.979229867458343506e-01 5.208983421325683594e-01 4.657066240906715393e-02 4.614238813519477844e-02 -1.025158119201660156e+01 0.000000000000000000e+00 -4.243537783622741699e-03 0.000000000000000000e+00 5.000000000000000000e+01 0.000000000000000000e+00
4.979229867458343506e-01 5.208983421325683594e-01 4.657066240906715393e-02 4.614238813519477844e-02 -1.025158119201660156e+01 0.000000000000000000e+00 -4.243537783622741699e-03 0.000000000000000000e+00 5.000000000000000000e+01 0.000000000000000000e+00
4.979229867458343506e-01 5.208983421325683594e-01 4.657066240906715393e-02 4.614238813519477844e-02 -1.025158119201660156e+01 0.000000000000000000e+00 -4.243537783622741699e-03 0.000000000000000000e+00 5.000000000000000000e+01 0.000000000000000000e+00
4.979229867458343506e-01 5.208983421325683594e-01 4.657066240906715393e-02 4.614238813519477844e-02 -1.025158119201660156e+01 0.000000000000000000e+00 -4.243537783622741699e-03 0.000000000000000000e+00 5.000000000000000000e+01 0.000000000000000000e+00
4.979229867458343506e-01 5.208983421325683594e-01 4.657066240906715393e-02 4.614238813519477844e-02 -1.025158119201660156e+01 0.000000000000000000e+00 -4.243537783622741699e-03 0.000000000000000000e+00 5.000000000000000000e+01 0.000000000000000000e+00
4.979229867458343506e-01 5.208983421325683594e-01 4.657066240906715393e-02 4.614238813519477844e-02 -1.025158119201660156e+01 0.000000000000000000e+00 -4.243537783622741699e-03 0.000000000000000000e+00 5.000000000000000000e+01 0.000000000000000000e+00
4.979229867458343506e-01 5.208983421325683594e-01 4.657066240906715393e-02 4.614238813519477844e-02 -1.025158119201660156e+01 0.000000000000000000e+00 -4.243537783622741699e-03 0.000000000000000000e+00 5.000000000000000000e+01 0.000000000000000000e+00
4.979229867458343506e-01 5.208983421325683594e-01 4.657066240906715393e-02 4.614238813519477844e-02 -1.025158119201660156e+01 0.000000000000000000e+00 -4.243537783622741699e-03 0.000000000000000000e+00 5.000000000000000000e+01 0.000000000000000000e+00
4.979229867458343506e-01 5.208983421325683594e-01 4.657066240906715393e-02 4.614238813519477844e-02 -1.025158119201660156e+01 0.000000000000000000e+00 -4.243537783622741699e-03 0.000000000000000000e+00 5.000000000000000000e+01 0.000000000000000000e+00
4.979229867458343506e-01 5.208983421325683594e-01 4.657066240906715393e-02 4.614238813519477844e-02 -1.025158119201660156e+01 0.000000000000000000e+00 -4.243537783622741699e-03 0.000000000000000000e+00 5.000000000000000000e+01 0.000000000000000000e+00
4.979229867458343506e-01 5.208983421325683594e-01 4.657066240906715393e-02 4.614238813519477844e-02 -1.025158119201660156e+01 0.000000000000000000e+00 -4.243537783622741699e-03 0.000000000000000000e+00 5.000000000000000000e+01 0.000000000000000000e+00
4.979229867458343506e-01 5.208983421325683594e-01 4.657066240906715393e-02 4.614238813519477844e-02 -1.025158119201660156e+01 0.000000000000000000e+00 -4.243537783622741699e-03 0.000000000000000000e+00 5.000000000000000000e+01 0.000000000000000000e+00
4.979229867458343506e-01 5.208983421325683594e-01 4.657066240906715393e-02 4.614238813519477844e-02 -1.025158119201660156e+01 0.000000000000000000e+00 -4.243537783622741699e-03 0.000000000000000000e+00 5.000000000000000000e+01 0.000000000000000000e+00
4.979229867458343506e-01 5.208983421325683594e-01 4.657066240906715393e-02 4.614238813519477844e-02 -1.025158119201660156e+01 0.000000000000000000e+00 -4.243537783622741699e-03 0.000000000000000000e+00 5.000000000000000000e+01 0.000000000000000000e+00
4.979229867458343506e-01 5.208983421325683594e-01 4.657066240906715393e-02 4.614238813519477844e-02 -1.025158119201660156e+01 0.000000000000000000e+00 -4.243537783622741699e-03 0.000000000000000000e+00 5.000000000000000000e+01 0.000000000000000000e+00
4.979229867458343506e-01 5.208983421325683594e-01 4.657066240906715393e-02 4.614238813519477844e-02 -1.025158119201660156e+01 0.000000000000000000e+00 -4.243537783622741699e-03 0.000000000000000000e+00 5.000000000000000000e+01 0.000000000000000000e+00
4.979229867458343506e-01 5.208983421325683594e-01 4.657066240906715393e-02 4.614238813519477844e-02 -1.025158119201660156e+01 0.000000000000000000e+00 -4.243537783622741699e-03 0.000000000000000000e+00 5.000000000000000000e+01 0.000000000000000000e+00
4.979229867458343506e-01 5.208983421325683594e-01 4.657066240906715393e-02 4.614238813519477844e-02 -1.025158119201660156e+01 0.000000000000000000e+00 -4.243537783622741699e-03 0.000000000000000000e+00 5.000000000000000000e+01 0.000000000000000000e+00
4.979229867458343506e-01 5.208983421325683594e-01 4.657066240906715393e-02 4.614238813519477844e-02 -1.025158119201660156e+01 0.000000000000000000e+00 -4.243537783622741699e-03 0.000000000000000000e+00 5.000000000000000000e+01 0.000000000000000000e+00
4.979229867458343506e-01 5.208983421325683594e-01 4.657066240906715393e-02 4.614238813519477844e-02 -1.025158119201660156e+01 0.000000000000000000e+00 -4.243537783622741699e-03 0.000000000000000000e+00 5.000000000000000000e+01 0.000000000000000000e+00
4.979229867458343506e-01 5.208983421325683594e-01 4.657066240906715393e-02 4.614238813519477844e-02 -1.025158119201660156e+01 0.000000000000000000e+00 -4.243537783622741699e-03 0.000000000000000000e+00 5.000000000000000000e+01 0.000000000000000000e+00
4.979229867458343506e-01 5.208983421325683594e-01 4.657066240906715393e-02 4.614238813519477844e-02 -1.025158119201660156e+01 0.000000000000000000e+00 -4.243537783622741699e-03 0.000000000000000000e+00 5.000000000000000000e+01 0.000000000000000000e+00
4.979229867458343506e-01 5.208983421325683594e-01 4.657066240906715393e-02 4.614238813519477844e-02 -1.025158119201660156e+01 0.000000000000000000e+00 -4.243537783622741699e-03 0.000000000000000000e+00 5.000000000000000000e+01 0.000000000000000000e+00
4.979229867458343506e-01 5.208983421325683594e-01 4.657066240906715393e-02 4.614238813519477844e-02 -1.025158119201660156e+01 0.000000000000000000e+00 -4.243537783622741699e-03 0.000000000000000000e+00 5.000000000000000000e+01 0.000000000000000000e+00
4.979229867458343506e-01 5.208983421325683594e-01 4.657066240906715393e-02 4.614238813519477844e-02 -1.025158119201660156e+01 0.000000000000000000e+00 -4.243537783622741699e-03 0.000000000000000000e+00 5.000000000000000000e+01 0.000000000000000000e+00
4.979229867458343506e-01 5.208983421325683594e-01 4.657066240906715393e-02 4.614238813519477844e-02 -1.025158119201660156e+01 0.000000000000000000e+00 -4.243537783622741699e-03 0.000000000000000000e+00 5.000000000000000000e+01 0.000000000000000000e+00
4.979229867458343506e-01 5.208983421325683594e-01 4.657066240906715393e-02 4.614238813519477844e-02 -1.025158119201660156e+01 0.000000000000000000e+00 -4.243537783622741699e-03 0.000000000000000000e+00 5.000000000000000000e+01 0.000000000000000000e+00
4.979229867458343506e-01 5.208983421325683594e-01 4.657066240906715393e-02 4.614238813519477844e-02 -1.025158119201660156e+01 0.000000000000000000e+00 -4.243537783622741699e-03 0.000000000000000000e+00 5.000000000000000000e+01 0.000000000000000000e+00
4.979229867458343506e-01 5.208983421325683594e-01 4.657066240906715393e-02 4.614238813519477844e-02 -1.025158119201660156e+01 0.000000000000000000e+00 -4.243537783622741699e-03 0.000000000000000000e+00 5.000000000000000000e+01 0.000000000000000000e+00
4.979229867458343506e-01 5.208983421325683594e-01 4.657066240906715393e-02 4.614238813519477844e-02 -1.025158119201660156e+01 0.000000000000000000e+00 -4.243537783622741699e-03 0.000000000000000000e+00 5.000000000000000000e+01 0.000000000000000000e+00
4.979229867458343506e-01 5.208983421325683594e-01 4.657066240906715393e-02 4.614238813519477844e-02 -1.025158119201660156e+01 0.000000000000000000e+00 -4.243537783622741699e-03 0.000000000000000000e+00 5.000000000000000000e+01 0.000000000000000000e+00
4.979229867458343506e-01 5.208983421325683594e-01 4.657066240906715393e-02 4.614238813519477844e-02 -1.025158119201660156e+01 0.000000000000000000e+00 -4.243537783622741699e-03 0.000000000000000000e+00 5.000000000000000000e+01 0.000000000000000000e+00
4.979229867458343506e-01 5.208983421325683594e-01 4.657066240906715393e-02 4.614238813519477844e-02 -1.025158119201660156e+01 0.000000000000000000e+00 -4.243537783622741699e-03 0.000000000000000000e+00 5.000000000000000000e+01 0.000000000000000000e+00
4.979229867458343506e-01 5.208983421325683594e-01 4.657066240906715393e-02 4.614238813519477844e-02 -1.025158119201660156e+01 0.000000000000000000e+00 -4.243537783622741699e-03 0.000000000000000000e+00 5.000000000000000000e+01 0.000000000000000000e+00
4.979229867458343506e-01 5.208983421325683594e-01 4.657066240906715393e-02 4.614238813519477844e-02 -1.025158119201660156e+01 0.000000000000000000e+00 -4.243537783622741699e-03 0.000000000000000000e+00 5.000000000000000000e+01 0.000000000000000000e+00
4.979229867458343506e-01 5.208983421325683594e-01 4.657066240906715393e-02 4.614238813519477844e-02 -1.025158119201660156e+01 0.000000000000000000e+00 -4.243537783622741699e-03 0.000000000000000000e+00 5.000000000000000000e+01 0.000000000000000000e+00
4.979229867458343506e-01 5.208983421325683594e-01 4.657066240906715393e-02 4.614238813519477844e-02 -1.025158119201660156e+01 0.000000000000000000e+00 -4.243537783622741699e-03 0.000000000000000000e+00 5.000000000000000000e+01 0.000000000000000000e+00
