4.560702443122863770e-01 4.430896639823913574e-01 -2.546931616961956024e-02 -2.846180088818073273e-02 -3.558839416503906250e+01 -6.761478424072265625e+00 -1.473145373165607452e-02 -8.926603011786937714e-03 7.300000000000000000e+01 2.400000000000000000e+01
4.560702443122863770e-01 4.423105418682098389e-01 -2.758792787790298462e-02 -3.017013892531394958e-02 -3.521962738037109375e+01 -6.392709732055664062e+00 -1.457880623638629913e-02 -8.439749479293823242e-03 7.100000000000000000e+01 2.200000000000000000e+01
4.560702443122863770e-01 4.423105418682098389e-01 -2.758792787790298462e-02 -3.017013892531394958e-02 -3.521962738037109375e+01 -6.392709732055664062e+00 -1.457880623638629913e-02 -8.439749479293823242e-03 7.100000000000000000e+01 2.200000000000000000e+01
4.560702443122863770e-01 4.423105418682098389e-01 -2.758792787790298462e-02 -3.017013892531394958e-02 -3.521962738037109375e+01 -6.392709732055664062e+00 -1.457880623638629913e-02 -8.439749479293823242e-03 7.100000000000000000e+01 2.200000000000000000e+01
4.560702443122863770e-01 4.423105418682098389e-01 -2.758792787790298462e-02 -3.017013892531394958e-02 -3.521962738037109375e+01 -6.392709732055664062e+00 -1.457880623638629913e-02 -8.439749479293823242e-03 7.100000000000000000e+01 2.200000000000000000e+01
4.560702443122863770e-01 4.423105418682098389e-01 -2.758792787790298462e-02 -3.017013892531394958e-02 -3.521962738037109375e+01 -6.392709732055664062e+00 -1.457880623638629913e-02 -8.439749479293823242e-03 7.100000000000000000e+01 2.200000000000000000e+01
4.560702443122863770e-01 4.423105418682098389e-01 -2.758792787790298462e-02 -3.017013892531394958e-02 -3.521962738037109375e+01 -6.392709732055664062e+00 -1.457880623638629913e-02 -8.439749479293823242e-03 7.100000000000000000e+01 2.200000000000000000e+01
4.560702443122863770e-01 4.423105418682098389e-01 -2.758792787790298462e-02 -3.017013892531394958e-02 -3.521962738037109375e+01 -6.392709732055664062e+00 -1.457880623638629913e-02 -8.439749479293823242e-03 7.100000000000000000e+01 2.200000000000000000e+01
4.560702443122863770e-01 4.423105418682098389e-01 -2.758792787790298462e-02 -3.017013892531394958e-02 -3.521962738037109375e+01 -6.392709732055664062e+00 -1.457880623638629913e-02 -8.439749479293823242e-03 7.100000000000000000e+01 2.200000000000000000e+01
4.560702443122863770e-01 4.423105418682098389e-01 -2.758792787790298462e-02 -3.017013892531394958e-02 -3.521962738037109375e+01 -6.392709732055664062e+00 -1.457880623638629913e-02 -8.439749479293823242e-03 7.100000000000000000e+01 2.200000000000000000e+01
4.560702443122863770e-01 4.423105418682098389e-01 -2.758792787790298462e-02 -3.017013892531394958e-02 -3.521962738037109375e+01 -6.392709732055664062e+00 -1.457880623638629913e-02 -8.439749479293823242e-03 7.100000000000000000e+01 2.200000000000000000e+01
4.560702443122863770e-01 4.441612958908081055e-01 -2.286149188876152039e-02 -2.611209265887737274e-02 -3.504994964599609375e+01 -6.223031044006347656e+00 -1.450857054442167282e-02 -8.215736597776412964e-03 7.000000000000000000e+01 2.100000000000000000e+01
4.560702443122863770e-01 4.462174773216247559e-01 -1.862663030624389648e-02 -2.160361781716346741e-02 -3.442615509033203125e+01 -5.599235057830810547e+00 -1.425035670399665833e-02 -7.392192259430885315e-03 6.900000000000000000e+01 2.000000000000000000e+01
4.560702443122863770e-01 4.485467374324798584e-01 -1.387062296271324158e-02 -1.649637706577777863e-02 -3.349408340454101562e+01 -4.667165756225585938e+00 -1.386453490704298019e-02 -6.161660887300968170e-03 6.700000000000000000e+01 1.800000000000000000e+01
4.560702443122863770e-01 4.485467374324798584e-01 -1.387062296271324158e-02 -1.649637706577777863e-02 -3.349408340454101562e+01 -4.667165756225585938e+00 -1.386453490704298019e-02 -6.161660887300968170e-03 6.700000000000000000e+01 1.800000000000000000e+01
4.560702443122863770e-01 4.485467374324798584e-01 -1.387062296271324158e-02 -1.649637706577777863e-02 -3.349408340454101562e+01 -4.667165756225585938e+00 -1.386453490704298019e-02 -6.161660887300968170e-03 6.700000000000000000e+01 1.800000000000000000e+01
4.560702443122863770e-01 4.487508237361907959e-01 -1.345030963420867920e-02 -1.604888774454593658e-02 -3.294261932373046875e+01 -4.115701198577880859e+00 -1.363626215606927872e-02 -5.433609243482351303e-03 6.600000000000000000e+01 1.700000000000000000e+01
4.560702443122863770e-01 4.487508237361907959e-01 -1.345030963420867920e-02 -1.604888774454593658e-02 -3.294261932373046875e+01 -4.115701198577880859e+00 -1.363626215606927872e-02 -5.433609243482351303e-03 6.600000000000000000e+01 1.700000000000000000e+01
4.560702443122863770e-01 4.463331103324890137e-01 -1.812711544334888458e-02 -2.135007455945014954e-02 -3.271736145019531250e+01 -3.890442371368408203e+00 -1.354301907122135162e-02 -5.136218853294849396e-03 6.500000000000000000e+01 1.600000000000000000e+01
4.560702443122863770e-01 4.450052678585052490e-01 -2.086191996932029724e-02 -2.426156215369701385e-02 -3.197795486450195312e+01 -3.151036262512207031e+00 -1.323694922029972076e-02 -4.160044249147176743e-03 6.400000000000000000e+01 1.500000000000000000e+01
4.560702443122863770e-01 4.433763325214385986e-01 -2.401237748563289642e-02 -2.783323824405670166e-02 -3.071179008483886719e+01 -1.884871482849121094e+00 -1.271283347159624100e-02 -2.488435013219714165e-03 6.000000000000000000e+01 1.100000000000000000e+01
4.560702443122863770e-01 4.466657042503356934e-01 -1.766936294734477997e-02 -2.062081545591354370e-02 -3.036237525939941406e+01 -1.535457134246826172e+00 -1.256819628179073334e-02 -2.027133014053106308e-03 5.800000000000000000e+01 9.000000000000000000e+00
4.560702443122863770e-01 4.446307420730590820e-01 -2.141702547669410706e-02 -2.508276328444480896e-02 -3.007780838012695312e+01 -1.250890970230102539e+00 -1.245040260255336761e-02 -1.651444588787853718e-03 5.700000000000000000e+01 8.000000000000000000e+00
4.560702443122863770e-01 4.446307420730590820e-01 -2.141702547669410706e-02 -2.508276328444480896e-02 -3.007780838012695312e+01 -1.250890970230102539e+00 -1.245040260255336761e-02 -1.651444588787853718e-03 5.700000000000000000e+01 8.000000000000000000e+00
4.560702443122863770e-01 4.427906572818756104e-01 -2.484747394919395447e-02 -2.911741659045219421e-02 -2.972276115417480469e+01 -8.958445787429809570e-01 -1.230343431234359741e-02 -1.182707143016159534e-03 5.600000000000000000e+01 7.000000000000000000e+00
4.560702443122863770e-01 4.427906572818756104e-01 -2.484747394919395447e-02 -2.911741659045219421e-02 -2.972276115417480469e+01 -8.958445787429809570e-01 -1.230343431234359741e-02 -1.182707143016159534e-03 5.600000000000000000e+01 7.000000000000000000e+00
4.560702443122863770e-01 4.452094137668609619e-01 -1.986603066325187683e-02 -2.381394244730472565e-02 -2.941672897338867188e+01 -5.898127555847167969e-01 -1.217675581574440002e-02 -7.786794449202716351e-04 5.500000000000000000e+01 6.000000000000000000e+00
4.560702443122863770e-01 4.452094137668609619e-01 -1.986603066325187683e-02 -2.381394244730472565e-02 -2.941672897338867188e+01 -5.898127555847167969e-01 -1.217675581574440002e-02 -7.786794449202716351e-04 5.500000000000000000e+01 6.000000000000000000e+00
4.560702443122863770e-01 4.452094137668609619e-01 -1.986603066325187683e-02 -2.381394244730472565e-02 -2.941672897338867188e+01 -5.898127555847167969e-01 -1.217675581574440002e-02 -7.786794449202716351e-04 5.500000000000000000e+01 6.000000000000000000e+00
4.560702443122863770e-01 4.482479095458984375e-01 -1.393006648868322372e-02 -1.715160161256790161e-02 -2.892869758605957031e+01 -1.017796397209167480e-01 -1.197473984211683273e-02 -1.343709736829623580e-04 5.200000000000000000e+01 3.000000000000000000e+00
4.560702443122863770e-01 4.503279030323028564e-01 -9.796829894185066223e-03 -1.259091403335332870e-02 -2.889413452148437500e+01 -6.721562147140502930e-02 -1.196043286472558975e-02 -8.873904880601912737e-05 5.100000000000000000e+01 2.000000000000000000e+00
4.560702443122863770e-01 4.533576071262359619e-01 -3.917147871106863022e-03 -5.947849713265895844e-03 -2.884918212890625000e+01 -2.226352691650390625e-02 -1.194182503968477249e-02 -2.939263504231348634e-05 5.000000000000000000e+01 1.000000000000000000e+00
4.560702443122863770e-01 4.533576071262359619e-01 -3.917147871106863022e-03 -5.947849713265895844e-03 -2.884918212890625000e+01 -2.226352691650390625e-02 -1.194182503968477249e-02 -2.939263504231348634e-05 5.000000000000000000e+01 1.000000000000000000e+00
4.560702443122863770e-01 4.522602856159210205e-01 -6.429595872759819031e-03 -8.353885263204574585e-03 -2.882691955566406250e+01 0.000000000000000000e+00 -1.193261053413152695e-02 0.000000000000000000e+00 4.900000000000000000e+01 0.000000000000000000e+00
4.560702443122863770e-01 4.522602856159210205e-01 -6.429595872759819031e-03 -8.353885263204574585e-03 -2.882691955566406250e+01 0.000000000000000000e+00 -1.193261053413152695e-02 0.000000000000000000e+00 4.900000000000000000e+01 0.000000000000000000e+00
4.560702443122863770e-01 4.522602856159210205e-01 -6.429595872759819031e-03 -8.353885263204574585e-03 -2.882691955566406250e+01 0.000000000000000000e+00 -1.193261053413152695e-02 0.000000000000000000e+00 4.900000000000000000e+01 0.000000000000000000e+00
4.560702443122863770e-01 4.522602856159210205e-01 -6.429595872759819031e-03 -8.353885263204574585e-03 -2.882691955566406250e+01 0.000000000000000000e+00 -1.193261053413152695e-02 0.000000000000000000e+00 4.900000000000000000e+01 0.000000000000000000e+00
4.560702443122863770e-01 4.522602856159210205e-01 -6.429595872759819031e-03 -8.353885263204574585e-03 -2.882691955566406250e+01 0.000000000000000000e+00 -1.193261053413152695e-02 0.000000000000000000e+00 4.900000000000000000e+01 0.000000000000000000e+00
4.560702443122863770e-01 4.522602856159210205e-01 -6.429595872759819031e-03 -8.353885263204574585e-03 -2.882691955566406250e+01 0.000000000000000000e+00 -1.193261053413152695e-02 0.000000000000000000e+00 4.900000000000000000e+01 0.000000000000000000e+00
4.560702443122863770e-01 4.522602856159210205e-01 -6.429595872759819031e-03 -8.353885263204574585e-03 -2.882691955566406250e+01 0.000000000000000000e+00 -1.193261053413152695e-02 0.000000000000000000e+00 4.900000000000000000e+01 0.000000000000000000e+00
4.560702443122863770e-01 4.522602856159210205e-01 -6.429595872759819031e-03 -8.353885263204574585e-03 -2.882691955566406250e+01 0.000000000000000000e+00 -1.193261053413152695e-02 0.000000000000000000e+00 4.900000000000000000e+01 0.000000000000000000e+00
4.560702443122863770e-01 4.522602856159210205e-01 -6.429595872759819031e-03 -8.353885263204574585e-03 -2.882691955566406250e+01 0.000000000000000000e+00 -1.193261053413152695e-02 0.000000000000000000e+00 4.900000000000000000e+01 0.000000000000000000e+00
4.560702443122863770e-01 4.522602856159210205e-01 -6.429595872759819031e-03 -8.353885263204574585e-03 -2.882691955566406250e+01 0.000000000000000000e+00 -1.193261053413152695e-02 0.000000000000000000e+00 4.900000000000000000e+01 0.000000000000000000e+00
4.560702443122863770e-01 4.522602856159210205e-01 -6.429595872759819031e-03 -8.353885263204574585e-03 -2.882691955566406250e+01 0.000000000000000000e+00 -1.193261053413152695e-02 0.000000000000000000e+00 4.900000000000000000e+01 0.000000000000000000e+00
4.560702443122863770e-01 4.522602856159210205e-01 -6.429595872759819031e-03 -8.353885263204574585e-03 -2.882691955566406250e+01 0.000000000000000000e+00 -1.193261053413152695e-02 0.000000000000000000e+00 4.900000000000000000e+01 0.000000000000000000e+00
4.560702443122863770e-01 4.522602856159210205e-01 -6.429595872759819031e-03 -8.353885263204574585e-03 -2.882691955566406250e+01 0.000000000000000000e+00 -1.193261053413152695e-02 0.000000000000000000e+00 4.900000000000000000e+01 0.000000000000000000e+00
4.560702443122863770e-01 4.522602856159210205e-01 -6.429595872759819031e-03 -8.353885263204574585e-03 -2.882691955566406250e+01 0.000000000000000000e+00 -1.193261053413152695e-02 0.000000000000000000e+00 4.900000000000000000e+01 0.000000000000000000e+00
4.560702443122863770e-01 4.522602856159210205e-01 -6.429595872759819031e-03 -8.353885263204574585e-03 -2.882691955566406250e+01 0.000000000000000000e+00 -1.193261053413152695e-02 0.000000000000000000e+00 4.900000000000000000e+01 0.000000000000000000e+00
4.560702443122863770e-01 4.522602856159210205e-01 -6.429595872759819031e-03 -8.353885263204574585e-03 -2.882691955566406250e+01 0.000000000000000000e+00 -1.193261053413152695e-02 0.000000000000000000e+00 4.900000000000000000e+01 0.000000000000000000e+00
4.560702443122863770e-01 4.522602856159210205e-01 -6.429595872759819031e-03 -8.353885263204574585e-03 -2.882691955566406250e+01 0.000000000000000000e+00 -1.193261053413152695e-02 0.000000000000000000e+00 4.900000000000000000e+01 0.000000000000000000e+00
4.560702443122863770e-01 4.522602856159210205e-01 -6.429595872759819031e-03 -8.353885263204574585e-03 -2.882691955566406250e+01 0.000000000000000000e+00 -1.193261053413152695e-02 0.000000000000000000e+00 4.900000000000000000e+01 0.000000000000000000e+00
4.560702443122863770e-01 4.522602856159210205e-01 -6.429595872759819031e-03 -8.353885263204574585e-03 -2.882691955566406250e+01 0.000000000000000000e+00 -1.193261053413152695e-02 0.000000000000000000e+00 4.900000000000000000e+01 0.000000000000000000e+00
4.560702443122863770e-01 4.522602856159210205e-01 -6.429595872759819031e-03 -8.353885263204574585e-03 -2.882691955566406250e+01 0.000000000000000000e+00 -1.193261053413152695e-02 0.000000000000000000e+00 4.900000000000000000e+01 0.000000000000000000e+00
4.560702443122863770e-01 4.522602856159210205e-01 -6.429595872759819031e-03 -8.353885263204574585e-03 -2.882691955566406250e+01 0.000000000000000000e+00 -1.193261053413152695e-02 0.000000000000000000e+00 4.900000000000000000e+01 0.000000000000000000e+00
4.560702443122863770e-01 4.522602856159210205e-01 -6.429595872759819031e-03 -8.353885263204574585e-03 -2.882691955566406250e+01 0.000000000000000000e+00 -1.193261053413152695e-02 0.000000000000000000e+00 4.900000000000000000e+01 0.000000000000000000e+00
4.560702443122863770e-01 4.522602856159210205e-01 -6.429595872759819031e-03 -8.353885263204574585e-03 -2.882691955566406250e+01 0.000000000000000000e+00 -1.193261053413152695e-02 0.000000000000000000e+00 4.900000000000000000e+01 0.000000000000000000e+00
4.560702443122863770e-01 4.522602856159210205e-01 -6.429595872759819031e-03 -8.353885263204574585e-03 -2.882691955566406250e+01 0.000000000000000000e+00 -1.193261053413152695e-02 0.000000000000000000e+00 4.900000000000000000e+01 0.000000000000000000e+00
4.560702443122863770e-01 4.522602856159210205e-01 -6.429595872759819031e-03 -8.353885263204574585e-03 -2.882691955566406250e+01 0.000000000000000000e+00 -1.193261053413152695e-02 0.000000000000000000e+00 4.900000000000000000e+01 0.000000000000000000e+00
4.560702443122863770e-01 4.522602856159210205e-01 -6.429595872759819031e-03 -8.353885263204574585e-03 -2.882691955566406250e+01 0.000000000000000000e+00 -1.193261053413152695e-02 0.000000000000000000e+00 4.900000000000000000e+01 0.000000000000000000e+00
4.560702443122863770e-01 4.522602856159210205e-01 -6.429595872759819031e-03 -8.353885263204574585e-03 -2.882691955566406250e+01 0.000000000000000000e+00 -1.193261053413152695e-02 0.000000000000000000e+00 4.900000000000000000e+01 0.000000000000000000e+00
4.560702443122863770e-01 4.522602856159210205e-01 -6.429595872759819031e-03 -8.353885263204574585e-03 -2.882691955566406250e+01 0.000000000000000000e+00 -1.193261053413152695e-02 0.000000000000000000e+00 4.900000000000000000e+01 0.000000000000000000e+00
4.560702443122863770e-01 4.522602856159210205e-01 -6.429595872759819031e-03 -8.353885263204574585e-03 -2.882691955566406250e+01 0.000000000000000000e+00 -1.193261053413152695e-02 0.000000000000000000e+00 4.900000000000000000e+01 0.000000000000000000e+00
4.560702443122863770e-01 4.522602856159210205e-01 -6.429595872759819031e-03 -8.353885263204574585e-03 -2.882691955566406250e+01 0.000000000000000000e+00 -1.193261053413152695e-02 0.000000000000000000e+00 4.900000000000000000e+01 0.000000000000000000e+00
4.560702443122863770e-01 4.522602856159210205e-01 -6.429595872759819031e-03 -8.353885263204574585e-03 -2.882691955566406250e+01 0.000000000000000000e+00 -1.193261053413152695e-02 0.000000000000000000e+00 4.900000000000000000e+01 0.000000000000000000e+00
4.560702443122863770e-01 4.522602856159210205e-01 -6.429595872759819031e-03 -8.353885263204574585e-03 -2.882691955566406250e+01 0.000000000000000000e+00 -1.193261053413152695e-02 0.000000000000000000e+00 4.900000000000000000e+01 0.000000000000000000e+00
4.560702443122863770e-01 4.522602856159210205e-01 -6.429595872759819031e-03 -8.353885263204574585e-03 -2.882691955566406250e+01 0.000000000000000000e+00 -1.193261053413152695e-02 0.000000000000000000e+00 4.900000000000000000e+01 0.000000000000000000e+00
4.560702443122863770e-01 4.522602856159210205e-01 -6.429595872759819031e-03 -8.353885263204574585e-03 -2.882691955566406250e+01 0.000000000000000000e+00 -1.193261053413152695e-02 0.000000000000000000e+00 4.900000000000000000e+01 0.000000000000000000e+00
4.560702443122863770e-01 4.522602856159210205e-01 -6.429595872759819031e-03 -8.353885263204574585e-03 -2.882691955566406250e+01 0.000000000000000000e+00 -1.193261053413152695e-02 0.000000000000000000e+00 4.900000000000000000e+01 0.000000000000000000e+00
4.560702443122863770e-01 4.522602856159210205e-01 -6.429595872759819031e-03 -8.353885263204574585e-03 -2.882691955566406250e+01 0.000000000000000000e+00 -1.193261053413152695e-02 0.000000000000000000e+00 4.900000000000000000e+01 0.000000000000000000e+00
4.560702443122863770e-01 4.522602856159210205e-01 -6.429595872759819031e-03 -8.353885263204574585e-03 -2.882691955566406250e+01 0.000000000000000000e+00 -1.193261053413152695e-02 0.000000000000000000e+00 4.900000000000000000e+01 0.000000000000000000e+00
4.560702443122863770e-01 4.522602856159210205e-01 -6.429595872759819031e-03 -8.353885263204574585e-03 -2.882691955566406250e+01 0.000000000000000000e+00 -1.193261053413152695e-02 0.000000000000000000e+00 4.900000000000000000e+01 0.000000000000000000e+00
4.560702443122863770e-01 4.522602856159210205e-01 -6.429595872759819031e-03 -8.353885263204574585e-03 -2.882691955566406250e+01 0.000000000000000000e+00 -1.193261053413152695e-02 0.000000000000000000e+00 4.900000000000000000e+01 0.000000000000000000e+00
4.560702443122863770e-01 4.522602856159210205e-01 -6.429595872759819031e-03 -8.353885263204574585e-03 -2.882691955566406250e+01 0.000000000000000000e+00 -1.193261053413152695e-02 0.000000000000000000e+00 4.900000000000000000e+01 0.000000000000000000e+00
4.560702443122863770e-01 4.522602856159210205e-01 -6.429595872759819031e-03 -8.353885263204574585e-03 -2.882691955566406250e+01 0.000000000000000000e+00 -1.193261053413152695e-02 0.000000000000000000e+00 4.900000000000000000e+01 0.000000000000000000e+00
4.560702443122863770e-01 4.522602856159210205e-01 -6.429595872759819031e-03 -8.353885263204574585e-03 -2.882691955566406250e+01 0.000000000000000000e+00 -1.193261053413152695e-02 0.000000000000000000e+00 4.900000000000000000e+01 0.000000000000000000e+00
4.560702443122863770e-01 4.522602856159210205e-01 -6.429595872759819031e-03 -8.353885263204574585e-03 -2.882691955566406250e+01 0.000000000000000000e+00 -1.193261053413152695e-02 0.000000000000000000e+00 4.900000000000000000e+01 0.000000000000000000e+00
4.560702443122863770e-01 4.522602856159210205e-01 -6.429595872759819031e-03 -8.353885263204574585e-03 -2.882691955566406250e+01 0.000000000000000000e+00 -1.193261053413152695e-02 0.000000000000000000e+00 4.900000000000000000e+01 0.000000000000000000e+00
4.560702443122863770e-01 4.522602856159210205e-01 -6.429595872759819031e-03 -8.353885263204574585e-03 -2.882691955566406250e+01 0.000000000000000000e+00 -1.193261053413152695e-02 0.000000000000000000e+00 4.900000000000000000e+01 0.000000000000000000e+00
4.560702443122863770e-01 4.522602856159210205e-01 -6.429595872759819031e-03 -8.353885263204574585e-03 -2.882691955566406250e+01 0.000000000000000000e+00 -1.193261053413152695e-02 0.000000000000000000e+00 4.900000000000000000e+01 0.000000000000000000e+00
4.560702443122863770e-01 4.522602856159210205e-01 -6.429595872759819031e-03 -8.353885263204574585e-03 -2.882691955566406250e+01 0.000000000000000000e+00 -1.193261053413152695e-02 0.000000000000000000e+00 4.900000000000000000e+01 0.000000000000000000e+00
4.560702443122863770e-01 4.522602856159210205e-01 -6.429595872759819031e-03 -8.353885263204574585e-03 -2.882691955566406250e+01 0.000000000000000000e+00 -1.193261053413152695e-02 0.000000000000000000e+00 4.900000000000000000e+01 0.000000000000000000e+00
4.560702443122863770e-01 4.522602856159210205e-01 -6.429595872759819031e-03 -8.353885263204574585e-03 -2.882691955566406250e+01 0.000000000000000000e+00 -1.193261053413152695e-02 0.000000000000000000e+00 4.900000000000000000e+01 0.000000000000000000e+00
4.560702443122863770e-01 4.522602856159210205e-01 -6.429595872759819031e-03 -8.353885263204574585e-03 -2.882691955566406250e+01 0.000000000000000000e+00 -1.193261053413152695e-02 0.000000000000000000e+00 4.900000000000000000e+01 0.000000000000000000e+00
4.560702443122863770e-01 4.522602856159210205e-01 -6.429595872759819031e-03 -8.353885263204574585e-03 -2.882691955566406250e+01 0.000000000000000000e+00 -1.193261053413152695e-02 0.000000000000000000e+00 4.900000000000000000e+01 0.000000000000000000e+00
4.560702443122863770e-01 4.522602856159210205e-01 -6.429595872759819031e-03 -8.353885263204574585e-03 -2.882691955566406250e+01 0.000000000000000000e+00 -1.193261053413152695e-02 0.000000000000000000e+00 4.900000000000000000e+01 0.000000000000000000e+00
4.560702443122863770e-01 4.522602856159210205e-01 -6.429595872759819031e-03 -8.353885263204574585e-03 -2.882691955566406250e+01 0.000000000000000000e+00 -1.193261053413152695e-02 0.000000000000000000e+00 4.900000000000000000e+01 0.000000000000000000e+00
4.560702443122863770e-01 4.522602856159210205e-01 -6.429595872759819031e-03 -8.353885263204574585e-03 -2.882691955566406250e+01 0.000000000000000000e+00 -1.193261053413152695e-02 0.000000000000000000e+00 4.900000000000000000e+01 0.000000000000000000e+00
4.560702443122863770e-01 4.522602856159210205e-01 -6.429595872759819031e-03 -8.353885263204574585e-03 -2.882691955566406250e+01 0.000000000000000000e+00 -1.193261053413152695e-02 0.000000000000000000e+00 4.900000000000000000e+01 0.000000000000000000e+00
4.560702443122863770e-01 4.522602856159210205e-01 -6.429595872759819031e-03 -8.353885263204574585e-03 -2.882691955566406250e+01 0.000000000000000000e+00 -1.193261053413152695e-02 0.000000000000000000e+00 4.900000000000000000e+01 0.000000000000000000e+00
4.560702443122863770e-01 4.522602856159210205e-01 -6.429595872759819031e-03 -8.353885263204574585e-03 -2.882691955566406250e+01 0.000000000000000000e+00 -1.193261053413152695e-02 0.000000000000000000e+00 4.900000000000000000e+01 0.000000000000000000e+00
4.560702443122863770e-01 4.522602856159210205e-01 -6.429595872759819031e-03 -8.353885263204574585e-03 -2.882691955566406250e+01 0.000000000000000000e+00 -1.193261053413152695e-02 0.000000000000000000e+00 4.900000000000000000e+01 0.000000000000000000e+00
