4.612861573696136475e-01 5.864705443382263184e-01 2.552040517330169678e-01 2.713811993598937988e-01 -5.533368682861328125e+01 -2.713351058959960938e+01 -2.290481701493263245e-02 -3.317065909504890442e-02 1.390000000000000000e+02 8.900000000000000000e+01
4.612861573696136475e-01 5.434628129005432129e-01 1.663577556610107422e-01 1.781468093395233154e-01 -4.398358154296875000e+01 -1.578340148925781250e+01 -1.820655539631843567e-02 -1.929517462849617004e-02 1.070000000000000000e+02 5.700000000000000000e+01
4.612861573696136475e-01 5.509482622146606445e-01 1.817208826541900635e-01 1.943741440773010254e-01 -4.072063446044921875e+01 -1.252045345306396484e+01 -1.685589179396629333e-02 -1.530622784048318863e-02 1.000000000000000000e+02 5.000000000000000000e+01
4.612861573696136475e-01 5.445328950881958008e-01 1.687057614326477051e-01 1.804665923118591309e-01 -4.067076873779296875e+01 -1.247058773040771484e+01 -1.683525182306766510e-02 -1.524526719003915787e-02 9.800000000000000000e+01 4.800000000000000000e+01
4.612861573696136475e-01 5.366716384887695312e-01 1.513300538063049316e-01 1.634245514869689941e-01 -3.939006042480468750e+01 -1.118988418579101562e+01 -1.630511507391929626e-02 -1.367960963398218155e-02 9.400000000000000000e+01 4.400000000000000000e+01
4.612861573696136475e-01 5.366716384887695312e-01 1.513300538063049316e-01 1.634245514869689941e-01 -3.939006042480468750e+01 -1.118988418579101562e+01 -1.630511507391929626e-02 -1.367960963398218155e-02 9.400000000000000000e+01 4.400000000000000000e+01
4.612861573696136475e-01 5.366716384887695312e-01 1.513300538063049316e-01 1.634245514869689941e-01 -3.939006042480468750e+01 -1.118988418579101562e+01 -1.630511507391929626e-02 -1.367960963398218155e-02 9.400000000000000000e+01 4.400000000000000000e+01
4.612861573696136475e-01 5.366716384887695312e-01 1.513300538063049316e-01 1.634245514869689941e-01 -3.939006042480468750e+01 -1.118988418579101562e+01 -1.630511507391929626e-02 -1.367960963398218155e-02 9.400000000000000000e+01 4.400000000000000000e+01
4.612861573696136475e-01 5.366716384887695312e-01 1.513300538063049316e-01 1.634245514869689941e-01 -3.939006042480468750e+01 -1.118988418579101562e+01 -1.630511507391929626e-02 -1.367960963398218155e-02 9.400000000000000000e+01 4.400000000000000000e+01
4.612861573696136475e-01 5.440520644187927246e-01 1.657366156578063965e-01 1.794242113828659058e-01 -3.912396240234375000e+01 -1.092378425598144531e+01 -1.619496569037437439e-02 -1.335430331528186798e-02 9.400000000000000000e+01 4.400000000000000000e+01
4.612861573696136475e-01 5.425031185150146484e-01 1.622446030378341675e-01 1.760663241147994995e-01 -3.891629028320312500e+01 -1.071610736846923828e+01 -1.610900275409221649e-02 -1.310041919350624084e-02 9.300000000000000000e+01 4.300000000000000000e+01
4.612861573696136475e-01 5.319219231605529785e-01 1.400536298751831055e-01 1.531278640031814575e-01 -3.786605072021484375e+01 -9.665870666503906250e+00 -1.567426696419715881e-02 -1.181650627404451370e-02 9.000000000000000000e+01 4.000000000000000000e+01
4.612861573696136475e-01 5.529261827468872070e-01 1.830835342407226562e-01 1.986619830131530762e-01 -3.669954681396484375e+01 -8.499362945556640625e+00 -1.519140414893627167e-02 -1.039045304059982300e-02 8.700000000000000000e+01 3.700000000000000000e+01
4.612861573696136475e-01 5.534248948097229004e-01 1.842833608388900757e-01 1.997431218624114990e-01 -3.603035736083984375e+01 -7.830178260803222656e+00 -1.491439994424581528e-02 -9.572376497089862823e-03 8.500000000000000000e+01 3.500000000000000000e+01
4.612861573696136475e-01 5.392318964004516602e-01 1.563392281532287598e-01 1.689748018980026245e-01 -3.610123062133789062e+01 -7.901050567626953125e+00 -1.494373753666877747e-02 -9.659017436206340790e-03 8.500000000000000000e+01 3.500000000000000000e+01
4.612861573696136475e-01 5.392318964004516602e-01 1.563392281532287598e-01 1.689748018980026245e-01 -3.610123062133789062e+01 -7.901050567626953125e+00 -1.494373753666877747e-02 -9.659017436206340790e-03 8.500000000000000000e+01 3.500000000000000000e+01
4.612861573696136475e-01 5.276452302932739258e-01 1.303530335426330566e-01 1.438566297292709351e-01 -3.522938919067382812e+01 -7.029209136962890625e+00 -1.458284724503755569e-02 -8.593193255364894867e-03 8.100000000000000000e+01 3.100000000000000000e+01
4.612861573696136475e-01 5.303855538368225098e-01 1.375475823879241943e-01 1.497972458600997925e-01 -3.475590515136718750e+01 -6.555727005004882812e+00 -1.438685320317745209e-02 -8.014362305402755737e-03 8.000000000000000000e+01 3.000000000000000000e+01
4.612861573696136475e-01 5.303855538368225098e-01 1.375475823879241943e-01 1.497972458600997925e-01 -3.475590515136718750e+01 -6.555727005004882812e+00 -1.438685320317745209e-02 -8.014362305402755737e-03 8.000000000000000000e+01 3.000000000000000000e+01
4.612861573696136475e-01 5.283505320549011230e-01 1.333452910184860229e-01 1.453856229782104492e-01 -3.456212615966796875e+01 -6.361948490142822266e+00 -1.430664025247097015e-02 -7.777468767017126083e-03 7.900000000000000000e+01 2.900000000000000000e+01
4.612861573696136475e-01 5.349723100662231445e-01 1.451275944709777832e-01 1.597406566143035889e-01 -3.320446014404296875e+01 -5.004280090332031250e+00 -1.374464854598045349e-02 -6.117722019553184509e-03 7.600000000000000000e+01 2.600000000000000000e+01
4.612861573696136475e-01 5.349723100662231445e-01 1.451275944709777832e-01 1.597406566143035889e-01 -3.320446014404296875e+01 -5.004280090332031250e+00 -1.374464854598045349e-02 -6.117722019553184509e-03 7.600000000000000000e+01 2.600000000000000000e+01
4.612861573696136475e-01 5.332750678062438965e-01 1.418123394250869751e-01 1.560612916946411133e-01 -3.236127090454101562e+01 -4.161088943481445312e+00 -1.339561864733695984e-02 -5.086922552436590195e-03 7.400000000000000000e+01 2.400000000000000000e+01
4.612861573696136475e-01 5.332750678062438965e-01 1.418123394250869751e-01 1.560612916946411133e-01 -3.236127090454101562e+01 -4.161088943481445312e+00 -1.339561864733695984e-02 -5.086922552436590195e-03 7.400000000000000000e+01 2.400000000000000000e+01
4.612861573696136475e-01 5.310385227203369141e-01 1.370464414358139038e-01 1.512127816677093506e-01 -3.232504272460937500e+01 -4.124864578247070312e+00 -1.338062249124050140e-02 -5.042638164013624191e-03 7.300000000000000000e+01 2.300000000000000000e+01
4.612861573696136475e-01 5.394313931465148926e-01 1.541099846363067627e-01 1.694072782993316650e-01 -3.172041893005371094e+01 -3.520239830017089844e+00 -1.313034445047378540e-02 -4.303485620766878128e-03 7.200000000000000000e+01 2.200000000000000000e+01
4.612861573696136475e-01 5.308044552803039551e-01 1.378126740455627441e-01 1.507053673267364502e-01 -3.159290122985839844e+01 -3.392721414566040039e+00 -1.307755988091230392e-02 -4.147594794631004333e-03 7.100000000000000000e+01 2.100000000000000000e+01
4.612861573696136475e-01 5.189650058746337891e-01 1.119235381484031677e-01 1.250391900539398193e-01 -3.148332977294921875e+01 -3.283148765563964844e+00 -1.303220447152853012e-02 -4.013642668724060059e-03 7.100000000000000000e+01 2.100000000000000000e+01
4.612861573696136475e-01 5.189650058746337891e-01 1.119235381484031677e-01 1.250391900539398193e-01 -3.148332977294921875e+01 -3.283148765563964844e+00 -1.303220447152853012e-02 -4.013642668724060059e-03 7.100000000000000000e+01 2.100000000000000000e+01
4.612861573696136475e-01 4.933706521987915039e-01 5.606596916913986206e-02 6.955442577600479126e-02 -2.950713157653808594e+01 -1.306953310966491699e+00 -1.221417728811502457e-02 -1.597747672349214554e-03 6.200000000000000000e+01 1.200000000000000000e+01
4.612861573696136475e-01 4.707299768924713135e-01 1.380029693245887756e-02 2.047280035912990570e-02 -2.909750366210937500e+01 -8.973243236541748047e-01 -1.204461604356765747e-02 -1.096977153792977333e-03 5.800000000000000000e+01 8.000000000000000000e+00
4.612861573696136475e-01 4.670071303844451904e-01 6.509786471724510193e-03 1.240222156047821045e-02 -2.866082000732421875e+01 -4.606396555900573730e-01 -1.186385471373796463e-02 -5.631310050375759602e-04 5.500000000000000000e+01 5.000000000000000000e+00
4.612861573696136475e-01 4.670071303844451904e-01 6.509786471724510193e-03 1.240222156047821045e-02 -2.866082000732421875e+01 -4.606396555900573730e-01 -1.186385471373796463e-02 -5.631310050375759602e-04 5.500000000000000000e+01 5.000000000000000000e+00
4.612861573696136475e-01 4.654134213924407959e-01 3.634469350799918175e-03 8.947296068072319031e-03 -2.861423110961914062e+01 -4.140509366989135742e-01 -1.184456981718540192e-02 -5.061763804405927658e-04 5.500000000000000000e+01 5.000000000000000000e+00
4.612861573696136475e-01 4.584303796291351318e-01 -1.266977004706859589e-02 -6.190902553498744965e-03 -2.841375732421875000e+01 -2.135766148567199707e-01 -1.176158618181943893e-02 -2.610969531815499067e-04 5.400000000000000000e+01 4.000000000000000000e+00
4.612861573696136475e-01 4.584303796291351318e-01 -1.266977004706859589e-02 -6.190902553498744965e-03 -2.841375732421875000e+01 -2.135766148567199707e-01 -1.176158618181943893e-02 -2.610969531815499067e-04 5.400000000000000000e+01 4.000000000000000000e+00
4.612861573696136475e-01 4.483416974544525146e-01 -3.385593742132186890e-02 -2.806166931986808777e-02 -2.832862854003906250e+01 -1.284486651420593262e-01 -1.172634772956371307e-02 -1.570282183820381761e-04 5.300000000000000000e+01 3.000000000000000000e+00
4.612861573696136475e-01 4.477851092815399170e-01 -3.484750166535377502e-02 -2.926827035844326019e-02 -2.827902603149414062e+01 -7.884675264358520508e-02 -1.170581486076116562e-02 -9.638998744776472449e-05 5.200000000000000000e+01 2.000000000000000000e+00
4.612861573696136475e-01 4.413413107395172119e-01 -4.785648733377456665e-02 -4.323747009038925171e-02 -2.820018005371093750e+01 0.000000000000000000e+00 -1.167317759245634079e-02 0.000000000000000000e+00 5.000000000000000000e+01 0.000000000000000000e+00
4.612861573696136475e-01 4.413413107395172119e-01 -4.785648733377456665e-02 -4.323747009038925171e-02 -2.820018005371093750e+01 0.000000000000000000e+00 -1.167317759245634079e-02 0.000000000000000000e+00 5.000000000000000000e+01 0.000000000000000000e+00
4.612861573696136475e-01 4.413413107395172119e-01 -4.785648733377456665e-02 -4.323747009038925171e-02 -2.820018005371093750e+01 0.000000000000000000e+00 -1.167317759245634079e-02 0.000000000000000000e+00 5.000000000000000000e+01 0.000000000000000000e+00
4.612861573696136475e-01 4.413413107395172119e-01 -4.785648733377456665e-02 -4.323747009038925171e-02 -2.820018005371093750e+01 0.000000000000000000e+00 -1.167317759245634079e-02 0.000000000000000000e+00 5.000000000000000000e+01 0.000000000000000000e+00
4.612861573696136475e-01 4.413413107395172119e-01 -4.785648733377456665e-02 -4.323747009038925171e-02 -2.820018005371093750e+01 0.000000000000000000e+00 -1.167317759245634079e-02 0.000000000000000000e+00 5.000000000000000000e+01 0.000000000000000000e+00
4.612861573696136475e-01 4.413413107395172119e-01 -4.785648733377456665e-02 -4.323747009038925171e-02 -2.820018005371093750e+01 0.000000000000000000e+00 -1.167317759245634079e-02 0.000000000000000000e+00 5.000000000000000000e+01 0.000000000000000000e+00
4.612861573696136475e-01 4.413413107395172119e-01 -4.785648733377456665e-02 -4.323747009038925171e-02 -2.820018005371093750e+01 0.000000000000000000e+00 -1.167317759245634079e-02 0.000000000000000000e+00 5.000000000000000000e+01 0.000000000000000000e+00
4.612861573696136475e-01 4.413413107395172119e-01 -4.785648733377456665e-02 -4.323747009038925171e-02 -2.820018005371093750e+01 0.000000000000000000e+00 -1.167317759245634079e-02 0.000000000000000000e+00 5.000000000000000000e+01 0.000000000000000000e+00
4.612861573696136475e-01 4.413413107395172119e-01 -4.785648733377456665e-02 -4.323747009038925171e-02 -2.820018005371093750e+01 0.000000000000000000e+00 -1.167317759245634079e-02 0.000000000000000000e+00 5.000000000000000000e+01 0.000000000000000000e+00
4.612861573696136475e-01 4.413413107395172119e-01 -4.785648733377456665e-02 -4.323747009038925171e-02 -2.820018005371093750e+01 0.000000000000000000e+00 -1.167317759245634079e-02 0.000000000000000000e+00 5.000000000000000000e+01 0.000000000000000000e+00
4.612861573696136475e-01 4.413413107395172119e-01 -4.785648733377456665e-02 -4.323747009038925171e-02 -2.820018005371093750e+01 0.000000000000000000e+00 -1.167317759245634079e-02 0.000000000000000000e+00 5.000000000000000000e+01 0.000000000000000000e+00
4.612861573696136475e-01 4.413413107395172119e-01 -4.785648733377456665e-02 -4.323747009038925171e-02 -2.820018005371093750e+01 0.000000000000000000e+00 -1.167317759245634079e-02 0.000000000000000000e+00 5.000000000000000000e+01 0.000000000000000000e+00
4.612861573696136475e-01 4.413413107395172119e-01 -4.785648733377456665e-02 -4.323747009038925171e-02 -2.820018005371093750e+01 0.000000000000000000e+00 -1.167317759245634079e-02 0.000000000000000000e+00 5.000000000000000000e+01 0.000000000000000000e+00
4.612861573696136475e-01 4.413413107395172119e-01 -4.785648733377456665e-02 -4.323747009038925171e-02 -2.820018005371093750e+01 0.000000000000000000e+00 -1.167317759245634079e-02 0.000000000000000000e+00 5.000000000000000000e+01 0.000000000000000000e+00
4.612861573696136475e-01 4.413413107395172119e-01 -4.785648733377456665e-02 -4.323747009038925171e-02 -2.820018005371093750e+01 0.000000000000000000e+00 -1.167317759245634079e-02 0.000000000000000000e+00 5.000000000000000000e+01 0.000000000000000000e+00
4.612861573696136475e-01 4.413413107395172119e-01 -4.785648733377456665e-02 -4.323747009038925171e-02 -2.820018005371093750e+01 0.000000000000000000e+00 -1.167317759245634079e-02 0.000000000000000000e+00 5.000000000000000000e+01 0.000000000000000000e+00
4.612861573696136475e-01 4.413413107395172119e-01 -4.785648733377456665e-02 -4.323747009038925171e-02 -2.820018005371093750e+01 0.000000000000000000e+00 -1.167317759245634079e-02 0.000000000000000000e+00 5.000000000000000000e+01 0.000000000000000000e+00
4.612861573696136475e-01 4.413413107395172119e-01 -4.785648733377456665e-02 -4.323747009038925171e-02 -2.820018005371093750e+01 0.000000000000000000e+00 -1.167317759245634079e-02 0.000000000000000000e+00 5.000000000000000000e+01 0.000000000000000000e+00
4.612861573696136475e-01 4.413413107395172119e-01 -4.785648733377456665e-02 -4.323747009038925171e-02 -2.820018005371093750e+01 0.000000000000000000e+00 -1.167317759245634079e-02 0.000000000000000000e+00 5.000000000000000000e+01 0.000000000000000000e+00
4.612861573696136475e-01 4.413413107395172119e-01 -4.785648733377456665e-02 -4.323747009038925171e-02 -2.820018005371093750e+01 0.000000000000000000e+00 -1.167317759245634079e-02 0.000000000000000000e+00 5.000000000000000000e+01 0.000000000000000000e+00
4.612861573696136475e-01 4.413413107395172119e-01 -4.785648733377456665e-02 -4.323747009038925171e-02 -2.820018005371093750e+01 0.000000000000000000e+00 -1.167317759245634079e-02 0.000000000000000000e+00 5.000000000000000000e+01 0.000000000000000000e+00
4.612861573696136475e-01 4.413413107395172119e-01 -4.785648733377456665e-02 -4.323747009038925171e-02 -2.820018005371093750e+01 0.000000000000000000e+00 -1.167317759245634079e-02 0.000000000000000000e+00 5.000000000000000000e+01 0.000000000000000000e+00
4.612861573696136475e-01 4.413413107395172119e-01 -4.785648733377456665e-02 -4.323747009038925171e-02 -2.820018005371093750e+01 0.000000000000000000e+00 -1.167317759245634079e-02 0.000000000000000000e+00 5.000000000000000000e+01 0.000000000000000000e+00
4.612861573696136475e-01 4.413413107395172119e-01 -4.785648733377456665e-02 -4.323747009038925171e-02 -2.820018005371093750e+01 0.000000000000000000e+00 -1.167317759245634079e-02 0.000000000000000000e+00 5.000000000000000000e+01 0.000000000000000000e+00
4.612861573696136475e-01 4.413413107395172119e-01 -4.785648733377456665e-02 -4.323747009038925171e-02 -2.820018005371093750e+01 0.000000000000000000e+00 -1.167317759245634079e-02 0.000000000000000000e+00 5.000000000000000000e+01 0.000000000000000000e+00
4.612861573696136475e-01 4.413413107395172119e-01 -4.785648733377456665e-02 -4.323747009038925171e-02 -2.820018005371093750e+01 0.000000000000000000e+00 -1.167317759245634079e-02 0.000000000000000000e+00 5.000000000000000000e+01 0.000000000000000000e+00
4.612861573696136475e-01 4.413413107395172119e-01 -4.785648733377456665e-02 -4.323747009038925171e-02 -2.820018005371093750e+01 0.000000000000000000e+00 -1.167317759245634079e-02 0.000000000000000000e+00 5.000000000000000000e+01 0.000000000000000000e+00
4.612861573696136475e-01 4.413413107395172119e-01 -4.785648733377456665e-02 -4.323747009038925171e-02 -2.820018005371093750e+01 0.000000000000000000e+00 -1.167317759245634079e-02 0.000000000000000000e+00 5.000000000000000000e+01 0.000000000000000000e+00
4.612861573696136475e-01 4.413413107395172119e-01 -4.785648733377456665e-02 -4.323747009038925171e-02 -2.820018005371093750e+01 0.000000000000000000e+00 -1.167317759245634079e-02 0.000000000000000000e+00 5.000000000000000000e+01 0.000000000000000000e+00
4.612861573696136475e-01 4.413413107395172119e-01 -4.785648733377456665e-02 -4.323747009038925171e-02 -2.820018005371093750e+01 0.000000000000000000e+00 -1.167317759245634079e-02 0.000000000000000000e+00 5.000000000000000000e+01 0.000000000000000000e+00
4.612861573696136475e-01 4.413413107395172119e-01 -4.785648733377456665e-02 -4.323747009038925171e-02 -2.820018005371093750e+01 0.000000000000000000e+00 -1.167317759245634079e-02 0.000000000000000000e+00 5.000000000000000000e+01 0.000000000000000000e+00
4.612861573696136475e-01 4.413413107395172119e-01 -4.785648733377456665e-02 -4.323747009038925171e-02 -2.820018005371093750e+01 0.000000000000000000e+00 -1.167317759245634079e-02 0.000000000000000000e+00 5.000000000000000000e+01 0.000000000000000000e+00
4.612861573696136475e-01 4.413413107395172119e-01 -4.785648733377456665e-02 -4.323747009038925171e-02 -2.820018005371093750e+01 0.000000000000000000e+00 -1.167317759245634079e-02 0.000000000000000000e+00 5.000000000000000000e+01 0.000000000000000000e+00
4.612861573696136475e-01 4.413413107395172119e-01 -4.785648733377456665e-02 -4.323747009038925171e-02 -2.820018005371093750e+01 0.000000000000000000e+00 -1.167317759245634079e-02 0.000000000000000000e+00 5.000000000000000000e+01 0.000000000000000000e+00
4.612861573696136475e-01 4.413413107395172119e-01 -4.785648733377456665e-02 -4.323747009038925171e-02 -2.820018005371093750e+01 0.000000000000000000e+00 -1.167317759245634079e-02 0.000000000000000000e+00 5.000000000000000000e+01 0.000000000000000000e+00
4.612861573696136475e-01 4.413413107395172119e-01 -4.785648733377456665e-02 -4.323747009038925171e-02 -2.820018005371093750e+01 0.000000000000000000e+00 -1.167317759245634079e-02 0.000000000000000000e+00 5.000000000000000000e+01 0.000000000000000000e+00
4.612861573696136475e-01 4.413413107395172119e-01 -4.785648733377456665e-02 -4.323747009038925171e-02 -2.820018005371093750e+01 0.000000000000000000e+00 -1.167317759245634079e-02 0.000000000000000000e+00 5.000000000000000000e+01 0.000000000000000000e+00
4.612861573696136475e-01 4.413413107395172119e-01 -4.785648733377456665e-02 -4.323747009038925171e-02 -2.820018005371093750e+01 0.000000000000000000e+00 -1.167317759245634079e-02 0.000000000000000000e+00 5.000000000000000000e+01 0.000000000000000000e+00
4.612861573696136475e-01 4.413413107395172119e-01 -4.785648733377456665e-02 -4.323747009038925171e-02 -2.820018005371093750e+01 0.000000000000000000e+00 -1.167317759245634079e-02 0.000000000000000000e+00 5.000000000000000000e+01 0.000000000000000000e+00
4.612861573696136475e-01 4.413413107395172119e-01 -4.785648733377456665e-02 -4.323747009038925171e-02 -2.820018005371093750e+01 0.000000000000000000e+00 -1.167317759245634079e-02 0.000000000000000000e+00 5.000000000000000000e+01 0.000000000000000000e+00
4.612861573696136475e-01 4.413413107395172119e-01 -4.785648733377456665e-02 -4.323747009038925171e-02 -2.820018005371093750e+01 0.000000000000000000e+00 -1.167317759245634079e-02 0.000000000000000000e+00 5.000000000000000000e+01 0.000000000000000000e+00
4.612861573696136475e-01 4.413413107395172119e-01 -4.785648733377456665e-02 -4.323747009038925171e-02 -2.820018005371093750e+01 0.000000000000000000e+00 -1.167317759245634079e-02 0.000000000000000000e+00 5.000000000000000000e+01 0.000000000000000000e+00
4.612861573696136475e-01 4.413413107395172119e-01 -4.785648733377456665e-02 -4.323747009038925171e-02 -2.820018005371093750e+01 0.000000000000000000e+00 -1.167317759245634079e-02 0.000000000000000000e+00 5.000000000000000000e+01 0.000000000000000000e+00
4.612861573696136475e-01 4.413413107395172119e-01 -4.785648733377456665e-02 -4.323747009038925171e-02 -2.820018005371093750e+01 0.000000000000000000e+00 -1.167317759245634079e-02 0.000000000000000000e+00 5.000000000000000000e+01 0.000000000000000000e+00
4.612861573696136475e-01 4.413413107395172119e-01 -4.785648733377456665e-02 -4.323747009038925171e-02 -2.820018005371093750e+01 0.000000000000000000e+00 -1.167317759245634079e-02 0.000000000000000000e+00 5.000000000000000000e+01 0.000000000000000000e+00
4.612861573696136475e-01 4.413413107395172119e-01 -4.785648733377456665e-02 -4.323747009038925171e-02 -2.820018005371093750e+01 0.000000000000000000e+00 -1.167317759245634079e-02 0.000000000000000000e+00 5.000000000000000000e+01 0.000000000000000000e+00
4.612861573696136475e-01 4.413413107395172119e-01 -4.785648733377456665e-02 -4.323747009038925171e-02 -2.820018005371093750e+01 0.000000000000000000e+00 -1.167317759245634079e-02 0.000000000000000000e+00 5.000000000000000000e+01 0.000000000000000000e+00
4.612861573696136475e-01 4.413413107395172119e-01 -4.785648733377456665e-02 -4.323747009038925171e-02 -2.820018005371093750e+01 0.000000000000000000e+00 -1.167317759245634079e-02 0.000000000000000000e+00 5.000000000000000000e+01 0.000000000000000000e+00
4.612861573696136475e-01 4.413413107395172119e-01 -4.785648733377456665e-02 -4.323747009038925171e-02 -2.820018005371093750e+01 0.000000000000000000e+00 -1.167317759245634079e-02 0.000000000000000000e+00 5.000000000000000000e+01 0.000000000000000000e+00
4.612861573696136475e-01 4.413413107395172119e-01 -4.785648733377456665e-02 -4.323747009038925171e-02 -2.820018005371093750e+01 0.000000000000000000e+00 -1.167317759245634079e-02 0.000000000000000000e+00 5.000000000000000000e+01 0.000000000000000000e+00
4.612861573696136475e-01 4.413413107395172119e-01 -4.785648733377456665e-02 -4.323747009038925171e-02 -2.820018005371093750e+01 0.000000000000000000e+00 -1.167317759245634079e-02 0.000000000000000000e+00 5.000000000000000000e+01 0.000000000000000000e+00
4.612861573696136475e-01 4.413413107395172119e-01 -4.785648733377456665e-02 -4.323747009038925171e-02 -2.820018005371093750e+01 0.000000000000000000e+00 -1.167317759245634079e-02 0.000000000000000000e+00 5.000000000000000000e+01 0.000000000000000000e+00
4.612861573696136475e-01 4.413413107395172119e-01 -4.785648733377456665e-02 -4.323747009038925171e-02 -2.820018005371093750e+01 0.000000000000000000e+00 -1.167317759245634079e-02 0.000000000000000000e+00 5.000000000000000000e+01 0.000000000000000000e+00
