4.538898766040802002e-01 4.995405375957489014e-01 8.298058062791824341e-02 1.005765125155448914e-01 -5.879347229003906250e+01 -2.620139312744140625e+01 -2.433696016669273376e-02 -2.657488547265529633e-02 1.300000000000000000e+02 8.000000000000000000e+01
4.538898766040802002e-01 4.968083798885345459e-01 7.672236114740371704e-02 9.455708414316177368e-02 -5.490373992919921875e+01 -2.231166076660156250e+01 -2.272684499621391296e-02 -2.262970618903636932e-02 1.210000000000000000e+02 7.100000000000000000e+01
4.538898766040802002e-01 4.944083392620086670e-01 7.166906446218490601e-02 8.926936984062194824e-02 -5.415217971801757812e+01 -2.156010246276855469e+01 -2.241574414074420929e-02 -2.186743356287479401e-02 1.180000000000000000e+02 6.800000000000000000e+01
4.538898766040802002e-01 4.921488165855407715e-01 6.708022207021713257e-02 8.429124206304550171e-02 -5.330137634277343750e+01 -2.070929908752441406e+01 -2.206356264650821686e-02 -2.100450359284877777e-02 1.160000000000000000e+02 6.600000000000000000e+01
4.538898766040802002e-01 4.913128614425659180e-01 6.532713025808334351e-02 8.244948089122772217e-02 -5.281874847412109375e+01 -2.022667312622070312e+01 -2.186378277838230133e-02 -2.051499672234058380e-02 1.160000000000000000e+02 6.600000000000000000e+01
4.538898766040802002e-01 4.896320700645446777e-01 6.224838271737098694e-02 7.874640077352523804e-02 -5.214989471435546875e+01 -1.955781745910644531e+01 -2.158691920340061188e-02 -1.983660832047462463e-02 1.150000000000000000e+02 6.500000000000000000e+01
4.538898766040802002e-01 4.896320700645446777e-01 6.224838271737098694e-02 7.874640077352523804e-02 -5.214989471435546875e+01 -1.955781745910644531e+01 -2.158691920340061188e-02 -1.983660832047462463e-02 1.150000000000000000e+02 6.500000000000000000e+01
4.538898766040802002e-01 4.892781674861907959e-01 6.150623038411140442e-02 7.796669006347656250e-02 -5.198143768310546875e+01 -1.938936042785644531e+01 -2.151718735694885254e-02 -1.966574974358081818e-02 1.140000000000000000e+02 6.400000000000000000e+01
4.538898766040802002e-01 4.892781674861907959e-01 6.150623038411140442e-02 7.796669006347656250e-02 -5.198143768310546875e+01 -1.938936042785644531e+01 -2.151718735694885254e-02 -1.966574974358081818e-02 1.140000000000000000e+02 6.400000000000000000e+01
4.538898766040802002e-01 4.885675609111785889e-01 5.995061621069908142e-02 7.640109956264495850e-02 -5.171749114990234375e+01 -1.912541198730468750e+01 -2.140793018043041229e-02 -1.939803734421730042e-02 1.130000000000000000e+02 6.300000000000000000e+01
4.538898766040802002e-01 4.873240590095520020e-01 5.738583579659461975e-02 7.366143912076950073e-02 -5.150386810302734375e+01 -1.891178703308105469e+01 -2.131950296461582184e-02 -1.918136887252330780e-02 1.120000000000000000e+02 6.200000000000000000e+01
4.538898766040802002e-01 4.955809712409973145e-01 7.572127878665924072e-02 9.185288846492767334e-02 -5.050917053222656250e+01 -1.791709136962890625e+01 -2.090775780379772186e-02 -1.817249320447444916e-02 1.090000000000000000e+02 5.900000000000000000e+01
4.538898766040802002e-01 4.955809712409973145e-01 7.572127878665924072e-02 9.185288846492767334e-02 -5.050917053222656250e+01 -1.791709136962890625e+01 -2.090775780379772186e-02 -1.817249320447444916e-02 1.090000000000000000e+02 5.900000000000000000e+01
4.538898766040802002e-01 4.981164336204528809e-01 8.097717911005020142e-02 9.743896126747131348e-02 -5.002375793457031250e+01 -1.743168067932128906e+01 -2.070682495832443237e-02 -1.768016256392002106e-02 1.070000000000000000e+02 5.700000000000000000e+01
4.538898766040802002e-01 4.981164336204528809e-01 8.097717911005020142e-02 9.743896126747131348e-02 -5.002375793457031250e+01 -1.743168067932128906e+01 -2.070682495832443237e-02 -1.768016256392002106e-02 1.070000000000000000e+02 5.700000000000000000e+01
4.538898766040802002e-01 4.940027892589569092e-01 7.300935685634613037e-02 8.837586641311645508e-02 -4.943890380859375000e+01 -1.684682464599609375e+01 -2.046473138034343719e-02 -1.708696968853473663e-02 1.060000000000000000e+02 5.600000000000000000e+01
4.538898766040802002e-01 4.859836101531982422e-01 5.769823864102363586e-02 7.070819288492202759e-02 -4.871810531616210938e+01 -1.612602424621582031e+01 -2.016636356711387634e-02 -1.635589450597763062e-02 1.060000000000000000e+02 5.600000000000000000e+01
4.538898766040802002e-01 4.784350097179412842e-01 4.309247806668281555e-02 5.407728627324104309e-02 -4.532556152343750000e+01 -1.273348617553710938e+01 -1.876205578446388245e-02 -1.291499752551317215e-02 9.300000000000000000e+01 4.300000000000000000e+01
4.538898766040802002e-01 4.781079888343811035e-01 4.236179217696189880e-02 5.335680022835731506e-02 -4.463488769531250000e+01 -1.204281139373779297e+01 -1.847615838050842285e-02 -1.221447717398405075e-02 9.100000000000000000e+01 4.100000000000000000e+01
4.538898766040802002e-01 4.781079888343811035e-01 4.236179217696189880e-02 5.335680022835731506e-02 -4.463488769531250000e+01 -1.204281139373779297e+01 -1.847615838050842285e-02 -1.221447717398405075e-02 9.100000000000000000e+01 4.100000000000000000e+01
4.538898766040802002e-01 4.677097499370574951e-01 1.984684355556964874e-02 3.044763579964637756e-02 -4.266844940185546875e+01 -1.007636833190917969e+01 -1.766217127442359924e-02 -1.022000331431627274e-02 8.500000000000000000e+01 3.500000000000000000e+01
4.538898766040802002e-01 4.624737203121185303e-01 9.686110541224479675e-03 1.891173236072063446e-02 -4.110436248779296875e+01 -8.512282371520996094e+00 -1.701473258435726166e-02 -8.633621968328952789e-03 8.000000000000000000e+01 3.000000000000000000e+01
4.538898766040802002e-01 4.478108882904052734e-01 -1.939998753368854523e-02 -1.339309103786945343e-02 -3.976456069946289062e+01 -7.172482967376708984e+00 -1.646013557910919189e-02 -7.274724077433347702e-03 7.600000000000000000e+01 2.600000000000000000e+01
4.538898766040802002e-01 4.331182837486267090e-01 -5.188902840018272400e-02 -4.576350748538970947e-02 -3.796686935424804688e+01 -5.374789237976074219e+00 -1.571599952876567841e-02 -5.451404955238103867e-03 7.000000000000000000e+01 2.000000000000000000e+01
4.538898766040802002e-01 4.221984148025512695e-01 -7.325411587953567505e-02 -6.982191652059555054e-02 -3.723263168334960938e+01 -4.640552520751953125e+00 -1.541206892579793930e-02 -4.706702195107936859e-03 6.800000000000000000e+01 1.800000000000000000e+01
4.538898766040802002e-01 4.233845472335815430e-01 -7.109492272138595581e-02 -6.720865517854690552e-02 -3.643639373779296875e+01 -3.844315528869628906e+00 -1.508247479796409607e-02 -3.899114904925227165e-03 6.600000000000000000e+01 1.600000000000000000e+01
4.538898766040802002e-01 4.310326278209686279e-01 -5.558394268155097961e-02 -5.035857856273651123e-02 -3.597915649414062500e+01 -3.387075185775756836e+00 -1.489320583641529083e-02 -3.435356775298714638e-03 6.500000000000000000e+01 1.500000000000000000e+01
4.538898766040802002e-01 4.310326278209686279e-01 -5.558394268155097961e-02 -5.035857856273651123e-02 -3.597915649414062500e+01 -3.387075185775756836e+00 -1.489320583641529083e-02 -3.435356775298714638e-03 6.500000000000000000e+01 1.500000000000000000e+01
4.538898766040802002e-01 4.211963415145874023e-01 -7.605043053627014160e-02 -7.202966511249542236e-02 -3.519250869750976562e+01 -2.600428104400634766e+00 -1.456758100539445877e-02 -2.637496218085289001e-03 6.200000000000000000e+01 1.200000000000000000e+01
4.538898766040802002e-01 4.204934239387512207e-01 -7.820504158735275269e-02 -7.357831299304962158e-02 -3.326000213623046875e+01 -6.679205894470214844e-01 -1.376763917505741119e-02 -6.774415960535407066e-04 5.600000000000000000e+01 6.000000000000000000e+00
4.538898766040802002e-01 4.204564094543457031e-01 -7.826657593250274658e-02 -7.365986704826354980e-02 -3.283132553100585938e+01 -2.392458319664001465e-01 -1.359019335359334946e-02 -2.426561986794695258e-04 5.300000000000000000e+01 3.000000000000000000e+00
4.538898766040802002e-01 4.108757972717285156e-01 -1.007422059774398804e-01 -9.476765245199203491e-02 -3.262982177734375000e+01 -3.774291276931762695e-02 -1.350678317248821259e-02 -3.828092667390592396e-05 5.200000000000000000e+01 2.000000000000000000e+00
4.538898766040802002e-01 4.108757972717285156e-01 -1.007422059774398804e-01 -9.476765245199203491e-02 -3.262982177734375000e+01 -3.774291276931762695e-02 -1.350678317248821259e-02 -3.828092667390592396e-05 5.200000000000000000e+01 2.000000000000000000e+00
4.538898766040802002e-01 4.108757972717285156e-01 -1.007422059774398804e-01 -9.476765245199203491e-02 -3.262982177734375000e+01 -3.774291276931762695e-02 -1.350678317248821259e-02 -3.828092667390592396e-05 5.200000000000000000e+01 2.000000000000000000e+00
4.538898766040802002e-01 4.108757972717285156e-01 -1.007422059774398804e-01 -9.476765245199203491e-02 -3.262982177734375000e+01 -3.774291276931762695e-02 -1.350678317248821259e-02 -3.828092667390592396e-05 5.200000000000000000e+01 2.000000000000000000e+00
4.538898766040802002e-01 4.106294810771942139e-01 -1.012330204248428345e-01 -9.531033039093017578e-02 -3.260670471191406250e+01 -1.462697982788085938e-02 -1.349721383303403854e-02 -1.483548203395912424e-05 5.100000000000000000e+01 1.000000000000000000e+00
4.538898766040802002e-01 4.106294810771942139e-01 -1.012330204248428345e-01 -9.531033039093017578e-02 -3.260670471191406250e+01 -1.462697982788085938e-02 -1.349721383303403854e-02 -1.483548203395912424e-05 5.100000000000000000e+01 1.000000000000000000e+00
4.538898766040802002e-01 4.106294810771942139e-01 -1.012330204248428345e-01 -9.531033039093017578e-02 -3.260670471191406250e+01 -1.462697982788085938e-02 -1.349721383303403854e-02 -1.483548203395912424e-05 5.100000000000000000e+01 1.000000000000000000e+00
4.538898766040802002e-01 4.074936211109161377e-01 -1.078092902898788452e-01 -1.022191867232322693e-01 -3.259207916259765625e+01 0.000000000000000000e+00 -1.349115930497646332e-02 0.000000000000000000e+00 5.000000000000000000e+01 0.000000000000000000e+00
4.538898766040802002e-01 4.074936211109161377e-01 -1.078092902898788452e-01 -1.022191867232322693e-01 -3.259207916259765625e+01 0.000000000000000000e+00 -1.349115930497646332e-02 0.000000000000000000e+00 5.000000000000000000e+01 0.000000000000000000e+00
4.538898766040802002e-01 4.074936211109161377e-01 -1.078092902898788452e-01 -1.022191867232322693e-01 -3.259207916259765625e+01 0.000000000000000000e+00 -1.349115930497646332e-02 0.000000000000000000e+00 5.000000000000000000e+01 0.000000000000000000e+00
4.538898766040802002e-01 4.074936211109161377e-01 -1.078092902898788452e-01 -1.022191867232322693e-01 -3.259207916259765625e+01 0.000000000000000000e+00 -1.349115930497646332e-02 0.000000000000000000e+00 5.000000000000000000e+01 0.000000000000000000e+00
4.538898766040802002e-01 4.074936211109161377e-01 -1.078092902898788452e-01 -1.022191867232322693e-01 -3.259207916259765625e+01 0.000000000000000000e+00 -1.349115930497646332e-02 0.000000000000000000e+00 5.000000000000000000e+01 0.000000000000000000e+00
4.538898766040802002e-01 4.074936211109161377e-01 -1.078092902898788452e-01 -1.022191867232322693e-01 -3.259207916259765625e+01 0.000000000000000000e+00 -1.349115930497646332e-02 0.000000000000000000e+00 5.000000000000000000e+01 0.000000000000000000e+00
4.538898766040802002e-01 4.074936211109161377e-01 -1.078092902898788452e-01 -1.022191867232322693e-01 -3.259207916259765625e+01 0.000000000000000000e+00 -1.349115930497646332e-02 0.000000000000000000e+00 5.000000000000000000e+01 0.000000000000000000e+00
4.538898766040802002e-01 4.074936211109161377e-01 -1.078092902898788452e-01 -1.022191867232322693e-01 -3.259207916259765625e+01 0.000000000000000000e+00 -1.349115930497646332e-02 0.000000000000000000e+00 5.000000000000000000e+01 0.000000000000000000e+00
4.538898766040802002e-01 4.074936211109161377e-01 -1.078092902898788452e-01 -1.022191867232322693e-01 -3.259207916259765625e+01 0.000000000000000000e+00 -1.349115930497646332e-02 0.000000000000000000e+00 5.000000000000000000e+01 0.000000000000000000e+00
4.538898766040802002e-01 4.074936211109161377e-01 -1.078092902898788452e-01 -1.022191867232322693e-01 -3.259207916259765625e+01 0.000000000000000000e+00 -1.349115930497646332e-02 0.000000000000000000e+00 5.000000000000000000e+01 0.000000000000000000e+00
4.538898766040802002e-01 4.074936211109161377e-01 -1.078092902898788452e-01 -1.022191867232322693e-01 -3.259207916259765625e+01 0.000000000000000000e+00 -1.349115930497646332e-02 0.000000000000000000e+00 5.000000000000000000e+01 0.000000000000000000e+00
4.538898766040802002e-01 4.074936211109161377e-01 -1.078092902898788452e-01 -1.022191867232322693e-01 -3.259207916259765625e+01 0.000000000000000000e+00 -1.349115930497646332e-02 0.000000000000000000e+00 5.000000000000000000e+01 0.000000000000000000e+00
4.538898766040802002e-01 4.074936211109161377e-01 -1.078092902898788452e-01 -1.022191867232322693e-01 -3.259207916259765625e+01 0.000000000000000000e+00 -1.349115930497646332e-02 0.000000000000000000e+00 5.000000000000000000e+01 0.000000000000000000e+00
4.538898766040802002e-01 4.074936211109161377e-01 -1.078092902898788452e-01 -1.022191867232322693e-01 -3.259207916259765625e+01 0.000000000000000000e+00 -1.349115930497646332e-02 0.000000000000000000e+00 5.000000000000000000e+01 0.000000000000000000e+00
4.538898766040802002e-01 4.074936211109161377e-01 -1.078092902898788452e-01 -1.022191867232322693e-01 -3.259207916259765625e+01 0.000000000000000000e+00 -1.349115930497646332e-02 0.000000000000000000e+00 5.000000000000000000e+01 0.000000000000000000e+00
4.538898766040802002e-01 4.074936211109161377e-01 -1.078092902898788452e-01 -1.022191867232322693e-01 -3.259207916259765625e+01 0.000000000000000000e+00 -1.349115930497646332e-02 0.000000000000000000e+00 5.000000000000000000e+01 0.000000000000000000e+00
4.538898766040802002e-01 4.074936211109161377e-01 -1.078092902898788452e-01 -1.022191867232322693e-01 -3.259207916259765625e+01 0.000000000000000000e+00 -1.349115930497646332e-02 0.000000000000000000e+00 5.000000000000000000e+01 0.000000000000000000e+00
4.538898766040802002e-01 4.074936211109161377e-01 -1.078092902898788452e-01 -1.022191867232322693e-01 -3.259207916259765625e+01 0.000000000000000000e+00 -1.349115930497646332e-02 0.000000000000000000e+00 5.000000000000000000e+01 0.000000000000000000e+00
4.538898766040802002e-01 4.074936211109161377e-01 -1.078092902898788452e-01 -1.022191867232322693e-01 -3.259207916259765625e+01 0.000000000000000000e+00 -1.349115930497646332e-02 0.000000000000000000e+00 5.000000000000000000e+01 0.000000000000000000e+00
4.538898766040802002e-01 4.074936211109161377e-01 -1.078092902898788452e-01 -1.022191867232322693e-01 -3.259207916259765625e+01 0.000000000000000000e+00 -1.349115930497646332e-02 0.000000000000000000e+00 5.000000000000000000e+01 0.000000000000000000e+00
4.538898766040802002e-01 4.074936211109161377e-01 -1.078092902898788452e-01 -1.022191867232322693e-01 -3.259207916259765625e+01 0.000000000000000000e+00 -1.349115930497646332e-02 0.000000000000000000e+00 5.000000000000000000e+01 0.000000000000000000e+00
4.538898766040802002e-01 4.074936211109161377e-01 -1.078092902898788452e-01 -1.022191867232322693e-01 -3.259207916259765625e+01 0.000000000000000000e+00 -1.349115930497646332e-02 0.000000000000000000e+00 5.000000000000000000e+01 0.000000000000000000e+00
4.538898766040802002e-01 4.074936211109161377e-01 -1.078092902898788452e-01 -1.022191867232322693e-01 -3.259207916259765625e+01 0.000000000000000000e+00 -1.349115930497646332e-02 0.000000000000000000e+00 5.000000000000000000e+01 0.000000000000000000e+00
4.538898766040802002e-01 4.074936211109161377e-01 -1.078092902898788452e-01 -1.022191867232322693e-01 -3.259207916259765625e+01 0.000000000000000000e+00 -1.349115930497646332e-02 0.000000000000000000e+00 5.000000000000000000e+01 0.000000000000000000e+00
4.538898766040802002e-01 4.074936211109161377e-01 -1.078092902898788452e-01 -1.022191867232322693e-01 -3.259207916259765625e+01 0.000000000000000000e+00 -1.349115930497646332e-02 0.000000000000000000e+00 5.000000000000000000e+01 0.000000000000000000e+00
4.538898766040802002e-01 4.074936211109161377e-01 -1.078092902898788452e-01 -1.022191867232322693e-01 -3.259207916259765625e+01 0.000000000000000000e+00 -1.349115930497646332e-02 0.000000000000000000e+00 5.000000000000000000e+01 0.000000000000000000e+00
4.538898766040802002e-01 4.074936211109161377e-01 -1.078092902898788452e-01 -1.022191867232322693e-01 -3.259207916259765625e+01 0.000000000000000000e+00 -1.349115930497646332e-02 0.000000000000000000e+00 5.000000000000000000e+01 0.000000000000000000e+00
4.538898766040802002e-01 4.074936211109161377e-01 -1.078092902898788452e-01 -1.022191867232322693e-01 -3.259207916259765625e+01 0.000000000000000000e+00 -1.349115930497646332e-02 0.000000000000000000e+00 5.000000000000000000e+01 0.000000000000000000e+00
4.538898766040802002e-01 4.074936211109161377e-01 -1.078092902898788452e-01 -1.022191867232322693e-01 -3.259207916259765625e+01 0.000000000000000000e+00 -1.349115930497646332e-02 0.000000000000000000e+00 5.000000000000000000e+01 0.000000000000000000e+00
4.538898766040802002e-01 4.074936211109161377e-01 -1.078092902898788452e-01 -1.022191867232322693e-01 -3.259207916259765625e+01 0.000000000000000000e+00 -1.349115930497646332e-02 0.000000000000000000e+00 5.000000000000000000e+01 0.000000000000000000e+00
4.538898766040802002e-01 4.074936211109161377e-01 -1.078092902898788452e-01 -1.022191867232322693e-01 -3.259207916259765625e+01 0.000000000000000000e+00 -1.349115930497646332e-02 0.000000000000000000e+00 5.000000000000000000e+01 0.000000000000000000e+00
4.538898766040802002e-01 4.074936211109161377e-01 -1.078092902898788452e-01 -1.022191867232322693e-01 -3.259207916259765625e+01 0.000000000000000000e+00 -1.349115930497646332e-02 0.000000000000000000e+00 5.000000000000000000e+01 0.000000000000000000e+00
4.538898766040802002e-01 4.074936211109161377e-01 -1.078092902898788452e-01 -1.022191867232322693e-01 -3.259207916259765625e+01 0.000000000000000000e+00 -1.349115930497646332e-02 0.000000000000000000e+00 5.000000000000000000e+01 0.000000000000000000e+00
4.538898766040802002e-01 4.074936211109161377e-01 -1.078092902898788452e-01 -1.022191867232322693e-01 -3.259207916259765625e+01 0.000000000000000000e+00 -1.349115930497646332e-02 0.000000000000000000e+00 5.000000000000000000e+01 0.000000000000000000e+00
4.538898766040802002e-01 4.074936211109161377e-01 -1.078092902898788452e-01 -1.022191867232322693e-01 -3.259207916259765625e+01 0.000000000000000000e+00 -1.349115930497646332e-02 0.000000000000000000e+00 5.000000000000000000e+01 0.000000000000000000e+00
4.538898766040802002e-01 4.074936211109161377e-01 -1.078092902898788452e-01 -1.022191867232322693e-01 -3.259207916259765625e+01 0.000000000000000000e+00 -1.349115930497646332e-02 0.000000000000000000e+00 5.000000000000000000e+01 0.000000000000000000e+00
4.538898766040802002e-01 4.074936211109161377e-01 -1.078092902898788452e-01 -1.022191867232322693e-01 -3.259207916259765625e+01 0.000000000000000000e+00 -1.349115930497646332e-02 0.000000000000000000e+00 5.000000000000000000e+01 0.000000000000000000e+00
4.538898766040802002e-01 4.074936211109161377e-01 -1.078092902898788452e-01 -1.022191867232322693e-01 -3.259207916259765625e+01 0.000000000000000000e+00 -1.349115930497646332e-02 0.000000000000000000e+00 5.000000000000000000e+01 0.000000000000000000e+00
4.538898766040802002e-01 4.074936211109161377e-01 -1.078092902898788452e-01 -1.022191867232322693e-01 -3.259207916259765625e+01 0.000000000000000000e+00 -1.349115930497646332e-02 0.000000000000000000e+00 5.000000000000000000e+01 0.000000000000000000e+00
4.538898766040802002e-01 4.074936211109161377e-01 -1.078092902898788452e-01 -1.022191867232322693e-01 -3.259207916259765625e+01 0.000000000000000000e+00 -1.349115930497646332e-02 0.000000000000000000e+00 5.000000000000000000e+01 0.000000000000000000e+00
4.538898766040802002e-01 4.074936211109161377e-01 -1.078092902898788452e-01 -1.022191867232322693e-01 -3.259207916259765625e+01 0.000000000000000000e+00 -1.349115930497646332e-02 0.000000000000000000e+00 5.000000000000000000e+01 0.000000000000000000e+00
4.538898766040802002e-01 4.074936211109161377e-01 -1.078092902898788452e-01 -1.022191867232322693e-01 -3.259207916259765625e+01 0.000000000000000000e+00 -1.349115930497646332e-02 0.000000000000000000e+00 5.000000000000000000e+01 0.000000000000000000e+00
4.538898766040802002e-01 4.074936211109161377e-01 -1.078092902898788452e-01 -1.022191867232322693e-01 -3.259207916259765625e+01 0.000000000000000000e+00 -1.349115930497646332e-02 0.000000000000000000e+00 5.000000000000000000e+01 0.000000000000000000e+00
4.538898766040802002e-01 4.074936211109161377e-01 -1.078092902898788452e-01 -1.022191867232322693e-01 -3.259207916259765625e+01 0.000000000000000000e+00 -1.349115930497646332e-02 0.000000000000000000e+00 5.000000000000000000e+01 0.000000000000000000e+00
4.538898766040802002e-01 4.074936211109161377e-01 -1.078092902898788452e-01 -1.022191867232322693e-01 -3.259207916259765625e+01 0.000000000000000000e+00 -1.349115930497646332e-02 0.000000000000000000e+00 5.000000000000000000e+01 0.000000000000000000e+00
4.538898766040802002e-01 4.074936211109161377e-01 -1.078092902898788452e-01 -1.022191867232322693e-01 -3.259207916259765625e+01 0.000000000000000000e+00 -1.349115930497646332e-02 0.000000000000000000e+00 5.000000000000000000e+01 0.000000000000000000e+00
4.538898766040802002e-01 4.074936211109161377e-01 -1.078092902898788452e-01 -1.022191867232322693e-01 -3.259207916259765625e+01 0.000000000000000000e+00 -1.349115930497646332e-02 0.000000000000000000e+00 5.000000000000000000e+01 0.000000000000000000e+00
4.538898766040802002e-01 4.074936211109161377e-01 -1.078092902898788452e-01 -1.022191867232322693e-01 -3.259207916259765625e+01 0.000000000000000000e+00 -1.349115930497646332e-02 0.000000000000000000e+00 5.000000000000000000e+01 0.000000000000000000e+00
4.538898766040802002e-01 4.074936211109161377e-01 -1.078092902898788452e-01 -1.022191867232322693e-01 -3.259207916259765625e+01 0.000000000000000000e+00 -1.349115930497646332e-02 0.000000000000000000e+00 5.000000000000000000e+01 0.000000000000000000e+00
4.538898766040802002e-01 4.074936211109161377e-01 -1.078092902898788452e-01 -1.022191867232322693e-01 -3.259207916259765625e+01 0.000000000000000000e+00 -1.349115930497646332e-02 0.000000000000000000e+00 5.000000000000000000e+01 0.000000000000000000e+00
4.538898766040802002e-01 4.074936211109161377e-01 -1.078092902898788452e-01 -1.022191867232322693e-01 -3.259207916259765625e+01 0.000000000000000000e+00 -1.349115930497646332e-02 0.000000000000000000e+00 5.000000000000000000e+01 0.000000000000000000e+00
4.538898766040802002e-01 4.074936211109161377e-01 -1.078092902898788452e-01 -1.022191867232322693e-01 -3.259207916259765625e+01 0.000000000000000000e+00 -1.349115930497646332e-02 0.000000000000000000e+00 5.000000000000000000e+01 0.000000000000000000e+00
4.538898766040802002e-01 4.074936211109161377e-01 -1.078092902898788452e-01 -1.022191867232322693e-01 -3.259207916259765625e+01 0.000000000000000000e+00 -1.349115930497646332e-02 0.000000000000000000e+00 5.000000000000000000e+01 0.000000000000000000e+00
