4.682958424091339111e-01 4.698256552219390869e-01 7.646076381206512451e-03 3.266765736043453217e-03 -4.415590667724609375e+01 -2.632378196716308594e+01 -1.827788911759853363e-02 -3.091212548315525055e-02 1.420000000000000000e+02 9.200000000000000000e+01
4.682958424091339111e-01 5.089173316955566406e-01 8.786180615425109863e-02 8.674322068691253662e-02 -3.177850723266601562e+01 -1.394638156890869141e+01 -1.315439026802778244e-02 -1.637729257345199585e-02 1.040000000000000000e+02 5.400000000000000000e+01
4.682958424091339111e-01 5.043503642082214355e-01 7.837050408124923706e-02 7.699090987443923950e-02 -3.158967208862304688e+01 -1.375754642486572266e+01 -1.307622343301773071e-02 -1.615554280579090118e-02 1.020000000000000000e+02 5.200000000000000000e+01
4.682958424091339111e-01 5.030082464218139648e-01 7.558274269104003906e-02 7.412494719028472900e-02 -3.135996437072753906e+01 -1.352783775329589844e+01 -1.298113819211721420e-02 -1.588579453527927399e-02 1.010000000000000000e+02 5.100000000000000000e+01
4.682958424091339111e-01 5.090789198875427246e-01 8.761213719844818115e-02 8.708827942609786987e-02 -3.059376907348632812e+01 -1.276164436340332031e+01 -1.266397908329963684e-02 -1.498605124652385712e-02 9.800000000000000000e+01 4.800000000000000000e+01
4.682958424091339111e-01 5.090789198875427246e-01 8.761213719844818115e-02 8.708827942609786987e-02 -3.059376907348632812e+01 -1.276164436340332031e+01 -1.266397908329963684e-02 -1.498605124652385712e-02 9.800000000000000000e+01 4.800000000000000000e+01
4.682958424091339111e-01 5.065429210662841797e-01 8.255700767040252686e-02 8.167289942502975464e-02 -3.057642173767089844e+01 -1.274429607391357422e+01 -1.265679858624935150e-02 -1.496567949652671814e-02 9.800000000000000000e+01 4.800000000000000000e+01
4.682958424091339111e-01 5.011762380599975586e-01 7.150417566299438477e-02 7.021287083625793457e-02 -3.029818344116210938e+01 -1.246605873107910156e+01 -1.254162471741437912e-02 -1.463894359767436981e-02 9.800000000000000000e+01 4.800000000000000000e+01
4.682958424091339111e-01 4.969203472137451172e-01 6.232413277029991150e-02 6.112483143806457520e-02 -3.018601608276367188e+01 -1.235389041900634766e+01 -1.249519456177949905e-02 -1.450722385197877884e-02 9.700000000000000000e+01 4.700000000000000000e+01
4.682958424091339111e-01 4.992756843566894531e-01 6.709095090627670288e-02 6.615442782640457153e-02 -3.002820205688476562e+01 -1.219607543945312500e+01 -1.242986880242824554e-02 -1.432190183550119400e-02 9.600000000000000000e+01 4.600000000000000000e+01
4.682958424091339111e-01 4.993319511413574219e-01 6.506836414337158203e-02 6.627457588911056519e-02 -2.982250785827636719e+01 -1.199038314819335938e+01 -1.234472356736660004e-02 -1.408035587519407272e-02 9.600000000000000000e+01 4.600000000000000000e+01
4.682958424091339111e-01 5.021719336509704590e-01 7.132446020841598511e-02 7.233908027410507202e-02 -2.919985771179199219e+01 -1.136773204803466797e+01 -1.208698377013206482e-02 -1.334917452186346054e-02 9.400000000000000000e+01 4.400000000000000000e+01
4.682958424091339111e-01 5.054141879081726074e-01 8.067147433757781982e-02 7.926259934902191162e-02 -2.859536933898925781e+01 -1.076324462890625000e+01 -1.183676254004240036e-02 -1.263932231813669205e-02 9.300000000000000000e+01 4.300000000000000000e+01
4.682958424091339111e-01 5.011482834815979004e-01 7.191334664821624756e-02 7.015317678451538086e-02 -2.833092880249023438e+01 -1.049880218505859375e+01 -1.172729954123497009e-02 -1.232878677546977997e-02 9.000000000000000000e+01 4.000000000000000000e+01
4.682958424091339111e-01 4.962572753429412842e-01 5.611115321516990662e-02 5.970890820026397705e-02 -2.801868820190429688e+01 -1.018656349182128906e+01 -1.159805059432983398e-02 -1.196212321519851685e-02 9.000000000000000000e+01 4.000000000000000000e+01
4.682958424091339111e-01 4.962572753429412842e-01 5.611115321516990662e-02 5.970890820026397705e-02 -2.801868820190429688e+01 -1.018656349182128906e+01 -1.159805059432983398e-02 -1.196212321519851685e-02 9.000000000000000000e+01 4.000000000000000000e+01
4.682958424091339111e-01 4.977226853370666504e-01 5.899448692798614502e-02 6.283814460039138794e-02 -2.784330368041992188e+01 -1.001117801666259766e+01 -1.152545213699340820e-02 -1.175616774708032608e-02 8.900000000000000000e+01 3.900000000000000000e+01
4.682958424091339111e-01 4.934647381305694580e-01 5.035014823079109192e-02 5.374571681022644043e-02 -2.749628448486328125e+01 -9.664159774780273438e+00 -1.138180680572986603e-02 -1.134866289794445038e-02 8.800000000000000000e+01 3.800000000000000000e+01
4.682958424091339111e-01 4.896406531333923340e-01 4.256863892078399658e-02 4.557975754141807556e-02 -2.730837631225585938e+01 -9.476251602172851562e+00 -1.130402460694313049e-02 -1.112800091505050659e-02 8.700000000000000000e+01 3.700000000000000000e+01
4.682958424091339111e-01 4.951640069484710693e-01 5.722087621688842773e-02 5.737433955073356628e-02 -2.705754852294921875e+01 -9.225422859191894531e+00 -1.120019704103469849e-02 -1.083345152437686920e-02 8.600000000000000000e+01 3.600000000000000000e+01
4.682958424091339111e-01 4.868954122066497803e-01 3.856991603970527649e-02 3.971756249666213989e-02 -2.442222404479980469e+01 -6.590098381042480469e+00 -1.010933145880699158e-02 -7.738779764622449875e-03 7.800000000000000000e+01 2.800000000000000000e+01
4.682958424091339111e-01 4.728343784809112549e-01 9.427730925381183624e-03 9.691599756479263306e-03 -2.310895156860351562e+01 -5.276826858520507812e+00 -9.565715678036212921e-03 -6.196599453687667847e-03 7.500000000000000000e+01 2.500000000000000000e+01
4.682958424091339111e-01 4.771932959556579590e-01 1.958112977445125580e-02 1.899964176118373871e-02 -2.249666213989257812e+01 -4.664535999298095703e+00 -9.312264621257781982e-03 -5.477583967149257660e-03 7.300000000000000000e+01 2.300000000000000000e+01
4.682958424091339111e-01 4.692344665527343750e-01 1.632498460821807384e-03 2.004340058192610741e-03 -2.195376777648925781e+01 -4.121643066406250000e+00 -9.087539277970790863e-03 -4.840062465518712997e-03 7.000000000000000000e+01 2.000000000000000000e+01
4.682958424091339111e-01 4.583121836185455322e-01 -1.943723671138286591e-02 -2.131912671029567719e-02 -2.126179885864257812e+01 -3.429675102233886719e+00 -8.801105432212352753e-03 -4.027481656521558762e-03 6.700000000000000000e+01 1.700000000000000000e+01
4.682958424091339111e-01 4.518540203571319580e-01 -3.471172228455543518e-02 -3.510990366339683533e-02 -2.113606643676757812e+01 -3.303943157196044922e+00 -8.749059401452541351e-03 -3.879833966493606567e-03 6.700000000000000000e+01 1.700000000000000000e+01
4.682958424091339111e-01 4.504927098751068115e-01 -3.758521378040313721e-02 -3.801684826612472534e-02 -2.080431747436523438e+01 -2.972192764282226562e+00 -8.611735887825489044e-03 -3.490258241072297096e-03 6.500000000000000000e+01 1.500000000000000000e+01
4.682958424091339111e-01 4.504927098751068115e-01 -3.758521378040313721e-02 -3.801684826612472534e-02 -2.080431747436523438e+01 -2.972192764282226562e+00 -8.611735887825489044e-03 -3.490258241072297096e-03 6.500000000000000000e+01 1.500000000000000000e+01
4.682958424091339111e-01 4.504927098751068115e-01 -3.758521378040313721e-02 -3.801684826612472534e-02 -2.080431747436523438e+01 -2.972192764282226562e+00 -8.611735887825489044e-03 -3.490258241072297096e-03 6.500000000000000000e+01 1.500000000000000000e+01
4.682958424091339111e-01 4.533743560314178467e-01 -3.226273134350776672e-02 -3.186337649822235107e-02 -1.895969581604003906e+01 -1.127571105957031250e+00 -7.848173379898071289e-03 -1.324111362919211388e-03 5.700000000000000000e+01 7.000000000000000000e+00
4.682958424091339111e-01 4.425054788589477539e-01 -5.487435683608055115e-02 -5.507279932498931885e-02 -1.817476272583007812e+01 -3.426373600959777832e-01 -7.523258216679096222e-03 -4.023604560643434525e-04 5.200000000000000000e+01 2.000000000000000000e+00
4.682958424091339111e-01 4.425054788589477539e-01 -5.487435683608055115e-02 -5.507279932498931885e-02 -1.817476272583007812e+01 -3.426373600959777832e-01 -7.523258216679096222e-03 -4.023604560643434525e-04 5.200000000000000000e+01 2.000000000000000000e+00
4.682958424091339111e-01 4.414103329181671143e-01 -5.747852101922035217e-02 -5.741137638688087463e-02 -1.789201354980468750e+01 -5.988883972167968750e-02 -7.406217046082019806e-03 -7.032771100057289004e-05 5.100000000000000000e+01 1.000000000000000000e+00
4.682958424091339111e-01 4.414103329181671143e-01 -5.747852101922035217e-02 -5.741137638688087463e-02 -1.789201354980468750e+01 -5.988883972167968750e-02 -7.406217046082019806e-03 -7.032771100057289004e-05 5.100000000000000000e+01 1.000000000000000000e+00
4.682958424091339111e-01 4.385896325111389160e-01 -6.447021663188934326e-02 -6.343470513820648193e-02 -1.783212661743164062e+01 0.000000000000000000e+00 -7.381427567452192307e-03 0.000000000000000000e+00 5.000000000000000000e+01 0.000000000000000000e+00
4.682958424091339111e-01 4.385896325111389160e-01 -6.447021663188934326e-02 -6.343470513820648193e-02 -1.783212661743164062e+01 0.000000000000000000e+00 -7.381427567452192307e-03 0.000000000000000000e+00 5.000000000000000000e+01 0.000000000000000000e+00
4.682958424091339111e-01 4.385896325111389160e-01 -6.447021663188934326e-02 -6.343470513820648193e-02 -1.783212661743164062e+01 0.000000000000000000e+00 -7.381427567452192307e-03 0.000000000000000000e+00 5.000000000000000000e+01 0.000000000000000000e+00
4.682958424091339111e-01 4.385896325111389160e-01 -6.447021663188934326e-02 -6.343470513820648193e-02 -1.783212661743164062e+01 0.000000000000000000e+00 -7.381427567452192307e-03 0.000000000000000000e+00 5.000000000000000000e+01 0.000000000000000000e+00
4.682958424091339111e-01 4.385896325111389160e-01 -6.447021663188934326e-02 -6.343470513820648193e-02 -1.783212661743164062e+01 0.000000000000000000e+00 -7.381427567452192307e-03 0.000000000000000000e+00 5.000000000000000000e+01 0.000000000000000000e+00
4.682958424091339111e-01 4.385896325111389160e-01 -6.447021663188934326e-02 -6.343470513820648193e-02 -1.783212661743164062e+01 0.000000000000000000e+00 -7.381427567452192307e-03 0.000000000000000000e+00 5.000000000000000000e+01 0.000000000000000000e+00
4.682958424091339111e-01 4.385896325111389160e-01 -6.447021663188934326e-02 -6.343470513820648193e-02 -1.783212661743164062e+01 0.000000000000000000e+00 -7.381427567452192307e-03 0.000000000000000000e+00 5.000000000000000000e+01 0.000000000000000000e+00
4.682958424091339111e-01 4.385896325111389160e-01 -6.447021663188934326e-02 -6.343470513820648193e-02 -1.783212661743164062e+01 0.000000000000000000e+00 -7.381427567452192307e-03 0.000000000000000000e+00 5.000000000000000000e+01 0.000000000000000000e+00
4.682958424091339111e-01 4.385896325111389160e-01 -6.447021663188934326e-02 -6.343470513820648193e-02 -1.783212661743164062e+01 0.000000000000000000e+00 -7.381427567452192307e-03 0.000000000000000000e+00 5.000000000000000000e+01 0.000000000000000000e+00
4.682958424091339111e-01 4.385896325111389160e-01 -6.447021663188934326e-02 -6.343470513820648193e-02 -1.783212661743164062e+01 0.000000000000000000e+00 -7.381427567452192307e-03 0.000000000000000000e+00 5.000000000000000000e+01 0.000000000000000000e+00
4.682958424091339111e-01 4.385896325111389160e-01 -6.447021663188934326e-02 -6.343470513820648193e-02 -1.783212661743164062e+01 0.000000000000000000e+00 -7.381427567452192307e-03 0.000000000000000000e+00 5.000000000000000000e+01 0.000000000000000000e+00
4.682958424091339111e-01 4.385896325111389160e-01 -6.447021663188934326e-02 -6.343470513820648193e-02 -1.783212661743164062e+01 0.000000000000000000e+00 -7.381427567452192307e-03 0.000000000000000000e+00 5.000000000000000000e+01 0.000000000000000000e+00
4.682958424091339111e-01 4.385896325111389160e-01 -6.447021663188934326e-02 -6.343470513820648193e-02 -1.783212661743164062e+01 0.000000000000000000e+00 -7.381427567452192307e-03 0.000000000000000000e+00 5.000000000000000000e+01 0.000000000000000000e+00
4.682958424091339111e-01 4.385896325111389160e-01 -6.447021663188934326e-02 -6.343470513820648193e-02 -1.783212661743164062e+01 0.000000000000000000e+00 -7.381427567452192307e-03 0.000000000000000000e+00 5.000000000000000000e+01 0.000000000000000000e+00
4.682958424091339111e-01 4.385896325111389160e-01 -6.447021663188934326e-02 -6.343470513820648193e-02 -1.783212661743164062e+01 0.000000000000000000e+00 -7.381427567452192307e-03 0.000000000000000000e+00 5.000000000000000000e+01 0.000000000000000000e+00
4.682958424091339111e-01 4.385896325111389160e-01 -6.447021663188934326e-02 -6.343470513820648193e-02 -1.783212661743164062e+01 0.000000000000000000e+00 -7.381427567452192307e-03 0.000000000000000000e+00 5.000000000000000000e+01 0.000000000000000000e+00
4.682958424091339111e-01 4.385896325111389160e-01 -6.447021663188934326e-02 -6.343470513820648193e-02 -1.783212661743164062e+01 0.000000000000000000e+00 -7.381427567452192307e-03 0.000000000000000000e+00 5.000000000000000000e+01 0.000000000000000000e+00
4.682958424091339111e-01 4.385896325111389160e-01 -6.447021663188934326e-02 -6.343470513820648193e-02 -1.783212661743164062e+01 0.000000000000000000e+00 -7.381427567452192307e-03 0.000000000000000000e+00 5.000000000000000000e+01 0.000000000000000000e+00
4.682958424091339111e-01 4.385896325111389160e-01 -6.447021663188934326e-02 -6.343470513820648193e-02 -1.783212661743164062e+01 0.000000000000000000e+00 -7.381427567452192307e-03 0.000000000000000000e+00 5.000000000000000000e+01 0.000000000000000000e+00
4.682958424091339111e-01 4.385896325111389160e-01 -6.447021663188934326e-02 -6.343470513820648193e-02 -1.783212661743164062e+01 0.000000000000000000e+00 -7.381427567452192307e-03 0.000000000000000000e+00 5.000000000000000000e+01 0.000000000000000000e+00
4.682958424091339111e-01 4.385896325111389160e-01 -6.447021663188934326e-02 -6.343470513820648193e-02 -1.783212661743164062e+01 0.000000000000000000e+00 -7.381427567452192307e-03 0.000000000000000000e+00 5.000000000000000000e+01 0.000000000000000000e+00
4.682958424091339111e-01 4.385896325111389160e-01 -6.447021663188934326e-02 -6.343470513820648193e-02 -1.783212661743164062e+01 0.000000000000000000e+00 -7.381427567452192307e-03 0.000000000000000000e+00 5.000000000000000000e+01 0.000000000000000000e+00
4.682958424091339111e-01 4.385896325111389160e-01 -6.447021663188934326e-02 -6.343470513820648193e-02 -1.783212661743164062e+01 0.000000000000000000e+00 -7.381427567452192307e-03 0.000000000000000000e+00 5.000000000000000000e+01 0.000000000000000000e+00
4.682958424091339111e-01 4.385896325111389160e-01 -6.447021663188934326e-02 -6.343470513820648193e-02 -1.783212661743164062e+01 0.000000000000000000e+00 -7.381427567452192307e-03 0.000000000000000000e+00 5.000000000000000000e+01 0.000000000000000000e+00
4.682958424091339111e-01 4.385896325111389160e-01 -6.447021663188934326e-02 -6.343470513820648193e-02 -1.783212661743164062e+01 0.000000000000000000e+00 -7.381427567452192307e-03 0.000000000000000000e+00 5.000000000000000000e+01 0.000000000000000000e+00
4.682958424091339111e-01 4.385896325111389160e-01 -6.447021663188934326e-02 -6.343470513820648193e-02 -1.783212661743164062e+01 0.000000000000000000e+00 -7.381427567452192307e-03 0.000000000000000000e+00 5.000000000000000000e+01 0.000000000000000000e+00
4.682958424091339111e-01 4.385896325111389160e-01 -6.447021663188934326e-02 -6.343470513820648193e-02 -1.783212661743164062e+01 0.000000000000000000e+00 -7.381427567452192307e-03 0.000000000000000000e+00 5.000000000000000000e+01 0.000000000000000000e+00
4.682958424091339111e-01 4.385896325111389160e-01 -6.447021663188934326e-02 -6.343470513820648193e-02 -1.783212661743164062e+01 0.000000000000000000e+00 -7.381427567452192307e-03 0.000000000000000000e+00 5.000000000000000000e+01 0.000000000000000000e+00
4.682958424091339111e-01 4.385896325111389160e-01 -6.447021663188934326e-02 -6.343470513820648193e-02 -1.783212661743164062e+01 0.000000000000000000e+00 -7.381427567452192307e-03 0.000000000000000000e+00 5.000000000000000000e+01 0.000000000000000000e+00
4.682958424091339111e-01 4.385896325111389160e-01 -6.447021663188934326e-02 -6.343470513820648193e-02 -1.783212661743164062e+01 0.000000000000000000e+00 -7.381427567452192307e-03 0.000000000000000000e+00 5.000000000000000000e+01 0.000000000000000000e+00
4.682958424091339111e-01 4.385896325111389160e-01 -6.447021663188934326e-02 -6.343470513820648193e-02 -1.783212661743164062e+01 0.000000000000000000e+00 -7.381427567452192307e-03 0.000000000000000000e+00 5.000000000000000000e+01 0.000000000000000000e+00
4.682958424091339111e-01 4.385896325111389160e-01 -6.447021663188934326e-02 -6.343470513820648193e-02 -1.783212661743164062e+01 0.000000000000000000e+00 -7.381427567452192307e-03 0.000000000000000000e+00 5.000000000000000000e+01 0.000000000000000000e+00
4.682958424091339111e-01 4.385896325111389160e-01 -6.447021663188934326e-02 -6.343470513820648193e-02 -1.783212661743164062e+01 0.000000000000000000e+00 -7.381427567452192307e-03 0.000000000000000000e+00 5.000000000000000000e+01 0.000000000000000000e+00
4.682958424091339111e-01 4.385896325111389160e-01 -6.447021663188934326e-02 -6.343470513820648193e-02 -1.783212661743164062e+01 0.000000000000000000e+00 -7.381427567452192307e-03 0.000000000000000000e+00 5.000000000000000000e+01 0.000000000000000000e+00
4.682958424091339111e-01 4.385896325111389160e-01 -6.447021663188934326e-02 -6.343470513820648193e-02 -1.783212661743164062e+01 0.000000000000000000e+00 -7.381427567452192307e-03 0.000000000000000000e+00 5.000000000000000000e+01 0.000000000000000000e+00
4.682958424091339111e-01 4.385896325111389160e-01 -6.447021663188934326e-02 -6.343470513820648193e-02 -1.783212661743164062e+01 0.000000000000000000e+00 -7.381427567452192307e-03 0.000000000000000000e+00 5.000000000000000000e+01 0.000000000000000000e+00
4.682958424091339111e-01 4.385896325111389160e-01 -6.447021663188934326e-02 -6.343470513820648193e-02 -1.783212661743164062e+01 0.000000000000000000e+00 -7.381427567452192307e-03 0.000000000000000000e+00 5.000000000000000000e+01 0.000000000000000000e+00
4.682958424091339111e-01 4.385896325111389160e-01 -6.447021663188934326e-02 -6.343470513820648193e-02 -1.783212661743164062e+01 0.000000000000000000e+00 -7.381427567452192307e-03 0.000000000000000000e+00 5.000000000000000000e+01 0.000000000000000000e+00
4.682958424091339111e-01 4.385896325111389160e-01 -6.447021663188934326e-02 -6.343470513820648193e-02 -1.783212661743164062e+01 0.000000000000000000e+00 -7.381427567452192307e-03 0.000000000000000000e+00 5.000000000000000000e+01 0.000000000000000000e+00
4.682958424091339111e-01 4.385896325111389160e-01 -6.447021663188934326e-02 -6.343470513820648193e-02 -1.783212661743164062e+01 0.000000000000000000e+00 -7.381427567452192307e-03 0.000000000000000000e+00 5.000000000000000000e+01 0.000000000000000000e+00
4.682958424091339111e-01 4.385896325111389160e-01 -6.447021663188934326e-02 -6.343470513820648193e-02 -1.783212661743164062e+01 0.000000000000000000e+00 -7.381427567452192307e-03 0.000000000000000000e+00 5.000000000000000000e+01 0.000000000000000000e+00
4.682958424091339111e-01 4.385896325111389160e-01 -6.447021663188934326e-02 -6.343470513820648193e-02 -1.783212661743164062e+01 0.000000000000000000e+00 -7.381427567452192307e-03 0.000000000000000000e+00 5.000000000000000000e+01 0.000000000000000000e+00
4.682958424091339111e-01 4.385896325111389160e-01 -6.447021663188934326e-02 -6.343470513820648193e-02 -1.783212661743164062e+01 0.000000000000000000e+00 -7.381427567452192307e-03 0.000000000000000000e+00 5.000000000000000000e+01 0.000000000000000000e+00
4.682958424091339111e-01 4.385896325111389160e-01 -6.447021663188934326e-02 -6.343470513820648193e-02 -1.783212661743164062e+01 0.000000000000000000e+00 -7.381427567452192307e-03 0.000000000000000000e+00 5.000000000000000000e+01 0.000000000000000000e+00
4.682958424091339111e-01 4.385896325111389160e-01 -6.447021663188934326e-02 -6.343470513820648193e-02 -1.783212661743164062e+01 0.000000000000000000e+00 -7.381427567452192307e-03 0.000000000000000000e+00 5.000000000000000000e+01 0.000000000000000000e+00
4.682958424091339111e-01 4.385896325111389160e-01 -6.447021663188934326e-02 -6.343470513820648193e-02 -1.783212661743164062e+01 0.000000000000000000e+00 -7.381427567452192307e-03 0.000000000000000000e+00 5.000000000000000000e+01 0.000000000000000000e+00
4.682958424091339111e-01 4.385896325111389160e-01 -6.447021663188934326e-02 -6.343470513820648193e-02 -1.783212661743164062e+01 0.000000000000000000e+00 -7.381427567452192307e-03 0.000000000000000000e+00 5.000000000000000000e+01 0.000000000000000000e+00
4.682958424091339111e-01 4.385896325111389160e-01 -6.447021663188934326e-02 -6.343470513820648193e-02 -1.783212661743164062e+01 0.000000000000000000e+00 -7.381427567452192307e-03 0.000000000000000000e+00 5.000000000000000000e+01 0.000000000000000000e+00
4.682958424091339111e-01 4.385896325111389160e-01 -6.447021663188934326e-02 -6.343470513820648193e-02 -1.783212661743164062e+01 0.000000000000000000e+00 -7.381427567452192307e-03 0.000000000000000000e+00 5.000000000000000000e+01 0.000000000000000000e+00
4.682958424091339111e-01 4.385896325111389160e-01 -6.447021663188934326e-02 -6.343470513820648193e-02 -1.783212661743164062e+01 0.000000000000000000e+00 -7.381427567452192307e-03 0.000000000000000000e+00 5.000000000000000000e+01 0.000000000000000000e+00
4.682958424091339111e-01 4.385896325111389160e-01 -6.447021663188934326e-02 -6.343470513820648193e-02 -1.783212661743164062e+01 0.000000000000000000e+00 -7.381427567452192307e-03 0.000000000000000000e+00 5.000000000000000000e+01 0.000000000000000000e+00
4.682958424091339111e-01 4.385896325111389160e-01 -6.447021663188934326e-02 -6.343470513820648193e-02 -1.783212661743164062e+01 0.000000000000000000e+00 -7.381427567452192307e-03 0.000000000000000000e+00 5.000000000000000000e+01 0.000000000000000000e+00
4.682958424091339111e-01 4.385896325111389160e-01 -6.447021663188934326e-02 -6.343470513820648193e-02 -1.783212661743164062e+01 0.000000000000000000e+00 -7.381427567452192307e-03 0.000000000000000000e+00 5.000000000000000000e+01 0.000000000000000000e+00
4.682958424091339111e-01 4.385896325111389160e-01 -6.447021663188934326e-02 -6.343470513820648193e-02 -1.783212661743164062e+01 0.000000000000000000e+00 -7.381427567452192307e-03 0.000000000000000000e+00 5.000000000000000000e+01 0.000000000000000000e+00
4.682958424091339111e-01 4.385896325111389160e-01 -6.447021663188934326e-02 -6.343470513820648193e-02 -1.783212661743164062e+01 0.000000000000000000e+00 -7.381427567452192307e-03 0.000000000000000000e+00 5.000000000000000000e+01 0.000000000000000000e+00
4.682958424091339111e-01 4.385896325111389160e-01 -6.447021663188934326e-02 -6.343470513820648193e-02 -1.783212661743164062e+01 0.000000000000000000e+00 -7.381427567452192307e-03 0.000000000000000000e+00 5.000000000000000000e+01 0.000000000000000000e+00
4.682958424091339111e-01 4.385896325111389160e-01 -6.447021663188934326e-02 -6.343470513820648193e-02 -1.783212661743164062e+01 0.000000000000000000e+00 -7.381427567452192307e-03 0.000000000000000000e+00 5.000000000000000000e+01 0.000000000000000000e+00
