4.405634701251983643e-01 3.183669447898864746e-01 -2.817924320697784424e-01 -2.773641645908355713e-01 -4.527725219726562500e+01 -1.428917884826660156e+01 -1.874205842614173889e-02 -2.127532288432121277e-02 1.010000000000000000e+02 5.100000000000000000e+01
4.405634701251983643e-01 3.386386930942535400e-01 -2.355245947837829590e-01 -2.313509434461593628e-01 -3.826068878173828125e+01 -7.272613048553466797e+00 -1.583762280642986298e-02 -1.082827709615230560e-02 8.100000000000000000e+01 3.100000000000000000e+01
4.405634701251983643e-01 3.474529683589935303e-01 -2.161340266466140747e-01 -2.113441228866577148e-01 -3.543654632568359375e+01 -4.448472976684570312e+00 -1.466859783977270126e-02 -6.623382680118083954e-03 7.500000000000000000e+01 2.500000000000000000e+01
4.405634701251983643e-01 3.475231230258941650e-01 -2.159764468669891357e-01 -2.111848890781402588e-01 -3.526303100585937500e+01 -4.274958133697509766e+00 -1.459677331149578094e-02 -6.365034263581037521e-03 7.400000000000000000e+01 2.400000000000000000e+01
4.405634701251983643e-01 3.472593724727630615e-01 -2.165261805057525635e-01 -2.117835581302642822e-01 -3.508351898193359375e+01 -4.095445632934570312e+00 -1.452246587723493576e-02 -6.097756326198577881e-03 7.300000000000000000e+01 2.300000000000000000e+01
4.405634701251983643e-01 3.472593724727630615e-01 -2.165261805057525635e-01 -2.117835581302642822e-01 -3.508351898193359375e+01 -4.095445632934570312e+00 -1.452246587723493576e-02 -6.097756326198577881e-03 7.300000000000000000e+01 2.300000000000000000e+01
4.405634701251983643e-01 3.470650315284729004e-01 -2.169468253850936890e-01 -2.122246772050857544e-01 -3.500340652465820312e+01 -4.015331268310546875e+00 -1.448930427432060242e-02 -5.978472996503114700e-03 7.200000000000000000e+01 2.200000000000000000e+01
4.405634701251983643e-01 3.497235774993896484e-01 -2.107147425413131714e-01 -2.061902582645416260e-01 -3.481481170654296875e+01 -3.826737403869628906e+00 -1.441123709082603455e-02 -5.697673186659812927e-03 7.100000000000000000e+01 2.100000000000000000e+01
4.405634701251983643e-01 3.493913114070892334e-01 -2.113975435495376587e-01 -2.069444358348846436e-01 -3.477793121337890625e+01 -3.789855480194091797e+00 -1.439597085118293762e-02 -5.642759613692760468e-03 7.200000000000000000e+01 2.200000000000000000e+01
4.405634701251983643e-01 3.512796759605407715e-01 -2.076618075370788574e-01 -2.026581913232803345e-01 -3.461648178100585938e+01 -3.628407955169677734e+00 -1.432914007455110550e-02 -5.402378272265195847e-03 7.100000000000000000e+01 2.100000000000000000e+01
4.405634701251983643e-01 3.513410091400146484e-01 -2.075394392013549805e-01 -2.025189697742462158e-01 -3.449819183349609375e+01 -3.510119915008544922e+00 -1.428017579019069672e-02 -5.226257722824811935e-03 7.100000000000000000e+01 2.100000000000000000e+01
4.405634701251983643e-01 3.529090285301208496e-01 -2.033193558454513550e-01 -1.989598423242568970e-01 -3.444443511962890625e+01 -3.456359863281250000e+00 -1.425792369991540909e-02 -5.146213807165622711e-03 7.000000000000000000e+01 2.000000000000000000e+01
4.405634701251983643e-01 3.532983958721160889e-01 -2.025020569562911987e-01 -1.980760544538497925e-01 -3.437107086181640625e+01 -3.382995128631591797e+00 -1.422755513340234756e-02 -5.036980379372835159e-03 6.900000000000000000e+01 1.900000000000000000e+01
4.405634701251983643e-01 3.511226475238800049e-01 -2.083782106637954712e-01 -2.030146121978759766e-01 -3.381692504882812500e+01 -2.828849792480468750e+00 -1.399817224591970444e-02 -4.211906809359788895e-03 6.700000000000000000e+01 1.700000000000000000e+01
4.405634701251983643e-01 3.511226475238800049e-01 -2.083782106637954712e-01 -2.030146121978759766e-01 -3.381692504882812500e+01 -2.828849792480468750e+00 -1.399817224591970444e-02 -4.211906809359788895e-03 6.700000000000000000e+01 1.700000000000000000e+01
4.405634701251983643e-01 3.511226475238800049e-01 -2.083782106637954712e-01 -2.030146121978759766e-01 -3.381692504882812500e+01 -2.828849792480468750e+00 -1.399817224591970444e-02 -4.211906809359788895e-03 6.700000000000000000e+01 1.700000000000000000e+01
4.405634701251983643e-01 3.511226475238800049e-01 -2.083782106637954712e-01 -2.030146121978759766e-01 -3.381692504882812500e+01 -2.828849792480468750e+00 -1.399817224591970444e-02 -4.211906809359788895e-03 6.700000000000000000e+01 1.700000000000000000e+01
4.405634701251983643e-01 3.511226475238800049e-01 -2.083782106637954712e-01 -2.030146121978759766e-01 -3.381692504882812500e+01 -2.828849792480468750e+00 -1.399817224591970444e-02 -4.211906809359788895e-03 6.700000000000000000e+01 1.700000000000000000e+01
4.405634701251983643e-01 3.511226475238800049e-01 -2.083782106637954712e-01 -2.030146121978759766e-01 -3.381692504882812500e+01 -2.828849792480468750e+00 -1.399817224591970444e-02 -4.211906809359788895e-03 6.700000000000000000e+01 1.700000000000000000e+01
4.405634701251983643e-01 3.511226475238800049e-01 -2.083782106637954712e-01 -2.030146121978759766e-01 -3.381692504882812500e+01 -2.828849792480468750e+00 -1.399817224591970444e-02 -4.211906809359788895e-03 6.700000000000000000e+01 1.700000000000000000e+01
4.405634701251983643e-01 3.547248840332031250e-01 -2.007346302270889282e-01 -1.948381811380386353e-01 -3.379339599609375000e+01 -2.805321216583251953e+00 -1.398843247443437576e-02 -4.176875110715627670e-03 6.700000000000000000e+01 1.700000000000000000e+01
4.405634701251983643e-01 3.564713299274444580e-01 -1.971486806869506836e-01 -1.908740699291229248e-01 -3.292309951782226562e+01 -1.935023903846740723e+00 -1.362818200141191483e-02 -2.881079446524381638e-03 6.100000000000000000e+01 1.100000000000000000e+01
4.405634701251983643e-01 3.529875874519348145e-01 -2.051558196544647217e-01 -1.987815350294113159e-01 -3.282538986206054688e+01 -1.837315559387207031e+00 -1.358773652464151382e-02 -2.735600341111421585e-03 6.000000000000000000e+01 1.000000000000000000e+01
4.405634701251983643e-01 3.529875874519348145e-01 -2.051558196544647217e-01 -1.987815350294113159e-01 -3.282538986206054688e+01 -1.837315559387207031e+00 -1.358773652464151382e-02 -2.735600341111421585e-03 6.000000000000000000e+01 1.000000000000000000e+01
4.405634701251983643e-01 3.529875874519348145e-01 -2.051558196544647217e-01 -1.987815350294113159e-01 -3.282538986206054688e+01 -1.837315559387207031e+00 -1.358773652464151382e-02 -2.735600341111421585e-03 6.000000000000000000e+01 1.000000000000000000e+01
4.405634701251983643e-01 3.526591658592224121e-01 -2.058655917644500732e-01 -1.995269954204559326e-01 -3.268460083007812500e+01 -1.696523904800415039e+00 -1.352945808321237564e-02 -2.525974065065383911e-03 5.900000000000000000e+01 9.000000000000000000e+00
4.405634701251983643e-01 3.531340658664703369e-01 -2.046514153480529785e-01 -1.984490603208541870e-01 -3.261814117431640625e+01 -1.630065441131591797e+00 -1.350194774568080902e-02 -2.427023136988282204e-03 6.100000000000000000e+01 1.100000000000000000e+01
4.405634701251983643e-01 3.582376837730407715e-01 -1.930699050426483154e-01 -1.868647634983062744e-01 -3.248748016357421875e+01 -1.499404191970825195e+00 -1.344786211848258972e-02 -2.232480095699429512e-03 6.000000000000000000e+01 1.000000000000000000e+01
4.405634701251983643e-01 3.582376837730407715e-01 -1.930699050426483154e-01 -1.868647634983062744e-01 -3.248748016357421875e+01 -1.499404191970825195e+00 -1.344786211848258972e-02 -2.232480095699429512e-03 6.000000000000000000e+01 1.000000000000000000e+01
4.405634701251983643e-01 3.575496673583984375e-01 -1.949046999216079712e-01 -1.884264349937438965e-01 -3.178668785095214844e+01 -7.986137270927429199e-01 -1.315777655690908432e-02 -1.189065165817737579e-03 5.500000000000000000e+01 5.000000000000000000e+00
4.405634701251983643e-01 3.694753646850585938e-01 -1.660516709089279175e-01 -1.613572388887405396e-01 -3.138134002685546875e+01 -3.932653069496154785e-01 -1.298998668789863586e-02 -5.855372291989624500e-04 5.400000000000000000e+01 4.000000000000000000e+00
4.405634701251983643e-01 3.747909963130950928e-01 -1.528962999582290649e-01 -1.492917090654373169e-01 -3.128793334960937500e+01 -2.998580932617187500e-01 -1.295132189989089966e-02 -4.464621597435325384e-04 5.300000000000000000e+01 3.000000000000000000e+00
4.405634701251983643e-01 3.747909963130950928e-01 -1.528962999582290649e-01 -1.492917090654373169e-01 -3.128793334960937500e+01 -2.998580932617187500e-01 -1.295132189989089966e-02 -4.464621597435325384e-04 5.300000000000000000e+01 3.000000000000000000e+00
4.405634701251983643e-01 3.729701936244964600e-01 -1.566574871540069580e-01 -1.534246057271957397e-01 -3.098807525634765625e+01 0.000000000000000000e+00 -1.282719895243644714e-02 0.000000000000000000e+00 5.000000000000000000e+01 0.000000000000000000e+00
4.405634701251983643e-01 3.729701936244964600e-01 -1.566574871540069580e-01 -1.534246057271957397e-01 -3.098807525634765625e+01 0.000000000000000000e+00 -1.282719895243644714e-02 0.000000000000000000e+00 5.000000000000000000e+01 0.000000000000000000e+00
4.405634701251983643e-01 3.729701936244964600e-01 -1.566574871540069580e-01 -1.534246057271957397e-01 -3.098807525634765625e+01 0.000000000000000000e+00 -1.282719895243644714e-02 0.000000000000000000e+00 5.000000000000000000e+01 0.000000000000000000e+00
4.405634701251983643e-01 3.729701936244964600e-01 -1.566574871540069580e-01 -1.534246057271957397e-01 -3.098807525634765625e+01 0.000000000000000000e+00 -1.282719895243644714e-02 0.000000000000000000e+00 5.000000000000000000e+01 0.000000000000000000e+00
4.405634701251983643e-01 3.729701936244964600e-01 -1.566574871540069580e-01 -1.534246057271957397e-01 -3.098807525634765625e+01 0.000000000000000000e+00 -1.282719895243644714e-02 0.000000000000000000e+00 5.000000000000000000e+01 0.000000000000000000e+00
4.405634701251983643e-01 3.729701936244964600e-01 -1.566574871540069580e-01 -1.534246057271957397e-01 -3.098807525634765625e+01 0.000000000000000000e+00 -1.282719895243644714e-02 0.000000000000000000e+00 5.000000000000000000e+01 0.000000000000000000e+00
4.405634701251983643e-01 3.729701936244964600e-01 -1.566574871540069580e-01 -1.534246057271957397e-01 -3.098807525634765625e+01 0.000000000000000000e+00 -1.282719895243644714e-02 0.000000000000000000e+00 5.000000000000000000e+01 0.000000000000000000e+00
4.405634701251983643e-01 3.729701936244964600e-01 -1.566574871540069580e-01 -1.534246057271957397e-01 -3.098807525634765625e+01 0.000000000000000000e+00 -1.282719895243644714e-02 0.000000000000000000e+00 5.000000000000000000e+01 0.000000000000000000e+00
4.405634701251983643e-01 3.729701936244964600e-01 -1.566574871540069580e-01 -1.534246057271957397e-01 -3.098807525634765625e+01 0.000000000000000000e+00 -1.282719895243644714e-02 0.000000000000000000e+00 5.000000000000000000e+01 0.000000000000000000e+00
4.405634701251983643e-01 3.729701936244964600e-01 -1.566574871540069580e-01 -1.534246057271957397e-01 -3.098807525634765625e+01 0.000000000000000000e+00 -1.282719895243644714e-02 0.000000000000000000e+00 5.000000000000000000e+01 0.000000000000000000e+00
4.405634701251983643e-01 3.729701936244964600e-01 -1.566574871540069580e-01 -1.534246057271957397e-01 -3.098807525634765625e+01 0.000000000000000000e+00 -1.282719895243644714e-02 0.000000000000000000e+00 5.000000000000000000e+01 0.000000000000000000e+00
4.405634701251983643e-01 3.729701936244964600e-01 -1.566574871540069580e-01 -1.534246057271957397e-01 -3.098807525634765625e+01 0.000000000000000000e+00 -1.282719895243644714e-02 0.000000000000000000e+00 5.000000000000000000e+01 0.000000000000000000e+00
4.405634701251983643e-01 3.729701936244964600e-01 -1.566574871540069580e-01 -1.534246057271957397e-01 -3.098807525634765625e+01 0.000000000000000000e+00 -1.282719895243644714e-02 0.000000000000000000e+00 5.000000000000000000e+01 0.000000000000000000e+00
4.405634701251983643e-01 3.729701936244964600e-01 -1.566574871540069580e-01 -1.534246057271957397e-01 -3.098807525634765625e+01 0.000000000000000000e+00 -1.282719895243644714e-02 0.000000000000000000e+00 5.000000000000000000e+01 0.000000000000000000e+00
4.405634701251983643e-01 3.729701936244964600e-01 -1.566574871540069580e-01 -1.534246057271957397e-01 -3.098807525634765625e+01 0.000000000000000000e+00 -1.282719895243644714e-02 0.000000000000000000e+00 5.000000000000000000e+01 0.000000000000000000e+00
4.405634701251983643e-01 3.729701936244964600e-01 -1.566574871540069580e-01 -1.534246057271957397e-01 -3.098807525634765625e+01 0.000000000000000000e+00 -1.282719895243644714e-02 0.000000000000000000e+00 5.000000000000000000e+01 0.000000000000000000e+00
4.405634701251983643e-01 3.729701936244964600e-01 -1.566574871540069580e-01 -1.534246057271957397e-01 -3.098807525634765625e+01 0.000000000000000000e+00 -1.282719895243644714e-02 0.000000000000000000e+00 5.000000000000000000e+01 0.000000000000000000e+00
4.405634701251983643e-01 3.729701936244964600e-01 -1.566574871540069580e-01 -1.534246057271957397e-01 -3.098807525634765625e+01 0.000000000000000000e+00 -1.282719895243644714e-02 0.000000000000000000e+00 5.000000000000000000e+01 0.000000000000000000e+00
4.405634701251983643e-01 3.729701936244964600e-01 -1.566574871540069580e-01 -1.534246057271957397e-01 -3.098807525634765625e+01 0.000000000000000000e+00 -1.282719895243644714e-02 0.000000000000000000e+00 5.000000000000000000e+01 0.000000000000000000e+00
4.405634701251983643e-01 3.729701936244964600e-01 -1.566574871540069580e-01 -1.534246057271957397e-01 -3.098807525634765625e+01 0.000000000000000000e+00 -1.282719895243644714e-02 0.000000000000000000e+00 5.000000000000000000e+01 0.000000000000000000e+00
4.405634701251983643e-01 3.729701936244964600e-01 -1.566574871540069580e-01 -1.534246057271957397e-01 -3.098807525634765625e+01 0.000000000000000000e+00 -1.282719895243644714e-02 0.000000000000000000e+00 5.000000000000000000e+01 0.000000000000000000e+00
4.405634701251983643e-01 3.729701936244964600e-01 -1.566574871540069580e-01 -1.534246057271957397e-01 -3.098807525634765625e+01 0.000000000000000000e+00 -1.282719895243644714e-02 0.000000000000000000e+00 5.000000000000000000e+01 0.000000000000000000e+00
4.405634701251983643e-01 3.729701936244964600e-01 -1.566574871540069580e-01 -1.534246057271957397e-01 -3.098807525634765625e+01 0.000000000000000000e+00 -1.282719895243644714e-02 0.000000000000000000e+00 5.000000000000000000e+01 0.000000000000000000e+00
4.405634701251983643e-01 3.729701936244964600e-01 -1.566574871540069580e-01 -1.534246057271957397e-01 -3.098807525634765625e+01 0.000000000000000000e+00 -1.282719895243644714e-02 0.000000000000000000e+00 5.000000000000000000e+01 0.000000000000000000e+00
4.405634701251983643e-01 3.729701936244964600e-01 -1.566574871540069580e-01 -1.534246057271957397e-01 -3.098807525634765625e+01 0.000000000000000000e+00 -1.282719895243644714e-02 0.000000000000000000e+00 5.000000000000000000e+01 0.000000000000000000e+00
4.405634701251983643e-01 3.729701936244964600e-01 -1.566574871540069580e-01 -1.534246057271957397e-01 -3.098807525634765625e+01 0.000000000000000000e+00 -1.282719895243644714e-02 0.000000000000000000e+00 5.000000000000000000e+01 0.000000000000000000e+00
4.405634701251983643e-01 3.729701936244964600e-01 -1.566574871540069580e-01 -1.534246057271957397e-01 -3.098807525634765625e+01 0.000000000000000000e+00 -1.282719895243644714e-02 0.000000000000000000e+00 5.000000000000000000e+01 0.000000000000000000e+00
4.405634701251983643e-01 3.729701936244964600e-01 -1.566574871540069580e-01 -1.534246057271957397e-01 -3.098807525634765625e+01 0.000000000000000000e+00 -1.282719895243644714e-02 0.000000000000000000e+00 5.000000000000000000e+01 0.000000000000000000e+00
4.405634701251983643e-01 3.729701936244964600e-01 -1.566574871540069580e-01 -1.534246057271957397e-01 -3.098807525634765625e+01 0.000000000000000000e+00 -1.282719895243644714e-02 0.000000000000000000e+00 5.000000000000000000e+01 0.000000000000000000e+00
4.405634701251983643e-01 3.729701936244964600e-01 -1.566574871540069580e-01 -1.534246057271957397e-01 -3.098807525634765625e+01 0.000000000000000000e+00 -1.282719895243644714e-02 0.000000000000000000e+00 5.000000000000000000e+01 0.000000000000000000e+00
4.405634701251983643e-01 3.729701936244964600e-01 -1.566574871540069580e-01 -1.534246057271957397e-01 -3.098807525634765625e+01 0.000000000000000000e+00 -1.282719895243644714e-02 0.000000000000000000e+00 5.000000000000000000e+01 0.000000000000000000e+00
4.405634701251983643e-01 3.729701936244964600e-01 -1.566574871540069580e-01 -1.534246057271957397e-01 -3.098807525634765625e+01 0.000000000000000000e+00 -1.282719895243644714e-02 0.000000000000000000e+00 5.000000000000000000e+01 0.000000000000000000e+00
4.405634701251983643e-01 3.729701936244964600e-01 -1.566574871540069580e-01 -1.534246057271957397e-01 -3.098807525634765625e+01 0.000000000000000000e+00 -1.282719895243644714e-02 0.000000000000000000e+00 5.000000000000000000e+01 0.000000000000000000e+00
4.405634701251983643e-01 3.729701936244964600e-01 -1.566574871540069580e-01 -1.534246057271957397e-01 -3.098807525634765625e+01 0.000000000000000000e+00 -1.282719895243644714e-02 0.000000000000000000e+00 5.000000000000000000e+01 0.000000000000000000e+00
4.405634701251983643e-01 3.729701936244964600e-01 -1.566574871540069580e-01 -1.534246057271957397e-01 -3.098807525634765625e+01 0.000000000000000000e+00 -1.282719895243644714e-02 0.000000000000000000e+00 5.000000000000000000e+01 0.000000000000000000e+00
4.405634701251983643e-01 3.729701936244964600e-01 -1.566574871540069580e-01 -1.534246057271957397e-01 -3.098807525634765625e+01 0.000000000000000000e+00 -1.282719895243644714e-02 0.000000000000000000e+00 5.000000000000000000e+01 0.000000000000000000e+00
4.405634701251983643e-01 3.729701936244964600e-01 -1.566574871540069580e-01 -1.534246057271957397e-01 -3.098807525634765625e+01 0.000000000000000000e+00 -1.282719895243644714e-02 0.000000000000000000e+00 5.000000000000000000e+01 0.000000000000000000e+00
4.405634701251983643e-01 3.729701936244964600e-01 -1.566574871540069580e-01 -1.534246057271957397e-01 -3.098807525634765625e+01 0.000000000000000000e+00 -1.282719895243644714e-02 0.000000000000000000e+00 5.000000000000000000e+01 0.000000000000000000e+00
4.405634701251983643e-01 3.729701936244964600e-01 -1.566574871540069580e-01 -1.534246057271957397e-01 -3.098807525634765625e+01 0.000000000000000000e+00 -1.282719895243644714e-02 0.000000000000000000e+00 5.000000000000000000e+01 0.000000000000000000e+00
4.405634701251983643e-01 3.729701936244964600e-01 -1.566574871540069580e-01 -1.534246057271957397e-01 -3.098807525634765625e+01 0.000000000000000000e+00 -1.282719895243644714e-02 0.000000000000000000e+00 5.000000000000000000e+01 0.000000000000000000e+00
4.405634701251983643e-01 3.729701936244964600e-01 -1.566574871540069580e-01 -1.534246057271957397e-01 -3.098807525634765625e+01 0.000000000000000000e+00 -1.282719895243644714e-02 0.000000000000000000e+00 5.000000000000000000e+01 0.000000000000000000e+00
4.405634701251983643e-01 3.729701936244964600e-01 -1.566574871540069580e-01 -1.534246057271957397e-01 -3.098807525634765625e+01 0.000000000000000000e+00 -1.282719895243644714e-02 0.000000000000000000e+00 5.000000000000000000e+01 0.000000000000000000e+00
4.405634701251983643e-01 3.729701936244964600e-01 -1.566574871540069580e-01 -1.534246057271957397e-01 -3.098807525634765625e+01 0.000000000000000000e+00 -1.282719895243644714e-02 0.000000000000000000e+00 5.000000000000000000e+01 0.000000000000000000e+00
4.405634701251983643e-01 3.729701936244964600e-01 -1.566574871540069580e-01 -1.534246057271957397e-01 -3.098807525634765625e+01 0.000000000000000000e+00 -1.282719895243644714e-02 0.000000000000000000e+00 5.000000000000000000e+01 0.000000000000000000e+00
4.405634701251983643e-01 3.729701936244964600e-01 -1.566574871540069580e-01 -1.534246057271957397e-01 -3.098807525634765625e+01 0.000000000000000000e+00 -1.282719895243644714e-02 0.000000000000000000e+00 5.000000000000000000e+01 0.000000000000000000e+00
4.405634701251983643e-01 3.729701936244964600e-01 -1.566574871540069580e-01 -1.534246057271957397e-01 -3.098807525634765625e+01 0.000000000000000000e+00 -1.282719895243644714e-02 0.000000000000000000e+00 5.000000000000000000e+01 0.000000000000000000e+00
4.405634701251983643e-01 3.729701936244964600e-01 -1.566574871540069580e-01 -1.534246057271957397e-01 -3.098807525634765625e+01 0.000000000000000000e+00 -1.282719895243644714e-02 0.000000000000000000e+00 5.000000000000000000e+01 0.000000000000000000e+00
4.405634701251983643e-01 3.729701936244964600e-01 -1.566574871540069580e-01 -1.534246057271957397e-01 -3.098807525634765625e+01 0.000000000000000000e+00 -1.282719895243644714e-02 0.000000000000000000e+00 5.000000000000000000e+01 0.000000000000000000e+00
4.405634701251983643e-01 3.729701936244964600e-01 -1.566574871540069580e-01 -1.534246057271957397e-01 -3.098807525634765625e+01 0.000000000000000000e+00 -1.282719895243644714e-02 0.000000000000000000e+00 5.000000000000000000e+01 0.000000000000000000e+00
4.405634701251983643e-01 3.729701936244964600e-01 -1.566574871540069580e-01 -1.534246057271957397e-01 -3.098807525634765625e+01 0.000000000000000000e+00 -1.282719895243644714e-02 0.000000000000000000e+00 5.000000000000000000e+01 0.000000000000000000e+00
4.405634701251983643e-01 3.729701936244964600e-01 -1.566574871540069580e-01 -1.534246057271957397e-01 -3.098807525634765625e+01 0.000000000000000000e+00 -1.282719895243644714e-02 0.000000000000000000e+00 5.000000000000000000e+01 0.000000000000000000e+00
4.405634701251983643e-01 3.729701936244964600e-01 -1.566574871540069580e-01 -1.534246057271957397e-01 -3.098807525634765625e+01 0.000000000000000000e+00 -1.282719895243644714e-02 0.000000000000000000e+00 5.000000000000000000e+01 0.000000000000000000e+00
4.405634701251983643e-01 3.729701936244964600e-01 -1.566574871540069580e-01 -1.534246057271957397e-01 -3.098807525634765625e+01 0.000000000000000000e+00 -1.282719895243644714e-02 0.000000000000000000e+00 5.000000000000000000e+01 0.000000000000000000e+00
4.405634701251983643e-01 3.729701936244964600e-01 -1.566574871540069580e-01 -1.534246057271957397e-01 -3.098807525634765625e+01 0.000000000000000000e+00 -1.282719895243644714e-02 0.000000000000000000e+00 5.000000000000000000e+01 0.000000000000000000e+00
4.405634701251983643e-01 3.729701936244964600e-01 -1.566574871540069580e-01 -1.534246057271957397e-01 -3.098807525634765625e+01 0.000000000000000000e+00 -1.282719895243644714e-02 0.000000000000000000e+00 5.000000000000000000e+01 0.000000000000000000e+00
4.405634701251983643e-01 3.729701936244964600e-01 -1.566574871540069580e-01 -1.534246057271957397e-01 -3.098807525634765625e+01 0.000000000000000000e+00 -1.282719895243644714e-02 0.000000000000000000e+00 5.000000000000000000e+01 0.000000000000000000e+00
4.405634701251983643e-01 3.729701936244964600e-01 -1.566574871540069580e-01 -1.534246057271957397e-01 -3.098807525634765625e+01 0.000000000000000000e+00 -1.282719895243644714e-02 0.000000000000000000e+00 5.000000000000000000e+01 0.000000000000000000e+00
4.405634701251983643e-01 3.729701936244964600e-01 -1.566574871540069580e-01 -1.534246057271957397e-01 -3.098807525634765625e+01 0.000000000000000000e+00 -1.282719895243644714e-02 0.000000000000000000e+00 5.000000000000000000e+01 0.000000000000000000e+00
