4.362808167934417725e-01 3.992107808589935303e-01 -1.026045680046081543e-01 -8.496829122304916382e-02 -3.678088378906250000e+01 -5.192414522171020508e-01 -1.522507239133119583e-02 -6.628687260672450066e-04 5.200000000000000000e+01 2.000000000000000000e+00
4.362808167934417725e-01 3.997020721435546875e-01 -1.015501320362091064e-01 -8.384220302104949951e-02 -3.649940490722656250e+01 -2.377612590789794922e-01 -1.510855741798877716e-02 -3.035283589269965887e-04 5.100000000000000000e+01 1.000000000000000000e+00
4.362808167934417725e-01 3.997020721435546875e-01 -1.015501320362091064e-01 -8.384220302104949951e-02 -3.649940490722656250e+01 -2.377612590789794922e-01 -1.510855741798877716e-02 -3.035283589269965887e-04 5.100000000000000000e+01 1.000000000000000000e+00
4.362808167934417725e-01 3.997020721435546875e-01 -1.015501320362091064e-01 -8.384220302104949951e-02 -3.649940490722656250e+01 -2.377612590789794922e-01 -1.510855741798877716e-02 -3.035283589269965887e-04 5.100000000000000000e+01 1.000000000000000000e+00
4.362808167934417725e-01 3.997020721435546875e-01 -1.015501320362091064e-01 -8.384220302104949951e-02 -3.649940490722656250e+01 -2.377612590789794922e-01 -1.510855741798877716e-02 -3.035283589269965887e-04 5.100000000000000000e+01 1.000000000000000000e+00
4.362808167934417725e-01 3.997020721435546875e-01 -1.015501320362091064e-01 -8.384220302104949951e-02 -3.649940490722656250e+01 -2.377612590789794922e-01 -1.510855741798877716e-02 -3.035283589269965887e-04 5.100000000000000000e+01 1.000000000000000000e+00
4.362808167934417725e-01 3.997020721435546875e-01 -1.015501320362091064e-01 -8.384220302104949951e-02 -3.649940490722656250e+01 -2.377612590789794922e-01 -1.510855741798877716e-02 -3.035283589269965887e-04 5.100000000000000000e+01 1.000000000000000000e+00
4.362808167934417725e-01 3.997020721435546875e-01 -1.015501320362091064e-01 -8.384220302104949951e-02 -3.649940490722656250e+01 -2.377612590789794922e-01 -1.510855741798877716e-02 -3.035283589269965887e-04 5.100000000000000000e+01 1.000000000000000000e+00
4.362808167934417725e-01 3.997020721435546875e-01 -1.015501320362091064e-01 -8.384220302104949951e-02 -3.649940490722656250e+01 -2.377612590789794922e-01 -1.510855741798877716e-02 -3.035283589269965887e-04 5.100000000000000000e+01 1.000000000000000000e+00
4.362808167934417725e-01 3.997020721435546875e-01 -1.015501320362091064e-01 -8.384220302104949951e-02 -3.649940490722656250e+01 -2.377612590789794922e-01 -1.510855741798877716e-02 -3.035283589269965887e-04 5.100000000000000000e+01 1.000000000000000000e+00
4.362808167934417725e-01 3.997020721435546875e-01 -1.015501320362091064e-01 -8.384220302104949951e-02 -3.649940490722656250e+01 -2.377612590789794922e-01 -1.510855741798877716e-02 -3.035283589269965887e-04 5.100000000000000000e+01 1.000000000000000000e+00
4.362808167934417725e-01 3.997020721435546875e-01 -1.015501320362091064e-01 -8.384220302104949951e-02 -3.649940490722656250e+01 -2.377612590789794922e-01 -1.510855741798877716e-02 -3.035283589269965887e-04 5.100000000000000000e+01 1.000000000000000000e+00
4.362808167934417725e-01 3.997020721435546875e-01 -1.015501320362091064e-01 -8.384220302104949951e-02 -3.649940490722656250e+01 -2.377612590789794922e-01 -1.510855741798877716e-02 -3.035283589269965887e-04 5.100000000000000000e+01 1.000000000000000000e+00
4.362808167934417725e-01 3.997020721435546875e-01 -1.015501320362091064e-01 -8.384220302104949951e-02 -3.649940490722656250e+01 -2.377612590789794922e-01 -1.510855741798877716e-02 -3.035283589269965887e-04 5.100000000000000000e+01 1.000000000000000000e+00
4.362808167934417725e-01 3.997020721435546875e-01 -1.015501320362091064e-01 -8.384220302104949951e-02 -3.649940490722656250e+01 -2.377612590789794922e-01 -1.510855741798877716e-02 -3.035283589269965887e-04 5.100000000000000000e+01 1.000000000000000000e+00
4.362808167934417725e-01 3.997020721435546875e-01 -1.015501320362091064e-01 -8.384220302104949951e-02 -3.649940490722656250e+01 -2.377612590789794922e-01 -1.510855741798877716e-02 -3.035283589269965887e-04 5.100000000000000000e+01 1.000000000000000000e+00
4.362808167934417725e-01 3.997020721435546875e-01 -1.015501320362091064e-01 -8.384220302104949951e-02 -3.649940490722656250e+01 -2.377612590789794922e-01 -1.510855741798877716e-02 -3.035283589269965887e-04 5.100000000000000000e+01 1.000000000000000000e+00
4.362808167934417725e-01 3.997020721435546875e-01 -1.015501320362091064e-01 -8.384220302104949951e-02 -3.649940490722656250e+01 -2.377612590789794922e-01 -1.510855741798877716e-02 -3.035283589269965887e-04 5.100000000000000000e+01 1.000000000000000000e+00
4.362808167934417725e-01 3.997020721435546875e-01 -1.015501320362091064e-01 -8.384220302104949951e-02 -3.649940490722656250e+01 -2.377612590789794922e-01 -1.510855741798877716e-02 -3.035283589269965887e-04 5.100000000000000000e+01 1.000000000000000000e+00
4.362808167934417725e-01 3.997020721435546875e-01 -1.015501320362091064e-01 -8.384220302104949951e-02 -3.649940490722656250e+01 -2.377612590789794922e-01 -1.510855741798877716e-02 -3.035283589269965887e-04 5.100000000000000000e+01 1.000000000000000000e+00
4.362808167934417725e-01 3.997020721435546875e-01 -1.015501320362091064e-01 -8.384220302104949951e-02 -3.649940490722656250e+01 -2.377612590789794922e-01 -1.510855741798877716e-02 -3.035283589269965887e-04 5.100000000000000000e+01 1.000000000000000000e+00
4.362808167934417725e-01 3.997020721435546875e-01 -1.015501320362091064e-01 -8.384220302104949951e-02 -3.649940490722656250e+01 -2.377612590789794922e-01 -1.510855741798877716e-02 -3.035283589269965887e-04 5.100000000000000000e+01 1.000000000000000000e+00
4.362808167934417725e-01 3.997020721435546875e-01 -1.015501320362091064e-01 -8.384220302104949951e-02 -3.649940490722656250e+01 -2.377612590789794922e-01 -1.510855741798877716e-02 -3.035283589269965887e-04 5.100000000000000000e+01 1.000000000000000000e+00
4.362808167934417725e-01 3.997020721435546875e-01 -1.015501320362091064e-01 -8.384220302104949951e-02 -3.649940490722656250e+01 -2.377612590789794922e-01 -1.510855741798877716e-02 -3.035283589269965887e-04 5.100000000000000000e+01 1.000000000000000000e+00
4.362808167934417725e-01 3.997020721435546875e-01 -1.015501320362091064e-01 -8.384220302104949951e-02 -3.649940490722656250e+01 -2.377612590789794922e-01 -1.510855741798877716e-02 -3.035283589269965887e-04 5.100000000000000000e+01 1.000000000000000000e+00
4.362808167934417725e-01 3.997020721435546875e-01 -1.015501320362091064e-01 -8.384220302104949951e-02 -3.649940490722656250e+01 -2.377612590789794922e-01 -1.510855741798877716e-02 -3.035283589269965887e-04 5.100000000000000000e+01 1.000000000000000000e+00
4.362808167934417725e-01 3.997020721435546875e-01 -1.015501320362091064e-01 -8.384220302104949951e-02 -3.649940490722656250e+01 -2.377612590789794922e-01 -1.510855741798877716e-02 -3.035283589269965887e-04 5.100000000000000000e+01 1.000000000000000000e+00
4.362808167934417725e-01 3.997020721435546875e-01 -1.015501320362091064e-01 -8.384220302104949951e-02 -3.649940490722656250e+01 -2.377612590789794922e-01 -1.510855741798877716e-02 -3.035283589269965887e-04 5.100000000000000000e+01 1.000000000000000000e+00
4.362808167934417725e-01 3.997020721435546875e-01 -1.015501320362091064e-01 -8.384220302104949951e-02 -3.649940490722656250e+01 -2.377612590789794922e-01 -1.510855741798877716e-02 -3.035283589269965887e-04 5.100000000000000000e+01 1.000000000000000000e+00
4.362808167934417725e-01 3.997020721435546875e-01 -1.015501320362091064e-01 -8.384220302104949951e-02 -3.649940490722656250e+01 -2.377612590789794922e-01 -1.510855741798877716e-02 -3.035283589269965887e-04 5.100000000000000000e+01 1.000000000000000000e+00
4.362808167934417725e-01 3.928295373916625977e-01 -1.141441687941551208e-01 -9.959474951028823853e-02 -3.626164245605468750e+01 0.000000000000000000e+00 -1.501013804227113724e-02 0.000000000000000000e+00 5.000000000000000000e+01 0.000000000000000000e+00
4.362808167934417725e-01 3.928295373916625977e-01 -1.141441687941551208e-01 -9.959474951028823853e-02 -3.626164245605468750e+01 0.000000000000000000e+00 -1.501013804227113724e-02 0.000000000000000000e+00 5.000000000000000000e+01 0.000000000000000000e+00
4.362808167934417725e-01 3.928295373916625977e-01 -1.141441687941551208e-01 -9.959474951028823853e-02 -3.626164245605468750e+01 0.000000000000000000e+00 -1.501013804227113724e-02 0.000000000000000000e+00 5.000000000000000000e+01 0.000000000000000000e+00
4.362808167934417725e-01 3.928295373916625977e-01 -1.141441687941551208e-01 -9.959474951028823853e-02 -3.626164245605468750e+01 0.000000000000000000e+00 -1.501013804227113724e-02 0.000000000000000000e+00 5.000000000000000000e+01 0.000000000000000000e+00
4.362808167934417725e-01 3.928295373916625977e-01 -1.141441687941551208e-01 -9.959474951028823853e-02 -3.626164245605468750e+01 0.000000000000000000e+00 -1.501013804227113724e-02 0.000000000000000000e+00 5.000000000000000000e+01 0.000000000000000000e+00
4.362808167934417725e-01 3.928295373916625977e-01 -1.141441687941551208e-01 -9.959474951028823853e-02 -3.626164245605468750e+01 0.000000000000000000e+00 -1.501013804227113724e-02 0.000000000000000000e+00 5.000000000000000000e+01 0.000000000000000000e+00
4.362808167934417725e-01 3.928295373916625977e-01 -1.141441687941551208e-01 -9.959474951028823853e-02 -3.626164245605468750e+01 0.000000000000000000e+00 -1.501013804227113724e-02 0.000000000000000000e+00 5.000000000000000000e+01 0.000000000000000000e+00
4.362808167934417725e-01 3.928295373916625977e-01 -1.141441687941551208e-01 -9.959474951028823853e-02 -3.626164245605468750e+01 0.000000000000000000e+00 -1.501013804227113724e-02 0.000000000000000000e+00 5.000000000000000000e+01 0.000000000000000000e+00
4.362808167934417725e-01 3.928295373916625977e-01 -1.141441687941551208e-01 -9.959474951028823853e-02 -3.626164245605468750e+01 0.000000000000000000e+00 -1.501013804227113724e-02 0.000000000000000000e+00 5.000000000000000000e+01 0.000000000000000000e+00
4.362808167934417725e-01 3.928295373916625977e-01 -1.141441687941551208e-01 -9.959474951028823853e-02 -3.626164245605468750e+01 0.000000000000000000e+00 -1.501013804227113724e-02 0.000000000000000000e+00 5.000000000000000000e+01 0.000000000000000000e+00
4.362808167934417725e-01 3.928295373916625977e-01 -1.141441687941551208e-01 -9.959474951028823853e-02 -3.626164245605468750e+01 0.000000000000000000e+00 -1.501013804227113724e-02 0.000000000000000000e+00 5.000000000000000000e+01 0.000000000000000000e+00
4.362808167934417725e-01 3.928295373916625977e-01 -1.141441687941551208e-01 -9.959474951028823853e-02 -3.626164245605468750e+01 0.000000000000000000e+00 -1.501013804227113724e-02 0.000000000000000000e+00 5.000000000000000000e+01 0.000000000000000000e+00
4.362808167934417725e-01 3.928295373916625977e-01 -1.141441687941551208e-01 -9.959474951028823853e-02 -3.626164245605468750e+01 0.000000000000000000e+00 -1.501013804227113724e-02 0.000000000000000000e+00 5.000000000000000000e+01 0.000000000000000000e+00
4.362808167934417725e-01 3.928295373916625977e-01 -1.141441687941551208e-01 -9.959474951028823853e-02 -3.626164245605468750e+01 0.000000000000000000e+00 -1.501013804227113724e-02 0.000000000000000000e+00 5.000000000000000000e+01 0.000000000000000000e+00
4.362808167934417725e-01 3.928295373916625977e-01 -1.141441687941551208e-01 -9.959474951028823853e-02 -3.626164245605468750e+01 0.000000000000000000e+00 -1.501013804227113724e-02 0.000000000000000000e+00 5.000000000000000000e+01 0.000000000000000000e+00
4.362808167934417725e-01 3.928295373916625977e-01 -1.141441687941551208e-01 -9.959474951028823853e-02 -3.626164245605468750e+01 0.000000000000000000e+00 -1.501013804227113724e-02 0.000000000000000000e+00 5.000000000000000000e+01 0.000000000000000000e+00
4.362808167934417725e-01 3.928295373916625977e-01 -1.141441687941551208e-01 -9.959474951028823853e-02 -3.626164245605468750e+01 0.000000000000000000e+00 -1.501013804227113724e-02 0.000000000000000000e+00 5.000000000000000000e+01 0.000000000000000000e+00
4.362808167934417725e-01 3.928295373916625977e-01 -1.141441687941551208e-01 -9.959474951028823853e-02 -3.626164245605468750e+01 0.000000000000000000e+00 -1.501013804227113724e-02 0.000000000000000000e+00 5.000000000000000000e+01 0.000000000000000000e+00
4.362808167934417725e-01 3.928295373916625977e-01 -1.141441687941551208e-01 -9.959474951028823853e-02 -3.626164245605468750e+01 0.000000000000000000e+00 -1.501013804227113724e-02 0.000000000000000000e+00 5.000000000000000000e+01 0.000000000000000000e+00
4.362808167934417725e-01 3.928295373916625977e-01 -1.141441687941551208e-01 -9.959474951028823853e-02 -3.626164245605468750e+01 0.000000000000000000e+00 -1.501013804227113724e-02 0.000000000000000000e+00 5.000000000000000000e+01 0.000000000000000000e+00
4.362808167934417725e-01 3.928295373916625977e-01 -1.141441687941551208e-01 -9.959474951028823853e-02 -3.626164245605468750e+01 0.000000000000000000e+00 -1.501013804227113724e-02 0.000000000000000000e+00 5.000000000000000000e+01 0.000000000000000000e+00
4.362808167934417725e-01 3.928295373916625977e-01 -1.141441687941551208e-01 -9.959474951028823853e-02 -3.626164245605468750e+01 0.000000000000000000e+00 -1.501013804227113724e-02 0.000000000000000000e+00 5.000000000000000000e+01 0.000000000000000000e+00
4.362808167934417725e-01 3.928295373916625977e-01 -1.141441687941551208e-01 -9.959474951028823853e-02 -3.626164245605468750e+01 0.000000000000000000e+00 -1.501013804227113724e-02 0.000000000000000000e+00 5.000000000000000000e+01 0.000000000000000000e+00
4.362808167934417725e-01 3.928295373916625977e-01 -1.141441687941551208e-01 -9.959474951028823853e-02 -3.626164245605468750e+01 0.000000000000000000e+00 -1.501013804227113724e-02 0.000000000000000000e+00 5.000000000000000000e+01 0.000000000000000000e+00
4.362808167934417725e-01 3.928295373916625977e-01 -1.141441687941551208e-01 -9.959474951028823853e-02 -3.626164245605468750e+01 0.000000000000000000e+00 -1.501013804227113724e-02 0.000000000000000000e+00 5.000000000000000000e+01 0.000000000000000000e+00
4.362808167934417725e-01 3.928295373916625977e-01 -1.141441687941551208e-01 -9.959474951028823853e-02 -3.626164245605468750e+01 0.000000000000000000e+00 -1.501013804227113724e-02 0.000000000000000000e+00 5.000000000000000000e+01 0.000000000000000000e+00
4.362808167934417725e-01 3.928295373916625977e-01 -1.141441687941551208e-01 -9.959474951028823853e-02 -3.626164245605468750e+01 0.000000000000000000e+00 -1.501013804227113724e-02 0.000000000000000000e+00 5.000000000000000000e+01 0.000000000000000000e+00
4.362808167934417725e-01 3.928295373916625977e-01 -1.141441687941551208e-01 -9.959474951028823853e-02 -3.626164245605468750e+01 0.000000000000000000e+00 -1.501013804227113724e-02 0.000000000000000000e+00 5.000000000000000000e+01 0.000000000000000000e+00
4.362808167934417725e-01 3.928295373916625977e-01 -1.141441687941551208e-01 -9.959474951028823853e-02 -3.626164245605468750e+01 0.000000000000000000e+00 -1.501013804227113724e-02 0.000000000000000000e+00 5.000000000000000000e+01 0.000000000000000000e+00
4.362808167934417725e-01 3.928295373916625977e-01 -1.141441687941551208e-01 -9.959474951028823853e-02 -3.626164245605468750e+01 0.000000000000000000e+00 -1.501013804227113724e-02 0.000000000000000000e+00 5.000000000000000000e+01 0.000000000000000000e+00
4.362808167934417725e-01 3.928295373916625977e-01 -1.141441687941551208e-01 -9.959474951028823853e-02 -3.626164245605468750e+01 0.000000000000000000e+00 -1.501013804227113724e-02 0.000000000000000000e+00 5.000000000000000000e+01 0.000000000000000000e+00
4.362808167934417725e-01 3.928295373916625977e-01 -1.141441687941551208e-01 -9.959474951028823853e-02 -3.626164245605468750e+01 0.000000000000000000e+00 -1.501013804227113724e-02 0.000000000000000000e+00 5.000000000000000000e+01 0.000000000000000000e+00
4.362808167934417725e-01 3.928295373916625977e-01 -1.141441687941551208e-01 -9.959474951028823853e-02 -3.626164245605468750e+01 0.000000000000000000e+00 -1.501013804227113724e-02 0.000000000000000000e+00 5.000000000000000000e+01 0.000000000000000000e+00
4.362808167934417725e-01 3.928295373916625977e-01 -1.141441687941551208e-01 -9.959474951028823853e-02 -3.626164245605468750e+01 0.000000000000000000e+00 -1.501013804227113724e-02 0.000000000000000000e+00 5.000000000000000000e+01 0.000000000000000000e+00
4.362808167934417725e-01 3.928295373916625977e-01 -1.141441687941551208e-01 -9.959474951028823853e-02 -3.626164245605468750e+01 0.000000000000000000e+00 -1.501013804227113724e-02 0.000000000000000000e+00 5.000000000000000000e+01 0.000000000000000000e+00
4.362808167934417725e-01 3.928295373916625977e-01 -1.141441687941551208e-01 -9.959474951028823853e-02 -3.626164245605468750e+01 0.000000000000000000e+00 -1.501013804227113724e-02 0.000000000000000000e+00 5.000000000000000000e+01 0.000000000000000000e+00
4.362808167934417725e-01 3.928295373916625977e-01 -1.141441687941551208e-01 -9.959474951028823853e-02 -3.626164245605468750e+01 0.000000000000000000e+00 -1.501013804227113724e-02 0.000000000000000000e+00 5.000000000000000000e+01 0.000000000000000000e+00
4.362808167934417725e-01 3.928295373916625977e-01 -1.141441687941551208e-01 -9.959474951028823853e-02 -3.626164245605468750e+01 0.000000000000000000e+00 -1.501013804227113724e-02 0.000000000000000000e+00 5.000000000000000000e+01 0.000000000000000000e+00
4.362808167934417725e-01 3.928295373916625977e-01 -1.141441687941551208e-01 -9.959474951028823853e-02 -3.626164245605468750e+01 0.000000000000000000e+00 -1.501013804227113724e-02 0.000000000000000000e+00 5.000000000000000000e+01 0.000000000000000000e+00
4.362808167934417725e-01 3.928295373916625977e-01 -1.141441687941551208e-01 -9.959474951028823853e-02 -3.626164245605468750e+01 0.000000000000000000e+00 -1.501013804227113724e-02 0.000000000000000000e+00 5.000000000000000000e+01 0.000000000000000000e+00
4.362808167934417725e-01 3.928295373916625977e-01 -1.141441687941551208e-01 -9.959474951028823853e-02 -3.626164245605468750e+01 0.000000000000000000e+00 -1.501013804227113724e-02 0.000000000000000000e+00 5.000000000000000000e+01 0.000000000000000000e+00
4.362808167934417725e-01 3.928295373916625977e-01 -1.141441687941551208e-01 -9.959474951028823853e-02 -3.626164245605468750e+01 0.000000000000000000e+00 -1.501013804227113724e-02 0.000000000000000000e+00 5.000000000000000000e+01 0.000000000000000000e+00
4.362808167934417725e-01 3.928295373916625977e-01 -1.141441687941551208e-01 -9.959474951028823853e-02 -3.626164245605468750e+01 0.000000000000000000e+00 -1.501013804227113724e-02 0.000000000000000000e+00 5.000000000000000000e+01 0.000000000000000000e+00
4.362808167934417725e-01 3.928295373916625977e-01 -1.141441687941551208e-01 -9.959474951028823853e-02 -3.626164245605468750e+01 0.000000000000000000e+00 -1.501013804227113724e-02 0.000000000000000000e+00 5.000000000000000000e+01 0.000000000000000000e+00
4.362808167934417725e-01 3.928295373916625977e-01 -1.141441687941551208e-01 -9.959474951028823853e-02 -3.626164245605468750e+01 0.000000000000000000e+00 -1.501013804227113724e-02 0.000000000000000000e+00 5.000000000000000000e+01 0.000000000000000000e+00
4.362808167934417725e-01 3.928295373916625977e-01 -1.141441687941551208e-01 -9.959474951028823853e-02 -3.626164245605468750e+01 0.000000000000000000e+00 -1.501013804227113724e-02 0.000000000000000000e+00 5.000000000000000000e+01 0.000000000000000000e+00
4.362808167934417725e-01 3.928295373916625977e-01 -1.141441687941551208e-01 -9.959474951028823853e-02 -3.626164245605468750e+01 0.000000000000000000e+00 -1.501013804227113724e-02 0.000000000000000000e+00 5.000000000000000000e+01 0.000000000000000000e+00
4.362808167934417725e-01 3.928295373916625977e-01 -1.141441687941551208e-01 -9.959474951028823853e-02 -3.626164245605468750e+01 0.000000000000000000e+00 -1.501013804227113724e-02 0.000000000000000000e+00 5.000000000000000000e+01 0.000000000000000000e+00
4.362808167934417725e-01 3.928295373916625977e-01 -1.141441687941551208e-01 -9.959474951028823853e-02 -3.626164245605468750e+01 0.000000000000000000e+00 -1.501013804227113724e-02 0.000000000000000000e+00 5.000000000000000000e+01 0.000000000000000000e+00
4.362808167934417725e-01 3.928295373916625977e-01 -1.141441687941551208e-01 -9.959474951028823853e-02 -3.626164245605468750e+01 0.000000000000000000e+00 -1.501013804227113724e-02 0.000000000000000000e+00 5.000000000000000000e+01 0.000000000000000000e+00
4.362808167934417725e-01 3.928295373916625977e-01 -1.141441687941551208e-01 -9.959474951028823853e-02 -3.626164245605468750e+01 0.000000000000000000e+00 -1.501013804227113724e-02 0.000000000000000000e+00 5.000000000000000000e+01 0.000000000000000000e+00
4.362808167934417725e-01 3.928295373916625977e-01 -1.141441687941551208e-01 -9.959474951028823853e-02 -3.626164245605468750e+01 0.000000000000000000e+00 -1.501013804227113724e-02 0.000000000000000000e+00 5.000000000000000000e+01 0.000000000000000000e+00
4.362808167934417725e-01 3.928295373916625977e-01 -1.141441687941551208e-01 -9.959474951028823853e-02 -3.626164245605468750e+01 0.000000000000000000e+00 -1.501013804227113724e-02 0.000000000000000000e+00 5.000000000000000000e+01 0.000000000000000000e+00
4.362808167934417725e-01 3.928295373916625977e-01 -1.141441687941551208e-01 -9.959474951028823853e-02 -3.626164245605468750e+01 0.000000000000000000e+00 -1.501013804227113724e-02 0.000000000000000000e+00 5.000000000000000000e+01 0.000000000000000000e+00
4.362808167934417725e-01 3.928295373916625977e-01 -1.141441687941551208e-01 -9.959474951028823853e-02 -3.626164245605468750e+01 0.000000000000000000e+00 -1.501013804227113724e-02 0.000000000000000000e+00 5.000000000000000000e+01 0.000000000000000000e+00
4.362808167934417725e-01 3.928295373916625977e-01 -1.141441687941551208e-01 -9.959474951028823853e-02 -3.626164245605468750e+01 0.000000000000000000e+00 -1.501013804227113724e-02 0.000000000000000000e+00 5.000000000000000000e+01 0.000000000000000000e+00
4.362808167934417725e-01 3.928295373916625977e-01 -1.141441687941551208e-01 -9.959474951028823853e-02 -3.626164245605468750e+01 0.000000000000000000e+00 -1.501013804227113724e-02 0.000000000000000000e+00 5.000000000000000000e+01 0.000000000000000000e+00
4.362808167934417725e-01 3.928295373916625977e-01 -1.141441687941551208e-01 -9.959474951028823853e-02 -3.626164245605468750e+01 0.000000000000000000e+00 -1.501013804227113724e-02 0.000000000000000000e+00 5.000000000000000000e+01 0.000000000000000000e+00
4.362808167934417725e-01 3.928295373916625977e-01 -1.141441687941551208e-01 -9.959474951028823853e-02 -3.626164245605468750e+01 0.000000000000000000e+00 -1.501013804227113724e-02 0.000000000000000000e+00 5.000000000000000000e+01 0.000000000000000000e+00
4.362808167934417725e-01 3.928295373916625977e-01 -1.141441687941551208e-01 -9.959474951028823853e-02 -3.626164245605468750e+01 0.000000000000000000e+00 -1.501013804227113724e-02 0.000000000000000000e+00 5.000000000000000000e+01 0.000000000000000000e+00
4.362808167934417725e-01 3.928295373916625977e-01 -1.141441687941551208e-01 -9.959474951028823853e-02 -3.626164245605468750e+01 0.000000000000000000e+00 -1.501013804227113724e-02 0.000000000000000000e+00 5.000000000000000000e+01 0.000000000000000000e+00
