4.322904944419860840e-01 3.554492890834808350e-01 -1.863681375980377197e-01 -1.777536273002624512e-01 -4.627939605712890625e+01 -1.490465545654296875e+01 -1.915688440203666687e-02 -1.619139127433300018e-02 1.080000000000000000e+02 5.800000000000000000e+01
4.322904944419860840e-01 3.545258939266204834e-01 -1.876635849475860596e-01 -1.798896789550781250e-01 -4.309261322021484375e+01 -1.171787261962890625e+01 -1.783774979412555695e-02 -1.272948924452066422e-02 9.700000000000000000e+01 4.700000000000000000e+01
4.322904944419860840e-01 3.545258939266204834e-01 -1.876635849475860596e-01 -1.798896789550781250e-01 -4.309261322021484375e+01 -1.171787261962890625e+01 -1.783774979412555695e-02 -1.272948924452066422e-02 9.700000000000000000e+01 4.700000000000000000e+01
4.322904944419860840e-01 3.574471175670623779e-01 -1.818650513887405396e-01 -1.731321364641189575e-01 -4.266536331176757812e+01 -1.129062557220458984e+01 -1.766089349985122681e-02 -1.226535812020301819e-02 9.500000000000000000e+01 4.500000000000000000e+01
4.322904944419860840e-01 3.559880852699279785e-01 -1.843497753143310547e-01 -1.765072494745254517e-01 -4.248188781738281250e+01 -1.110715103149414062e+01 -1.758494600653648376e-02 -1.206604391336441040e-02 9.500000000000000000e+01 4.500000000000000000e+01
4.322904944419860840e-01 3.559525310993194580e-01 -1.844255626201629639e-01 -1.765895038843154907e-01 -4.181495666503906250e+01 -1.044021606445312500e+01 -1.730887591838836670e-02 -1.134153176099061966e-02 9.200000000000000000e+01 4.200000000000000000e+01
4.322904944419860840e-01 3.593803048133850098e-01 -1.773514449596405029e-01 -1.686601787805557251e-01 -4.025710296630859375e+01 -8.882362365722656250e+00 -1.666401885449886322e-02 -9.649186395108699799e-03 9.000000000000000000e+01 4.000000000000000000e+01
4.322904944419860840e-01 3.565084338188171387e-01 -1.830107867717742920e-01 -1.753035485744476318e-01 -4.018182373046875000e+01 -8.807083129882812500e+00 -1.663285680115222931e-02 -9.567407891154289246e-03 9.000000000000000000e+01 4.000000000000000000e+01
4.322904944419860840e-01 3.565084338188171387e-01 -1.830107867717742920e-01 -1.753035485744476318e-01 -4.018182373046875000e+01 -8.807083129882812500e+00 -1.663285680115222931e-02 -9.567407891154289246e-03 9.000000000000000000e+01 4.000000000000000000e+01
4.322904944419860840e-01 3.565584421157836914e-01 -1.829116195440292358e-01 -1.751878708600997925e-01 -3.992189025878906250e+01 -8.547149658203125000e+00 -1.652526110410690308e-02 -9.285034611821174622e-03 8.900000000000000000e+01 3.900000000000000000e+01
4.322904944419860840e-01 3.565584421157836914e-01 -1.829116195440292358e-01 -1.751878708600997925e-01 -3.992189025878906250e+01 -8.547149658203125000e+00 -1.652526110410690308e-02 -9.285034611821174622e-03 8.900000000000000000e+01 3.900000000000000000e+01
4.322904944419860840e-01 3.582457602024078369e-01 -1.796435862779617310e-01 -1.712846755981445312e-01 -3.892596435546875000e+01 -7.551223754882812500e+00 -1.611300744116306305e-02 -8.203129284083843231e-03 8.600000000000000000e+01 3.600000000000000000e+01
4.322904944419860840e-01 3.583536744117736816e-01 -1.793777793645858765e-01 -1.710350364446640015e-01 -3.844960021972656250e+01 -7.074860572814941406e+00 -1.591582037508487701e-02 -7.685640826821327209e-03 8.500000000000000000e+01 3.500000000000000000e+01
4.322904944419860840e-01 3.593587279319763184e-01 -1.773963570594787598e-01 -1.687100827693939209e-01 -3.778498077392578125e+01 -6.410242080688476562e+00 -1.564070768654346466e-02 -6.963645108044147491e-03 8.200000000000000000e+01 3.200000000000000000e+01
4.322904944419860840e-01 3.622039854526519775e-01 -1.717484891414642334e-01 -1.621282696723937988e-01 -3.761766815185546875e+01 -6.242927551269531250e+00 -1.557145081460475922e-02 -6.781886331737041473e-03 8.100000000000000000e+01 3.100000000000000000e+01
4.322904944419860840e-01 3.622039854526519775e-01 -1.717484891414642334e-01 -1.621282696723937988e-01 -3.761766815185546875e+01 -6.242927551269531250e+00 -1.557145081460475922e-02 -6.781886331737041473e-03 8.100000000000000000e+01 3.100000000000000000e+01
4.322904944419860840e-01 3.641977310180664062e-01 -1.673409789800643921e-01 -1.575162112712860107e-01 -3.737410736083984375e+01 -5.999369621276855469e+00 -1.547063142061233521e-02 -6.517301779240369797e-03 8.000000000000000000e+01 3.000000000000000000e+01
4.322904944419860840e-01 3.637956976890563965e-01 -1.682082861661911011e-01 -1.584462225437164307e-01 -3.709343338012695312e+01 -5.718693733215332031e+00 -1.535444986075162888e-02 -6.212394684553146362e-03 7.700000000000000000e+01 2.700000000000000000e+01
4.322904944419860840e-01 3.642784059047698975e-01 -1.671907752752304077e-01 -1.573295891284942627e-01 -3.688047027587890625e+01 -5.505728721618652344e+00 -1.526629552245140076e-02 -5.981044378131628036e-03 7.600000000000000000e+01 2.600000000000000000e+01
4.322904944419860840e-01 3.616515696048736572e-01 -1.726050972938537598e-01 -1.634061485528945923e-01 -3.641383361816406250e+01 -5.039093971252441406e+00 -1.507313642650842667e-02 -5.474124569445848465e-03 7.400000000000000000e+01 2.400000000000000000e+01
4.322904944419860840e-01 3.595088124275207520e-01 -1.776343882083892822e-01 -1.683629006147384644e-01 -3.537998580932617188e+01 -4.005248069763183594e+00 -1.464518532156944275e-02 -4.351025447249412537e-03 7.000000000000000000e+01 2.000000000000000000e+01
4.322904944419860840e-01 3.596314489841461182e-01 -1.773198992013931274e-01 -1.680792123079299927e-01 -3.452789306640625000e+01 -3.153154850006103516e+00 -1.429247017949819565e-02 -3.425370203331112862e-03 6.800000000000000000e+01 1.800000000000000000e+01
4.322904944419860840e-01 3.614541888236999512e-01 -1.737088710069656372e-01 -1.638627350330352783e-01 -3.438386535644531250e+01 -3.009123563766479492e+00 -1.423285156488418579e-02 -3.268904518336057663e-03 6.700000000000000000e+01 1.700000000000000000e+01
4.322904944419860840e-01 3.614541888236999512e-01 -1.737088710069656372e-01 -1.638627350330352783e-01 -3.438386535644531250e+01 -3.009123563766479492e+00 -1.423285156488418579e-02 -3.268904518336057663e-03 6.700000000000000000e+01 1.700000000000000000e+01
4.322904944419860840e-01 3.614541888236999512e-01 -1.737088710069656372e-01 -1.638627350330352783e-01 -3.438386535644531250e+01 -3.009123563766479492e+00 -1.423285156488418579e-02 -3.268904518336057663e-03 6.700000000000000000e+01 1.700000000000000000e+01
4.322904944419860840e-01 3.600577116012573242e-01 -1.771495640277862549e-01 -1.670931577682495117e-01 -3.414704895019531250e+01 -2.772310256958007812e+00 -1.413482334464788437e-02 -3.011646913364529610e-03 6.600000000000000000e+01 1.600000000000000000e+01
4.322904944419860840e-01 3.577070832252502441e-01 -1.825218498706817627e-01 -1.725307703018188477e-01 -3.377436828613281250e+01 -2.399626731872558594e+00 -1.398055627942085266e-02 -2.606789115816354752e-03 6.400000000000000000e+01 1.400000000000000000e+01
4.322904944419860840e-01 3.527468740940093994e-01 -1.920651346445083618e-01 -1.840050220489501953e-01 -3.343305587768554688e+01 -2.058316707611083984e+00 -1.383927371352910995e-02 -2.236013533547520638e-03 6.200000000000000000e+01 1.200000000000000000e+01
4.322904944419860840e-01 3.527468740940093994e-01 -1.920651346445083618e-01 -1.840050220489501953e-01 -3.343305587768554688e+01 -2.058316707611083984e+00 -1.383927371352910995e-02 -2.236013533547520638e-03 6.200000000000000000e+01 1.200000000000000000e+01
4.322904944419860840e-01 3.601235747337341309e-01 -1.753645986318588257e-01 -1.669407933950424194e-01 -3.256002044677734375e+01 -1.185278892517089844e+00 -1.347788888961076736e-02 -1.287605264224112034e-03 5.900000000000000000e+01 9.000000000000000000e+00
4.322904944419860840e-01 3.583838641643524170e-01 -1.792380809783935547e-01 -1.709651947021484375e-01 -3.210692977905273438e+01 -7.321900129318237305e-01 -1.329033728688955307e-02 -7.954007596708834171e-04 5.600000000000000000e+01 6.000000000000000000e+00
4.322904944419860840e-01 3.597184717655181885e-01 -1.770101636648178101e-01 -1.678779125213623047e-01 -3.166449737548828125e+01 -2.897596359252929688e-01 -1.310719642788171768e-02 -3.147748939227312803e-04 5.400000000000000000e+01 4.000000000000000000e+00
4.322904944419860840e-01 3.595558106899261475e-01 -1.774169504642486572e-01 -1.682541817426681519e-01 -3.152354431152343750e+01 -1.488064527511596680e-01 -1.304885093122720718e-02 -1.616530789760872722e-04 5.200000000000000000e+01 2.000000000000000000e+00
4.322904944419860840e-01 3.595558106899261475e-01 -1.774169504642486572e-01 -1.682541817426681519e-01 -3.152354431152343750e+01 -1.488064527511596680e-01 -1.304885093122720718e-02 -1.616530789760872722e-04 5.200000000000000000e+01 2.000000000000000000e+00
4.322904944419860840e-01 3.595558106899261475e-01 -1.774169504642486572e-01 -1.682541817426681519e-01 -3.152354431152343750e+01 -1.488064527511596680e-01 -1.304885093122720718e-02 -1.616530789760872722e-04 5.200000000000000000e+01 2.000000000000000000e+00
4.322904944419860840e-01 3.595558106899261475e-01 -1.774169504642486572e-01 -1.682541817426681519e-01 -3.152354431152343750e+01 -1.488064527511596680e-01 -1.304885093122720718e-02 -1.616530789760872722e-04 5.200000000000000000e+01 2.000000000000000000e+00
4.322904944419860840e-01 3.595558106899261475e-01 -1.774169504642486572e-01 -1.682541817426681519e-01 -3.152354431152343750e+01 -1.488064527511596680e-01 -1.304885093122720718e-02 -1.616530789760872722e-04 5.200000000000000000e+01 2.000000000000000000e+00
4.322904944419860840e-01 3.630897700786590576e-01 -1.695045381784439087e-01 -1.600792109966278076e-01 -3.141207504272460938e+01 -3.733491897583007812e-02 -1.300270855426788330e-02 -4.055808312841691077e-05 5.100000000000000000e+01 1.000000000000000000e+00
4.322904944419860840e-01 3.630539476871490479e-01 -1.695755422115325928e-01 -1.601620912551879883e-01 -3.137473869323730469e+01 0.000000000000000000e+00 -1.298725418746471405e-02 0.000000000000000000e+00 5.000000000000000000e+01 0.000000000000000000e+00
4.322904944419860840e-01 3.630539476871490479e-01 -1.695755422115325928e-01 -1.601620912551879883e-01 -3.137473869323730469e+01 0.000000000000000000e+00 -1.298725418746471405e-02 0.000000000000000000e+00 5.000000000000000000e+01 0.000000000000000000e+00
4.322904944419860840e-01 3.630539476871490479e-01 -1.695755422115325928e-01 -1.601620912551879883e-01 -3.137473869323730469e+01 0.000000000000000000e+00 -1.298725418746471405e-02 0.000000000000000000e+00 5.000000000000000000e+01 0.000000000000000000e+00
4.322904944419860840e-01 3.630539476871490479e-01 -1.695755422115325928e-01 -1.601620912551879883e-01 -3.137473869323730469e+01 0.000000000000000000e+00 -1.298725418746471405e-02 0.000000000000000000e+00 5.000000000000000000e+01 0.000000000000000000e+00
4.322904944419860840e-01 3.630539476871490479e-01 -1.695755422115325928e-01 -1.601620912551879883e-01 -3.137473869323730469e+01 0.000000000000000000e+00 -1.298725418746471405e-02 0.000000000000000000e+00 5.000000000000000000e+01 0.000000000000000000e+00
4.322904944419860840e-01 3.630539476871490479e-01 -1.695755422115325928e-01 -1.601620912551879883e-01 -3.137473869323730469e+01 0.000000000000000000e+00 -1.298725418746471405e-02 0.000000000000000000e+00 5.000000000000000000e+01 0.000000000000000000e+00
4.322904944419860840e-01 3.630539476871490479e-01 -1.695755422115325928e-01 -1.601620912551879883e-01 -3.137473869323730469e+01 0.000000000000000000e+00 -1.298725418746471405e-02 0.000000000000000000e+00 5.000000000000000000e+01 0.000000000000000000e+00
4.322904944419860840e-01 3.630539476871490479e-01 -1.695755422115325928e-01 -1.601620912551879883e-01 -3.137473869323730469e+01 0.000000000000000000e+00 -1.298725418746471405e-02 0.000000000000000000e+00 5.000000000000000000e+01 0.000000000000000000e+00
4.322904944419860840e-01 3.630539476871490479e-01 -1.695755422115325928e-01 -1.601620912551879883e-01 -3.137473869323730469e+01 0.000000000000000000e+00 -1.298725418746471405e-02 0.000000000000000000e+00 5.000000000000000000e+01 0.000000000000000000e+00
4.322904944419860840e-01 3.630539476871490479e-01 -1.695755422115325928e-01 -1.601620912551879883e-01 -3.137473869323730469e+01 0.000000000000000000e+00 -1.298725418746471405e-02 0.000000000000000000e+00 5.000000000000000000e+01 0.000000000000000000e+00
4.322904944419860840e-01 3.630539476871490479e-01 -1.695755422115325928e-01 -1.601620912551879883e-01 -3.137473869323730469e+01 0.000000000000000000e+00 -1.298725418746471405e-02 0.000000000000000000e+00 5.000000000000000000e+01 0.000000000000000000e+00
4.322904944419860840e-01 3.630539476871490479e-01 -1.695755422115325928e-01 -1.601620912551879883e-01 -3.137473869323730469e+01 0.000000000000000000e+00 -1.298725418746471405e-02 0.000000000000000000e+00 5.000000000000000000e+01 0.000000000000000000e+00
4.322904944419860840e-01 3.630539476871490479e-01 -1.695755422115325928e-01 -1.601620912551879883e-01 -3.137473869323730469e+01 0.000000000000000000e+00 -1.298725418746471405e-02 0.000000000000000000e+00 5.000000000000000000e+01 0.000000000000000000e+00
4.322904944419860840e-01 3.630539476871490479e-01 -1.695755422115325928e-01 -1.601620912551879883e-01 -3.137473869323730469e+01 0.000000000000000000e+00 -1.298725418746471405e-02 0.000000000000000000e+00 5.000000000000000000e+01 0.000000000000000000e+00
4.322904944419860840e-01 3.630539476871490479e-01 -1.695755422115325928e-01 -1.601620912551879883e-01 -3.137473869323730469e+01 0.000000000000000000e+00 -1.298725418746471405e-02 0.000000000000000000e+00 5.000000000000000000e+01 0.000000000000000000e+00
4.322904944419860840e-01 3.630539476871490479e-01 -1.695755422115325928e-01 -1.601620912551879883e-01 -3.137473869323730469e+01 0.000000000000000000e+00 -1.298725418746471405e-02 0.000000000000000000e+00 5.000000000000000000e+01 0.000000000000000000e+00
4.322904944419860840e-01 3.630539476871490479e-01 -1.695755422115325928e-01 -1.601620912551879883e-01 -3.137473869323730469e+01 0.000000000000000000e+00 -1.298725418746471405e-02 0.000000000000000000e+00 5.000000000000000000e+01 0.000000000000000000e+00
4.322904944419860840e-01 3.630539476871490479e-01 -1.695755422115325928e-01 -1.601620912551879883e-01 -3.137473869323730469e+01 0.000000000000000000e+00 -1.298725418746471405e-02 0.000000000000000000e+00 5.000000000000000000e+01 0.000000000000000000e+00
4.322904944419860840e-01 3.630539476871490479e-01 -1.695755422115325928e-01 -1.601620912551879883e-01 -3.137473869323730469e+01 0.000000000000000000e+00 -1.298725418746471405e-02 0.000000000000000000e+00 5.000000000000000000e+01 0.000000000000000000e+00
4.322904944419860840e-01 3.630539476871490479e-01 -1.695755422115325928e-01 -1.601620912551879883e-01 -3.137473869323730469e+01 0.000000000000000000e+00 -1.298725418746471405e-02 0.000000000000000000e+00 5.000000000000000000e+01 0.000000000000000000e+00
4.322904944419860840e-01 3.630539476871490479e-01 -1.695755422115325928e-01 -1.601620912551879883e-01 -3.137473869323730469e+01 0.000000000000000000e+00 -1.298725418746471405e-02 0.000000000000000000e+00 5.000000000000000000e+01 0.000000000000000000e+00
4.322904944419860840e-01 3.630539476871490479e-01 -1.695755422115325928e-01 -1.601620912551879883e-01 -3.137473869323730469e+01 0.000000000000000000e+00 -1.298725418746471405e-02 0.000000000000000000e+00 5.000000000000000000e+01 0.000000000000000000e+00
4.322904944419860840e-01 3.630539476871490479e-01 -1.695755422115325928e-01 -1.601620912551879883e-01 -3.137473869323730469e+01 0.000000000000000000e+00 -1.298725418746471405e-02 0.000000000000000000e+00 5.000000000000000000e+01 0.000000000000000000e+00
4.322904944419860840e-01 3.630539476871490479e-01 -1.695755422115325928e-01 -1.601620912551879883e-01 -3.137473869323730469e+01 0.000000000000000000e+00 -1.298725418746471405e-02 0.000000000000000000e+00 5.000000000000000000e+01 0.000000000000000000e+00
4.322904944419860840e-01 3.630539476871490479e-01 -1.695755422115325928e-01 -1.601620912551879883e-01 -3.137473869323730469e+01 0.000000000000000000e+00 -1.298725418746471405e-02 0.000000000000000000e+00 5.000000000000000000e+01 0.000000000000000000e+00
4.322904944419860840e-01 3.630539476871490479e-01 -1.695755422115325928e-01 -1.601620912551879883e-01 -3.137473869323730469e+01 0.000000000000000000e+00 -1.298725418746471405e-02 0.000000000000000000e+00 5.000000000000000000e+01 0.000000000000000000e+00
4.322904944419860840e-01 3.630539476871490479e-01 -1.695755422115325928e-01 -1.601620912551879883e-01 -3.137473869323730469e+01 0.000000000000000000e+00 -1.298725418746471405e-02 0.000000000000000000e+00 5.000000000000000000e+01 0.000000000000000000e+00
4.322904944419860840e-01 3.630539476871490479e-01 -1.695755422115325928e-01 -1.601620912551879883e-01 -3.137473869323730469e+01 0.000000000000000000e+00 -1.298725418746471405e-02 0.000000000000000000e+00 5.000000000000000000e+01 0.000000000000000000e+00
4.322904944419860840e-01 3.630539476871490479e-01 -1.695755422115325928e-01 -1.601620912551879883e-01 -3.137473869323730469e+01 0.000000000000000000e+00 -1.298725418746471405e-02 0.000000000000000000e+00 5.000000000000000000e+01 0.000000000000000000e+00
4.322904944419860840e-01 3.630539476871490479e-01 -1.695755422115325928e-01 -1.601620912551879883e-01 -3.137473869323730469e+01 0.000000000000000000e+00 -1.298725418746471405e-02 0.000000000000000000e+00 5.000000000000000000e+01 0.000000000000000000e+00
4.322904944419860840e-01 3.630539476871490479e-01 -1.695755422115325928e-01 -1.601620912551879883e-01 -3.137473869323730469e+01 0.000000000000000000e+00 -1.298725418746471405e-02 0.000000000000000000e+00 5.000000000000000000e+01 0.000000000000000000e+00
4.322904944419860840e-01 3.630539476871490479e-01 -1.695755422115325928e-01 -1.601620912551879883e-01 -3.137473869323730469e+01 0.000000000000000000e+00 -1.298725418746471405e-02 0.000000000000000000e+00 5.000000000000000000e+01 0.000000000000000000e+00
4.322904944419860840e-01 3.630539476871490479e-01 -1.695755422115325928e-01 -1.601620912551879883e-01 -3.137473869323730469e+01 0.000000000000000000e+00 -1.298725418746471405e-02 0.000000000000000000e+00 5.000000000000000000e+01 0.000000000000000000e+00
4.322904944419860840e-01 3.630539476871490479e-01 -1.695755422115325928e-01 -1.601620912551879883e-01 -3.137473869323730469e+01 0.000000000000000000e+00 -1.298725418746471405e-02 0.000000000000000000e+00 5.000000000000000000e+01 0.000000000000000000e+00
4.322904944419860840e-01 3.630539476871490479e-01 -1.695755422115325928e-01 -1.601620912551879883e-01 -3.137473869323730469e+01 0.000000000000000000e+00 -1.298725418746471405e-02 0.000000000000000000e+00 5.000000000000000000e+01 0.000000000000000000e+00
4.322904944419860840e-01 3.630539476871490479e-01 -1.695755422115325928e-01 -1.601620912551879883e-01 -3.137473869323730469e+01 0.000000000000000000e+00 -1.298725418746471405e-02 0.000000000000000000e+00 5.000000000000000000e+01 0.000000000000000000e+00
4.322904944419860840e-01 3.630539476871490479e-01 -1.695755422115325928e-01 -1.601620912551879883e-01 -3.137473869323730469e+01 0.000000000000000000e+00 -1.298725418746471405e-02 0.000000000000000000e+00 5.000000000000000000e+01 0.000000000000000000e+00
4.322904944419860840e-01 3.630539476871490479e-01 -1.695755422115325928e-01 -1.601620912551879883e-01 -3.137473869323730469e+01 0.000000000000000000e+00 -1.298725418746471405e-02 0.000000000000000000e+00 5.000000000000000000e+01 0.000000000000000000e+00
4.322904944419860840e-01 3.630539476871490479e-01 -1.695755422115325928e-01 -1.601620912551879883e-01 -3.137473869323730469e+01 0.000000000000000000e+00 -1.298725418746471405e-02 0.000000000000000000e+00 5.000000000000000000e+01 0.000000000000000000e+00
4.322904944419860840e-01 3.630539476871490479e-01 -1.695755422115325928e-01 -1.601620912551879883e-01 -3.137473869323730469e+01 0.000000000000000000e+00 -1.298725418746471405e-02 0.000000000000000000e+00 5.000000000000000000e+01 0.000000000000000000e+00
4.322904944419860840e-01 3.630539476871490479e-01 -1.695755422115325928e-01 -1.601620912551879883e-01 -3.137473869323730469e+01 0.000000000000000000e+00 -1.298725418746471405e-02 0.000000000000000000e+00 5.000000000000000000e+01 0.000000000000000000e+00
4.322904944419860840e-01 3.630539476871490479e-01 -1.695755422115325928e-01 -1.601620912551879883e-01 -3.137473869323730469e+01 0.000000000000000000e+00 -1.298725418746471405e-02 0.000000000000000000e+00 5.000000000000000000e+01 0.000000000000000000e+00
4.322904944419860840e-01 3.630539476871490479e-01 -1.695755422115325928e-01 -1.601620912551879883e-01 -3.137473869323730469e+01 0.000000000000000000e+00 -1.298725418746471405e-02 0.000000000000000000e+00 5.000000000000000000e+01 0.000000000000000000e+00
4.322904944419860840e-01 3.630539476871490479e-01 -1.695755422115325928e-01 -1.601620912551879883e-01 -3.137473869323730469e+01 0.000000000000000000e+00 -1.298725418746471405e-02 0.000000000000000000e+00 5.000000000000000000e+01 0.000000000000000000e+00
4.322904944419860840e-01 3.630539476871490479e-01 -1.695755422115325928e-01 -1.601620912551879883e-01 -3.137473869323730469e+01 0.000000000000000000e+00 -1.298725418746471405e-02 0.000000000000000000e+00 5.000000000000000000e+01 0.000000000000000000e+00
4.322904944419860840e-01 3.630539476871490479e-01 -1.695755422115325928e-01 -1.601620912551879883e-01 -3.137473869323730469e+01 0.000000000000000000e+00 -1.298725418746471405e-02 0.000000000000000000e+00 5.000000000000000000e+01 0.000000000000000000e+00
4.322904944419860840e-01 3.630539476871490479e-01 -1.695755422115325928e-01 -1.601620912551879883e-01 -3.137473869323730469e+01 0.000000000000000000e+00 -1.298725418746471405e-02 0.000000000000000000e+00 5.000000000000000000e+01 0.000000000000000000e+00
4.322904944419860840e-01 3.630539476871490479e-01 -1.695755422115325928e-01 -1.601620912551879883e-01 -3.137473869323730469e+01 0.000000000000000000e+00 -1.298725418746471405e-02 0.000000000000000000e+00 5.000000000000000000e+01 0.000000000000000000e+00
4.322904944419860840e-01 3.630539476871490479e-01 -1.695755422115325928e-01 -1.601620912551879883e-01 -3.137473869323730469e+01 0.000000000000000000e+00 -1.298725418746471405e-02 0.000000000000000000e+00 5.000000000000000000e+01 0.000000000000000000e+00
4.322904944419860840e-01 3.630539476871490479e-01 -1.695755422115325928e-01 -1.601620912551879883e-01 -3.137473869323730469e+01 0.000000000000000000e+00 -1.298725418746471405e-02 0.000000000000000000e+00 5.000000000000000000e+01 0.000000000000000000e+00
4.322904944419860840e-01 3.630539476871490479e-01 -1.695755422115325928e-01 -1.601620912551879883e-01 -3.137473869323730469e+01 0.000000000000000000e+00 -1.298725418746471405e-02 0.000000000000000000e+00 5.000000000000000000e+01 0.000000000000000000e+00
4.322904944419860840e-01 3.630539476871490479e-01 -1.695755422115325928e-01 -1.601620912551879883e-01 -3.137473869323730469e+01 0.000000000000000000e+00 -1.298725418746471405e-02 0.000000000000000000e+00 5.000000000000000000e+01 0.000000000000000000e+00
4.322904944419860840e-01 3.630539476871490479e-01 -1.695755422115325928e-01 -1.601620912551879883e-01 -3.137473869323730469e+01 0.000000000000000000e+00 -1.298725418746471405e-02 0.000000000000000000e+00 5.000000000000000000e+01 0.000000000000000000e+00
