4.656948745250701904e-01 6.163957715034484863e-01 3.133025765419006348e-01 3.236043751239776611e-01 -9.120532226562500000e+01 -7.089968109130859375e+01 -3.775351494550704956e-02 -8.690238744020462036e-02 2.420000000000000000e+02 1.920000000000000000e+02
4.656948745250701904e-01 6.065403819084167480e-01 2.979176640510559082e-01 3.024415969848632812e-01 -6.002303314208984375e+01 -3.971739578247070312e+01 -2.484592422842979431e-02 -4.868197441101074219e-02 1.670000000000000000e+02 1.170000000000000000e+02
4.656948745250701904e-01 5.933231115341186523e-01 2.716967463493347168e-01 2.740597724914550781e-01 -5.859963226318359375e+01 -3.829399108886718750e+01 -2.425672113895416260e-02 -4.693729430437088013e-02 1.610000000000000000e+02 1.110000000000000000e+02
4.656948745250701904e-01 5.849768519401550293e-01 2.522862851619720459e-01 2.561376094818115234e-01 -5.761481475830078125e+01 -3.730917358398437500e+01 -2.384906634688377380e-02 -4.573019593954086304e-02 1.590000000000000000e+02 1.090000000000000000e+02
4.656948745250701904e-01 5.882256031036376953e-01 2.589205205440521240e-01 2.631137669086456299e-01 -5.732135391235351562e+01 -3.701571655273437500e+01 -2.372759208083152771e-02 -4.537050053477287292e-02 1.580000000000000000e+02 1.080000000000000000e+02
4.656948745250701904e-01 5.968794226646423340e-01 2.768424749374389648e-01 2.816963493824005127e-01 -5.650852584838867188e+01 -3.620288467407226562e+01 -2.339112944900989532e-02 -4.437420517206192017e-02 1.560000000000000000e+02 1.060000000000000000e+02
4.656948745250701904e-01 5.931448340415954590e-01 2.694301009178161621e-01 2.736769616603851318e-01 -5.590249633789062500e+01 -3.559685516357421875e+01 -2.314027026295661926e-02 -4.363138973712921143e-02 1.560000000000000000e+02 1.060000000000000000e+02
4.656948745250701904e-01 5.888184309005737305e-01 2.624202966690063477e-01 2.643867433071136475e-01 -5.435414123535156250e+01 -3.404850387573242188e+01 -2.249934338033199310e-02 -4.173356294631958008e-02 1.520000000000000000e+02 1.020000000000000000e+02
4.656948745250701904e-01 5.881718397140502930e-01 2.636905908584594727e-01 2.629983127117156982e-01 -5.365430450439453125e+01 -3.334866333007812500e+01 -2.220965363085269928e-02 -4.087576270103454590e-02 1.490000000000000000e+02 9.900000000000000000e+01
4.656948745250701904e-01 5.868729948997497559e-01 2.603208720684051514e-01 2.602092623710632324e-01 -5.328353500366210938e+01 -3.297789382934570312e+01 -2.205617725849151611e-02 -4.042130708694458008e-02 1.480000000000000000e+02 9.800000000000000000e+01
4.656948745250701904e-01 5.844434499740600586e-01 2.551743984222412109e-01 2.549922466278076172e-01 -5.315398406982421875e+01 -3.284833908081054688e+01 -2.200255170464515686e-02 -4.026250913739204407e-02 1.480000000000000000e+02 9.800000000000000000e+01
4.656948745250701904e-01 5.751954317092895508e-01 2.343983650207519531e-01 2.351336926221847534e-01 -5.059834289550781250e+01 -3.029270553588867188e+01 -2.094466984272003174e-02 -3.713004663586616516e-02 1.410000000000000000e+02 9.100000000000000000e+01
4.656948745250701904e-01 5.786842107772827148e-01 2.421286404132843018e-01 2.426252514123916626e-01 -4.796720123291015625e+01 -2.766156005859375000e+01 -1.985553465783596039e-02 -3.390502557158470154e-02 1.330000000000000000e+02 8.300000000000000000e+01
4.656948745250701904e-01 5.730153322219848633e-01 2.306765317916870117e-01 2.304522991180419922e-01 -4.556521987915039062e+01 -2.525958251953125000e+01 -1.886125840246677399e-02 -3.096090070903301239e-02 1.290000000000000000e+02 7.900000000000000000e+01
4.656948745250701904e-01 5.652498602867126465e-01 2.175208032131195068e-01 2.137772887945175171e-01 -4.392823028564453125e+01 -2.362259292602539062e+01 -1.818364486098289490e-02 -2.895442768931388855e-02 1.270000000000000000e+02 7.700000000000000000e+01
4.656948745250701904e-01 5.541914105415344238e-01 1.925098896026611328e-01 1.900311559438705444e-01 -4.308282470703125000e+01 -2.277718353271484375e+01 -1.783369667828083038e-02 -2.791820093989372253e-02 1.240000000000000000e+02 7.400000000000000000e+01
4.656948745250701904e-01 5.579092502593994141e-01 1.999857276678085327e-01 1.980145871639251709e-01 -4.243753814697265625e+01 -2.213190078735351562e+01 -1.756658777594566345e-02 -2.712727338075637817e-02 1.230000000000000000e+02 7.300000000000000000e+01
4.656948745250701904e-01 5.465421676635742188e-01 1.755679696798324585e-01 1.736057251691818237e-01 -4.026026535034179688e+01 -1.995462417602539062e+01 -1.666532643139362335e-02 -2.445856481790542603e-02 1.170000000000000000e+02 6.700000000000000000e+01
4.656948745250701904e-01 5.458564162254333496e-01 1.737904250621795654e-01 1.721331775188446045e-01 -4.001524353027343750e+01 -1.970960426330566406e+01 -1.656390354037284851e-02 -2.415824122726917267e-02 1.160000000000000000e+02 6.600000000000000000e+01
4.656948745250701904e-01 5.546168684959411621e-01 1.914940774440765381e-01 1.909447610378265381e-01 -3.866531372070312500e+01 -1.835967254638671875e+01 -1.600511372089385986e-02 -2.250361815094947815e-02 1.130000000000000000e+02 6.300000000000000000e+01
4.656948745250701904e-01 5.599559545516967773e-01 2.022123634815216064e-01 2.024095356464385986e-01 -3.623162841796875000e+01 -1.592598724365234375e+01 -1.499771419912576675e-02 -1.952062733471393585e-02 1.060000000000000000e+02 5.600000000000000000e+01
4.656948745250701904e-01 5.624246597290039062e-01 2.075307071208953857e-01 2.077106535434722900e-01 -3.431500244140625000e+01 -1.400936317443847656e+01 -1.420434657484292984e-02 -1.717140525579452515e-02 1.000000000000000000e+02 5.000000000000000000e+01
4.656948745250701904e-01 5.644921660423278809e-01 2.135744094848632812e-01 2.121502608060836792e-01 -3.230314254760742188e+01 -1.199750328063964844e+01 -1.337155699729919434e-02 -1.470544934272766113e-02 9.300000000000000000e+01 4.300000000000000000e+01
4.656948745250701904e-01 5.621344447135925293e-01 2.088989019393920898e-01 2.070874571800231934e-01 -2.978805541992187500e+01 -9.482416152954101562e+00 -1.233046222478151321e-02 -1.162268407642841339e-02 8.700000000000000000e+01 3.700000000000000000e+01
4.656948745250701904e-01 5.445584654808044434e-01 1.721807122230529785e-01 1.693460643291473389e-01 -2.943271446228027344e+01 -9.127073287963867188e+00 -1.218337286263704300e-02 -1.118713710457086563e-02 8.500000000000000000e+01 3.500000000000000000e+01
4.656948745250701904e-01 5.445584654808044434e-01 1.721807122230529785e-01 1.693460643291473389e-01 -2.943271446228027344e+01 -9.127073287963867188e+00 -1.218337286263704300e-02 -1.118713710457086563e-02 8.500000000000000000e+01 3.500000000000000000e+01
4.656948745250701904e-01 5.620018243789672852e-01 2.087723314762115479e-01 2.068026810884475708e-01 -2.841292572021484375e+01 -8.107284545898437500e+00 -1.176124159246683121e-02 -9.937172755599021912e-03 8.100000000000000000e+01 3.100000000000000000e+01
4.656948745250701904e-01 5.479244589805603027e-01 1.810911893844604492e-01 1.765739470720291138e-01 -2.841408538818359375e+01 -8.108444213867187500e+00 -1.176172122359275818e-02 -9.938593953847885132e-03 8.200000000000000000e+01 3.200000000000000000e+01
4.656948745250701904e-01 5.421565175056457520e-01 1.697098463773727417e-01 1.641882807016372681e-01 -2.720510101318359375e+01 -6.899460792541503906e+00 -1.126127503812313080e-02 -8.456732146441936493e-03 7.700000000000000000e+01 2.700000000000000000e+01
4.656948745250701904e-01 4.823168814182281494e-01 3.702270984649658203e-02 3.569291532039642334e-02 -2.307888412475585938e+01 -2.773244380950927734e+00 -9.553269483149051666e-03 -3.399190958589315414e-03 6.200000000000000000e+01 1.200000000000000000e+01
4.656948745250701904e-01 4.852763116359710693e-01 4.075831919908523560e-02 4.204778373241424561e-02 -2.105523490905761719e+01 -7.495951652526855469e-01 -8.715600706636905670e-03 -9.187856339849531651e-04 5.500000000000000000e+01 5.000000000000000000e+00
4.656948745250701904e-01 4.652637243270874023e-01 -4.120216239243745804e-03 -9.258211939595639706e-04 -2.055801200866699219e+01 -2.523719668388366699e-01 -8.509780280292034149e-03 -3.093346313107758760e-04 5.300000000000000000e+01 3.000000000000000000e+00
4.656948745250701904e-01 4.419989287853240967e-01 -5.341765284538269043e-02 -5.088298767805099487e-02 -2.034180450439453125e+01 -3.616297245025634766e-02 -8.420282974839210510e-03 -4.432528658071532845e-05 5.100000000000000000e+01 1.000000000000000000e+00
4.656948745250701904e-01 4.390039741992950439e-01 -5.975972115993499756e-02 -5.731413885951042175e-02 -2.030564117431640625e+01 0.000000000000000000e+00 -8.405313827097415924e-03 0.000000000000000000e+00 5.000000000000000000e+01 0.000000000000000000e+00
4.656948745250701904e-01 4.390039741992950439e-01 -5.975972115993499756e-02 -5.731413885951042175e-02 -2.030564117431640625e+01 0.000000000000000000e+00 -8.405313827097415924e-03 0.000000000000000000e+00 5.000000000000000000e+01 0.000000000000000000e+00
4.656948745250701904e-01 4.390039741992950439e-01 -5.975972115993499756e-02 -5.731413885951042175e-02 -2.030564117431640625e+01 0.000000000000000000e+00 -8.405313827097415924e-03 0.000000000000000000e+00 5.000000000000000000e+01 0.000000000000000000e+00
4.656948745250701904e-01 4.390039741992950439e-01 -5.975972115993499756e-02 -5.731413885951042175e-02 -2.030564117431640625e+01 0.000000000000000000e+00 -8.405313827097415924e-03 0.000000000000000000e+00 5.000000000000000000e+01 0.000000000000000000e+00
4.656948745250701904e-01 4.390039741992950439e-01 -5.975972115993499756e-02 -5.731413885951042175e-02 -2.030564117431640625e+01 0.000000000000000000e+00 -8.405313827097415924e-03 0.000000000000000000e+00 5.000000000000000000e+01 0.000000000000000000e+00
4.656948745250701904e-01 4.390039741992950439e-01 -5.975972115993499756e-02 -5.731413885951042175e-02 -2.030564117431640625e+01 0.000000000000000000e+00 -8.405313827097415924e-03 0.000000000000000000e+00 5.000000000000000000e+01 0.000000000000000000e+00
4.656948745250701904e-01 4.390039741992950439e-01 -5.975972115993499756e-02 -5.731413885951042175e-02 -2.030564117431640625e+01 0.000000000000000000e+00 -8.405313827097415924e-03 0.000000000000000000e+00 5.000000000000000000e+01 0.000000000000000000e+00
4.656948745250701904e-01 4.390039741992950439e-01 -5.975972115993499756e-02 -5.731413885951042175e-02 -2.030564117431640625e+01 0.000000000000000000e+00 -8.405313827097415924e-03 0.000000000000000000e+00 5.000000000000000000e+01 0.000000000000000000e+00
4.656948745250701904e-01 4.390039741992950439e-01 -5.975972115993499756e-02 -5.731413885951042175e-02 -2.030564117431640625e+01 0.000000000000000000e+00 -8.405313827097415924e-03 0.000000000000000000e+00 5.000000000000000000e+01 0.000000000000000000e+00
4.656948745250701904e-01 4.390039741992950439e-01 -5.975972115993499756e-02 -5.731413885951042175e-02 -2.030564117431640625e+01 0.000000000000000000e+00 -8.405313827097415924e-03 0.000000000000000000e+00 5.000000000000000000e+01 0.000000000000000000e+00
4.656948745250701904e-01 4.390039741992950439e-01 -5.975972115993499756e-02 -5.731413885951042175e-02 -2.030564117431640625e+01 0.000000000000000000e+00 -8.405313827097415924e-03 0.000000000000000000e+00 5.000000000000000000e+01 0.000000000000000000e+00
4.656948745250701904e-01 4.390039741992950439e-01 -5.975972115993499756e-02 -5.731413885951042175e-02 -2.030564117431640625e+01 0.000000000000000000e+00 -8.405313827097415924e-03 0.000000000000000000e+00 5.000000000000000000e+01 0.000000000000000000e+00
4.656948745250701904e-01 4.390039741992950439e-01 -5.975972115993499756e-02 -5.731413885951042175e-02 -2.030564117431640625e+01 0.000000000000000000e+00 -8.405313827097415924e-03 0.000000000000000000e+00 5.000000000000000000e+01 0.000000000000000000e+00
4.656948745250701904e-01 4.390039741992950439e-01 -5.975972115993499756e-02 -5.731413885951042175e-02 -2.030564117431640625e+01 0.000000000000000000e+00 -8.405313827097415924e-03 0.000000000000000000e+00 5.000000000000000000e+01 0.000000000000000000e+00
4.656948745250701904e-01 4.390039741992950439e-01 -5.975972115993499756e-02 -5.731413885951042175e-02 -2.030564117431640625e+01 0.000000000000000000e+00 -8.405313827097415924e-03 0.000000000000000000e+00 5.000000000000000000e+01 0.000000000000000000e+00
4.656948745250701904e-01 4.390039741992950439e-01 -5.975972115993499756e-02 -5.731413885951042175e-02 -2.030564117431640625e+01 0.000000000000000000e+00 -8.405313827097415924e-03 0.000000000000000000e+00 5.000000000000000000e+01 0.000000000000000000e+00
4.656948745250701904e-01 4.390039741992950439e-01 -5.975972115993499756e-02 -5.731413885951042175e-02 -2.030564117431640625e+01 0.000000000000000000e+00 -8.405313827097415924e-03 0.000000000000000000e+00 5.000000000000000000e+01 0.000000000000000000e+00
4.656948745250701904e-01 4.390039741992950439e-01 -5.975972115993499756e-02 -5.731413885951042175e-02 -2.030564117431640625e+01 0.000000000000000000e+00 -8.405313827097415924e-03 0.000000000000000000e+00 5.000000000000000000e+01 0.000000000000000000e+00
4.656948745250701904e-01 4.390039741992950439e-01 -5.975972115993499756e-02 -5.731413885951042175e-02 -2.030564117431640625e+01 0.000000000000000000e+00 -8.405313827097415924e-03 0.000000000000000000e+00 5.000000000000000000e+01 0.000000000000000000e+00
4.656948745250701904e-01 4.390039741992950439e-01 -5.975972115993499756e-02 -5.731413885951042175e-02 -2.030564117431640625e+01 0.000000000000000000e+00 -8.405313827097415924e-03 0.000000000000000000e+00 5.000000000000000000e+01 0.000000000000000000e+00
4.656948745250701904e-01 4.390039741992950439e-01 -5.975972115993499756e-02 -5.731413885951042175e-02 -2.030564117431640625e+01 0.000000000000000000e+00 -8.405313827097415924e-03 0.000000000000000000e+00 5.000000000000000000e+01 0.000000000000000000e+00
4.656948745250701904e-01 4.390039741992950439e-01 -5.975972115993499756e-02 -5.731413885951042175e-02 -2.030564117431640625e+01 0.000000000000000000e+00 -8.405313827097415924e-03 0.000000000000000000e+00 5.000000000000000000e+01 0.000000000000000000e+00
4.656948745250701904e-01 4.390039741992950439e-01 -5.975972115993499756e-02 -5.731413885951042175e-02 -2.030564117431640625e+01 0.000000000000000000e+00 -8.405313827097415924e-03 0.000000000000000000e+00 5.000000000000000000e+01 0.000000000000000000e+00
4.656948745250701904e-01 4.390039741992950439e-01 -5.975972115993499756e-02 -5.731413885951042175e-02 -2.030564117431640625e+01 0.000000000000000000e+00 -8.405313827097415924e-03 0.000000000000000000e+00 5.000000000000000000e+01 0.000000000000000000e+00
4.656948745250701904e-01 4.390039741992950439e-01 -5.975972115993499756e-02 -5.731413885951042175e-02 -2.030564117431640625e+01 0.000000000000000000e+00 -8.405313827097415924e-03 0.000000000000000000e+00 5.000000000000000000e+01 0.000000000000000000e+00
4.656948745250701904e-01 4.390039741992950439e-01 -5.975972115993499756e-02 -5.731413885951042175e-02 -2.030564117431640625e+01 0.000000000000000000e+00 -8.405313827097415924e-03 0.000000000000000000e+00 5.000000000000000000e+01 0.000000000000000000e+00
4.656948745250701904e-01 4.390039741992950439e-01 -5.975972115993499756e-02 -5.731413885951042175e-02 -2.030564117431640625e+01 0.000000000000000000e+00 -8.405313827097415924e-03 0.000000000000000000e+00 5.000000000000000000e+01 0.000000000000000000e+00
4.656948745250701904e-01 4.390039741992950439e-01 -5.975972115993499756e-02 -5.731413885951042175e-02 -2.030564117431640625e+01 0.000000000000000000e+00 -8.405313827097415924e-03 0.000000000000000000e+00 5.000000000000000000e+01 0.000000000000000000e+00
4.656948745250701904e-01 4.390039741992950439e-01 -5.975972115993499756e-02 -5.731413885951042175e-02 -2.030564117431640625e+01 0.000000000000000000e+00 -8.405313827097415924e-03 0.000000000000000000e+00 5.000000000000000000e+01 0.000000000000000000e+00
4.656948745250701904e-01 4.390039741992950439e-01 -5.975972115993499756e-02 -5.731413885951042175e-02 -2.030564117431640625e+01 0.000000000000000000e+00 -8.405313827097415924e-03 0.000000000000000000e+00 5.000000000000000000e+01 0.000000000000000000e+00
4.656948745250701904e-01 4.390039741992950439e-01 -5.975972115993499756e-02 -5.731413885951042175e-02 -2.030564117431640625e+01 0.000000000000000000e+00 -8.405313827097415924e-03 0.000000000000000000e+00 5.000000000000000000e+01 0.000000000000000000e+00
4.656948745250701904e-01 4.390039741992950439e-01 -5.975972115993499756e-02 -5.731413885951042175e-02 -2.030564117431640625e+01 0.000000000000000000e+00 -8.405313827097415924e-03 0.000000000000000000e+00 5.000000000000000000e+01 0.000000000000000000e+00
4.656948745250701904e-01 4.390039741992950439e-01 -5.975972115993499756e-02 -5.731413885951042175e-02 -2.030564117431640625e+01 0.000000000000000000e+00 -8.405313827097415924e-03 0.000000000000000000e+00 5.000000000000000000e+01 0.000000000000000000e+00
4.656948745250701904e-01 4.390039741992950439e-01 -5.975972115993499756e-02 -5.731413885951042175e-02 -2.030564117431640625e+01 0.000000000000000000e+00 -8.405313827097415924e-03 0.000000000000000000e+00 5.000000000000000000e+01 0.000000000000000000e+00
4.656948745250701904e-01 4.390039741992950439e-01 -5.975972115993499756e-02 -5.731413885951042175e-02 -2.030564117431640625e+01 0.000000000000000000e+00 -8.405313827097415924e-03 0.000000000000000000e+00 5.000000000000000000e+01 0.000000000000000000e+00
4.656948745250701904e-01 4.390039741992950439e-01 -5.975972115993499756e-02 -5.731413885951042175e-02 -2.030564117431640625e+01 0.000000000000000000e+00 -8.405313827097415924e-03 0.000000000000000000e+00 5.000000000000000000e+01 0.000000000000000000e+00
4.656948745250701904e-01 4.390039741992950439e-01 -5.975972115993499756e-02 -5.731413885951042175e-02 -2.030564117431640625e+01 0.000000000000000000e+00 -8.405313827097415924e-03 0.000000000000000000e+00 5.000000000000000000e+01 0.000000000000000000e+00
4.656948745250701904e-01 4.390039741992950439e-01 -5.975972115993499756e-02 -5.731413885951042175e-02 -2.030564117431640625e+01 0.000000000000000000e+00 -8.405313827097415924e-03 0.000000000000000000e+00 5.000000000000000000e+01 0.000000000000000000e+00
4.656948745250701904e-01 4.390039741992950439e-01 -5.975972115993499756e-02 -5.731413885951042175e-02 -2.030564117431640625e+01 0.000000000000000000e+00 -8.405313827097415924e-03 0.000000000000000000e+00 5.000000000000000000e+01 0.000000000000000000e+00
4.656948745250701904e-01 4.390039741992950439e-01 -5.975972115993499756e-02 -5.731413885951042175e-02 -2.030564117431640625e+01 0.000000000000000000e+00 -8.405313827097415924e-03 0.000000000000000000e+00 5.000000000000000000e+01 0.000000000000000000e+00
4.656948745250701904e-01 4.390039741992950439e-01 -5.975972115993499756e-02 -5.731413885951042175e-02 -2.030564117431640625e+01 0.000000000000000000e+00 -8.405313827097415924e-03 0.000000000000000000e+00 5.000000000000000000e+01 0.000000000000000000e+00
4.656948745250701904e-01 4.390039741992950439e-01 -5.975972115993499756e-02 -5.731413885951042175e-02 -2.030564117431640625e+01 0.000000000000000000e+00 -8.405313827097415924e-03 0.000000000000000000e+00 5.000000000000000000e+01 0.000000000000000000e+00
4.656948745250701904e-01 4.390039741992950439e-01 -5.975972115993499756e-02 -5.731413885951042175e-02 -2.030564117431640625e+01 0.000000000000000000e+00 -8.405313827097415924e-03 0.000000000000000000e+00 5.000000000000000000e+01 0.000000000000000000e+00
4.656948745250701904e-01 4.390039741992950439e-01 -5.975972115993499756e-02 -5.731413885951042175e-02 -2.030564117431640625e+01 0.000000000000000000e+00 -8.405313827097415924e-03 0.000000000000000000e+00 5.000000000000000000e+01 0.000000000000000000e+00
4.656948745250701904e-01 4.390039741992950439e-01 -5.975972115993499756e-02 -5.731413885951042175e-02 -2.030564117431640625e+01 0.000000000000000000e+00 -8.405313827097415924e-03 0.000000000000000000e+00 5.000000000000000000e+01 0.000000000000000000e+00
4.656948745250701904e-01 4.390039741992950439e-01 -5.975972115993499756e-02 -5.731413885951042175e-02 -2.030564117431640625e+01 0.000000000000000000e+00 -8.405313827097415924e-03 0.000000000000000000e+00 5.000000000000000000e+01 0.000000000000000000e+00
4.656948745250701904e-01 4.390039741992950439e-01 -5.975972115993499756e-02 -5.731413885951042175e-02 -2.030564117431640625e+01 0.000000000000000000e+00 -8.405313827097415924e-03 0.000000000000000000e+00 5.000000000000000000e+01 0.000000000000000000e+00
4.656948745250701904e-01 4.390039741992950439e-01 -5.975972115993499756e-02 -5.731413885951042175e-02 -2.030564117431640625e+01 0.000000000000000000e+00 -8.405313827097415924e-03 0.000000000000000000e+00 5.000000000000000000e+01 0.000000000000000000e+00
4.656948745250701904e-01 4.390039741992950439e-01 -5.975972115993499756e-02 -5.731413885951042175e-02 -2.030564117431640625e+01 0.000000000000000000e+00 -8.405313827097415924e-03 0.000000000000000000e+00 5.000000000000000000e+01 0.000000000000000000e+00
4.656948745250701904e-01 4.390039741992950439e-01 -5.975972115993499756e-02 -5.731413885951042175e-02 -2.030564117431640625e+01 0.000000000000000000e+00 -8.405313827097415924e-03 0.000000000000000000e+00 5.000000000000000000e+01 0.000000000000000000e+00
4.656948745250701904e-01 4.390039741992950439e-01 -5.975972115993499756e-02 -5.731413885951042175e-02 -2.030564117431640625e+01 0.000000000000000000e+00 -8.405313827097415924e-03 0.000000000000000000e+00 5.000000000000000000e+01 0.000000000000000000e+00
4.656948745250701904e-01 4.390039741992950439e-01 -5.975972115993499756e-02 -5.731413885951042175e-02 -2.030564117431640625e+01 0.000000000000000000e+00 -8.405313827097415924e-03 0.000000000000000000e+00 5.000000000000000000e+01 0.000000000000000000e+00
4.656948745250701904e-01 4.390039741992950439e-01 -5.975972115993499756e-02 -5.731413885951042175e-02 -2.030564117431640625e+01 0.000000000000000000e+00 -8.405313827097415924e-03 0.000000000000000000e+00 5.000000000000000000e+01 0.000000000000000000e+00
4.656948745250701904e-01 4.390039741992950439e-01 -5.975972115993499756e-02 -5.731413885951042175e-02 -2.030564117431640625e+01 0.000000000000000000e+00 -8.405313827097415924e-03 0.000000000000000000e+00 5.000000000000000000e+01 0.000000000000000000e+00
4.656948745250701904e-01 4.390039741992950439e-01 -5.975972115993499756e-02 -5.731413885951042175e-02 -2.030564117431640625e+01 0.000000000000000000e+00 -8.405313827097415924e-03 0.000000000000000000e+00 5.000000000000000000e+01 0.000000000000000000e+00
4.656948745250701904e-01 4.390039741992950439e-01 -5.975972115993499756e-02 -5.731413885951042175e-02 -2.030564117431640625e+01 0.000000000000000000e+00 -8.405313827097415924e-03 0.000000000000000000e+00 5.000000000000000000e+01 0.000000000000000000e+00
4.656948745250701904e-01 4.390039741992950439e-01 -5.975972115993499756e-02 -5.731413885951042175e-02 -2.030564117431640625e+01 0.000000000000000000e+00 -8.405313827097415924e-03 0.000000000000000000e+00 5.000000000000000000e+01 0.000000000000000000e+00
4.656948745250701904e-01 4.390039741992950439e-01 -5.975972115993499756e-02 -5.731413885951042175e-02 -2.030564117431640625e+01 0.000000000000000000e+00 -8.405313827097415924e-03 0.000000000000000000e+00 5.000000000000000000e+01 0.000000000000000000e+00
