4.497065544128417969e-01 3.552266359329223633e-01 -2.191914170980453491e-01 -2.100923806428909302e-01 -5.927248382568359375e+01 -3.448993682861328125e+01 -2.453524246811866760e-02 -3.583852946758270264e-02 1.710000000000000000e+02 1.210000000000000000e+02
4.497065544128417969e-01 3.360771536827087402e-01 -2.606168389320373535e-01 -2.526745498180389404e-01 -4.626658248901367188e+01 -2.148403167724609375e+01 -1.915158145129680634e-02 -2.232407778501510620e-02 1.310000000000000000e+02 8.100000000000000000e+01
4.497065544128417969e-01 3.443813621997833252e-01 -2.439629435539245605e-01 -2.342087179422378540e-01 -4.583858489990234375e+01 -2.105603218078613281e+01 -1.897441595792770386e-02 -2.187934331595897675e-02 1.300000000000000000e+02 8.000000000000000000e+01
4.497065544128417969e-01 3.461360335350036621e-01 -2.405358701944351196e-01 -2.303068935871124268e-01 -4.500172424316406250e+01 -2.021917343139648438e+01 -1.862800680100917816e-02 -2.100976370275020599e-02 1.280000000000000000e+02 7.800000000000000000e+01
4.497065544128417969e-01 3.473218977451324463e-01 -2.380469888448715210e-01 -2.276699244976043701e-01 -4.470935058593750000e+01 -1.992679786682128906e+01 -1.850698143243789673e-02 -2.070595510303974152e-02 1.260000000000000000e+02 7.600000000000000000e+01
4.497065544128417969e-01 3.477136790752410889e-01 -2.371438890695571899e-01 -2.267987281084060669e-01 -4.450150680541992188e+01 -1.971895790100097656e+01 -1.842094585299491882e-02 -2.048998884856700897e-02 1.250000000000000000e+02 7.500000000000000000e+01
4.497065544128417969e-01 3.477136790752410889e-01 -2.371438890695571899e-01 -2.267987281084060669e-01 -4.450150680541992188e+01 -1.971895790100097656e+01 -1.842094585299491882e-02 -2.048998884856700897e-02 1.250000000000000000e+02 7.500000000000000000e+01
4.497065544128417969e-01 3.493858873844146729e-01 -2.333813160657882690e-01 -2.230802923440933228e-01 -4.388458251953125000e+01 -1.910203361511230469e+01 -1.816557720303535461e-02 -1.984894275665283203e-02 1.220000000000000000e+02 7.200000000000000000e+01
4.497065544128417969e-01 3.532065153121948242e-01 -2.241349816322326660e-01 -2.145844548940658569e-01 -4.347972106933593750e+01 -1.869717025756835938e+01 -1.799798756837844849e-02 -1.942824758589267731e-02 1.220000000000000000e+02 7.200000000000000000e+01
4.497065544128417969e-01 3.532760441303253174e-01 -2.239711731672286987e-01 -2.144298553466796875e-01 -4.321292877197265625e+01 -1.843037796020507812e+01 -1.788755320012569427e-02 -1.915102452039718628e-02 1.210000000000000000e+02 7.100000000000000000e+01
4.497065544128417969e-01 3.532760441303253174e-01 -2.239711731672286987e-01 -2.144298553466796875e-01 -4.321292877197265625e+01 -1.843037796020507812e+01 -1.788755320012569427e-02 -1.915102452039718628e-02 1.210000000000000000e+02 7.100000000000000000e+01
4.497065544128417969e-01 3.743139803409576416e-01 -1.785647720098495483e-01 -1.676483750343322754e-01 -3.574379730224609375e+01 -1.096125030517578125e+01 -1.479578111320734024e-02 -1.138984598219394684e-02 9.600000000000000000e+01 4.600000000000000000e+01
4.497065544128417969e-01 3.801188468933105469e-01 -1.659185737371444702e-01 -1.547402590513229370e-01 -3.524917602539062500e+01 -1.046662998199462891e+01 -1.459103822708129883e-02 -1.087588537484407425e-02 9.400000000000000000e+01 4.400000000000000000e+01
4.497065544128417969e-01 3.838342130184173584e-01 -1.562178134918212891e-01 -1.464785039424896240e-01 -3.502115631103515625e+01 -1.023860836029052734e+01 -1.449665147811174393e-02 -1.063894852995872498e-02 9.300000000000000000e+01 4.300000000000000000e+01
4.497065544128417969e-01 3.854723274707794189e-01 -1.524035930633544922e-01 -1.428358703851699829e-01 -3.485420227050781250e+01 -1.007165622711181641e+01 -1.442754268646240234e-02 -1.046546828001737595e-02 9.200000000000000000e+01 4.200000000000000000e+01
4.497065544128417969e-01 3.854723274707794189e-01 -1.524035930633544922e-01 -1.428358703851699829e-01 -3.485420227050781250e+01 -1.007165622711181641e+01 -1.442754268646240234e-02 -1.046546828001737595e-02 9.200000000000000000e+01 4.200000000000000000e+01
4.497065544128417969e-01 3.876616656780242920e-01 -1.473226547241210938e-01 -1.379674971103668213e-01 -3.437641525268554688e+01 -9.593867301940917969e+00 -1.422976702451705933e-02 -9.968996979296207428e-03 9.000000000000000000e+01 4.000000000000000000e+01
4.497065544128417969e-01 3.876616656780242920e-01 -1.473226398229598999e-01 -1.379674971103668213e-01 -3.437641525268554688e+01 -9.593867301940917969e+00 -1.422976702451705933e-02 -9.968996979296207428e-03 9.000000000000000000e+01 4.000000000000000000e+01
4.497065544128417969e-01 3.867600858211517334e-01 -1.495311707258224487e-01 -1.399723142385482788e-01 -3.407189178466796875e+01 -9.289344787597656250e+00 -1.410371344536542892e-02 -9.652567096054553986e-03 8.900000000000000000e+01 3.900000000000000000e+01
4.497065544128417969e-01 3.867600858211517334e-01 -1.495311707258224487e-01 -1.399723142385482788e-01 -3.407189178466796875e+01 -9.289344787597656250e+00 -1.410371344536542892e-02 -9.652567096054553986e-03 8.900000000000000000e+01 3.900000000000000000e+01
4.497065544128417969e-01 3.965235948562622070e-01 -1.267108917236328125e-01 -1.182614713907241821e-01 -3.115108299255371094e+01 -6.368535518646240234e+00 -1.289467420428991318e-02 -6.617551669478416443e-03 7.700000000000000000e+01 2.700000000000000000e+01
4.497065544128417969e-01 3.795125186443328857e-01 -1.620264947414398193e-01 -1.560885310173034668e-01 -3.050519561767578125e+01 -5.722646713256835938e+00 -1.262731570750474930e-02 -5.946408025920391083e-03 7.500000000000000000e+01 2.500000000000000000e+01
4.497065544128417969e-01 3.878267705440521240e-01 -1.432347297668457031e-01 -1.376003623008728027e-01 -2.940255737304687500e+01 -4.620010375976562500e+00 -1.217088941484689713e-02 -4.800657276064157486e-03 7.100000000000000000e+01 2.100000000000000000e+01
4.497065544128417969e-01 3.899329304695129395e-01 -1.410652697086334229e-01 -1.329169571399688721e-01 -2.884626579284667969e+01 -4.063718795776367188e+00 -1.194061804562807083e-02 -4.222614225000143051e-03 7.000000000000000000e+01 2.000000000000000000e+01
4.497065544128417969e-01 3.933663964271545410e-01 -1.335515230894088745e-01 -1.252820491790771484e-01 -2.848794746398925781e+01 -3.705400705337524414e+00 -1.179229561239480972e-02 -3.850285662338137627e-03 6.800000000000000000e+01 1.800000000000000000e+01
4.497065544128417969e-01 3.985654413700103760e-01 -1.203338280320167542e-01 -1.137210726737976074e-01 -2.800877952575683594e+01 -3.226231575012207031e+00 -1.159394904971122742e-02 -3.352380357682704926e-03 6.600000000000000000e+01 1.600000000000000000e+01
4.497065544128417969e-01 3.881291151046752930e-01 -1.410261690616607666e-01 -1.369280517101287842e-01 -2.779450416564941406e+01 -3.011955499649047852e+00 -1.150525268167257309e-02 -3.129726042971014977e-03 6.600000000000000000e+01 1.600000000000000000e+01
4.497065544128417969e-01 3.960682153701782227e-01 -1.239407956600189209e-01 -1.192740872502326965e-01 -2.701114273071289062e+01 -2.228592395782470703e+00 -1.118098758161067963e-02 -2.315732650458812714e-03 6.200000000000000000e+01 1.200000000000000000e+01
4.497065544128417969e-01 3.960682153701782227e-01 -1.239407956600189209e-01 -1.192740872502326965e-01 -2.701114273071289062e+01 -2.228592395782470703e+00 -1.118098758161067963e-02 -2.315732650458812714e-03 6.200000000000000000e+01 1.200000000000000000e+01
4.497065544128417969e-01 4.042658507823944092e-01 -1.047299802303314209e-01 -1.010452359914779663e-01 -2.653472328186035156e+01 -1.752175092697143555e+00 -1.098377909511327744e-02 -1.820686855353415012e-03 6.000000000000000000e+01 1.000000000000000000e+01
4.497065544128417969e-01 4.359547197818756104e-01 -2.928836084902286530e-02 -3.057957440614700317e-02 -2.557668495178222656e+01 -7.941364049911499023e-01 -1.058720890432596207e-02 -8.251879480667412281e-04 5.600000000000000000e+01 6.000000000000000000e+00
4.497065544128417969e-01 4.347444474697113037e-01 -3.213787823915481567e-02 -3.327082097530364990e-02 -2.546790122985839844e+01 -6.853524446487426758e-01 -1.054217852652072906e-02 -7.121504168026149273e-04 5.500000000000000000e+01 5.000000000000000000e+00
4.497065544128417969e-01 4.287238121032714844e-01 -4.298632591962814331e-02 -4.665874317288398743e-02 -2.503436088562011719e+01 -2.518117427825927734e-01 -1.036271918565034866e-02 -2.616578422021120787e-04 5.300000000000000000e+01 3.000000000000000000e+00
4.497065544128417969e-01 4.287238121032714844e-01 -4.298632591962814331e-02 -4.665874317288398743e-02 -2.503436088562011719e+01 -2.518117427825927734e-01 -1.036271918565034866e-02 -2.616578422021120787e-04 5.300000000000000000e+01 3.000000000000000000e+00
4.497065544128417969e-01 4.323635697364807129e-01 -3.564734384417533875e-02 -3.856511414051055908e-02 -2.491551589965820312e+01 -1.329678297042846680e-01 -1.031352393329143524e-02 -1.381670008413493633e-04 5.200000000000000000e+01 2.000000000000000000e+00
4.497065544128417969e-01 4.323635697364807129e-01 -3.564734384417533875e-02 -3.856511414051055908e-02 -2.491551589965820312e+01 -1.329678297042846680e-01 -1.031352393329143524e-02 -1.381670008413493633e-04 5.200000000000000000e+01 2.000000000000000000e+00
4.497065544128417969e-01 4.332861900329589844e-01 -3.362771496176719666e-02 -3.651350736618041992e-02 -2.483876037597656250e+01 -5.621308088302612305e-02 -1.028175186365842819e-02 -5.841106758452951908e-05 5.100000000000000000e+01 1.000000000000000000e+00
4.497065544128417969e-01 4.332861900329589844e-01 -3.362771496176719666e-02 -3.651350736618041992e-02 -2.483876037597656250e+01 -5.621308088302612305e-02 -1.028175186365842819e-02 -5.841106758452951908e-05 5.100000000000000000e+01 1.000000000000000000e+00
4.497065544128417969e-01 4.377228021621704102e-01 -2.393494360148906708e-02 -2.664793841540813446e-02 -2.478254699707031250e+01 0.000000000000000000e+00 -1.025848370045423508e-02 0.000000000000000000e+00 5.000000000000000000e+01 0.000000000000000000e+00
4.497065544128417969e-01 4.377228021621704102e-01 -2.393494360148906708e-02 -2.664793841540813446e-02 -2.478254699707031250e+01 0.000000000000000000e+00 -1.025848370045423508e-02 0.000000000000000000e+00 5.000000000000000000e+01 0.000000000000000000e+00
4.497065544128417969e-01 4.377228021621704102e-01 -2.393494360148906708e-02 -2.664793841540813446e-02 -2.478254699707031250e+01 0.000000000000000000e+00 -1.025848370045423508e-02 0.000000000000000000e+00 5.000000000000000000e+01 0.000000000000000000e+00
4.497065544128417969e-01 4.377228021621704102e-01 -2.393494360148906708e-02 -2.664793841540813446e-02 -2.478254699707031250e+01 0.000000000000000000e+00 -1.025848370045423508e-02 0.000000000000000000e+00 5.000000000000000000e+01 0.000000000000000000e+00
4.497065544128417969e-01 4.377228021621704102e-01 -2.393494360148906708e-02 -2.664793841540813446e-02 -2.478254699707031250e+01 0.000000000000000000e+00 -1.025848370045423508e-02 0.000000000000000000e+00 5.000000000000000000e+01 0.000000000000000000e+00
4.497065544128417969e-01 4.377228021621704102e-01 -2.393494360148906708e-02 -2.664793841540813446e-02 -2.478254699707031250e+01 0.000000000000000000e+00 -1.025848370045423508e-02 0.000000000000000000e+00 5.000000000000000000e+01 0.000000000000000000e+00
4.497065544128417969e-01 4.377228021621704102e-01 -2.393494360148906708e-02 -2.664793841540813446e-02 -2.478254699707031250e+01 0.000000000000000000e+00 -1.025848370045423508e-02 0.000000000000000000e+00 5.000000000000000000e+01 0.000000000000000000e+00
4.497065544128417969e-01 4.377228021621704102e-01 -2.393494360148906708e-02 -2.664793841540813446e-02 -2.478254699707031250e+01 0.000000000000000000e+00 -1.025848370045423508e-02 0.000000000000000000e+00 5.000000000000000000e+01 0.000000000000000000e+00
4.497065544128417969e-01 4.377228021621704102e-01 -2.393494360148906708e-02 -2.664793841540813446e-02 -2.478254699707031250e+01 0.000000000000000000e+00 -1.025848370045423508e-02 0.000000000000000000e+00 5.000000000000000000e+01 0.000000000000000000e+00
4.497065544128417969e-01 4.377228021621704102e-01 -2.393494360148906708e-02 -2.664793841540813446e-02 -2.478254699707031250e+01 0.000000000000000000e+00 -1.025848370045423508e-02 0.000000000000000000e+00 5.000000000000000000e+01 0.000000000000000000e+00
4.497065544128417969e-01 4.377228021621704102e-01 -2.393494360148906708e-02 -2.664793841540813446e-02 -2.478254699707031250e+01 0.000000000000000000e+00 -1.025848370045423508e-02 0.000000000000000000e+00 5.000000000000000000e+01 0.000000000000000000e+00
4.497065544128417969e-01 4.377228021621704102e-01 -2.393494360148906708e-02 -2.664793841540813446e-02 -2.478254699707031250e+01 0.000000000000000000e+00 -1.025848370045423508e-02 0.000000000000000000e+00 5.000000000000000000e+01 0.000000000000000000e+00
4.497065544128417969e-01 4.377228021621704102e-01 -2.393494360148906708e-02 -2.664793841540813446e-02 -2.478254699707031250e+01 0.000000000000000000e+00 -1.025848370045423508e-02 0.000000000000000000e+00 5.000000000000000000e+01 0.000000000000000000e+00
4.497065544128417969e-01 4.377228021621704102e-01 -2.393494360148906708e-02 -2.664793841540813446e-02 -2.478254699707031250e+01 0.000000000000000000e+00 -1.025848370045423508e-02 0.000000000000000000e+00 5.000000000000000000e+01 0.000000000000000000e+00
4.497065544128417969e-01 4.377228021621704102e-01 -2.393494360148906708e-02 -2.664793841540813446e-02 -2.478254699707031250e+01 0.000000000000000000e+00 -1.025848370045423508e-02 0.000000000000000000e+00 5.000000000000000000e+01 0.000000000000000000e+00
4.497065544128417969e-01 4.377228021621704102e-01 -2.393494360148906708e-02 -2.664793841540813446e-02 -2.478254699707031250e+01 0.000000000000000000e+00 -1.025848370045423508e-02 0.000000000000000000e+00 5.000000000000000000e+01 0.000000000000000000e+00
4.497065544128417969e-01 4.377228021621704102e-01 -2.393494360148906708e-02 -2.664793841540813446e-02 -2.478254699707031250e+01 0.000000000000000000e+00 -1.025848370045423508e-02 0.000000000000000000e+00 5.000000000000000000e+01 0.000000000000000000e+00
4.497065544128417969e-01 4.377228021621704102e-01 -2.393494360148906708e-02 -2.664793841540813446e-02 -2.478254699707031250e+01 0.000000000000000000e+00 -1.025848370045423508e-02 0.000000000000000000e+00 5.000000000000000000e+01 0.000000000000000000e+00
4.497065544128417969e-01 4.377228021621704102e-01 -2.393494360148906708e-02 -2.664793841540813446e-02 -2.478254699707031250e+01 0.000000000000000000e+00 -1.025848370045423508e-02 0.000000000000000000e+00 5.000000000000000000e+01 0.000000000000000000e+00
4.497065544128417969e-01 4.377228021621704102e-01 -2.393494360148906708e-02 -2.664793841540813446e-02 -2.478254699707031250e+01 0.000000000000000000e+00 -1.025848370045423508e-02 0.000000000000000000e+00 5.000000000000000000e+01 0.000000000000000000e+00
4.497065544128417969e-01 4.377228021621704102e-01 -2.393494360148906708e-02 -2.664793841540813446e-02 -2.478254699707031250e+01 0.000000000000000000e+00 -1.025848370045423508e-02 0.000000000000000000e+00 5.000000000000000000e+01 0.000000000000000000e+00
4.497065544128417969e-01 4.377228021621704102e-01 -2.393494360148906708e-02 -2.664793841540813446e-02 -2.478254699707031250e+01 0.000000000000000000e+00 -1.025848370045423508e-02 0.000000000000000000e+00 5.000000000000000000e+01 0.000000000000000000e+00
4.497065544128417969e-01 4.377228021621704102e-01 -2.393494360148906708e-02 -2.664793841540813446e-02 -2.478254699707031250e+01 0.000000000000000000e+00 -1.025848370045423508e-02 0.000000000000000000e+00 5.000000000000000000e+01 0.000000000000000000e+00
4.497065544128417969e-01 4.377228021621704102e-01 -2.393494360148906708e-02 -2.664793841540813446e-02 -2.478254699707031250e+01 0.000000000000000000e+00 -1.025848370045423508e-02 0.000000000000000000e+00 5.000000000000000000e+01 0.000000000000000000e+00
4.497065544128417969e-01 4.377228021621704102e-01 -2.393494360148906708e-02 -2.664793841540813446e-02 -2.478254699707031250e+01 0.000000000000000000e+00 -1.025848370045423508e-02 0.000000000000000000e+00 5.000000000000000000e+01 0.000000000000000000e+00
4.497065544128417969e-01 4.377228021621704102e-01 -2.393494360148906708e-02 -2.664793841540813446e-02 -2.478254699707031250e+01 0.000000000000000000e+00 -1.025848370045423508e-02 0.000000000000000000e+00 5.000000000000000000e+01 0.000000000000000000e+00
4.497065544128417969e-01 4.377228021621704102e-01 -2.393494360148906708e-02 -2.664793841540813446e-02 -2.478254699707031250e+01 0.000000000000000000e+00 -1.025848370045423508e-02 0.000000000000000000e+00 5.000000000000000000e+01 0.000000000000000000e+00
4.497065544128417969e-01 4.377228021621704102e-01 -2.393494360148906708e-02 -2.664793841540813446e-02 -2.478254699707031250e+01 0.000000000000000000e+00 -1.025848370045423508e-02 0.000000000000000000e+00 5.000000000000000000e+01 0.000000000000000000e+00
4.497065544128417969e-01 4.377228021621704102e-01 -2.393494360148906708e-02 -2.664793841540813446e-02 -2.478254699707031250e+01 0.000000000000000000e+00 -1.025848370045423508e-02 0.000000000000000000e+00 5.000000000000000000e+01 0.000000000000000000e+00
4.497065544128417969e-01 4.377228021621704102e-01 -2.393494360148906708e-02 -2.664793841540813446e-02 -2.478254699707031250e+01 0.000000000000000000e+00 -1.025848370045423508e-02 0.000000000000000000e+00 5.000000000000000000e+01 0.000000000000000000e+00
4.497065544128417969e-01 4.377228021621704102e-01 -2.393494360148906708e-02 -2.664793841540813446e-02 -2.478254699707031250e+01 0.000000000000000000e+00 -1.025848370045423508e-02 0.000000000000000000e+00 5.000000000000000000e+01 0.000000000000000000e+00
4.497065544128417969e-01 4.377228021621704102e-01 -2.393494360148906708e-02 -2.664793841540813446e-02 -2.478254699707031250e+01 0.000000000000000000e+00 -1.025848370045423508e-02 0.000000000000000000e+00 5.000000000000000000e+01 0.000000000000000000e+00
4.497065544128417969e-01 4.377228021621704102e-01 -2.393494360148906708e-02 -2.664793841540813446e-02 -2.478254699707031250e+01 0.000000000000000000e+00 -1.025848370045423508e-02 0.000000000000000000e+00 5.000000000000000000e+01 0.000000000000000000e+00
4.497065544128417969e-01 4.377228021621704102e-01 -2.393494360148906708e-02 -2.664793841540813446e-02 -2.478254699707031250e+01 0.000000000000000000e+00 -1.025848370045423508e-02 0.000000000000000000e+00 5.000000000000000000e+01 0.000000000000000000e+00
4.497065544128417969e-01 4.377228021621704102e-01 -2.393494360148906708e-02 -2.664793841540813446e-02 -2.478254699707031250e+01 0.000000000000000000e+00 -1.025848370045423508e-02 0.000000000000000000e+00 5.000000000000000000e+01 0.000000000000000000e+00
4.497065544128417969e-01 4.377228021621704102e-01 -2.393494360148906708e-02 -2.664793841540813446e-02 -2.478254699707031250e+01 0.000000000000000000e+00 -1.025848370045423508e-02 0.000000000000000000e+00 5.000000000000000000e+01 0.000000000000000000e+00
4.497065544128417969e-01 4.377228021621704102e-01 -2.393494360148906708e-02 -2.664793841540813446e-02 -2.478254699707031250e+01 0.000000000000000000e+00 -1.025848370045423508e-02 0.000000000000000000e+00 5.000000000000000000e+01 0.000000000000000000e+00
4.497065544128417969e-01 4.377228021621704102e-01 -2.393494360148906708e-02 -2.664793841540813446e-02 -2.478254699707031250e+01 0.000000000000000000e+00 -1.025848370045423508e-02 0.000000000000000000e+00 5.000000000000000000e+01 0.000000000000000000e+00
4.497065544128417969e-01 4.377228021621704102e-01 -2.393494360148906708e-02 -2.664793841540813446e-02 -2.478254699707031250e+01 0.000000000000000000e+00 -1.025848370045423508e-02 0.000000000000000000e+00 5.000000000000000000e+01 0.000000000000000000e+00
4.497065544128417969e-01 4.377228021621704102e-01 -2.393494360148906708e-02 -2.664793841540813446e-02 -2.478254699707031250e+01 0.000000000000000000e+00 -1.025848370045423508e-02 0.000000000000000000e+00 5.000000000000000000e+01 0.000000000000000000e+00
4.497065544128417969e-01 4.377228021621704102e-01 -2.393494360148906708e-02 -2.664793841540813446e-02 -2.478254699707031250e+01 0.000000000000000000e+00 -1.025848370045423508e-02 0.000000000000000000e+00 5.000000000000000000e+01 0.000000000000000000e+00
4.497065544128417969e-01 4.377228021621704102e-01 -2.393494360148906708e-02 -2.664793841540813446e-02 -2.478254699707031250e+01 0.000000000000000000e+00 -1.025848370045423508e-02 0.000000000000000000e+00 5.000000000000000000e+01 0.000000000000000000e+00
4.497065544128417969e-01 4.377228021621704102e-01 -2.393494360148906708e-02 -2.664793841540813446e-02 -2.478254699707031250e+01 0.000000000000000000e+00 -1.025848370045423508e-02 0.000000000000000000e+00 5.000000000000000000e+01 0.000000000000000000e+00
4.497065544128417969e-01 4.377228021621704102e-01 -2.393494360148906708e-02 -2.664793841540813446e-02 -2.478254699707031250e+01 0.000000000000000000e+00 -1.025848370045423508e-02 0.000000000000000000e+00 5.000000000000000000e+01 0.000000000000000000e+00
4.497065544128417969e-01 4.377228021621704102e-01 -2.393494360148906708e-02 -2.664793841540813446e-02 -2.478254699707031250e+01 0.000000000000000000e+00 -1.025848370045423508e-02 0.000000000000000000e+00 5.000000000000000000e+01 0.000000000000000000e+00
4.497065544128417969e-01 4.377228021621704102e-01 -2.393494360148906708e-02 -2.664793841540813446e-02 -2.478254699707031250e+01 0.000000000000000000e+00 -1.025848370045423508e-02 0.000000000000000000e+00 5.000000000000000000e+01 0.000000000000000000e+00
4.497065544128417969e-01 4.377228021621704102e-01 -2.393494360148906708e-02 -2.664793841540813446e-02 -2.478254699707031250e+01 0.000000000000000000e+00 -1.025848370045423508e-02 0.000000000000000000e+00 5.000000000000000000e+01 0.000000000000000000e+00
4.497065544128417969e-01 4.377228021621704102e-01 -2.393494360148906708e-02 -2.664793841540813446e-02 -2.478254699707031250e+01 0.000000000000000000e+00 -1.025848370045423508e-02 0.000000000000000000e+00 5.000000000000000000e+01 0.000000000000000000e+00
4.497065544128417969e-01 4.377228021621704102e-01 -2.393494360148906708e-02 -2.664793841540813446e-02 -2.478254699707031250e+01 0.000000000000000000e+00 -1.025848370045423508e-02 0.000000000000000000e+00 5.000000000000000000e+01 0.000000000000000000e+00
4.497065544128417969e-01 4.377228021621704102e-01 -2.393494360148906708e-02 -2.664793841540813446e-02 -2.478254699707031250e+01 0.000000000000000000e+00 -1.025848370045423508e-02 0.000000000000000000e+00 5.000000000000000000e+01 0.000000000000000000e+00
4.497065544128417969e-01 4.377228021621704102e-01 -2.393494360148906708e-02 -2.664793841540813446e-02 -2.478254699707031250e+01 0.000000000000000000e+00 -1.025848370045423508e-02 0.000000000000000000e+00 5.000000000000000000e+01 0.000000000000000000e+00
4.497065544128417969e-01 4.377228021621704102e-01 -2.393494360148906708e-02 -2.664793841540813446e-02 -2.478254699707031250e+01 0.000000000000000000e+00 -1.025848370045423508e-02 0.000000000000000000e+00 5.000000000000000000e+01 0.000000000000000000e+00
4.497065544128417969e-01 4.377228021621704102e-01 -2.393494360148906708e-02 -2.664793841540813446e-02 -2.478254699707031250e+01 0.000000000000000000e+00 -1.025848370045423508e-02 0.000000000000000000e+00 5.000000000000000000e+01 0.000000000000000000e+00
