4.394982159137725830e-01 3.654126524925231934e-01 -1.615256965160369873e-01 -1.685685217380523682e-01 -5.887401580810546875e+01 -2.468333053588867188e+01 -2.437029965221881866e-02 -3.375117480754852295e-02 9.000000000000000000e+01 4.000000000000000000e+01
4.394982159137725830e-01 3.669827878475189209e-01 -1.585323363542556763e-01 -1.649959534406661987e-01 -5.519980621337890625e+01 -2.100912094116210938e+01 -2.284939773380756378e-02 -2.872718311846256256e-02 8.500000000000000000e+01 3.500000000000000000e+01
4.394982159137725830e-01 3.721334040164947510e-01 -1.488877236843109131e-01 -1.532766520977020264e-01 -5.191770172119140625e+01 -1.772701644897460938e+01 -2.149080485105514526e-02 -2.423934079706668854e-02 8.000000000000000000e+01 3.000000000000000000e+01
4.394982159137725830e-01 3.721334040164947510e-01 -1.488877236843109131e-01 -1.532766520977020264e-01 -5.191770172119140625e+01 -1.772701644897460938e+01 -2.149080485105514526e-02 -2.423934079706668854e-02 8.000000000000000000e+01 3.000000000000000000e+01
4.394982159137725830e-01 3.726150393486022949e-01 -1.479088813066482544e-01 -1.521807760000228882e-01 -5.066937255859375000e+01 -1.647868728637695312e+01 -2.097407169640064240e-02 -2.253241650760173798e-02 7.800000000000000000e+01 2.800000000000000000e+01
4.394982159137725830e-01 3.734520673751831055e-01 -1.462182551622390747e-01 -1.502762585878372192e-01 -5.019794464111328125e+01 -1.600725555419921875e+01 -2.077892795205116272e-02 -2.188779599964618683e-02 7.700000000000000000e+01 2.700000000000000000e+01
4.394982159137725830e-01 3.759634792804718018e-01 -1.416705995798110962e-01 -1.445619910955429077e-01 -4.954166030883789062e+01 -1.535097312927246094e+01 -2.050726674497127533e-02 -2.099041640758514404e-02 7.600000000000000000e+01 2.600000000000000000e+01
4.394982159137725830e-01 3.759634792804718018e-01 -1.416705995798110962e-01 -1.445619910955429077e-01 -4.954166030883789062e+01 -1.535097312927246094e+01 -2.050726674497127533e-02 -2.099041640758514404e-02 7.600000000000000000e+01 2.600000000000000000e+01
4.394982159137725830e-01 3.767213225364685059e-01 -1.401399523019790649e-01 -1.428376585245132446e-01 -4.881679153442382812e+01 -1.462610530853271484e+01 -2.020721510052680969e-02 -1.999925635755062103e-02 7.500000000000000000e+01 2.500000000000000000e+01
4.394982159137725830e-01 3.767213225364685059e-01 -1.401399523019790649e-01 -1.428376585245132446e-01 -4.881679153442382812e+01 -1.462610530853271484e+01 -2.020721510052680969e-02 -1.999925635755062103e-02 7.500000000000000000e+01 2.500000000000000000e+01
4.394982159137725830e-01 3.767213225364685059e-01 -1.401399523019790649e-01 -1.428376585245132446e-01 -4.881679153442382812e+01 -1.462610530853271484e+01 -2.020721510052680969e-02 -1.999925635755062103e-02 7.500000000000000000e+01 2.500000000000000000e+01
4.394982159137725830e-01 3.787448704242706299e-01 -1.367169916629791260e-01 -1.382334232330322266e-01 -4.603418731689453125e+01 -1.184349918365478516e+01 -1.905538327991962433e-02 -1.619441248476505280e-02 7.100000000000000000e+01 2.100000000000000000e+01
4.394982159137725830e-01 3.781257569789886475e-01 -1.379213333129882812e-01 -1.396421045064926147e-01 -4.366988372802734375e+01 -9.479200363159179688e+00 -1.807670481503009796e-02 -1.296154782176017761e-02 6.700000000000000000e+01 1.700000000000000000e+01
4.394982159137725830e-01 3.769618868827819824e-01 -1.402720361948013306e-01 -1.422902941703796387e-01 -4.325963973999023438e+01 -9.068956375122070312e+00 -1.790688745677471161e-02 -1.240059360861778259e-02 6.700000000000000000e+01 1.700000000000000000e+01
4.394982159137725830e-01 3.813433349132537842e-01 -1.300046443939208984e-01 -1.323210895061492920e-01 -4.267358779907226562e+01 -8.482903480529785156e+00 -1.766429841518402100e-02 -1.159924361854791641e-02 6.600000000000000000e+01 1.600000000000000000e+01
4.394982159137725830e-01 3.861021995544433594e-01 -1.196136474609375000e-01 -1.214931383728981018e-01 -4.112003707885742188e+01 -6.929351329803466797e+00 -1.702122017741203308e-02 -9.474967606365680695e-03 6.300000000000000000e+01 1.300000000000000000e+01
4.394982159137725830e-01 3.861021995544433594e-01 -1.196136474609375000e-01 -1.214931383728981018e-01 -4.112003707885742188e+01 -6.929351329803466797e+00 -1.702122017741203308e-02 -9.474967606365680695e-03 6.300000000000000000e+01 1.300000000000000000e+01
4.394982159137725830e-01 3.868833482265472412e-01 -1.180358827114105225e-01 -1.197157725691795349e-01 -4.057973480224609375e+01 -6.389049053192138672e+00 -1.679756864905357361e-02 -8.736176416277885437e-03 6.200000000000000000e+01 1.200000000000000000e+01
4.394982159137725830e-01 3.868833482265472412e-01 -1.180358827114105225e-01 -1.197157725691795349e-01 -4.057973480224609375e+01 -6.389049053192138672e+00 -1.679756864905357361e-02 -8.736176416277885437e-03 6.200000000000000000e+01 1.200000000000000000e+01
4.394982159137725830e-01 3.868833482265472412e-01 -1.180358827114105225e-01 -1.197157725691795349e-01 -4.057973480224609375e+01 -6.389049053192138672e+00 -1.679756864905357361e-02 -8.736176416277885437e-03 6.200000000000000000e+01 1.200000000000000000e+01
4.394982159137725830e-01 3.854057192802429199e-01 -1.213483661413192749e-01 -1.230778545141220093e-01 -3.935610198974609375e+01 -5.165416240692138672e+00 -1.629105769097805023e-02 -7.063020486384630203e-03 6.000000000000000000e+01 1.000000000000000000e+01
4.394982159137725830e-01 3.896907866001129150e-01 -1.117753162980079651e-01 -1.133279427886009216e-01 -3.802329254150390625e+01 -3.832607984542846680e+00 -1.573935523629188538e-02 -5.240582395344972610e-03 5.800000000000000000e+01 8.000000000000000000e+00
4.394982159137725830e-01 3.916774690151214600e-01 -1.075270026922225952e-01 -1.088076010346412659e-01 -3.730077362060546875e+01 -3.110087394714355469e+00 -1.544027589261531830e-02 -4.252631217241287231e-03 5.700000000000000000e+01 7.000000000000000000e+00
4.394982159137725830e-01 3.928099870681762695e-01 -1.045316308736801147e-01 -1.062307581305503845e-01 -3.597902679443359375e+01 -1.788344979286193848e+00 -1.489315181970596313e-02 -2.445324324071407318e-03 5.500000000000000000e+01 5.000000000000000000e+00
4.394982159137725830e-01 3.928099870681762695e-01 -1.045316308736801147e-01 -1.062307581305503845e-01 -3.597902679443359375e+01 -1.788344979286193848e+00 -1.489315181970596313e-02 -2.445324324071407318e-03 5.500000000000000000e+01 5.000000000000000000e+00
4.394982159137725830e-01 3.940505087375640869e-01 -1.019196510314941406e-01 -1.034081727266311646e-01 -3.495965957641601562e+01 -7.689725160598754883e-01 -1.447119563817977905e-02 -1.051467726938426495e-03 5.300000000000000000e+01 3.000000000000000000e+00
4.394982159137725830e-01 4.000054597854614258e-01 -9.068296104669570923e-02 -8.985874056816101074e-02 -3.447063064575195312e+01 -2.799461483955383301e-01 -1.426876708865165710e-02 -3.827891778200864792e-04 5.200000000000000000e+01 2.000000000000000000e+00
4.394982159137725830e-01 4.000054597854614258e-01 -9.068296104669570923e-02 -8.985874056816101074e-02 -3.447063064575195312e+01 -2.799461483955383301e-01 -1.426876708865165710e-02 -3.827891778200864792e-04 5.200000000000000000e+01 2.000000000000000000e+00
4.394982159137725830e-01 4.000054597854614258e-01 -9.068296104669570923e-02 -8.985874056816101074e-02 -3.447063064575195312e+01 -2.799461483955383301e-01 -1.426876708865165710e-02 -3.827891778200864792e-04 5.200000000000000000e+01 2.000000000000000000e+00
4.394982159137725830e-01 4.006667733192443848e-01 -8.924905210733413696e-02 -8.835403621196746826e-02 -3.424414062500000000e+01 -5.345577001571655273e-02 -1.417501363903284073e-02 -7.309366628760471940e-05 5.100000000000000000e+01 1.000000000000000000e+00
4.394982159137725830e-01 4.006667733192443848e-01 -8.924905210733413696e-02 -8.835403621196746826e-02 -3.424414062500000000e+01 -5.345577001571655273e-02 -1.417501363903284073e-02 -7.309366628760471940e-05 5.100000000000000000e+01 1.000000000000000000e+00
4.394982159137725830e-01 4.006667733192443848e-01 -8.924905210733413696e-02 -8.835403621196746826e-02 -3.424414062500000000e+01 -5.345577001571655273e-02 -1.417501363903284073e-02 -7.309366628760471940e-05 5.100000000000000000e+01 1.000000000000000000e+00
4.394982159137725830e-01 4.033450186252593994e-01 -8.225134015083312988e-02 -8.226016908884048462e-02 -3.419068527221679688e+01 0.000000000000000000e+00 -1.415288634598255157e-02 0.000000000000000000e+00 5.000000000000000000e+01 0.000000000000000000e+00
4.394982159137725830e-01 4.033450186252593994e-01 -8.225134015083312988e-02 -8.226016908884048462e-02 -3.419068527221679688e+01 0.000000000000000000e+00 -1.415288634598255157e-02 0.000000000000000000e+00 5.000000000000000000e+01 0.000000000000000000e+00
4.394982159137725830e-01 4.033450186252593994e-01 -8.225134015083312988e-02 -8.226016908884048462e-02 -3.419068527221679688e+01 0.000000000000000000e+00 -1.415288634598255157e-02 0.000000000000000000e+00 5.000000000000000000e+01 0.000000000000000000e+00
4.394982159137725830e-01 4.033450186252593994e-01 -8.225134015083312988e-02 -8.226016908884048462e-02 -3.419068527221679688e+01 0.000000000000000000e+00 -1.415288634598255157e-02 0.000000000000000000e+00 5.000000000000000000e+01 0.000000000000000000e+00
4.394982159137725830e-01 4.033450186252593994e-01 -8.225134015083312988e-02 -8.226016908884048462e-02 -3.419068527221679688e+01 0.000000000000000000e+00 -1.415288634598255157e-02 0.000000000000000000e+00 5.000000000000000000e+01 0.000000000000000000e+00
4.394982159137725830e-01 4.033450186252593994e-01 -8.225134015083312988e-02 -8.226016908884048462e-02 -3.419068527221679688e+01 0.000000000000000000e+00 -1.415288634598255157e-02 0.000000000000000000e+00 5.000000000000000000e+01 0.000000000000000000e+00
4.394982159137725830e-01 4.033450186252593994e-01 -8.225134015083312988e-02 -8.226016908884048462e-02 -3.419068527221679688e+01 0.000000000000000000e+00 -1.415288634598255157e-02 0.000000000000000000e+00 5.000000000000000000e+01 0.000000000000000000e+00
4.394982159137725830e-01 4.033450186252593994e-01 -8.225134015083312988e-02 -8.226016908884048462e-02 -3.419068527221679688e+01 0.000000000000000000e+00 -1.415288634598255157e-02 0.000000000000000000e+00 5.000000000000000000e+01 0.000000000000000000e+00
4.394982159137725830e-01 4.033450186252593994e-01 -8.225134015083312988e-02 -8.226016908884048462e-02 -3.419068527221679688e+01 0.000000000000000000e+00 -1.415288634598255157e-02 0.000000000000000000e+00 5.000000000000000000e+01 0.000000000000000000e+00
4.394982159137725830e-01 4.033450186252593994e-01 -8.225134015083312988e-02 -8.226016908884048462e-02 -3.419068527221679688e+01 0.000000000000000000e+00 -1.415288634598255157e-02 0.000000000000000000e+00 5.000000000000000000e+01 0.000000000000000000e+00
4.394982159137725830e-01 4.033450186252593994e-01 -8.225134015083312988e-02 -8.226016908884048462e-02 -3.419068527221679688e+01 0.000000000000000000e+00 -1.415288634598255157e-02 0.000000000000000000e+00 5.000000000000000000e+01 0.000000000000000000e+00
4.394982159137725830e-01 4.033450186252593994e-01 -8.225134015083312988e-02 -8.226016908884048462e-02 -3.419068527221679688e+01 0.000000000000000000e+00 -1.415288634598255157e-02 0.000000000000000000e+00 5.000000000000000000e+01 0.000000000000000000e+00
4.394982159137725830e-01 4.033450186252593994e-01 -8.225134015083312988e-02 -8.226016908884048462e-02 -3.419068527221679688e+01 0.000000000000000000e+00 -1.415288634598255157e-02 0.000000000000000000e+00 5.000000000000000000e+01 0.000000000000000000e+00
4.394982159137725830e-01 4.033450186252593994e-01 -8.225134015083312988e-02 -8.226016908884048462e-02 -3.419068527221679688e+01 0.000000000000000000e+00 -1.415288634598255157e-02 0.000000000000000000e+00 5.000000000000000000e+01 0.000000000000000000e+00
4.394982159137725830e-01 4.033450186252593994e-01 -8.225134015083312988e-02 -8.226016908884048462e-02 -3.419068527221679688e+01 0.000000000000000000e+00 -1.415288634598255157e-02 0.000000000000000000e+00 5.000000000000000000e+01 0.000000000000000000e+00
4.394982159137725830e-01 4.033450186252593994e-01 -8.225134015083312988e-02 -8.226016908884048462e-02 -3.419068527221679688e+01 0.000000000000000000e+00 -1.415288634598255157e-02 0.000000000000000000e+00 5.000000000000000000e+01 0.000000000000000000e+00
4.394982159137725830e-01 4.033450186252593994e-01 -8.225134015083312988e-02 -8.226016908884048462e-02 -3.419068527221679688e+01 0.000000000000000000e+00 -1.415288634598255157e-02 0.000000000000000000e+00 5.000000000000000000e+01 0.000000000000000000e+00
4.394982159137725830e-01 4.033450186252593994e-01 -8.225134015083312988e-02 -8.226016908884048462e-02 -3.419068527221679688e+01 0.000000000000000000e+00 -1.415288634598255157e-02 0.000000000000000000e+00 5.000000000000000000e+01 0.000000000000000000e+00
4.394982159137725830e-01 4.033450186252593994e-01 -8.225134015083312988e-02 -8.226016908884048462e-02 -3.419068527221679688e+01 0.000000000000000000e+00 -1.415288634598255157e-02 0.000000000000000000e+00 5.000000000000000000e+01 0.000000000000000000e+00
4.394982159137725830e-01 4.033450186252593994e-01 -8.225134015083312988e-02 -8.226016908884048462e-02 -3.419068527221679688e+01 0.000000000000000000e+00 -1.415288634598255157e-02 0.000000000000000000e+00 5.000000000000000000e+01 0.000000000000000000e+00
4.394982159137725830e-01 4.033450186252593994e-01 -8.225134015083312988e-02 -8.226016908884048462e-02 -3.419068527221679688e+01 0.000000000000000000e+00 -1.415288634598255157e-02 0.000000000000000000e+00 5.000000000000000000e+01 0.000000000000000000e+00
4.394982159137725830e-01 4.033450186252593994e-01 -8.225134015083312988e-02 -8.226016908884048462e-02 -3.419068527221679688e+01 0.000000000000000000e+00 -1.415288634598255157e-02 0.000000000000000000e+00 5.000000000000000000e+01 0.000000000000000000e+00
4.394982159137725830e-01 4.033450186252593994e-01 -8.225134015083312988e-02 -8.226016908884048462e-02 -3.419068527221679688e+01 0.000000000000000000e+00 -1.415288634598255157e-02 0.000000000000000000e+00 5.000000000000000000e+01 0.000000000000000000e+00
4.394982159137725830e-01 4.033450186252593994e-01 -8.225134015083312988e-02 -8.226016908884048462e-02 -3.419068527221679688e+01 0.000000000000000000e+00 -1.415288634598255157e-02 0.000000000000000000e+00 5.000000000000000000e+01 0.000000000000000000e+00
4.394982159137725830e-01 4.033450186252593994e-01 -8.225134015083312988e-02 -8.226016908884048462e-02 -3.419068527221679688e+01 0.000000000000000000e+00 -1.415288634598255157e-02 0.000000000000000000e+00 5.000000000000000000e+01 0.000000000000000000e+00
4.394982159137725830e-01 4.033450186252593994e-01 -8.225134015083312988e-02 -8.226016908884048462e-02 -3.419068527221679688e+01 0.000000000000000000e+00 -1.415288634598255157e-02 0.000000000000000000e+00 5.000000000000000000e+01 0.000000000000000000e+00
4.394982159137725830e-01 4.033450186252593994e-01 -8.225134015083312988e-02 -8.226016908884048462e-02 -3.419068527221679688e+01 0.000000000000000000e+00 -1.415288634598255157e-02 0.000000000000000000e+00 5.000000000000000000e+01 0.000000000000000000e+00
4.394982159137725830e-01 4.033450186252593994e-01 -8.225134015083312988e-02 -8.226016908884048462e-02 -3.419068527221679688e+01 0.000000000000000000e+00 -1.415288634598255157e-02 0.000000000000000000e+00 5.000000000000000000e+01 0.000000000000000000e+00
4.394982159137725830e-01 4.033450186252593994e-01 -8.225134015083312988e-02 -8.226016908884048462e-02 -3.419068527221679688e+01 0.000000000000000000e+00 -1.415288634598255157e-02 0.000000000000000000e+00 5.000000000000000000e+01 0.000000000000000000e+00
4.394982159137725830e-01 4.033450186252593994e-01 -8.225134015083312988e-02 -8.226016908884048462e-02 -3.419068527221679688e+01 0.000000000000000000e+00 -1.415288634598255157e-02 0.000000000000000000e+00 5.000000000000000000e+01 0.000000000000000000e+00
4.394982159137725830e-01 4.033450186252593994e-01 -8.225134015083312988e-02 -8.226016908884048462e-02 -3.419068527221679688e+01 0.000000000000000000e+00 -1.415288634598255157e-02 0.000000000000000000e+00 5.000000000000000000e+01 0.000000000000000000e+00
4.394982159137725830e-01 4.033450186252593994e-01 -8.225134015083312988e-02 -8.226016908884048462e-02 -3.419068527221679688e+01 0.000000000000000000e+00 -1.415288634598255157e-02 0.000000000000000000e+00 5.000000000000000000e+01 0.000000000000000000e+00
4.394982159137725830e-01 4.033450186252593994e-01 -8.225134015083312988e-02 -8.226016908884048462e-02 -3.419068527221679688e+01 0.000000000000000000e+00 -1.415288634598255157e-02 0.000000000000000000e+00 5.000000000000000000e+01 0.000000000000000000e+00
4.394982159137725830e-01 4.033450186252593994e-01 -8.225134015083312988e-02 -8.226016908884048462e-02 -3.419068527221679688e+01 0.000000000000000000e+00 -1.415288634598255157e-02 0.000000000000000000e+00 5.000000000000000000e+01 0.000000000000000000e+00
4.394982159137725830e-01 4.033450186252593994e-01 -8.225134015083312988e-02 -8.226016908884048462e-02 -3.419068527221679688e+01 0.000000000000000000e+00 -1.415288634598255157e-02 0.000000000000000000e+00 5.000000000000000000e+01 0.000000000000000000e+00
4.394982159137725830e-01 4.033450186252593994e-01 -8.225134015083312988e-02 -8.226016908884048462e-02 -3.419068527221679688e+01 0.000000000000000000e+00 -1.415288634598255157e-02 0.000000000000000000e+00 5.000000000000000000e+01 0.000000000000000000e+00
4.394982159137725830e-01 4.033450186252593994e-01 -8.225134015083312988e-02 -8.226016908884048462e-02 -3.419068527221679688e+01 0.000000000000000000e+00 -1.415288634598255157e-02 0.000000000000000000e+00 5.000000000000000000e+01 0.000000000000000000e+00
4.394982159137725830e-01 4.033450186252593994e-01 -8.225134015083312988e-02 -8.226016908884048462e-02 -3.419068527221679688e+01 0.000000000000000000e+00 -1.415288634598255157e-02 0.000000000000000000e+00 5.000000000000000000e+01 0.000000000000000000e+00
4.394982159137725830e-01 4.033450186252593994e-01 -8.225134015083312988e-02 -8.226016908884048462e-02 -3.419068527221679688e+01 0.000000000000000000e+00 -1.415288634598255157e-02 0.000000000000000000e+00 5.000000000000000000e+01 0.000000000000000000e+00
4.394982159137725830e-01 4.033450186252593994e-01 -8.225134015083312988e-02 -8.226016908884048462e-02 -3.419068527221679688e+01 0.000000000000000000e+00 -1.415288634598255157e-02 0.000000000000000000e+00 5.000000000000000000e+01 0.000000000000000000e+00
4.394982159137725830e-01 4.033450186252593994e-01 -8.225134015083312988e-02 -8.226016908884048462e-02 -3.419068527221679688e+01 0.000000000000000000e+00 -1.415288634598255157e-02 0.000000000000000000e+00 5.000000000000000000e+01 0.000000000000000000e+00
4.394982159137725830e-01 4.033450186252593994e-01 -8.225134015083312988e-02 -8.226016908884048462e-02 -3.419068527221679688e+01 0.000000000000000000e+00 -1.415288634598255157e-02 0.000000000000000000e+00 5.000000000000000000e+01 0.000000000000000000e+00
4.394982159137725830e-01 4.033450186252593994e-01 -8.225134015083312988e-02 -8.226016908884048462e-02 -3.419068527221679688e+01 0.000000000000000000e+00 -1.415288634598255157e-02 0.000000000000000000e+00 5.000000000000000000e+01 0.000000000000000000e+00
4.394982159137725830e-01 4.033450186252593994e-01 -8.225134015083312988e-02 -8.226016908884048462e-02 -3.419068527221679688e+01 0.000000000000000000e+00 -1.415288634598255157e-02 0.000000000000000000e+00 5.000000000000000000e+01 0.000000000000000000e+00
4.394982159137725830e-01 4.033450186252593994e-01 -8.225134015083312988e-02 -8.226016908884048462e-02 -3.419068527221679688e+01 0.000000000000000000e+00 -1.415288634598255157e-02 0.000000000000000000e+00 5.000000000000000000e+01 0.000000000000000000e+00
4.394982159137725830e-01 4.033450186252593994e-01 -8.225134015083312988e-02 -8.226016908884048462e-02 -3.419068527221679688e+01 0.000000000000000000e+00 -1.415288634598255157e-02 0.000000000000000000e+00 5.000000000000000000e+01 0.000000000000000000e+00
4.394982159137725830e-01 4.033450186252593994e-01 -8.225134015083312988e-02 -8.226016908884048462e-02 -3.419068527221679688e+01 0.000000000000000000e+00 -1.415288634598255157e-02 0.000000000000000000e+00 5.000000000000000000e+01 0.000000000000000000e+00
4.394982159137725830e-01 4.033450186252593994e-01 -8.225134015083312988e-02 -8.226016908884048462e-02 -3.419068527221679688e+01 0.000000000000000000e+00 -1.415288634598255157e-02 0.000000000000000000e+00 5.000000000000000000e+01 0.000000000000000000e+00
4.394982159137725830e-01 4.033450186252593994e-01 -8.225134015083312988e-02 -8.226016908884048462e-02 -3.419068527221679688e+01 0.000000000000000000e+00 -1.415288634598255157e-02 0.000000000000000000e+00 5.000000000000000000e+01 0.000000000000000000e+00
4.394982159137725830e-01 4.033450186252593994e-01 -8.225134015083312988e-02 -8.226016908884048462e-02 -3.419068527221679688e+01 0.000000000000000000e+00 -1.415288634598255157e-02 0.000000000000000000e+00 5.000000000000000000e+01 0.000000000000000000e+00
4.394982159137725830e-01 4.033450186252593994e-01 -8.225134015083312988e-02 -8.226016908884048462e-02 -3.419068527221679688e+01 0.000000000000000000e+00 -1.415288634598255157e-02 0.000000000000000000e+00 5.000000000000000000e+01 0.000000000000000000e+00
4.394982159137725830e-01 4.033450186252593994e-01 -8.225134015083312988e-02 -8.226016908884048462e-02 -3.419068527221679688e+01 0.000000000000000000e+00 -1.415288634598255157e-02 0.000000000000000000e+00 5.000000000000000000e+01 0.000000000000000000e+00
4.394982159137725830e-01 4.033450186252593994e-01 -8.225134015083312988e-02 -8.226016908884048462e-02 -3.419068527221679688e+01 0.000000000000000000e+00 -1.415288634598255157e-02 0.000000000000000000e+00 5.000000000000000000e+01 0.000000000000000000e+00
4.394982159137725830e-01 4.033450186252593994e-01 -8.225134015083312988e-02 -8.226016908884048462e-02 -3.419068527221679688e+01 0.000000000000000000e+00 -1.415288634598255157e-02 0.000000000000000000e+00 5.000000000000000000e+01 0.000000000000000000e+00
4.394982159137725830e-01 4.033450186252593994e-01 -8.225134015083312988e-02 -8.226016908884048462e-02 -3.419068527221679688e+01 0.000000000000000000e+00 -1.415288634598255157e-02 0.000000000000000000e+00 5.000000000000000000e+01 0.000000000000000000e+00
4.394982159137725830e-01 4.033450186252593994e-01 -8.225134015083312988e-02 -8.226016908884048462e-02 -3.419068527221679688e+01 0.000000000000000000e+00 -1.415288634598255157e-02 0.000000000000000000e+00 5.000000000000000000e+01 0.000000000000000000e+00
4.394982159137725830e-01 4.033450186252593994e-01 -8.225134015083312988e-02 -8.226016908884048462e-02 -3.419068527221679688e+01 0.000000000000000000e+00 -1.415288634598255157e-02 0.000000000000000000e+00 5.000000000000000000e+01 0.000000000000000000e+00
4.394982159137725830e-01 4.033450186252593994e-01 -8.225134015083312988e-02 -8.226016908884048462e-02 -3.419068527221679688e+01 0.000000000000000000e+00 -1.415288634598255157e-02 0.000000000000000000e+00 5.000000000000000000e+01 0.000000000000000000e+00
4.394982159137725830e-01 4.033450186252593994e-01 -8.225134015083312988e-02 -8.226016908884048462e-02 -3.419068527221679688e+01 0.000000000000000000e+00 -1.415288634598255157e-02 0.000000000000000000e+00 5.000000000000000000e+01 0.000000000000000000e+00
