4.071547687053680420e-01 1.944449543952941895e-01 -5.231981277465820312e-01 -5.224298834800720215e-01 -4.378952789306640625e+01 -9.400432705879211426e-01 -1.812622882425785065e-02 -7.467619143426418304e-04 5.500000000000000000e+01 5.000000000000000000e+00
4.071547687053680420e-01 1.972424834966659546e-01 -5.157772898674011230e-01 -5.155589580535888672e-01 -4.284947967529296875e+01 0.000000000000000000e+00 -1.773710548877716064e-02 0.000000000000000000e+00 5.000000000000000000e+01 0.000000000000000000e+00
4.071547687053680420e-01 1.972424834966659546e-01 -5.157772898674011230e-01 -5.155589580535888672e-01 -4.284947967529296875e+01 0.000000000000000000e+00 -1.773710548877716064e-02 0.000000000000000000e+00 5.000000000000000000e+01 0.000000000000000000e+00
4.071547687053680420e-01 1.972424834966659546e-01 -5.157772898674011230e-01 -5.155589580535888672e-01 -4.284947967529296875e+01 0.000000000000000000e+00 -1.773710548877716064e-02 0.000000000000000000e+00 5.000000000000000000e+01 0.000000000000000000e+00
4.071547687053680420e-01 1.972424834966659546e-01 -5.157772898674011230e-01 -5.155589580535888672e-01 -4.284947967529296875e+01 0.000000000000000000e+00 -1.773710548877716064e-02 0.000000000000000000e+00 5.000000000000000000e+01 0.000000000000000000e+00
4.071547687053680420e-01 1.972424834966659546e-01 -5.157772898674011230e-01 -5.155589580535888672e-01 -4.284947967529296875e+01 0.000000000000000000e+00 -1.773710548877716064e-02 0.000000000000000000e+00 5.000000000000000000e+01 0.000000000000000000e+00
4.071547687053680420e-01 1.972424834966659546e-01 -5.157772898674011230e-01 -5.155589580535888672e-01 -4.284947967529296875e+01 0.000000000000000000e+00 -1.773710548877716064e-02 0.000000000000000000e+00 5.000000000000000000e+01 0.000000000000000000e+00
4.071547687053680420e-01 1.972424834966659546e-01 -5.157772898674011230e-01 -5.155589580535888672e-01 -4.284947967529296875e+01 0.000000000000000000e+00 -1.773710548877716064e-02 0.000000000000000000e+00 5.000000000000000000e+01 0.000000000000000000e+00
4.071547687053680420e-01 1.972424834966659546e-01 -5.157772898674011230e-01 -5.155589580535888672e-01 -4.284947967529296875e+01 0.000000000000000000e+00 -1.773710548877716064e-02 0.000000000000000000e+00 5.000000000000000000e+01 0.000000000000000000e+00
4.071547687053680420e-01 1.972424834966659546e-01 -5.157772898674011230e-01 -5.155589580535888672e-01 -4.284947967529296875e+01 0.000000000000000000e+00 -1.773710548877716064e-02 0.000000000000000000e+00 5.000000000000000000e+01 0.000000000000000000e+00
4.071547687053680420e-01 1.972424834966659546e-01 -5.157772898674011230e-01 -5.155589580535888672e-01 -4.284947967529296875e+01 0.000000000000000000e+00 -1.773710548877716064e-02 0.000000000000000000e+00 5.000000000000000000e+01 0.000000000000000000e+00
4.071547687053680420e-01 1.972424834966659546e-01 -5.157772898674011230e-01 -5.155589580535888672e-01 -4.284947967529296875e+01 0.000000000000000000e+00 -1.773710548877716064e-02 0.000000000000000000e+00 5.000000000000000000e+01 0.000000000000000000e+00
4.071547687053680420e-01 1.972424834966659546e-01 -5.157772898674011230e-01 -5.155589580535888672e-01 -4.284947967529296875e+01 0.000000000000000000e+00 -1.773710548877716064e-02 0.000000000000000000e+00 5.000000000000000000e+01 0.000000000000000000e+00
4.071547687053680420e-01 1.972424834966659546e-01 -5.157772898674011230e-01 -5.155589580535888672e-01 -4.284947967529296875e+01 0.000000000000000000e+00 -1.773710548877716064e-02 0.000000000000000000e+00 5.000000000000000000e+01 0.000000000000000000e+00
4.071547687053680420e-01 1.972424834966659546e-01 -5.157772898674011230e-01 -5.155589580535888672e-01 -4.284947967529296875e+01 0.000000000000000000e+00 -1.773710548877716064e-02 0.000000000000000000e+00 5.000000000000000000e+01 0.000000000000000000e+00
4.071547687053680420e-01 1.972424834966659546e-01 -5.157772898674011230e-01 -5.155589580535888672e-01 -4.284947967529296875e+01 0.000000000000000000e+00 -1.773710548877716064e-02 0.000000000000000000e+00 5.000000000000000000e+01 0.000000000000000000e+00
4.071547687053680420e-01 1.972424834966659546e-01 -5.157772898674011230e-01 -5.155589580535888672e-01 -4.284947967529296875e+01 0.000000000000000000e+00 -1.773710548877716064e-02 0.000000000000000000e+00 5.000000000000000000e+01 0.000000000000000000e+00
4.071547687053680420e-01 1.972424834966659546e-01 -5.157772898674011230e-01 -5.155589580535888672e-01 -4.284947967529296875e+01 0.000000000000000000e+00 -1.773710548877716064e-02 0.000000000000000000e+00 5.000000000000000000e+01 0.000000000000000000e+00
4.071547687053680420e-01 1.972424834966659546e-01 -5.157772898674011230e-01 -5.155589580535888672e-01 -4.284947967529296875e+01 0.000000000000000000e+00 -1.773710548877716064e-02 0.000000000000000000e+00 5.000000000000000000e+01 0.000000000000000000e+00
4.071547687053680420e-01 1.972424834966659546e-01 -5.157772898674011230e-01 -5.155589580535888672e-01 -4.284947967529296875e+01 0.000000000000000000e+00 -1.773710548877716064e-02 0.000000000000000000e+00 5.000000000000000000e+01 0.000000000000000000e+00
4.071547687053680420e-01 1.972424834966659546e-01 -5.157772898674011230e-01 -5.155589580535888672e-01 -4.284947967529296875e+01 0.000000000000000000e+00 -1.773710548877716064e-02 0.000000000000000000e+00 5.000000000000000000e+01 0.000000000000000000e+00
4.071547687053680420e-01 1.972424834966659546e-01 -5.157772898674011230e-01 -5.155589580535888672e-01 -4.284947967529296875e+01 0.000000000000000000e+00 -1.773710548877716064e-02 0.000000000000000000e+00 5.000000000000000000e+01 0.000000000000000000e+00
4.071547687053680420e-01 1.972424834966659546e-01 -5.157772898674011230e-01 -5.155589580535888672e-01 -4.284947967529296875e+01 0.000000000000000000e+00 -1.773710548877716064e-02 0.000000000000000000e+00 5.000000000000000000e+01 0.000000000000000000e+00
4.071547687053680420e-01 1.972424834966659546e-01 -5.157772898674011230e-01 -5.155589580535888672e-01 -4.284947967529296875e+01 0.000000000000000000e+00 -1.773710548877716064e-02 0.000000000000000000e+00 5.000000000000000000e+01 0.000000000000000000e+00
4.071547687053680420e-01 1.972424834966659546e-01 -5.157772898674011230e-01 -5.155589580535888672e-01 -4.284947967529296875e+01 0.000000000000000000e+00 -1.773710548877716064e-02 0.000000000000000000e+00 5.000000000000000000e+01 0.000000000000000000e+00
4.071547687053680420e-01 1.972424834966659546e-01 -5.157772898674011230e-01 -5.155589580535888672e-01 -4.284947967529296875e+01 0.000000000000000000e+00 -1.773710548877716064e-02 0.000000000000000000e+00 5.000000000000000000e+01 0.000000000000000000e+00
4.071547687053680420e-01 1.972424834966659546e-01 -5.157772898674011230e-01 -5.155589580535888672e-01 -4.284947967529296875e+01 0.000000000000000000e+00 -1.773710548877716064e-02 0.000000000000000000e+00 5.000000000000000000e+01 0.000000000000000000e+00
4.071547687053680420e-01 1.972424834966659546e-01 -5.157772898674011230e-01 -5.155589580535888672e-01 -4.284947967529296875e+01 0.000000000000000000e+00 -1.773710548877716064e-02 0.000000000000000000e+00 5.000000000000000000e+01 0.000000000000000000e+00
4.071547687053680420e-01 1.972424834966659546e-01 -5.157772898674011230e-01 -5.155589580535888672e-01 -4.284947967529296875e+01 0.000000000000000000e+00 -1.773710548877716064e-02 0.000000000000000000e+00 5.000000000000000000e+01 0.000000000000000000e+00
4.071547687053680420e-01 1.972424834966659546e-01 -5.157772898674011230e-01 -5.155589580535888672e-01 -4.284947967529296875e+01 0.000000000000000000e+00 -1.773710548877716064e-02 0.000000000000000000e+00 5.000000000000000000e+01 0.000000000000000000e+00
4.071547687053680420e-01 1.972424834966659546e-01 -5.157772898674011230e-01 -5.155589580535888672e-01 -4.284947967529296875e+01 0.000000000000000000e+00 -1.773710548877716064e-02 0.000000000000000000e+00 5.000000000000000000e+01 0.000000000000000000e+00
4.071547687053680420e-01 1.972424834966659546e-01 -5.157772898674011230e-01 -5.155589580535888672e-01 -4.284947967529296875e+01 0.000000000000000000e+00 -1.773710548877716064e-02 0.000000000000000000e+00 5.000000000000000000e+01 0.000000000000000000e+00
4.071547687053680420e-01 1.972424834966659546e-01 -5.157772898674011230e-01 -5.155589580535888672e-01 -4.284947967529296875e+01 0.000000000000000000e+00 -1.773710548877716064e-02 0.000000000000000000e+00 5.000000000000000000e+01 0.000000000000000000e+00
4.071547687053680420e-01 1.972424834966659546e-01 -5.157772898674011230e-01 -5.155589580535888672e-01 -4.284947967529296875e+01 0.000000000000000000e+00 -1.773710548877716064e-02 0.000000000000000000e+00 5.000000000000000000e+01 0.000000000000000000e+00
4.071547687053680420e-01 1.972424834966659546e-01 -5.157772898674011230e-01 -5.155589580535888672e-01 -4.284947967529296875e+01 0.000000000000000000e+00 -1.773710548877716064e-02 0.000000000000000000e+00 5.000000000000000000e+01 0.000000000000000000e+00
4.071547687053680420e-01 1.972424834966659546e-01 -5.157772898674011230e-01 -5.155589580535888672e-01 -4.284947967529296875e+01 0.000000000000000000e+00 -1.773710548877716064e-02 0.000000000000000000e+00 5.000000000000000000e+01 0.000000000000000000e+00
4.071547687053680420e-01 1.972424834966659546e-01 -5.157772898674011230e-01 -5.155589580535888672e-01 -4.284947967529296875e+01 0.000000000000000000e+00 -1.773710548877716064e-02 0.000000000000000000e+00 5.000000000000000000e+01 0.000000000000000000e+00
4.071547687053680420e-01 1.972424834966659546e-01 -5.157772898674011230e-01 -5.155589580535888672e-01 -4.284947967529296875e+01 0.000000000000000000e+00 -1.773710548877716064e-02 0.000000000000000000e+00 5.000000000000000000e+01 0.000000000000000000e+00
4.071547687053680420e-01 1.972424834966659546e-01 -5.157772898674011230e-01 -5.155589580535888672e-01 -4.284947967529296875e+01 0.000000000000000000e+00 -1.773710548877716064e-02 0.000000000000000000e+00 5.000000000000000000e+01 0.000000000000000000e+00
4.071547687053680420e-01 1.972424834966659546e-01 -5.157772898674011230e-01 -5.155589580535888672e-01 -4.284947967529296875e+01 0.000000000000000000e+00 -1.773710548877716064e-02 0.000000000000000000e+00 5.000000000000000000e+01 0.000000000000000000e+00
4.071547687053680420e-01 1.972424834966659546e-01 -5.157772898674011230e-01 -5.155589580535888672e-01 -4.284947967529296875e+01 0.000000000000000000e+00 -1.773710548877716064e-02 0.000000000000000000e+00 5.000000000000000000e+01 0.000000000000000000e+00
4.071547687053680420e-01 1.972424834966659546e-01 -5.157772898674011230e-01 -5.155589580535888672e-01 -4.284947967529296875e+01 0.000000000000000000e+00 -1.773710548877716064e-02 0.000000000000000000e+00 5.000000000000000000e+01 0.000000000000000000e+00
4.071547687053680420e-01 1.972424834966659546e-01 -5.157772898674011230e-01 -5.155589580535888672e-01 -4.284947967529296875e+01 0.000000000000000000e+00 -1.773710548877716064e-02 0.000000000000000000e+00 5.000000000000000000e+01 0.000000000000000000e+00
4.071547687053680420e-01 1.972424834966659546e-01 -5.157772898674011230e-01 -5.155589580535888672e-01 -4.284947967529296875e+01 0.000000000000000000e+00 -1.773710548877716064e-02 0.000000000000000000e+00 5.000000000000000000e+01 0.000000000000000000e+00
4.071547687053680420e-01 1.972424834966659546e-01 -5.157772898674011230e-01 -5.155589580535888672e-01 -4.284947967529296875e+01 0.000000000000000000e+00 -1.773710548877716064e-02 0.000000000000000000e+00 5.000000000000000000e+01 0.000000000000000000e+00
4.071547687053680420e-01 1.972424834966659546e-01 -5.157772898674011230e-01 -5.155589580535888672e-01 -4.284947967529296875e+01 0.000000000000000000e+00 -1.773710548877716064e-02 0.000000000000000000e+00 5.000000000000000000e+01 0.000000000000000000e+00
4.071547687053680420e-01 1.972424834966659546e-01 -5.157772898674011230e-01 -5.155589580535888672e-01 -4.284947967529296875e+01 0.000000000000000000e+00 -1.773710548877716064e-02 0.000000000000000000e+00 5.000000000000000000e+01 0.000000000000000000e+00
4.071547687053680420e-01 1.972424834966659546e-01 -5.157772898674011230e-01 -5.155589580535888672e-01 -4.284947967529296875e+01 0.000000000000000000e+00 -1.773710548877716064e-02 0.000000000000000000e+00 5.000000000000000000e+01 0.000000000000000000e+00
4.071547687053680420e-01 1.972424834966659546e-01 -5.157772898674011230e-01 -5.155589580535888672e-01 -4.284947967529296875e+01 0.000000000000000000e+00 -1.773710548877716064e-02 0.000000000000000000e+00 5.000000000000000000e+01 0.000000000000000000e+00
4.071547687053680420e-01 1.972424834966659546e-01 -5.157772898674011230e-01 -5.155589580535888672e-01 -4.284947967529296875e+01 0.000000000000000000e+00 -1.773710548877716064e-02 0.000000000000000000e+00 5.000000000000000000e+01 0.000000000000000000e+00
4.071547687053680420e-01 1.972424834966659546e-01 -5.157772898674011230e-01 -5.155589580535888672e-01 -4.284947967529296875e+01 0.000000000000000000e+00 -1.773710548877716064e-02 0.000000000000000000e+00 5.000000000000000000e+01 0.000000000000000000e+00
4.071547687053680420e-01 1.972424834966659546e-01 -5.157772898674011230e-01 -5.155589580535888672e-01 -4.284947967529296875e+01 0.000000000000000000e+00 -1.773710548877716064e-02 0.000000000000000000e+00 5.000000000000000000e+01 0.000000000000000000e+00
4.071547687053680420e-01 1.972424834966659546e-01 -5.157772898674011230e-01 -5.155589580535888672e-01 -4.284947967529296875e+01 0.000000000000000000e+00 -1.773710548877716064e-02 0.000000000000000000e+00 5.000000000000000000e+01 0.000000000000000000e+00
4.071547687053680420e-01 1.972424834966659546e-01 -5.157772898674011230e-01 -5.155589580535888672e-01 -4.284947967529296875e+01 0.000000000000000000e+00 -1.773710548877716064e-02 0.000000000000000000e+00 5.000000000000000000e+01 0.000000000000000000e+00
4.071547687053680420e-01 1.972424834966659546e-01 -5.157772898674011230e-01 -5.155589580535888672e-01 -4.284947967529296875e+01 0.000000000000000000e+00 -1.773710548877716064e-02 0.000000000000000000e+00 5.000000000000000000e+01 0.000000000000000000e+00
4.071547687053680420e-01 1.972424834966659546e-01 -5.157772898674011230e-01 -5.155589580535888672e-01 -4.284947967529296875e+01 0.000000000000000000e+00 -1.773710548877716064e-02 0.000000000000000000e+00 5.000000000000000000e+01 0.000000000000000000e+00
4.071547687053680420e-01 1.972424834966659546e-01 -5.157772898674011230e-01 -5.155589580535888672e-01 -4.284947967529296875e+01 0.000000000000000000e+00 -1.773710548877716064e-02 0.000000000000000000e+00 5.000000000000000000e+01 0.000000000000000000e+00
4.071547687053680420e-01 1.972424834966659546e-01 -5.157772898674011230e-01 -5.155589580535888672e-01 -4.284947967529296875e+01 0.000000000000000000e+00 -1.773710548877716064e-02 0.000000000000000000e+00 5.000000000000000000e+01 0.000000000000000000e+00
4.071547687053680420e-01 1.972424834966659546e-01 -5.157772898674011230e-01 -5.155589580535888672e-01 -4.284947967529296875e+01 0.000000000000000000e+00 -1.773710548877716064e-02 0.000000000000000000e+00 5.000000000000000000e+01 0.000000000000000000e+00
4.071547687053680420e-01 1.972424834966659546e-01 -5.157772898674011230e-01 -5.155589580535888672e-01 -4.284947967529296875e+01 0.000000000000000000e+00 -1.773710548877716064e-02 0.000000000000000000e+00 5.000000000000000000e+01 0.000000000000000000e+00
4.071547687053680420e-01 1.972424834966659546e-01 -5.157772898674011230e-01 -5.155589580535888672e-01 -4.284947967529296875e+01 0.000000000000000000e+00 -1.773710548877716064e-02 0.000000000000000000e+00 5.000000000000000000e+01 0.000000000000000000e+00
4.071547687053680420e-01 1.972424834966659546e-01 -5.157772898674011230e-01 -5.155589580535888672e-01 -4.284947967529296875e+01 0.000000000000000000e+00 -1.773710548877716064e-02 0.000000000000000000e+00 5.000000000000000000e+01 0.000000000000000000e+00
4.071547687053680420e-01 1.972424834966659546e-01 -5.157772898674011230e-01 -5.155589580535888672e-01 -4.284947967529296875e+01 0.000000000000000000e+00 -1.773710548877716064e-02 0.000000000000000000e+00 5.000000000000000000e+01 0.000000000000000000e+00
4.071547687053680420e-01 1.972424834966659546e-01 -5.157772898674011230e-01 -5.155589580535888672e-01 -4.284947967529296875e+01 0.000000000000000000e+00 -1.773710548877716064e-02 0.000000000000000000e+00 5.000000000000000000e+01 0.000000000000000000e+00
4.071547687053680420e-01 1.972424834966659546e-01 -5.157772898674011230e-01 -5.155589580535888672e-01 -4.284947967529296875e+01 0.000000000000000000e+00 -1.773710548877716064e-02 0.000000000000000000e+00 5.000000000000000000e+01 0.000000000000000000e+00
4.071547687053680420e-01 1.972424834966659546e-01 -5.157772898674011230e-01 -5.155589580535888672e-01 -4.284947967529296875e+01 0.000000000000000000e+00 -1.773710548877716064e-02 0.000000000000000000e+00 5.000000000000000000e+01 0.000000000000000000e+00
4.071547687053680420e-01 1.972424834966659546e-01 -5.157772898674011230e-01 -5.155589580535888672e-01 -4.284947967529296875e+01 0.000000000000000000e+00 -1.773710548877716064e-02 0.000000000000000000e+00 5.000000000000000000e+01 0.000000000000000000e+00
4.071547687053680420e-01 1.972424834966659546e-01 -5.157772898674011230e-01 -5.155589580535888672e-01 -4.284947967529296875e+01 0.000000000000000000e+00 -1.773710548877716064e-02 0.000000000000000000e+00 5.000000000000000000e+01 0.000000000000000000e+00
4.071547687053680420e-01 1.972424834966659546e-01 -5.157772898674011230e-01 -5.155589580535888672e-01 -4.284947967529296875e+01 0.000000000000000000e+00 -1.773710548877716064e-02 0.000000000000000000e+00 5.000000000000000000e+01 0.000000000000000000e+00
4.071547687053680420e-01 1.972424834966659546e-01 -5.157772898674011230e-01 -5.155589580535888672e-01 -4.284947967529296875e+01 0.000000000000000000e+00 -1.773710548877716064e-02 0.000000000000000000e+00 5.000000000000000000e+01 0.000000000000000000e+00
4.071547687053680420e-01 1.972424834966659546e-01 -5.157772898674011230e-01 -5.155589580535888672e-01 -4.284947967529296875e+01 0.000000000000000000e+00 -1.773710548877716064e-02 0.000000000000000000e+00 5.000000000000000000e+01 0.000000000000000000e+00
4.071547687053680420e-01 1.972424834966659546e-01 -5.157772898674011230e-01 -5.155589580535888672e-01 -4.284947967529296875e+01 0.000000000000000000e+00 -1.773710548877716064e-02 0.000000000000000000e+00 5.000000000000000000e+01 0.000000000000000000e+00
4.071547687053680420e-01 1.972424834966659546e-01 -5.157772898674011230e-01 -5.155589580535888672e-01 -4.284947967529296875e+01 0.000000000000000000e+00 -1.773710548877716064e-02 0.000000000000000000e+00 5.000000000000000000e+01 0.000000000000000000e+00
4.071547687053680420e-01 1.972424834966659546e-01 -5.157772898674011230e-01 -5.155589580535888672e-01 -4.284947967529296875e+01 0.000000000000000000e+00 -1.773710548877716064e-02 0.000000000000000000e+00 5.000000000000000000e+01 0.000000000000000000e+00
4.071547687053680420e-01 1.972424834966659546e-01 -5.157772898674011230e-01 -5.155589580535888672e-01 -4.284947967529296875e+01 0.000000000000000000e+00 -1.773710548877716064e-02 0.000000000000000000e+00 5.000000000000000000e+01 0.000000000000000000e+00
4.071547687053680420e-01 1.972424834966659546e-01 -5.157772898674011230e-01 -5.155589580535888672e-01 -4.284947967529296875e+01 0.000000000000000000e+00 -1.773710548877716064e-02 0.000000000000000000e+00 5.000000000000000000e+01 0.000000000000000000e+00
4.071547687053680420e-01 1.972424834966659546e-01 -5.157772898674011230e-01 -5.155589580535888672e-01 -4.284947967529296875e+01 0.000000000000000000e+00 -1.773710548877716064e-02 0.000000000000000000e+00 5.000000000000000000e+01 0.000000000000000000e+00
4.071547687053680420e-01 1.972424834966659546e-01 -5.157772898674011230e-01 -5.155589580535888672e-01 -4.284947967529296875e+01 0.000000000000000000e+00 -1.773710548877716064e-02 0.000000000000000000e+00 5.000000000000000000e+01 0.000000000000000000e+00
4.071547687053680420e-01 1.972424834966659546e-01 -5.157772898674011230e-01 -5.155589580535888672e-01 -4.284947967529296875e+01 0.000000000000000000e+00 -1.773710548877716064e-02 0.000000000000000000e+00 5.000000000000000000e+01 0.000000000000000000e+00
4.071547687053680420e-01 1.972424834966659546e-01 -5.157772898674011230e-01 -5.155589580535888672e-01 -4.284947967529296875e+01 0.000000000000000000e+00 -1.773710548877716064e-02 0.000000000000000000e+00 5.000000000000000000e+01 0.000000000000000000e+00
4.071547687053680420e-01 1.972424834966659546e-01 -5.157772898674011230e-01 -5.155589580535888672e-01 -4.284947967529296875e+01 0.000000000000000000e+00 -1.773710548877716064e-02 0.000000000000000000e+00 5.000000000000000000e+01 0.000000000000000000e+00
4.071547687053680420e-01 1.972424834966659546e-01 -5.157772898674011230e-01 -5.155589580535888672e-01 -4.284947967529296875e+01 0.000000000000000000e+00 -1.773710548877716064e-02 0.000000000000000000e+00 5.000000000000000000e+01 0.000000000000000000e+00
4.071547687053680420e-01 1.972424834966659546e-01 -5.157772898674011230e-01 -5.155589580535888672e-01 -4.284947967529296875e+01 0.000000000000000000e+00 -1.773710548877716064e-02 0.000000000000000000e+00 5.000000000000000000e+01 0.000000000000000000e+00
4.071547687053680420e-01 1.972424834966659546e-01 -5.157772898674011230e-01 -5.155589580535888672e-01 -4.284947967529296875e+01 0.000000000000000000e+00 -1.773710548877716064e-02 0.000000000000000000e+00 5.000000000000000000e+01 0.000000000000000000e+00
4.071547687053680420e-01 1.972424834966659546e-01 -5.157772898674011230e-01 -5.155589580535888672e-01 -4.284947967529296875e+01 0.000000000000000000e+00 -1.773710548877716064e-02 0.000000000000000000e+00 5.000000000000000000e+01 0.000000000000000000e+00
4.071547687053680420e-01 1.972424834966659546e-01 -5.157772898674011230e-01 -5.155589580535888672e-01 -4.284947967529296875e+01 0.000000000000000000e+00 -1.773710548877716064e-02 0.000000000000000000e+00 5.000000000000000000e+01 0.000000000000000000e+00
4.071547687053680420e-01 1.972424834966659546e-01 -5.157772898674011230e-01 -5.155589580535888672e-01 -4.284947967529296875e+01 0.000000000000000000e+00 -1.773710548877716064e-02 0.000000000000000000e+00 5.000000000000000000e+01 0.000000000000000000e+00
4.071547687053680420e-01 1.972424834966659546e-01 -5.157772898674011230e-01 -5.155589580535888672e-01 -4.284947967529296875e+01 0.000000000000000000e+00 -1.773710548877716064e-02 0.000000000000000000e+00 5.000000000000000000e+01 0.000000000000000000e+00
4.071547687053680420e-01 1.972424834966659546e-01 -5.157772898674011230e-01 -5.155589580535888672e-01 -4.284947967529296875e+01 0.000000000000000000e+00 -1.773710548877716064e-02 0.000000000000000000e+00 5.000000000000000000e+01 0.000000000000000000e+00
4.071547687053680420e-01 1.972424834966659546e-01 -5.157772898674011230e-01 -5.155589580535888672e-01 -4.284947967529296875e+01 0.000000000000000000e+00 -1.773710548877716064e-02 0.000000000000000000e+00 5.000000000000000000e+01 0.000000000000000000e+00
4.071547687053680420e-01 1.972424834966659546e-01 -5.157772898674011230e-01 -5.155589580535888672e-01 -4.284947967529296875e+01 0.000000000000000000e+00 -1.773710548877716064e-02 0.000000000000000000e+00 5.000000000000000000e+01 0.000000000000000000e+00
