4.283738732337951660e-01 3.946530818939208984e-01 -8.864351361989974976e-02 -7.871813327074050903e-02 -3.857161712646484375e+01 -2.713787794113159180e+00 -1.596632786095142365e-02 -3.017740789800882339e-03 6.500000000000000000e+01 1.500000000000000000e+01
4.283738732337951660e-01 3.938120305538177490e-01 -9.049955010414123535e-02 -8.068148791790008545e-02 -3.782577514648437500e+01 -1.967947959899902344e+00 -1.565759442746639252e-02 -2.188364509493112564e-03 6.200000000000000000e+01 1.200000000000000000e+01
4.283738732337951660e-01 3.938120305538177490e-01 -9.049955010414123535e-02 -8.068148791790008545e-02 -3.782577514648437500e+01 -1.967947959899902344e+00 -1.565759442746639252e-02 -2.188364509493112564e-03 6.200000000000000000e+01 1.200000000000000000e+01
4.283738732337951660e-01 3.938120305538177490e-01 -9.049955010414123535e-02 -8.068148791790008545e-02 -3.782577514648437500e+01 -1.967947959899902344e+00 -1.565759442746639252e-02 -2.188364509493112564e-03 6.200000000000000000e+01 1.200000000000000000e+01
4.283738732337951660e-01 3.938120305538177490e-01 -9.049955010414123535e-02 -8.068148791790008545e-02 -3.782577514648437500e+01 -1.967947959899902344e+00 -1.565759442746639252e-02 -2.188364509493112564e-03 6.200000000000000000e+01 1.200000000000000000e+01
4.283738732337951660e-01 3.938120305538177490e-01 -9.049955010414123535e-02 -8.068148791790008545e-02 -3.782577514648437500e+01 -1.967947959899902344e+00 -1.565759442746639252e-02 -2.188364509493112564e-03 6.200000000000000000e+01 1.200000000000000000e+01
4.283738732337951660e-01 3.938120305538177490e-01 -9.049955010414123535e-02 -8.068148791790008545e-02 -3.782577514648437500e+01 -1.967947959899902344e+00 -1.565759442746639252e-02 -2.188364509493112564e-03 6.200000000000000000e+01 1.200000000000000000e+01
4.283738732337951660e-01 3.938120305538177490e-01 -9.049955010414123535e-02 -8.068148791790008545e-02 -3.782577514648437500e+01 -1.967947959899902344e+00 -1.565759442746639252e-02 -2.188364509493112564e-03 6.200000000000000000e+01 1.200000000000000000e+01
4.283738732337951660e-01 3.938120305538177490e-01 -9.049955010414123535e-02 -8.068148791790008545e-02 -3.782577514648437500e+01 -1.967947959899902344e+00 -1.565759442746639252e-02 -2.188364509493112564e-03 6.200000000000000000e+01 1.200000000000000000e+01
4.283738732337951660e-01 3.938120305538177490e-01 -9.049955010414123535e-02 -8.068148791790008545e-02 -3.782577514648437500e+01 -1.967947959899902344e+00 -1.565759442746639252e-02 -2.188364509493112564e-03 6.200000000000000000e+01 1.200000000000000000e+01
4.283738732337951660e-01 3.938120305538177490e-01 -9.049955010414123535e-02 -8.068148791790008545e-02 -3.782577514648437500e+01 -1.967947959899902344e+00 -1.565759442746639252e-02 -2.188364509493112564e-03 6.200000000000000000e+01 1.200000000000000000e+01
4.283738732337951660e-01 3.938120305538177490e-01 -9.049955010414123535e-02 -8.068148791790008545e-02 -3.782577514648437500e+01 -1.967947959899902344e+00 -1.565759442746639252e-02 -2.188364509493112564e-03 6.200000000000000000e+01 1.200000000000000000e+01
4.283738732337951660e-01 3.890930116176605225e-01 -9.988295286893844604e-02 -9.169761091470718384e-02 -3.756418228149414062e+01 -1.706353187561035156e+00 -1.554931141436100006e-02 -1.897470327094197273e-03 6.100000000000000000e+01 1.100000000000000000e+01
4.283738732337951660e-01 3.890930116176605225e-01 -9.988295286893844604e-02 -9.169761091470718384e-02 -3.756418228149414062e+01 -1.706353187561035156e+00 -1.554931141436100006e-02 -1.897470327094197273e-03 6.100000000000000000e+01 1.100000000000000000e+01
4.283738732337951660e-01 3.890930116176605225e-01 -9.988295286893844604e-02 -9.169761091470718384e-02 -3.756418228149414062e+01 -1.706353187561035156e+00 -1.554931141436100006e-02 -1.897470327094197273e-03 6.100000000000000000e+01 1.100000000000000000e+01
4.283738732337951660e-01 3.890930116176605225e-01 -9.988295286893844604e-02 -9.169761091470718384e-02 -3.756418228149414062e+01 -1.706353187561035156e+00 -1.554931141436100006e-02 -1.897470327094197273e-03 6.100000000000000000e+01 1.100000000000000000e+01
4.283738732337951660e-01 3.890930116176605225e-01 -9.988295286893844604e-02 -9.169761091470718384e-02 -3.756418228149414062e+01 -1.706353187561035156e+00 -1.554931141436100006e-02 -1.897470327094197273e-03 6.100000000000000000e+01 1.100000000000000000e+01
4.283738732337951660e-01 3.890930116176605225e-01 -9.988295286893844604e-02 -9.169761091470718384e-02 -3.756418228149414062e+01 -1.706353187561035156e+00 -1.554931141436100006e-02 -1.897470327094197273e-03 6.100000000000000000e+01 1.100000000000000000e+01
4.283738732337951660e-01 3.890930116176605225e-01 -9.988295286893844604e-02 -9.169761091470718384e-02 -3.756418228149414062e+01 -1.706353187561035156e+00 -1.554931141436100006e-02 -1.897470327094197273e-03 6.100000000000000000e+01 1.100000000000000000e+01
4.283738732337951660e-01 3.890930116176605225e-01 -9.988295286893844604e-02 -9.169761091470718384e-02 -3.756418228149414062e+01 -1.706353187561035156e+00 -1.554931141436100006e-02 -1.897470327094197273e-03 6.100000000000000000e+01 1.100000000000000000e+01
4.283738732337951660e-01 3.894018232822418213e-01 -9.913223981857299805e-02 -9.097672253847122192e-02 -3.748631286621093750e+01 -1.628485321998596191e+00 -1.551707834005355835e-02 -1.810880959965288639e-03 6.000000000000000000e+01 1.000000000000000000e+01
4.283738732337951660e-01 3.876964151859283447e-01 -1.028122380375862122e-01 -9.495784342288970947e-02 -3.709355545043945312e+01 -1.235725522041320801e+00 -1.535450015217065811e-02 -1.374130835756659508e-03 5.900000000000000000e+01 9.000000000000000000e+00
4.283738732337951660e-01 3.859292566776275635e-01 -1.072472035884857178e-01 -9.908311069011688232e-02 -3.650447845458984375e+01 -6.466512680053710938e-01 -1.511065755039453506e-02 -7.190782926045358181e-04 5.700000000000000000e+01 7.000000000000000000e+00
4.283738732337951660e-01 3.859292566776275635e-01 -1.072472035884857178e-01 -9.908311069011688232e-02 -3.650447845458984375e+01 -6.466512680053710938e-01 -1.511065755039453506e-02 -7.190782926045358181e-04 5.700000000000000000e+01 7.000000000000000000e+00
4.283738732337951660e-01 3.853924572467803955e-01 -1.083339005708694458e-01 -1.003362238407135010e-01 -3.624759674072265625e+01 -3.897643685340881348e-01 -1.500432379543781281e-02 -4.334192490205168724e-04 5.600000000000000000e+01 6.000000000000000000e+00
4.283738732337951660e-01 3.853924572467803955e-01 -1.083339005708694458e-01 -1.003362238407135010e-01 -3.624759674072265625e+01 -3.897643685340881348e-01 -1.500432379543781281e-02 -4.334192490205168724e-04 5.600000000000000000e+01 6.000000000000000000e+00
4.283738732337951660e-01 3.890126645565032959e-01 -9.953238070011138916e-02 -9.188517928123474121e-02 -3.610223388671875000e+01 -2.444033026695251465e-01 -1.494415290653705597e-02 -2.717772731557488441e-04 5.500000000000000000e+01 5.000000000000000000e+00
4.283738732337951660e-01 3.890126645565032959e-01 -9.953238070011138916e-02 -9.188517928123474121e-02 -3.610223388671875000e+01 -2.444033026695251465e-01 -1.494415290653705597e-02 -2.717772731557488441e-04 5.500000000000000000e+01 5.000000000000000000e+00
4.283738732337951660e-01 3.890126645565032959e-01 -9.953238070011138916e-02 -9.188517928123474121e-02 -3.610223388671875000e+01 -2.444033026695251465e-01 -1.494415290653705597e-02 -2.717772731557488441e-04 5.500000000000000000e+01 5.000000000000000000e+00
4.283738732337951660e-01 3.886542022228240967e-01 -1.003966704010963440e-01 -9.272197633981704712e-02 -3.598523330688476562e+01 -1.274024844169616699e-01 -1.489572133868932724e-02 -1.416719751432538033e-04 5.400000000000000000e+01 4.000000000000000000e+00
4.283738732337951660e-01 3.886542022228240967e-01 -1.003966704010963440e-01 -9.272197633981704712e-02 -3.598523330688476562e+01 -1.274024844169616699e-01 -1.489572133868932724e-02 -1.416719751432538033e-04 5.400000000000000000e+01 4.000000000000000000e+00
4.283738732337951660e-01 3.875825703144073486e-01 -1.030297279357910156e-01 -9.522359818220138550e-02 -3.593453979492187500e+01 -7.671129703521728516e-02 -1.487473677843809128e-02 -8.530321065336465836e-05 5.300000000000000000e+01 3.000000000000000000e+00
4.283738732337951660e-01 3.875825703144073486e-01 -1.030297279357910156e-01 -9.522359818220138550e-02 -3.593453979492187500e+01 -7.671129703521728516e-02 -1.487473677843809128e-02 -8.530321065336465836e-05 5.300000000000000000e+01 3.000000000000000000e+00
4.283738732337951660e-01 3.875825703144073486e-01 -1.030297279357910156e-01 -9.522359818220138550e-02 -3.593453979492187500e+01 -7.671129703521728516e-02 -1.487473677843809128e-02 -8.530321065336465836e-05 5.300000000000000000e+01 3.000000000000000000e+00
4.283738732337951660e-01 3.875825703144073486e-01 -1.030297279357910156e-01 -9.522359818220138550e-02 -3.593453979492187500e+01 -7.671129703521728516e-02 -1.487473677843809128e-02 -8.530321065336465836e-05 5.300000000000000000e+01 3.000000000000000000e+00
4.283738732337951660e-01 3.875825703144073486e-01 -1.030297279357910156e-01 -9.522359818220138550e-02 -3.593453979492187500e+01 -7.671129703521728516e-02 -1.487473677843809128e-02 -8.530321065336465836e-05 5.300000000000000000e+01 3.000000000000000000e+00
4.283738732337951660e-01 3.875825703144073486e-01 -1.030297279357910156e-01 -9.522359818220138550e-02 -3.593453979492187500e+01 -7.671129703521728516e-02 -1.487473677843809128e-02 -8.530321065336465836e-05 5.300000000000000000e+01 3.000000000000000000e+00
4.283738732337951660e-01 3.875825703144073486e-01 -1.030297279357910156e-01 -9.522359818220138550e-02 -3.593453979492187500e+01 -7.671129703521728516e-02 -1.487473677843809128e-02 -8.530321065336465836e-05 5.300000000000000000e+01 3.000000000000000000e+00
4.283738732337951660e-01 3.858997225761413574e-01 -1.071210280060768127e-01 -9.915205836296081543e-02 -3.588433074951171875e+01 -2.649879455566406250e-02 -1.485395338386297226e-02 -2.946674612758215517e-05 5.200000000000000000e+01 2.000000000000000000e+00
4.283738732337951660e-01 3.828494250774383545e-01 -1.141650900244712830e-01 -1.062726974487304688e-01 -3.585796356201171875e+01 -1.313686370849609375e-04 -1.484303921461105347e-02 -1.460823568777414039e-07 5.100000000000000000e+01 1.000000000000000000e+00
4.283738732337951660e-01 3.828494250774383545e-01 -1.141650900244712830e-01 -1.062726974487304688e-01 -3.585796356201171875e+01 -1.313686370849609375e-04 -1.484303921461105347e-02 -1.460823568777414039e-07 5.100000000000000000e+01 1.000000000000000000e+00
4.283738732337951660e-01 3.828494250774383545e-01 -1.141650900244712830e-01 -1.062726974487304688e-01 -3.585796356201171875e+01 -1.313686370849609375e-04 -1.484303921461105347e-02 -1.460823568777414039e-07 5.100000000000000000e+01 1.000000000000000000e+00
4.283738732337951660e-01 3.828494250774383545e-01 -1.141650900244712830e-01 -1.062726974487304688e-01 -3.585796356201171875e+01 -1.313686370849609375e-04 -1.484303921461105347e-02 -1.460823568777414039e-07 5.100000000000000000e+01 1.000000000000000000e+00
4.283738732337951660e-01 3.828494250774383545e-01 -1.141650900244712830e-01 -1.062726974487304688e-01 -3.585796356201171875e+01 -1.313686370849609375e-04 -1.484303921461105347e-02 -1.460823568777414039e-07 5.100000000000000000e+01 1.000000000000000000e+00
4.283738732337951660e-01 3.828494250774383545e-01 -1.141650900244712830e-01 -1.062726974487304688e-01 -3.585796356201171875e+01 -1.313686370849609375e-04 -1.484303921461105347e-02 -1.460823568777414039e-07 5.100000000000000000e+01 1.000000000000000000e+00
4.283738732337951660e-01 3.828494250774383545e-01 -1.141650900244712830e-01 -1.062726974487304688e-01 -3.585796356201171875e+01 -1.313686370849609375e-04 -1.484303921461105347e-02 -1.460823568777414039e-07 5.100000000000000000e+01 1.000000000000000000e+00
4.283738732337951660e-01 3.828494250774383545e-01 -1.141650900244712830e-01 -1.062726974487304688e-01 -3.585796356201171875e+01 -1.313686370849609375e-04 -1.484303921461105347e-02 -1.460823568777414039e-07 5.100000000000000000e+01 1.000000000000000000e+00
4.283738732337951660e-01 3.828494250774383545e-01 -1.141650900244712830e-01 -1.062726974487304688e-01 -3.585796356201171875e+01 -1.313686370849609375e-04 -1.484303921461105347e-02 -1.460823568777414039e-07 5.100000000000000000e+01 1.000000000000000000e+00
4.283738732337951660e-01 3.828494250774383545e-01 -1.141650900244712830e-01 -1.062726974487304688e-01 -3.585796356201171875e+01 -1.313686370849609375e-04 -1.484303921461105347e-02 -1.460823568777414039e-07 5.100000000000000000e+01 1.000000000000000000e+00
4.283738732337951660e-01 3.828494250774383545e-01 -1.141650900244712830e-01 -1.062726974487304688e-01 -3.585796356201171875e+01 -1.313686370849609375e-04 -1.484303921461105347e-02 -1.460823568777414039e-07 5.100000000000000000e+01 1.000000000000000000e+00
4.283738732337951660e-01 3.828494250774383545e-01 -1.141650900244712830e-01 -1.062726974487304688e-01 -3.585796356201171875e+01 -1.313686370849609375e-04 -1.484303921461105347e-02 -1.460823568777414039e-07 5.100000000000000000e+01 1.000000000000000000e+00
4.283738732337951660e-01 3.828494250774383545e-01 -1.141650900244712830e-01 -1.062726974487304688e-01 -3.585796356201171875e+01 -1.313686370849609375e-04 -1.484303921461105347e-02 -1.460823568777414039e-07 5.100000000000000000e+01 1.000000000000000000e+00
4.283738732337951660e-01 3.828494250774383545e-01 -1.141650900244712830e-01 -1.062726974487304688e-01 -3.585796356201171875e+01 -1.313686370849609375e-04 -1.484303921461105347e-02 -1.460823568777414039e-07 5.100000000000000000e+01 1.000000000000000000e+00
4.283738732337951660e-01 3.828494250774383545e-01 -1.141650900244712830e-01 -1.062726974487304688e-01 -3.585796356201171875e+01 -1.313686370849609375e-04 -1.484303921461105347e-02 -1.460823568777414039e-07 5.100000000000000000e+01 1.000000000000000000e+00
4.283738732337951660e-01 3.834952116012573242e-01 -1.126014888286590576e-01 -1.047651693224906921e-01 -3.585783004760742188e+01 0.000000000000000000e+00 -1.484298426657915115e-02 0.000000000000000000e+00 5.000000000000000000e+01 0.000000000000000000e+00
4.283738732337951660e-01 3.834952116012573242e-01 -1.126014888286590576e-01 -1.047651693224906921e-01 -3.585783004760742188e+01 0.000000000000000000e+00 -1.484298426657915115e-02 0.000000000000000000e+00 5.000000000000000000e+01 0.000000000000000000e+00
4.283738732337951660e-01 3.834952116012573242e-01 -1.126014888286590576e-01 -1.047651693224906921e-01 -3.585783004760742188e+01 0.000000000000000000e+00 -1.484298426657915115e-02 0.000000000000000000e+00 5.000000000000000000e+01 0.000000000000000000e+00
4.283738732337951660e-01 3.834952116012573242e-01 -1.126014888286590576e-01 -1.047651693224906921e-01 -3.585783004760742188e+01 0.000000000000000000e+00 -1.484298426657915115e-02 0.000000000000000000e+00 5.000000000000000000e+01 0.000000000000000000e+00
4.283738732337951660e-01 3.834952116012573242e-01 -1.126014888286590576e-01 -1.047651693224906921e-01 -3.585783004760742188e+01 0.000000000000000000e+00 -1.484298426657915115e-02 0.000000000000000000e+00 5.000000000000000000e+01 0.000000000000000000e+00
4.283738732337951660e-01 3.834952116012573242e-01 -1.126014888286590576e-01 -1.047651693224906921e-01 -3.585783004760742188e+01 0.000000000000000000e+00 -1.484298426657915115e-02 0.000000000000000000e+00 5.000000000000000000e+01 0.000000000000000000e+00
4.283738732337951660e-01 3.834952116012573242e-01 -1.126014888286590576e-01 -1.047651693224906921e-01 -3.585783004760742188e+01 0.000000000000000000e+00 -1.484298426657915115e-02 0.000000000000000000e+00 5.000000000000000000e+01 0.000000000000000000e+00
4.283738732337951660e-01 3.834952116012573242e-01 -1.126014888286590576e-01 -1.047651693224906921e-01 -3.585783004760742188e+01 0.000000000000000000e+00 -1.484298426657915115e-02 0.000000000000000000e+00 5.000000000000000000e+01 0.000000000000000000e+00
4.283738732337951660e-01 3.834952116012573242e-01 -1.126014888286590576e-01 -1.047651693224906921e-01 -3.585783004760742188e+01 0.000000000000000000e+00 -1.484298426657915115e-02 0.000000000000000000e+00 5.000000000000000000e+01 0.000000000000000000e+00
4.283738732337951660e-01 3.834952116012573242e-01 -1.126014888286590576e-01 -1.047651693224906921e-01 -3.585783004760742188e+01 0.000000000000000000e+00 -1.484298426657915115e-02 0.000000000000000000e+00 5.000000000000000000e+01 0.000000000000000000e+00
4.283738732337951660e-01 3.834952116012573242e-01 -1.126014888286590576e-01 -1.047651693224906921e-01 -3.585783004760742188e+01 0.000000000000000000e+00 -1.484298426657915115e-02 0.000000000000000000e+00 5.000000000000000000e+01 0.000000000000000000e+00
4.283738732337951660e-01 3.834952116012573242e-01 -1.126014888286590576e-01 -1.047651693224906921e-01 -3.585783004760742188e+01 0.000000000000000000e+00 -1.484298426657915115e-02 0.000000000000000000e+00 5.000000000000000000e+01 0.000000000000000000e+00
4.283738732337951660e-01 3.834952116012573242e-01 -1.126014888286590576e-01 -1.047651693224906921e-01 -3.585783004760742188e+01 0.000000000000000000e+00 -1.484298426657915115e-02 0.000000000000000000e+00 5.000000000000000000e+01 0.000000000000000000e+00
4.283738732337951660e-01 3.834952116012573242e-01 -1.126014888286590576e-01 -1.047651693224906921e-01 -3.585783004760742188e+01 0.000000000000000000e+00 -1.484298426657915115e-02 0.000000000000000000e+00 5.000000000000000000e+01 0.000000000000000000e+00
4.283738732337951660e-01 3.834952116012573242e-01 -1.126014888286590576e-01 -1.047651693224906921e-01 -3.585783004760742188e+01 0.000000000000000000e+00 -1.484298426657915115e-02 0.000000000000000000e+00 5.000000000000000000e+01 0.000000000000000000e+00
4.283738732337951660e-01 3.834952116012573242e-01 -1.126014888286590576e-01 -1.047651693224906921e-01 -3.585783004760742188e+01 0.000000000000000000e+00 -1.484298426657915115e-02 0.000000000000000000e+00 5.000000000000000000e+01 0.000000000000000000e+00
4.283738732337951660e-01 3.834952116012573242e-01 -1.126014888286590576e-01 -1.047651693224906921e-01 -3.585783004760742188e+01 0.000000000000000000e+00 -1.484298426657915115e-02 0.000000000000000000e+00 5.000000000000000000e+01 0.000000000000000000e+00
4.283738732337951660e-01 3.834952116012573242e-01 -1.126014888286590576e-01 -1.047651693224906921e-01 -3.585783004760742188e+01 0.000000000000000000e+00 -1.484298426657915115e-02 0.000000000000000000e+00 5.000000000000000000e+01 0.000000000000000000e+00
4.283738732337951660e-01 3.834952116012573242e-01 -1.126014888286590576e-01 -1.047651693224906921e-01 -3.585783004760742188e+01 0.000000000000000000e+00 -1.484298426657915115e-02 0.000000000000000000e+00 5.000000000000000000e+01 0.000000000000000000e+00
4.283738732337951660e-01 3.834952116012573242e-01 -1.126014888286590576e-01 -1.047651693224906921e-01 -3.585783004760742188e+01 0.000000000000000000e+00 -1.484298426657915115e-02 0.000000000000000000e+00 5.000000000000000000e+01 0.000000000000000000e+00
4.283738732337951660e-01 3.834952116012573242e-01 -1.126014888286590576e-01 -1.047651693224906921e-01 -3.585783004760742188e+01 0.000000000000000000e+00 -1.484298426657915115e-02 0.000000000000000000e+00 5.000000000000000000e+01 0.000000000000000000e+00
4.283738732337951660e-01 3.834952116012573242e-01 -1.126014888286590576e-01 -1.047651693224906921e-01 -3.585783004760742188e+01 0.000000000000000000e+00 -1.484298426657915115e-02 0.000000000000000000e+00 5.000000000000000000e+01 0.000000000000000000e+00
4.283738732337951660e-01 3.834952116012573242e-01 -1.126014888286590576e-01 -1.047651693224906921e-01 -3.585783004760742188e+01 0.000000000000000000e+00 -1.484298426657915115e-02 0.000000000000000000e+00 5.000000000000000000e+01 0.000000000000000000e+00
4.283738732337951660e-01 3.834952116012573242e-01 -1.126014888286590576e-01 -1.047651693224906921e-01 -3.585783004760742188e+01 0.000000000000000000e+00 -1.484298426657915115e-02 0.000000000000000000e+00 5.000000000000000000e+01 0.000000000000000000e+00
4.283738732337951660e-01 3.834952116012573242e-01 -1.126014888286590576e-01 -1.047651693224906921e-01 -3.585783004760742188e+01 0.000000000000000000e+00 -1.484298426657915115e-02 0.000000000000000000e+00 5.000000000000000000e+01 0.000000000000000000e+00
4.283738732337951660e-01 3.834952116012573242e-01 -1.126014888286590576e-01 -1.047651693224906921e-01 -3.585783004760742188e+01 0.000000000000000000e+00 -1.484298426657915115e-02 0.000000000000000000e+00 5.000000000000000000e+01 0.000000000000000000e+00
4.283738732337951660e-01 3.834952116012573242e-01 -1.126014888286590576e-01 -1.047651693224906921e-01 -3.585783004760742188e+01 0.000000000000000000e+00 -1.484298426657915115e-02 0.000000000000000000e+00 5.000000000000000000e+01 0.000000000000000000e+00
4.283738732337951660e-01 3.834952116012573242e-01 -1.126014888286590576e-01 -1.047651693224906921e-01 -3.585783004760742188e+01 0.000000000000000000e+00 -1.484298426657915115e-02 0.000000000000000000e+00 5.000000000000000000e+01 0.000000000000000000e+00
4.283738732337951660e-01 3.834952116012573242e-01 -1.126014888286590576e-01 -1.047651693224906921e-01 -3.585783004760742188e+01 0.000000000000000000e+00 -1.484298426657915115e-02 0.000000000000000000e+00 5.000000000000000000e+01 0.000000000000000000e+00
4.283738732337951660e-01 3.834952116012573242e-01 -1.126014888286590576e-01 -1.047651693224906921e-01 -3.585783004760742188e+01 0.000000000000000000e+00 -1.484298426657915115e-02 0.000000000000000000e+00 5.000000000000000000e+01 0.000000000000000000e+00
4.283738732337951660e-01 3.834952116012573242e-01 -1.126014888286590576e-01 -1.047651693224906921e-01 -3.585783004760742188e+01 0.000000000000000000e+00 -1.484298426657915115e-02 0.000000000000000000e+00 5.000000000000000000e+01 0.000000000000000000e+00
4.283738732337951660e-01 3.834952116012573242e-01 -1.126014888286590576e-01 -1.047651693224906921e-01 -3.585783004760742188e+01 0.000000000000000000e+00 -1.484298426657915115e-02 0.000000000000000000e+00 5.000000000000000000e+01 0.000000000000000000e+00
4.283738732337951660e-01 3.834952116012573242e-01 -1.126014888286590576e-01 -1.047651693224906921e-01 -3.585783004760742188e+01 0.000000000000000000e+00 -1.484298426657915115e-02 0.000000000000000000e+00 5.000000000000000000e+01 0.000000000000000000e+00
4.283738732337951660e-01 3.834952116012573242e-01 -1.126014888286590576e-01 -1.047651693224906921e-01 -3.585783004760742188e+01 0.000000000000000000e+00 -1.484298426657915115e-02 0.000000000000000000e+00 5.000000000000000000e+01 0.000000000000000000e+00
4.283738732337951660e-01 3.834952116012573242e-01 -1.126014888286590576e-01 -1.047651693224906921e-01 -3.585783004760742188e+01 0.000000000000000000e+00 -1.484298426657915115e-02 0.000000000000000000e+00 5.000000000000000000e+01 0.000000000000000000e+00
4.283738732337951660e-01 3.834952116012573242e-01 -1.126014888286590576e-01 -1.047651693224906921e-01 -3.585783004760742188e+01 0.000000000000000000e+00 -1.484298426657915115e-02 0.000000000000000000e+00 5.000000000000000000e+01 0.000000000000000000e+00
4.283738732337951660e-01 3.834952116012573242e-01 -1.126014888286590576e-01 -1.047651693224906921e-01 -3.585783004760742188e+01 0.000000000000000000e+00 -1.484298426657915115e-02 0.000000000000000000e+00 5.000000000000000000e+01 0.000000000000000000e+00
