4.197521805763244629e-01 2.518161833286285400e-01 -4.107435643672943115e-01 -4.000836908817291260e-01 -4.218090820312500000e+01 -1.804639816284179688e+01 -1.746035739779472351e-02 -1.462459284812211990e-02 1.450000000000000000e+02 9.500000000000000000e+01
4.197521805763244629e-01 2.825760543346405029e-01 -3.413660228252410889e-01 -3.268026411533355713e-01 -3.485091018676757812e+01 -1.071640014648437500e+01 -1.442618016153573990e-02 -8.684447035193443298e-03 1.180000000000000000e+02 6.800000000000000000e+01
4.197521805763244629e-01 2.852025032043457031e-01 -3.355536460876464844e-01 -3.205455243587493896e-01 -3.404399108886718750e+01 -9.909479141235351562e+00 -1.409216411411762238e-02 -8.030528202652931213e-03 1.150000000000000000e+02 6.500000000000000000e+01
4.197521805763244629e-01 2.853258252143859863e-01 -3.349392712116241455e-01 -3.202517032623291016e-01 -3.371642303466796875e+01 -9.581912994384765625e+00 -1.395657006651163101e-02 -7.765071932226419449e-03 1.130000000000000000e+02 6.300000000000000000e+01
4.197521805763244629e-01 2.859012782573699951e-01 -3.333999514579772949e-01 -3.188807666301727295e-01 -3.354986190795898438e+01 -9.415351867675781250e+00 -1.388762425631284714e-02 -7.630092557519674301e-03 1.120000000000000000e+02 6.200000000000000000e+01
4.197521805763244629e-01 2.821928858757019043e-01 -3.424594104290008545e-01 -3.277154862880706787e-01 -3.311613082885742188e+01 -8.981622695922851562e+00 -1.370808575302362442e-02 -7.278603501617908478e-03 1.110000000000000000e+02 6.100000000000000000e+01
4.197521805763244629e-01 2.819638848304748535e-01 -3.429712951183319092e-01 -3.282610476016998291e-01 -3.304930114746093750e+01 -8.914791107177734375e+00 -1.368042174726724625e-02 -7.224443834275007248e-03 1.100000000000000000e+02 6.000000000000000000e+01
4.197521805763244629e-01 2.819638848304748535e-01 -3.429712951183319092e-01 -3.282610476016998291e-01 -3.304930114746093750e+01 -8.914791107177734375e+00 -1.368042174726724625e-02 -7.224443834275007248e-03 1.100000000000000000e+02 6.000000000000000000e+01
4.197521805763244629e-01 2.819638848304748535e-01 -3.429712951183319092e-01 -3.282610476016998291e-01 -3.304930114746093750e+01 -8.914791107177734375e+00 -1.368042174726724625e-02 -7.224443834275007248e-03 1.100000000000000000e+02 6.000000000000000000e+01
4.197521805763244629e-01 2.823075056076049805e-01 -3.423104286193847656e-01 -3.274424374103546143e-01 -3.293400573730468750e+01 -8.799498558044433594e+00 -1.363269705325365067e-02 -7.131012156605720520e-03 1.100000000000000000e+02 6.000000000000000000e+01
4.197521805763244629e-01 2.823075056076049805e-01 -3.423104286193847656e-01 -3.274424374103546143e-01 -3.293400573730468750e+01 -8.799498558044433594e+00 -1.363269705325365067e-02 -7.131012156605720520e-03 1.100000000000000000e+02 6.000000000000000000e+01
4.197521805763244629e-01 3.036363422870635986e-01 -2.931256294250488281e-01 -2.766295075416564941e-01 -2.952590560913085938e+01 -5.391396045684814453e+00 -1.222194824367761612e-02 -4.369125235825777054e-03 9.700000000000000000e+01 4.700000000000000000e+01
4.197521805763244629e-01 3.036363422870635986e-01 -2.931256294250488281e-01 -2.766295075416564941e-01 -2.952590560913085938e+01 -5.391396045684814453e+00 -1.222194824367761612e-02 -4.369125235825777054e-03 9.700000000000000000e+01 4.700000000000000000e+01
4.197521805763244629e-01 3.044246435165405273e-01 -2.909937202930450439e-01 -2.747514843940734863e-01 -2.829715728759765625e+01 -4.162647247314453125e+00 -1.171332038938999176e-02 -3.373361425474286079e-03 8.900000000000000000e+01 3.900000000000000000e+01
4.197521805763244629e-01 3.050772547721862793e-01 -2.896135747432708740e-01 -2.731967270374298096e-01 -2.828259468078613281e+01 -4.148085594177246094e+00 -1.170729193836450577e-02 -3.361560869961977005e-03 8.900000000000000000e+01 3.900000000000000000e+01
4.197521805763244629e-01 3.072786331176757812e-01 -2.843740284442901611e-01 -2.679522633552551270e-01 -2.814815521240234375e+01 -4.013647556304931641e+00 -1.165164262056350708e-02 -3.252613823860883713e-03 8.800000000000000000e+01 3.800000000000000000e+01
4.197521805763244629e-01 3.081211149692535400e-01 -2.822672426700592041e-01 -2.659451663494110107e-01 -2.813301467895507812e+01 -3.998505830764770508e+00 -1.164537481963634491e-02 -3.240343183279037476e-03 8.800000000000000000e+01 3.800000000000000000e+01
4.197521805763244629e-01 3.081211149692535400e-01 -2.822672426700592041e-01 -2.659451663494110107e-01 -2.813301467895507812e+01 -3.998505830764770508e+00 -1.164537481963634491e-02 -3.240343183279037476e-03 8.800000000000000000e+01 3.800000000000000000e+01
4.197521805763244629e-01 3.081211149692535400e-01 -2.822672426700592041e-01 -2.659451663494110107e-01 -2.813301467895507812e+01 -3.998505830764770508e+00 -1.164537481963634491e-02 -3.240343183279037476e-03 8.800000000000000000e+01 3.800000000000000000e+01
4.197521805763244629e-01 3.087241947650909424e-01 -2.796888053417205811e-01 -2.645084261894226074e-01 -2.714390563964843750e+01 -3.009396076202392578e+00 -1.123594399541616440e-02 -2.438779920339584351e-03 7.800000000000000000e+01 2.800000000000000000e+01
4.197521805763244629e-01 3.120013773441314697e-01 -2.716643810272216797e-01 -2.567009925842285156e-01 -2.686161422729492188e+01 -2.727103471755981445e+00 -1.111909188330173492e-02 -2.210013335570693016e-03 7.600000000000000000e+01 2.600000000000000000e+01
4.197521805763244629e-01 3.110643923282623291e-01 -2.736068665981292725e-01 -2.589332163333892822e-01 -2.681428718566894531e+01 -2.679777860641479492e+00 -1.109950151294469833e-02 -2.171661006286740303e-03 7.600000000000000000e+01 2.600000000000000000e+01
4.197521805763244629e-01 3.092905282974243164e-01 -2.773559987545013428e-01 -2.631592154502868652e-01 -2.681287765502929688e+01 -2.678368091583251953e+00 -1.109891757369041443e-02 -2.170518739148974419e-03 7.600000000000000000e+01 2.600000000000000000e+01
4.197521805763244629e-01 3.105916380882263184e-01 -2.742093205451965332e-01 -2.600595057010650635e-01 -2.679773521423339844e+01 -2.663226127624511719e+00 -1.109264977276325226e-02 -2.158247865736484528e-03 7.600000000000000000e+01 2.600000000000000000e+01
4.197521805763244629e-01 3.105916380882263184e-01 -2.742093205451965332e-01 -2.600595057010650635e-01 -2.679773521423339844e+01 -2.663226127624511719e+00 -1.109264977276325226e-02 -2.158247865736484528e-03 7.600000000000000000e+01 2.600000000000000000e+01
4.197521805763244629e-01 3.151360750198364258e-01 -2.628881335258483887e-01 -2.492330223321914673e-01 -2.666872024536132812e+01 -2.534210681915283203e+00 -1.103924587368965149e-02 -2.053695265203714371e-03 7.500000000000000000e+01 2.500000000000000000e+01
4.197521805763244629e-01 3.173713684082031250e-01 -2.581758201122283936e-01 -2.439077496528625488e-01 -2.656030082702636719e+01 -2.425790548324584961e+00 -1.099436637014150620e-02 -1.965832663699984550e-03 7.400000000000000000e+01 2.400000000000000000e+01
4.197521805763244629e-01 3.220167160034179688e-01 -2.488709986209869385e-01 -2.328408807516098022e-01 -2.628662109375000000e+01 -2.152110099792480469e+00 -1.088107936084270477e-02 -1.744045293889939785e-03 7.200000000000000000e+01 2.200000000000000000e+01
4.197521805763244629e-01 3.205724656581878662e-01 -2.518083453178405762e-01 -2.362815886735916138e-01 -2.622575378417968750e+01 -2.091243982315063477e+00 -1.085588429123163223e-02 -1.694720005616545677e-03 7.100000000000000000e+01 2.100000000000000000e+01
4.197521805763244629e-01 3.145079612731933594e-01 -2.651036977767944336e-01 -2.507294118404388428e-01 -2.533997344970703125e+01 -1.205463409423828125e+00 -1.048922445625066757e-02 -9.768937015905976295e-04 6.700000000000000000e+01 1.700000000000000000e+01
4.197521805763244629e-01 3.071353435516357422e-01 -2.830912470817565918e-01 -2.682936191558837891e-01 -2.503853607177734375e+01 -9.040270447731018066e-01 -1.036444772034883499e-02 -7.326130871661007404e-04 6.200000000000000000e+01 1.200000000000000000e+01
4.197521805763244629e-01 3.140063285827636719e-01 -2.669151127338409424e-01 -2.519244849681854248e-01 -2.463596343994140625e+01 -5.014545917510986328e-01 -1.019780617207288742e-02 -4.063730302732437849e-04 5.900000000000000000e+01 9.000000000000000000e+00
4.197521805763244629e-01 3.140063285827636719e-01 -2.669151127338409424e-01 -2.519244849681854248e-01 -2.463596343994140625e+01 -5.014545917510986328e-01 -1.019780617207288742e-02 -4.063730302732437849e-04 5.900000000000000000e+01 9.000000000000000000e+00
4.197521805763244629e-01 3.137198686599731445e-01 -2.676805555820465088e-01 -2.526069283485412598e-01 -2.456426620483398438e+01 -4.297576546669006348e-01 -1.016812771558761597e-02 -3.482706670183688402e-04 5.800000000000000000e+01 8.000000000000000000e+00
4.197521805763244629e-01 3.137198686599731445e-01 -2.676805555820465088e-01 -2.526069283485412598e-01 -2.456426620483398438e+01 -4.297576546669006348e-01 -1.016812771558761597e-02 -3.482706670183688402e-04 5.800000000000000000e+01 8.000000000000000000e+00
4.197521805763244629e-01 3.125198483467102051e-01 -2.700921893119812012e-01 -2.554658055305480957e-01 -2.448875427246093750e+01 -3.542442321777343750e-01 -1.013687066733837128e-02 -2.870754397008568048e-04 5.700000000000000000e+01 7.000000000000000000e+00
4.197521805763244629e-01 3.156238794326782227e-01 -2.627425193786621094e-01 -2.480708956718444824e-01 -2.442326164245605469e+01 -2.887531518936157227e-01 -1.010976079851388931e-02 -2.340022329008206725e-04 5.600000000000000000e+01 6.000000000000000000e+00
4.197521805763244629e-01 3.156238794326782227e-01 -2.627425193786621094e-01 -2.480708956718444824e-01 -2.442326164245605469e+01 -2.887531518936157227e-01 -1.010976079851388931e-02 -2.340022329008206725e-04 5.600000000000000000e+01 6.000000000000000000e+00
4.197521805763244629e-01 3.227404654026031494e-01 -2.464347332715988159e-01 -2.311166375875473022e-01 -2.417865371704101562e+01 -4.414361715316772461e-02 -1.000850740820169449e-02 -3.577347888494841754e-05 5.100000000000000000e+01 1.000000000000000000e+00
4.197521805763244629e-01 3.296448886394500732e-01 -2.292172610759735107e-01 -2.146678417921066284e-01 -2.413451004028320312e+01 0.000000000000000000e+00 -9.990234859287738800e-03 0.000000000000000000e+00 5.000000000000000000e+01 0.000000000000000000e+00
4.197521805763244629e-01 3.296448886394500732e-01 -2.292172610759735107e-01 -2.146678417921066284e-01 -2.413451004028320312e+01 0.000000000000000000e+00 -9.990234859287738800e-03 0.000000000000000000e+00 5.000000000000000000e+01 0.000000000000000000e+00
4.197521805763244629e-01 3.296448886394500732e-01 -2.292172610759735107e-01 -2.146678417921066284e-01 -2.413451004028320312e+01 0.000000000000000000e+00 -9.990234859287738800e-03 0.000000000000000000e+00 5.000000000000000000e+01 0.000000000000000000e+00
4.197521805763244629e-01 3.296448886394500732e-01 -2.292172610759735107e-01 -2.146678417921066284e-01 -2.413451004028320312e+01 0.000000000000000000e+00 -9.990234859287738800e-03 0.000000000000000000e+00 5.000000000000000000e+01 0.000000000000000000e+00
4.197521805763244629e-01 3.296448886394500732e-01 -2.292172610759735107e-01 -2.146678417921066284e-01 -2.413451004028320312e+01 0.000000000000000000e+00 -9.990234859287738800e-03 0.000000000000000000e+00 5.000000000000000000e+01 0.000000000000000000e+00
4.197521805763244629e-01 3.296448886394500732e-01 -2.292172610759735107e-01 -2.146678417921066284e-01 -2.413451004028320312e+01 0.000000000000000000e+00 -9.990234859287738800e-03 0.000000000000000000e+00 5.000000000000000000e+01 0.000000000000000000e+00
4.197521805763244629e-01 3.296448886394500732e-01 -2.292172610759735107e-01 -2.146678417921066284e-01 -2.413451004028320312e+01 0.000000000000000000e+00 -9.990234859287738800e-03 0.000000000000000000e+00 5.000000000000000000e+01 0.000000000000000000e+00
4.197521805763244629e-01 3.296448886394500732e-01 -2.292172610759735107e-01 -2.146678417921066284e-01 -2.413451004028320312e+01 0.000000000000000000e+00 -9.990234859287738800e-03 0.000000000000000000e+00 5.000000000000000000e+01 0.000000000000000000e+00
4.197521805763244629e-01 3.296448886394500732e-01 -2.292172610759735107e-01 -2.146678417921066284e-01 -2.413451004028320312e+01 0.000000000000000000e+00 -9.990234859287738800e-03 0.000000000000000000e+00 5.000000000000000000e+01 0.000000000000000000e+00
4.197521805763244629e-01 3.296448886394500732e-01 -2.292172610759735107e-01 -2.146678417921066284e-01 -2.413451004028320312e+01 0.000000000000000000e+00 -9.990234859287738800e-03 0.000000000000000000e+00 5.000000000000000000e+01 0.000000000000000000e+00
4.197521805763244629e-01 3.296448886394500732e-01 -2.292172610759735107e-01 -2.146678417921066284e-01 -2.413451004028320312e+01 0.000000000000000000e+00 -9.990234859287738800e-03 0.000000000000000000e+00 5.000000000000000000e+01 0.000000000000000000e+00
4.197521805763244629e-01 3.296448886394500732e-01 -2.292172610759735107e-01 -2.146678417921066284e-01 -2.413451004028320312e+01 0.000000000000000000e+00 -9.990234859287738800e-03 0.000000000000000000e+00 5.000000000000000000e+01 0.000000000000000000e+00
4.197521805763244629e-01 3.296448886394500732e-01 -2.292172610759735107e-01 -2.146678417921066284e-01 -2.413451004028320312e+01 0.000000000000000000e+00 -9.990234859287738800e-03 0.000000000000000000e+00 5.000000000000000000e+01 0.000000000000000000e+00
4.197521805763244629e-01 3.296448886394500732e-01 -2.292172610759735107e-01 -2.146678417921066284e-01 -2.413451004028320312e+01 0.000000000000000000e+00 -9.990234859287738800e-03 0.000000000000000000e+00 5.000000000000000000e+01 0.000000000000000000e+00
4.197521805763244629e-01 3.296448886394500732e-01 -2.292172610759735107e-01 -2.146678417921066284e-01 -2.413451004028320312e+01 0.000000000000000000e+00 -9.990234859287738800e-03 0.000000000000000000e+00 5.000000000000000000e+01 0.000000000000000000e+00
4.197521805763244629e-01 3.296448886394500732e-01 -2.292172610759735107e-01 -2.146678417921066284e-01 -2.413451004028320312e+01 0.000000000000000000e+00 -9.990234859287738800e-03 0.000000000000000000e+00 5.000000000000000000e+01 0.000000000000000000e+00
4.197521805763244629e-01 3.296448886394500732e-01 -2.292172610759735107e-01 -2.146678417921066284e-01 -2.413451004028320312e+01 0.000000000000000000e+00 -9.990234859287738800e-03 0.000000000000000000e+00 5.000000000000000000e+01 0.000000000000000000e+00
4.197521805763244629e-01 3.296448886394500732e-01 -2.292172610759735107e-01 -2.146678417921066284e-01 -2.413451004028320312e+01 0.000000000000000000e+00 -9.990234859287738800e-03 0.000000000000000000e+00 5.000000000000000000e+01 0.000000000000000000e+00
4.197521805763244629e-01 3.296448886394500732e-01 -2.292172610759735107e-01 -2.146678417921066284e-01 -2.413451004028320312e+01 0.000000000000000000e+00 -9.990234859287738800e-03 0.000000000000000000e+00 5.000000000000000000e+01 0.000000000000000000e+00
4.197521805763244629e-01 3.296448886394500732e-01 -2.292172610759735107e-01 -2.146678417921066284e-01 -2.413451004028320312e+01 0.000000000000000000e+00 -9.990234859287738800e-03 0.000000000000000000e+00 5.000000000000000000e+01 0.000000000000000000e+00
4.197521805763244629e-01 3.296448886394500732e-01 -2.292172610759735107e-01 -2.146678417921066284e-01 -2.413451004028320312e+01 0.000000000000000000e+00 -9.990234859287738800e-03 0.000000000000000000e+00 5.000000000000000000e+01 0.000000000000000000e+00
4.197521805763244629e-01 3.296448886394500732e-01 -2.292172610759735107e-01 -2.146678417921066284e-01 -2.413451004028320312e+01 0.000000000000000000e+00 -9.990234859287738800e-03 0.000000000000000000e+00 5.000000000000000000e+01 0.000000000000000000e+00
4.197521805763244629e-01 3.296448886394500732e-01 -2.292172610759735107e-01 -2.146678417921066284e-01 -2.413451004028320312e+01 0.000000000000000000e+00 -9.990234859287738800e-03 0.000000000000000000e+00 5.000000000000000000e+01 0.000000000000000000e+00
4.197521805763244629e-01 3.296448886394500732e-01 -2.292172610759735107e-01 -2.146678417921066284e-01 -2.413451004028320312e+01 0.000000000000000000e+00 -9.990234859287738800e-03 0.000000000000000000e+00 5.000000000000000000e+01 0.000000000000000000e+00
4.197521805763244629e-01 3.296448886394500732e-01 -2.292172610759735107e-01 -2.146678417921066284e-01 -2.413451004028320312e+01 0.000000000000000000e+00 -9.990234859287738800e-03 0.000000000000000000e+00 5.000000000000000000e+01 0.000000000000000000e+00
4.197521805763244629e-01 3.296448886394500732e-01 -2.292172610759735107e-01 -2.146678417921066284e-01 -2.413451004028320312e+01 0.000000000000000000e+00 -9.990234859287738800e-03 0.000000000000000000e+00 5.000000000000000000e+01 0.000000000000000000e+00
4.197521805763244629e-01 3.296448886394500732e-01 -2.292172610759735107e-01 -2.146678417921066284e-01 -2.413451004028320312e+01 0.000000000000000000e+00 -9.990234859287738800e-03 0.000000000000000000e+00 5.000000000000000000e+01 0.000000000000000000e+00
4.197521805763244629e-01 3.296448886394500732e-01 -2.292172610759735107e-01 -2.146678417921066284e-01 -2.413451004028320312e+01 0.000000000000000000e+00 -9.990234859287738800e-03 0.000000000000000000e+00 5.000000000000000000e+01 0.000000000000000000e+00
4.197521805763244629e-01 3.296448886394500732e-01 -2.292172610759735107e-01 -2.146678417921066284e-01 -2.413451004028320312e+01 0.000000000000000000e+00 -9.990234859287738800e-03 0.000000000000000000e+00 5.000000000000000000e+01 0.000000000000000000e+00
4.197521805763244629e-01 3.296448886394500732e-01 -2.292172610759735107e-01 -2.146678417921066284e-01 -2.413451004028320312e+01 0.000000000000000000e+00 -9.990234859287738800e-03 0.000000000000000000e+00 5.000000000000000000e+01 0.000000000000000000e+00
4.197521805763244629e-01 3.296448886394500732e-01 -2.292172610759735107e-01 -2.146678417921066284e-01 -2.413451004028320312e+01 0.000000000000000000e+00 -9.990234859287738800e-03 0.000000000000000000e+00 5.000000000000000000e+01 0.000000000000000000e+00
4.197521805763244629e-01 3.296448886394500732e-01 -2.292172610759735107e-01 -2.146678417921066284e-01 -2.413451004028320312e+01 0.000000000000000000e+00 -9.990234859287738800e-03 0.000000000000000000e+00 5.000000000000000000e+01 0.000000000000000000e+00
4.197521805763244629e-01 3.296448886394500732e-01 -2.292172610759735107e-01 -2.146678417921066284e-01 -2.413451004028320312e+01 0.000000000000000000e+00 -9.990234859287738800e-03 0.000000000000000000e+00 5.000000000000000000e+01 0.000000000000000000e+00
4.197521805763244629e-01 3.296448886394500732e-01 -2.292172610759735107e-01 -2.146678417921066284e-01 -2.413451004028320312e+01 0.000000000000000000e+00 -9.990234859287738800e-03 0.000000000000000000e+00 5.000000000000000000e+01 0.000000000000000000e+00
4.197521805763244629e-01 3.296448886394500732e-01 -2.292172610759735107e-01 -2.146678417921066284e-01 -2.413451004028320312e+01 0.000000000000000000e+00 -9.990234859287738800e-03 0.000000000000000000e+00 5.000000000000000000e+01 0.000000000000000000e+00
4.197521805763244629e-01 3.296448886394500732e-01 -2.292172610759735107e-01 -2.146678417921066284e-01 -2.413451004028320312e+01 0.000000000000000000e+00 -9.990234859287738800e-03 0.000000000000000000e+00 5.000000000000000000e+01 0.000000000000000000e+00
4.197521805763244629e-01 3.296448886394500732e-01 -2.292172610759735107e-01 -2.146678417921066284e-01 -2.413451004028320312e+01 0.000000000000000000e+00 -9.990234859287738800e-03 0.000000000000000000e+00 5.000000000000000000e+01 0.000000000000000000e+00
4.197521805763244629e-01 3.296448886394500732e-01 -2.292172610759735107e-01 -2.146678417921066284e-01 -2.413451004028320312e+01 0.000000000000000000e+00 -9.990234859287738800e-03 0.000000000000000000e+00 5.000000000000000000e+01 0.000000000000000000e+00
4.197521805763244629e-01 3.296448886394500732e-01 -2.292172610759735107e-01 -2.146678417921066284e-01 -2.413451004028320312e+01 0.000000000000000000e+00 -9.990234859287738800e-03 0.000000000000000000e+00 5.000000000000000000e+01 0.000000000000000000e+00
4.197521805763244629e-01 3.296448886394500732e-01 -2.292172610759735107e-01 -2.146678417921066284e-01 -2.413451004028320312e+01 0.000000000000000000e+00 -9.990234859287738800e-03 0.000000000000000000e+00 5.000000000000000000e+01 0.000000000000000000e+00
4.197521805763244629e-01 3.296448886394500732e-01 -2.292172610759735107e-01 -2.146678417921066284e-01 -2.413451004028320312e+01 0.000000000000000000e+00 -9.990234859287738800e-03 0.000000000000000000e+00 5.000000000000000000e+01 0.000000000000000000e+00
4.197521805763244629e-01 3.296448886394500732e-01 -2.292172610759735107e-01 -2.146678417921066284e-01 -2.413451004028320312e+01 0.000000000000000000e+00 -9.990234859287738800e-03 0.000000000000000000e+00 5.000000000000000000e+01 0.000000000000000000e+00
4.197521805763244629e-01 3.296448886394500732e-01 -2.292172610759735107e-01 -2.146678417921066284e-01 -2.413451004028320312e+01 0.000000000000000000e+00 -9.990234859287738800e-03 0.000000000000000000e+00 5.000000000000000000e+01 0.000000000000000000e+00
4.197521805763244629e-01 3.296448886394500732e-01 -2.292172610759735107e-01 -2.146678417921066284e-01 -2.413451004028320312e+01 0.000000000000000000e+00 -9.990234859287738800e-03 0.000000000000000000e+00 5.000000000000000000e+01 0.000000000000000000e+00
4.197521805763244629e-01 3.296448886394500732e-01 -2.292172610759735107e-01 -2.146678417921066284e-01 -2.413451004028320312e+01 0.000000000000000000e+00 -9.990234859287738800e-03 0.000000000000000000e+00 5.000000000000000000e+01 0.000000000000000000e+00
4.197521805763244629e-01 3.296448886394500732e-01 -2.292172610759735107e-01 -2.146678417921066284e-01 -2.413451004028320312e+01 0.000000000000000000e+00 -9.990234859287738800e-03 0.000000000000000000e+00 5.000000000000000000e+01 0.000000000000000000e+00
4.197521805763244629e-01 3.296448886394500732e-01 -2.292172610759735107e-01 -2.146678417921066284e-01 -2.413451004028320312e+01 0.000000000000000000e+00 -9.990234859287738800e-03 0.000000000000000000e+00 5.000000000000000000e+01 0.000000000000000000e+00
4.197521805763244629e-01 3.296448886394500732e-01 -2.292172610759735107e-01 -2.146678417921066284e-01 -2.413451004028320312e+01 0.000000000000000000e+00 -9.990234859287738800e-03 0.000000000000000000e+00 5.000000000000000000e+01 0.000000000000000000e+00
4.197521805763244629e-01 3.296448886394500732e-01 -2.292172610759735107e-01 -2.146678417921066284e-01 -2.413451004028320312e+01 0.000000000000000000e+00 -9.990234859287738800e-03 0.000000000000000000e+00 5.000000000000000000e+01 0.000000000000000000e+00
4.197521805763244629e-01 3.296448886394500732e-01 -2.292172610759735107e-01 -2.146678417921066284e-01 -2.413451004028320312e+01 0.000000000000000000e+00 -9.990234859287738800e-03 0.000000000000000000e+00 5.000000000000000000e+01 0.000000000000000000e+00
4.197521805763244629e-01 3.296448886394500732e-01 -2.292172610759735107e-01 -2.146678417921066284e-01 -2.413451004028320312e+01 0.000000000000000000e+00 -9.990234859287738800e-03 0.000000000000000000e+00 5.000000000000000000e+01 0.000000000000000000e+00
4.197521805763244629e-01 3.296448886394500732e-01 -2.292172610759735107e-01 -2.146678417921066284e-01 -2.413451004028320312e+01 0.000000000000000000e+00 -9.990234859287738800e-03 0.000000000000000000e+00 5.000000000000000000e+01 0.000000000000000000e+00
