4.754666090011596680e-01 5.305873155593872070e-01 1.093185991048812866e-01 1.159297078847885132e-01 -1.831484985351562500e+01 -7.417751789093017578e+00 -7.581245619803667068e-03 -8.832877501845359802e-03 1.180000000000000000e+02 6.800000000000000000e+01
4.754666090011596680e-01 5.623197555541992188e-01 1.771058440208435059e-01 1.826692819595336914e-01 -1.613457870483398438e+01 -5.237482070922851562e+00 -6.678744684904813766e-03 -6.236665416508913040e-03 1.040000000000000000e+02 5.400000000000000000e+01
4.754666090011596680e-01 5.508102178573608398e-01 1.526931673288345337e-01 1.584624648094177246e-01 -1.540325832366943359e+01 -4.506161689758300781e+00 -6.376022007316350937e-03 -5.365827120840549469e-03 1.010000000000000000e+02 5.100000000000000000e+01
4.754666090011596680e-01 5.460683107376098633e-01 1.423199325799942017e-01 1.484892964363098145e-01 -1.497016620635986328e+01 -4.073069572448730469e+00 -6.196747999638319016e-03 -4.850111901760101318e-03 9.800000000000000000e+01 4.800000000000000000e+01
4.754666090011596680e-01 5.561873912811279297e-01 1.647196114063262939e-01 1.697717159986495972e-01 -1.487133216857910156e+01 -3.974235057830810547e+00 -6.155836861580610275e-03 -4.732422064989805222e-03 9.500000000000000000e+01 4.500000000000000000e+01
4.754666090011596680e-01 5.463222861289978027e-01 1.440028995275497437e-01 1.490234583616256714e-01 -1.466367149353027344e+01 -3.766574859619140625e+00 -6.069877650588750839e-03 -4.485145211219787598e-03 9.400000000000000000e+01 4.400000000000000000e+01
4.754666090011596680e-01 5.366476774215698242e-01 1.226596534252166748e-01 1.286758482456207275e-01 -1.463500308990478516e+01 -3.737906455993652344e+00 -6.058010738343000412e-03 -4.451007582247257233e-03 9.300000000000000000e+01 4.300000000000000000e+01
4.754666090011596680e-01 5.366476774215698242e-01 1.226596534252166748e-01 1.286758482456207275e-01 -1.463500308990478516e+01 -3.737906455993652344e+00 -6.058010738343000412e-03 -4.451007582247257233e-03 9.300000000000000000e+01 4.300000000000000000e+01
4.754666090011596680e-01 5.366476774215698242e-01 1.226596534252166748e-01 1.286758482456207275e-01 -1.463500308990478516e+01 -3.737906455993652344e+00 -6.058010738343000412e-03 -4.451007582247257233e-03 9.300000000000000000e+01 4.300000000000000000e+01
4.754666090011596680e-01 5.366476774215698242e-01 1.226596534252166748e-01 1.286758482456207275e-01 -1.463500308990478516e+01 -3.737906455993652344e+00 -6.058010738343000412e-03 -4.451007582247257233e-03 9.300000000000000000e+01 4.300000000000000000e+01
4.754666090011596680e-01 5.304594635963439941e-01 1.082918941974639893e-01 1.156608164310455322e-01 -1.443409347534179688e+01 -3.536995649337768555e+00 -5.974845960736274719e-03 -4.211768042296171188e-03 9.200000000000000000e+01 4.200000000000000000e+01
4.754666090011596680e-01 5.191060304641723633e-01 8.480310440063476562e-02 9.178230166435241699e-02 -1.439095687866210938e+01 -3.493860006332397461e+00 -5.956990178674459457e-03 -4.160403273999691010e-03 9.000000000000000000e+01 4.000000000000000000e+01
4.754666090011596680e-01 5.127114653587341309e-01 6.901059299707412720e-02 7.833327353000640869e-02 -1.346712970733642578e+01 -2.570032119750976562e+00 -5.574581213295459747e-03 -3.060331335291266441e-03 8.700000000000000000e+01 3.700000000000000000e+01
4.754666090011596680e-01 5.131623148918151855e-01 6.990182399749755859e-02 7.928150147199630737e-02 -1.332422542572021484e+01 -2.427128314971923828e+00 -5.515427794307470322e-03 -2.890164963901042938e-03 8.600000000000000000e+01 3.600000000000000000e+01
4.754666090011596680e-01 5.131623148918151855e-01 6.990182399749755859e-02 7.928150147199630737e-02 -1.332422542572021484e+01 -2.427128314971923828e+00 -5.515427794307470322e-03 -2.890164963901042938e-03 8.600000000000000000e+01 3.600000000000000000e+01
4.754666090011596680e-01 5.249191522598266602e-01 9.714239835739135742e-02 1.040084436535835266e-01 -1.329682922363281250e+01 -2.399731874465942383e+00 -5.504087079316377640e-03 -2.857542131096124649e-03 8.500000000000000000e+01 3.500000000000000000e+01
4.754666090011596680e-01 5.384004712104797363e-01 1.280912309885025024e-01 1.323623210191726685e-01 -1.298399353027343750e+01 -2.086895465850830078e+00 -5.374592263251543045e-03 -2.485024044290184975e-03 8.300000000000000000e+01 3.300000000000000000e+01
4.754666090011596680e-01 5.384004712104797363e-01 1.280912309885025024e-01 1.323623210191726685e-01 -1.298399353027343750e+01 -2.086895465850830078e+00 -5.374592263251543045e-03 -2.485024044290184975e-03 8.300000000000000000e+01 3.300000000000000000e+01
4.754666090011596680e-01 5.384004712104797363e-01 1.280912309885025024e-01 1.323623210191726685e-01 -1.298399353027343750e+01 -2.086895465850830078e+00 -5.374592263251543045e-03 -2.485024044290184975e-03 8.300000000000000000e+01 3.300000000000000000e+01
4.754666090011596680e-01 5.384004712104797363e-01 1.280912309885025024e-01 1.323623210191726685e-01 -1.298399353027343750e+01 -2.086895465850830078e+00 -5.374592263251543045e-03 -2.485024044290184975e-03 8.300000000000000000e+01 3.300000000000000000e+01
4.754666090011596680e-01 5.447474718093872070e-01 1.366480439901351929e-01 1.457113176584243774e-01 -1.241678905487060547e+01 -1.519692182540893555e+00 -5.139803513884544373e-03 -1.809612265788018703e-03 8.000000000000000000e+01 3.000000000000000000e+01
4.754666090011596680e-01 5.312526822090148926e-01 1.091965362429618835e-01 1.173291057348251343e-01 -1.228045654296875000e+01 -1.383359432220458984e+00 -5.083370022475719452e-03 -1.647270633839070797e-03 7.800000000000000000e+01 2.800000000000000000e+01
4.754666090011596680e-01 5.312526822090148926e-01 1.091965362429618835e-01 1.173291057348251343e-01 -1.228045654296875000e+01 -1.383359432220458984e+00 -5.083370022475719452e-03 -1.647270633839070797e-03 7.800000000000000000e+01 2.800000000000000000e+01
4.754666090011596680e-01 5.312526822090148926e-01 1.091965362429618835e-01 1.173291057348251343e-01 -1.228045654296875000e+01 -1.383359432220458984e+00 -5.083370022475719452e-03 -1.647270633839070797e-03 7.800000000000000000e+01 2.800000000000000000e+01
4.754666090011596680e-01 5.312526822090148926e-01 1.091965362429618835e-01 1.173291057348251343e-01 -1.228045654296875000e+01 -1.383359432220458984e+00 -5.083370022475719452e-03 -1.647270633839070797e-03 7.800000000000000000e+01 2.800000000000000000e+01
4.754666090011596680e-01 5.312526822090148926e-01 1.091965362429618835e-01 1.173291057348251343e-01 -1.228045654296875000e+01 -1.383359432220458984e+00 -5.083370022475719452e-03 -1.647270633839070797e-03 7.800000000000000000e+01 2.800000000000000000e+01
4.754666090011596680e-01 5.258977413177490234e-01 9.872640669345855713e-02 1.060666143894195557e-01 -1.186107444763183594e+01 -9.639769792556762695e-01 -4.909771028906106949e-03 -1.147880218923091888e-03 7.200000000000000000e+01 2.200000000000000000e+01
4.754666090011596680e-01 5.258977413177490234e-01 9.872640669345855713e-02 1.060666143894195557e-01 -1.186107444763183594e+01 -9.639769792556762695e-01 -4.909771028906106949e-03 -1.147880218923091888e-03 7.200000000000000000e+01 2.200000000000000000e+01
4.754666090011596680e-01 5.153856873512268066e-01 7.903485745191574097e-02 8.395768702030181885e-02 -1.176903533935546875e+01 -8.719375729560852051e-01 -4.871672485023736954e-03 -1.038281945511698723e-03 7.100000000000000000e+01 2.100000000000000000e+01
4.754666090011596680e-01 4.977436065673828125e-01 4.741055890917778015e-02 4.685291647911071777e-02 -1.155947875976562500e+01 -6.623814105987548828e-01 -4.784928634762763977e-03 -7.887475658208131790e-04 6.700000000000000000e+01 1.700000000000000000e+01
4.754666090011596680e-01 4.756332039833068848e-01 -2.303865476278588176e-04 3.503820917103439569e-04 -1.132658195495605469e+01 -4.294847249984741211e-01 -4.688523244112730026e-03 -5.114199011586606503e-04 6.200000000000000000e+01 1.200000000000000000e+01
4.754666090011596680e-01 4.745224714279174805e-01 -2.368154702708125114e-03 -1.985707320272922516e-03 -1.129223155975341797e+01 -3.951344490051269531e-01 -4.674304276704788208e-03 -4.705164465121924877e-04 6.100000000000000000e+01 1.100000000000000000e+01
4.754666090011596680e-01 4.796752035617828369e-01 8.383466862142086029e-03 8.851503953337669373e-03 -1.127391433715820312e+01 -3.768171668052673340e-01 -4.666722379624843597e-03 -4.487046680878847837e-04 6.000000000000000000e+01 1.000000000000000000e+01
4.754666090011596680e-01 4.845302104949951172e-01 1.777388341724872589e-02 1.906254142522811890e-02 -1.119976997375488281e+01 -3.026725649833679199e-01 -4.636030644178390503e-03 -3.604150842875242233e-04 5.900000000000000000e+01 9.000000000000000000e+00
4.754666090011596680e-01 4.845302104949951172e-01 1.777388341724872589e-02 1.906254142522811890e-02 -1.119976997375488281e+01 -3.026725649833679199e-01 -4.636030644178390503e-03 -3.604150842875242233e-04 5.900000000000000000e+01 9.000000000000000000e+00
4.754666090011596680e-01 4.794604480266571045e-01 6.909632589668035507e-03 8.399831131100654602e-03 -1.115110206604003906e+01 -2.540041804313659668e-01 -4.615885205566883087e-03 -3.024619654752314091e-04 5.700000000000000000e+01 7.000000000000000000e+00
4.754666090011596680e-01 4.794604480266571045e-01 6.909632589668035507e-03 8.399831131100654602e-03 -1.115110206604003906e+01 -2.540041804313659668e-01 -4.615885205566883087e-03 -3.024619654752314091e-04 5.700000000000000000e+01 7.000000000000000000e+00
4.754666090011596680e-01 4.786926209926605225e-01 5.343844648450613022e-03 6.784939207136631012e-03 -1.109069061279296875e+01 -1.935930848121643066e-01 -4.590878728777170181e-03 -2.305259113200008869e-04 5.600000000000000000e+01 6.000000000000000000e+00
4.754666090011596680e-01 4.655558764934539795e-01 -1.992625184357166290e-02 -2.084422484040260315e-02 -1.092359542846679688e+01 -2.649778127670288086e-02 -4.521711263805627823e-03 -3.155291051371023059e-05 5.100000000000000000e+01 1.000000000000000000e+00
4.754666090011596680e-01 4.655558764934539795e-01 -1.992625184357166290e-02 -2.084422484040260315e-02 -1.092359542846679688e+01 -2.649778127670288086e-02 -4.521711263805627823e-03 -3.155291051371023059e-05 5.100000000000000000e+01 1.000000000000000000e+00
4.754666090011596680e-01 4.655558764934539795e-01 -1.992625184357166290e-02 -2.084422484040260315e-02 -1.092359542846679688e+01 -2.649778127670288086e-02 -4.521711263805627823e-03 -3.155291051371023059e-05 5.100000000000000000e+01 1.000000000000000000e+00
4.754666090011596680e-01 4.490307569503784180e-01 -5.715722963213920593e-02 -5.559980869293212891e-02 -1.089709663391113281e+01 0.000000000000000000e+00 -4.510742146521806717e-03 0.000000000000000000e+00 5.000000000000000000e+01 0.000000000000000000e+00
4.754666090011596680e-01 4.490307569503784180e-01 -5.715722963213920593e-02 -5.559980869293212891e-02 -1.089709663391113281e+01 0.000000000000000000e+00 -4.510742146521806717e-03 0.000000000000000000e+00 5.000000000000000000e+01 0.000000000000000000e+00
4.754666090011596680e-01 4.490307569503784180e-01 -5.715722963213920593e-02 -5.559980869293212891e-02 -1.089709663391113281e+01 0.000000000000000000e+00 -4.510742146521806717e-03 0.000000000000000000e+00 5.000000000000000000e+01 0.000000000000000000e+00
4.754666090011596680e-01 4.490307569503784180e-01 -5.715722963213920593e-02 -5.559980869293212891e-02 -1.089709663391113281e+01 0.000000000000000000e+00 -4.510742146521806717e-03 0.000000000000000000e+00 5.000000000000000000e+01 0.000000000000000000e+00
4.754666090011596680e-01 4.490307569503784180e-01 -5.715722963213920593e-02 -5.559980869293212891e-02 -1.089709663391113281e+01 0.000000000000000000e+00 -4.510742146521806717e-03 0.000000000000000000e+00 5.000000000000000000e+01 0.000000000000000000e+00
4.754666090011596680e-01 4.490307569503784180e-01 -5.715722963213920593e-02 -5.559980869293212891e-02 -1.089709663391113281e+01 0.000000000000000000e+00 -4.510742146521806717e-03 0.000000000000000000e+00 5.000000000000000000e+01 0.000000000000000000e+00
4.754666090011596680e-01 4.490307569503784180e-01 -5.715722963213920593e-02 -5.559980869293212891e-02 -1.089709663391113281e+01 0.000000000000000000e+00 -4.510742146521806717e-03 0.000000000000000000e+00 5.000000000000000000e+01 0.000000000000000000e+00
4.754666090011596680e-01 4.490307569503784180e-01 -5.715722963213920593e-02 -5.559980869293212891e-02 -1.089709663391113281e+01 0.000000000000000000e+00 -4.510742146521806717e-03 0.000000000000000000e+00 5.000000000000000000e+01 0.000000000000000000e+00
4.754666090011596680e-01 4.490307569503784180e-01 -5.715722963213920593e-02 -5.559980869293212891e-02 -1.089709663391113281e+01 0.000000000000000000e+00 -4.510742146521806717e-03 0.000000000000000000e+00 5.000000000000000000e+01 0.000000000000000000e+00
4.754666090011596680e-01 4.490307569503784180e-01 -5.715722963213920593e-02 -5.559980869293212891e-02 -1.089709663391113281e+01 0.000000000000000000e+00 -4.510742146521806717e-03 0.000000000000000000e+00 5.000000000000000000e+01 0.000000000000000000e+00
4.754666090011596680e-01 4.490307569503784180e-01 -5.715722963213920593e-02 -5.559980869293212891e-02 -1.089709663391113281e+01 0.000000000000000000e+00 -4.510742146521806717e-03 0.000000000000000000e+00 5.000000000000000000e+01 0.000000000000000000e+00
4.754666090011596680e-01 4.490307569503784180e-01 -5.715722963213920593e-02 -5.559980869293212891e-02 -1.089709663391113281e+01 0.000000000000000000e+00 -4.510742146521806717e-03 0.000000000000000000e+00 5.000000000000000000e+01 0.000000000000000000e+00
4.754666090011596680e-01 4.490307569503784180e-01 -5.715722963213920593e-02 -5.559980869293212891e-02 -1.089709663391113281e+01 0.000000000000000000e+00 -4.510742146521806717e-03 0.000000000000000000e+00 5.000000000000000000e+01 0.000000000000000000e+00
4.754666090011596680e-01 4.490307569503784180e-01 -5.715722963213920593e-02 -5.559980869293212891e-02 -1.089709663391113281e+01 0.000000000000000000e+00 -4.510742146521806717e-03 0.000000000000000000e+00 5.000000000000000000e+01 0.000000000000000000e+00
4.754666090011596680e-01 4.490307569503784180e-01 -5.715722963213920593e-02 -5.559980869293212891e-02 -1.089709663391113281e+01 0.000000000000000000e+00 -4.510742146521806717e-03 0.000000000000000000e+00 5.000000000000000000e+01 0.000000000000000000e+00
4.754666090011596680e-01 4.490307569503784180e-01 -5.715722963213920593e-02 -5.559980869293212891e-02 -1.089709663391113281e+01 0.000000000000000000e+00 -4.510742146521806717e-03 0.000000000000000000e+00 5.000000000000000000e+01 0.000000000000000000e+00
4.754666090011596680e-01 4.490307569503784180e-01 -5.715722963213920593e-02 -5.559980869293212891e-02 -1.089709663391113281e+01 0.000000000000000000e+00 -4.510742146521806717e-03 0.000000000000000000e+00 5.000000000000000000e+01 0.000000000000000000e+00
4.754666090011596680e-01 4.490307569503784180e-01 -5.715722963213920593e-02 -5.559980869293212891e-02 -1.089709663391113281e+01 0.000000000000000000e+00 -4.510742146521806717e-03 0.000000000000000000e+00 5.000000000000000000e+01 0.000000000000000000e+00
4.754666090011596680e-01 4.490307569503784180e-01 -5.715722963213920593e-02 -5.559980869293212891e-02 -1.089709663391113281e+01 0.000000000000000000e+00 -4.510742146521806717e-03 0.000000000000000000e+00 5.000000000000000000e+01 0.000000000000000000e+00
4.754666090011596680e-01 4.490307569503784180e-01 -5.715722963213920593e-02 -5.559980869293212891e-02 -1.089709663391113281e+01 0.000000000000000000e+00 -4.510742146521806717e-03 0.000000000000000000e+00 5.000000000000000000e+01 0.000000000000000000e+00
4.754666090011596680e-01 4.490307569503784180e-01 -5.715722963213920593e-02 -5.559980869293212891e-02 -1.089709663391113281e+01 0.000000000000000000e+00 -4.510742146521806717e-03 0.000000000000000000e+00 5.000000000000000000e+01 0.000000000000000000e+00
4.754666090011596680e-01 4.490307569503784180e-01 -5.715722963213920593e-02 -5.559980869293212891e-02 -1.089709663391113281e+01 0.000000000000000000e+00 -4.510742146521806717e-03 0.000000000000000000e+00 5.000000000000000000e+01 0.000000000000000000e+00
4.754666090011596680e-01 4.490307569503784180e-01 -5.715722963213920593e-02 -5.559980869293212891e-02 -1.089709663391113281e+01 0.000000000000000000e+00 -4.510742146521806717e-03 0.000000000000000000e+00 5.000000000000000000e+01 0.000000000000000000e+00
4.754666090011596680e-01 4.490307569503784180e-01 -5.715722963213920593e-02 -5.559980869293212891e-02 -1.089709663391113281e+01 0.000000000000000000e+00 -4.510742146521806717e-03 0.000000000000000000e+00 5.000000000000000000e+01 0.000000000000000000e+00
4.754666090011596680e-01 4.490307569503784180e-01 -5.715722963213920593e-02 -5.559980869293212891e-02 -1.089709663391113281e+01 0.000000000000000000e+00 -4.510742146521806717e-03 0.000000000000000000e+00 5.000000000000000000e+01 0.000000000000000000e+00
4.754666090011596680e-01 4.490307569503784180e-01 -5.715722963213920593e-02 -5.559980869293212891e-02 -1.089709663391113281e+01 0.000000000000000000e+00 -4.510742146521806717e-03 0.000000000000000000e+00 5.000000000000000000e+01 0.000000000000000000e+00
4.754666090011596680e-01 4.490307569503784180e-01 -5.715722963213920593e-02 -5.559980869293212891e-02 -1.089709663391113281e+01 0.000000000000000000e+00 -4.510742146521806717e-03 0.000000000000000000e+00 5.000000000000000000e+01 0.000000000000000000e+00
4.754666090011596680e-01 4.490307569503784180e-01 -5.715722963213920593e-02 -5.559980869293212891e-02 -1.089709663391113281e+01 0.000000000000000000e+00 -4.510742146521806717e-03 0.000000000000000000e+00 5.000000000000000000e+01 0.000000000000000000e+00
4.754666090011596680e-01 4.490307569503784180e-01 -5.715722963213920593e-02 -5.559980869293212891e-02 -1.089709663391113281e+01 0.000000000000000000e+00 -4.510742146521806717e-03 0.000000000000000000e+00 5.000000000000000000e+01 0.000000000000000000e+00
4.754666090011596680e-01 4.490307569503784180e-01 -5.715722963213920593e-02 -5.559980869293212891e-02 -1.089709663391113281e+01 0.000000000000000000e+00 -4.510742146521806717e-03 0.000000000000000000e+00 5.000000000000000000e+01 0.000000000000000000e+00
4.754666090011596680e-01 4.490307569503784180e-01 -5.715722963213920593e-02 -5.559980869293212891e-02 -1.089709663391113281e+01 0.000000000000000000e+00 -4.510742146521806717e-03 0.000000000000000000e+00 5.000000000000000000e+01 0.000000000000000000e+00
4.754666090011596680e-01 4.490307569503784180e-01 -5.715722963213920593e-02 -5.559980869293212891e-02 -1.089709663391113281e+01 0.000000000000000000e+00 -4.510742146521806717e-03 0.000000000000000000e+00 5.000000000000000000e+01 0.000000000000000000e+00
4.754666090011596680e-01 4.490307569503784180e-01 -5.715722963213920593e-02 -5.559980869293212891e-02 -1.089709663391113281e+01 0.000000000000000000e+00 -4.510742146521806717e-03 0.000000000000000000e+00 5.000000000000000000e+01 0.000000000000000000e+00
4.754666090011596680e-01 4.490307569503784180e-01 -5.715722963213920593e-02 -5.559980869293212891e-02 -1.089709663391113281e+01 0.000000000000000000e+00 -4.510742146521806717e-03 0.000000000000000000e+00 5.000000000000000000e+01 0.000000000000000000e+00
4.754666090011596680e-01 4.490307569503784180e-01 -5.715722963213920593e-02 -5.559980869293212891e-02 -1.089709663391113281e+01 0.000000000000000000e+00 -4.510742146521806717e-03 0.000000000000000000e+00 5.000000000000000000e+01 0.000000000000000000e+00
4.754666090011596680e-01 4.490307569503784180e-01 -5.715722963213920593e-02 -5.559980869293212891e-02 -1.089709663391113281e+01 0.000000000000000000e+00 -4.510742146521806717e-03 0.000000000000000000e+00 5.000000000000000000e+01 0.000000000000000000e+00
4.754666090011596680e-01 4.490307569503784180e-01 -5.715722963213920593e-02 -5.559980869293212891e-02 -1.089709663391113281e+01 0.000000000000000000e+00 -4.510742146521806717e-03 0.000000000000000000e+00 5.000000000000000000e+01 0.000000000000000000e+00
4.754666090011596680e-01 4.490307569503784180e-01 -5.715722963213920593e-02 -5.559980869293212891e-02 -1.089709663391113281e+01 0.000000000000000000e+00 -4.510742146521806717e-03 0.000000000000000000e+00 5.000000000000000000e+01 0.000000000000000000e+00
4.754666090011596680e-01 4.490307569503784180e-01 -5.715722963213920593e-02 -5.559980869293212891e-02 -1.089709663391113281e+01 0.000000000000000000e+00 -4.510742146521806717e-03 0.000000000000000000e+00 5.000000000000000000e+01 0.000000000000000000e+00
4.754666090011596680e-01 4.490307569503784180e-01 -5.715722963213920593e-02 -5.559980869293212891e-02 -1.089709663391113281e+01 0.000000000000000000e+00 -4.510742146521806717e-03 0.000000000000000000e+00 5.000000000000000000e+01 0.000000000000000000e+00
4.754666090011596680e-01 4.490307569503784180e-01 -5.715722963213920593e-02 -5.559980869293212891e-02 -1.089709663391113281e+01 0.000000000000000000e+00 -4.510742146521806717e-03 0.000000000000000000e+00 5.000000000000000000e+01 0.000000000000000000e+00
4.754666090011596680e-01 4.490307569503784180e-01 -5.715722963213920593e-02 -5.559980869293212891e-02 -1.089709663391113281e+01 0.000000000000000000e+00 -4.510742146521806717e-03 0.000000000000000000e+00 5.000000000000000000e+01 0.000000000000000000e+00
4.754666090011596680e-01 4.490307569503784180e-01 -5.715722963213920593e-02 -5.559980869293212891e-02 -1.089709663391113281e+01 0.000000000000000000e+00 -4.510742146521806717e-03 0.000000000000000000e+00 5.000000000000000000e+01 0.000000000000000000e+00
4.754666090011596680e-01 4.490307569503784180e-01 -5.715722963213920593e-02 -5.559980869293212891e-02 -1.089709663391113281e+01 0.000000000000000000e+00 -4.510742146521806717e-03 0.000000000000000000e+00 5.000000000000000000e+01 0.000000000000000000e+00
4.754666090011596680e-01 4.490307569503784180e-01 -5.715722963213920593e-02 -5.559980869293212891e-02 -1.089709663391113281e+01 0.000000000000000000e+00 -4.510742146521806717e-03 0.000000000000000000e+00 5.000000000000000000e+01 0.000000000000000000e+00
4.754666090011596680e-01 4.490307569503784180e-01 -5.715722963213920593e-02 -5.559980869293212891e-02 -1.089709663391113281e+01 0.000000000000000000e+00 -4.510742146521806717e-03 0.000000000000000000e+00 5.000000000000000000e+01 0.000000000000000000e+00
4.754666090011596680e-01 4.490307569503784180e-01 -5.715722963213920593e-02 -5.559980869293212891e-02 -1.089709663391113281e+01 0.000000000000000000e+00 -4.510742146521806717e-03 0.000000000000000000e+00 5.000000000000000000e+01 0.000000000000000000e+00
4.754666090011596680e-01 4.490307569503784180e-01 -5.715722963213920593e-02 -5.559980869293212891e-02 -1.089709663391113281e+01 0.000000000000000000e+00 -4.510742146521806717e-03 0.000000000000000000e+00 5.000000000000000000e+01 0.000000000000000000e+00
4.754666090011596680e-01 4.490307569503784180e-01 -5.715722963213920593e-02 -5.559980869293212891e-02 -1.089709663391113281e+01 0.000000000000000000e+00 -4.510742146521806717e-03 0.000000000000000000e+00 5.000000000000000000e+01 0.000000000000000000e+00
4.754666090011596680e-01 4.490307569503784180e-01 -5.715722963213920593e-02 -5.559980869293212891e-02 -1.089709663391113281e+01 0.000000000000000000e+00 -4.510742146521806717e-03 0.000000000000000000e+00 5.000000000000000000e+01 0.000000000000000000e+00
