4.561511874198913574e-01 2.870530486106872559e-01 -3.767557740211486816e-01 -3.707063496112823486e-01 -8.424480438232421875e+01 -6.021990203857421875e+01 -3.487227857112884521e-02 -7.974348217248916626e-02 1.680000000000000000e+02 1.180000000000000000e+02
4.561511874198913574e-01 3.308537900447845459e-01 -2.857116162776947021e-01 -2.746839225292205811e-01 -6.128724288940429688e+01 -3.726233673095703125e+01 -2.536923065781593323e-02 -4.934296384453773499e-02 1.270000000000000000e+02 7.700000000000000000e+01
4.561511874198913574e-01 3.365916311740875244e-01 -2.719876468181610107e-01 -2.621051073074340820e-01 -5.716138839721679688e+01 -3.313648605346679688e+01 -2.366137504577636719e-02 -4.387949034571647644e-02 1.200000000000000000e+02 7.000000000000000000e+01
4.561511874198913574e-01 3.335601091384887695e-01 -2.784746885299682617e-01 -2.687509655952453613e-01 -5.504769897460937500e+01 -3.102279663085937500e+01 -2.278643473982810974e-02 -4.108053445816040039e-02 1.170000000000000000e+02 6.700000000000000000e+01
4.561511874198913574e-01 3.414607048034667969e-01 -2.621324658393859863e-01 -2.514308393001556396e-01 -5.310274887084960938e+01 -2.907784652709960938e+01 -2.198134362697601318e-02 -3.850502148270606995e-02 1.130000000000000000e+02 6.300000000000000000e+01
4.561511874198913574e-01 3.416242897510528564e-01 -2.617132365703582764e-01 -2.510722279548645020e-01 -5.252516937255859375e+01 -2.850026702880859375e+01 -2.174226008355617523e-02 -3.774018958210945129e-02 1.120000000000000000e+02 6.200000000000000000e+01
4.561511874198913574e-01 3.491187095642089844e-01 -2.456694096326828003e-01 -2.346425503492355347e-01 -5.169147109985351562e+01 -2.766656875610351562e+01 -2.139715850353240967e-02 -3.663620352745056152e-02 1.110000000000000000e+02 6.100000000000000000e+01
4.561511874198913574e-01 3.491187095642089844e-01 -2.456694096326828003e-01 -2.346425503492355347e-01 -5.169147109985351562e+01 -2.766656875610351562e+01 -2.139715850353240967e-02 -3.663620352745056152e-02 1.110000000000000000e+02 6.100000000000000000e+01
4.561511874198913574e-01 3.578091263771057129e-01 -2.267208546400070190e-01 -2.155909389257431030e-01 -5.082868957519531250e+01 -2.680378723144531250e+01 -2.104001864790916443e-02 -3.549370169639587402e-02 1.090000000000000000e+02 5.900000000000000000e+01
4.561511874198913574e-01 3.601329326629638672e-01 -2.215960323810577393e-01 -2.104965597391128540e-01 -5.029727172851562500e+01 -2.627236938476562500e+01 -2.082004398107528687e-02 -3.478999808430671692e-02 1.080000000000000000e+02 5.800000000000000000e+01
4.561511874198913574e-01 3.601329326629638672e-01 -2.215960323810577393e-01 -2.104965597391128540e-01 -5.029727172851562500e+01 -2.627236938476562500e+01 -2.082004398107528687e-02 -3.478999808430671692e-02 1.080000000000000000e+02 5.800000000000000000e+01
4.561511874198913574e-01 3.689501583576202393e-01 -2.008216083049774170e-01 -1.911669522523880005e-01 -4.738950347900390625e+01 -2.336460113525390625e+01 -1.961640268564224243e-02 -3.093951568007469177e-02 1.020000000000000000e+02 5.200000000000000000e+01
4.561511874198913574e-01 3.685689568519592285e-01 -2.016825824975967407e-01 -1.920026391744613647e-01 -4.505776214599609375e+01 -2.103285980224609375e+01 -1.865120232105255127e-02 -2.785181254148483276e-02 9.800000000000000000e+01 4.800000000000000000e+01
4.561511874198913574e-01 3.730531334877014160e-01 -1.902358233928680420e-01 -1.821721792221069336e-01 -4.449734115600585938e+01 -2.047244071960449219e+01 -1.841922104358673096e-02 -2.710970304906368256e-02 9.700000000000000000e+01 4.700000000000000000e+01
4.561511874198913574e-01 3.723889589309692383e-01 -1.932637393474578857e-01 -1.836282163858413696e-01 -4.224288558959960938e+01 -1.821798324584960938e+01 -1.748601347208023071e-02 -2.412433922290802002e-02 9.400000000000000000e+01 4.400000000000000000e+01
4.561511874198913574e-01 3.675359785556793213e-01 -2.057569324970245361e-01 -1.942671835422515869e-01 -4.043592453002929688e+01 -1.641102218627929688e+01 -1.673804037272930145e-02 -2.173155359923839569e-02 9.100000000000000000e+01 4.100000000000000000e+01
4.561511874198913574e-01 3.675359189510345459e-01 -2.057569473981857300e-01 -1.942673176527023315e-01 -4.043592453002929688e+01 -1.641102218627929688e+01 -1.673804037272930145e-02 -2.173155359923839569e-02 9.100000000000000000e+01 4.100000000000000000e+01
4.561511874198913574e-01 3.788239955902099609e-01 -1.794216483831405640e-01 -1.695209741592407227e-01 -3.957789230346679688e+01 -1.555298995971679688e+01 -1.638286560773849487e-02 -2.059534378349781036e-02 8.900000000000000000e+01 3.900000000000000000e+01
4.561511874198913574e-01 3.788239955902099609e-01 -1.794216483831405640e-01 -1.695209741592407227e-01 -3.957789230346679688e+01 -1.555298995971679688e+01 -1.638286560773849487e-02 -2.059534378349781036e-02 8.900000000000000000e+01 3.900000000000000000e+01
4.561511874198913574e-01 3.864334821701049805e-01 -1.624003946781158447e-01 -1.528390347957611084e-01 -3.923498535156250000e+01 -1.521008396148681641e+01 -1.624092273414134979e-02 -2.014126628637313843e-02 8.700000000000000000e+01 3.700000000000000000e+01
4.561511874198913574e-01 4.070014059543609619e-01 -1.176719367504119873e-01 -1.077488809823989868e-01 -3.549794006347656250e+01 -1.147303962707519531e+01 -1.469401083886623383e-02 -1.519265398383140564e-02 8.000000000000000000e+01 3.000000000000000000e+01
4.561511874198913574e-01 4.084790647029876709e-01 -1.145495548844337463e-01 -1.045094802975654602e-01 -3.467218780517578125e+01 -1.064728450775146484e+01 -1.435219962149858475e-02 -1.409918442368507385e-02 7.800000000000000000e+01 2.800000000000000000e+01
4.561511874198913574e-01 4.231820702552795410e-01 -8.069029450416564941e-02 -7.227673381567001343e-02 -3.356074523925781250e+01 -9.535841941833496094e+00 -1.389212906360626221e-02 -1.262740697711706161e-02 7.500000000000000000e+01 2.500000000000000000e+01
4.561511874198913574e-01 4.167015850543975830e-01 -9.452430158853530884e-02 -8.648361265659332275e-02 -3.105679512023925781e+01 -7.031891822814941406e+00 -1.285564433783292770e-02 -9.311664849519729614e-03 7.100000000000000000e+01 2.100000000000000000e+01
4.561511874198913574e-01 4.220059812068939209e-01 -8.269954472780227661e-02 -7.485502213239669800e-02 -3.001661491394042969e+01 -5.991711616516113281e+00 -1.242507249116897583e-02 -7.934252731502056122e-03 6.900000000000000000e+01 1.900000000000000000e+01
4.561511874198913574e-01 4.211912751197814941e-01 -8.392709493637084961e-02 -7.664106041193008423e-02 -2.861261367797851562e+01 -4.587712287902832031e+00 -1.184390019625425339e-02 -6.075070239603519440e-03 6.700000000000000000e+01 1.700000000000000000e+01
4.561511874198913574e-01 4.242856204509735107e-01 -7.718205451965332031e-02 -6.985747069120407104e-02 -2.844594955444335938e+01 -4.421047210693359375e+00 -1.177491154521703720e-02 -5.854371935129165649e-03 6.600000000000000000e+01 1.600000000000000000e+01
4.561511874198913574e-01 4.243311285972595215e-01 -7.706579566001892090e-02 -6.975769996643066406e-02 -2.798015975952148438e+01 -3.955258369445800781e+00 -1.158210262656211853e-02 -5.237571895122528076e-03 6.500000000000000000e+01 1.500000000000000000e+01
4.561511874198913574e-01 4.260934293270111084e-01 -7.312083989381790161e-02 -6.589429080486297607e-02 -2.756501388549804688e+01 -3.540110588073730469e+00 -1.141025684773921967e-02 -4.687831271439790726e-03 6.300000000000000000e+01 1.300000000000000000e+01
4.561511874198913574e-01 4.380409121513366699e-01 -4.833781719207763672e-02 -3.970235213637351990e-02 -2.543042182922363281e+01 -1.405518531799316406e+00 -1.052666455507278442e-02 -1.861194265075027943e-03 5.700000000000000000e+01 7.000000000000000000e+00
4.561511874198913574e-01 4.377856254577636719e-01 -4.911150783300399780e-02 -4.026200622320175171e-02 -2.480847740173339844e+01 -7.835736274719238281e-01 -1.026921719312667847e-02 -1.037611975334584713e-03 5.500000000000000000e+01 5.000000000000000000e+00
4.561511874198913574e-01 4.377696812152862549e-01 -4.911961406469345093e-02 -4.029696062207221985e-02 -2.443330764770507812e+01 -4.084063172340393066e-01 -1.011391915380954742e-02 -5.408136057667434216e-04 5.300000000000000000e+01 3.000000000000000000e+00
4.561511874198913574e-01 4.334909021854400635e-01 -5.779214575886726379e-02 -4.967713728547096252e-02 -2.430869865417480469e+01 -2.837954759597778320e-01 -1.006233878433704376e-02 -3.758033271878957748e-04 5.200000000000000000e+01 2.000000000000000000e+00
4.561511874198913574e-01 4.309300184249877930e-01 -6.291335821151733398e-02 -5.529125034809112549e-02 -2.415846633911132812e+01 -1.335617303848266602e-01 -1.000015158206224442e-02 -1.768630754668265581e-04 5.100000000000000000e+01 1.000000000000000000e+00
4.561511874198913574e-01 4.258121252059936523e-01 -7.310830801725387573e-02 -6.651098281145095825e-02 -2.402490234375000000e+01 0.000000000000000000e+00 -9.944863617420196533e-03 0.000000000000000000e+00 5.000000000000000000e+01 0.000000000000000000e+00
4.561511874198913574e-01 4.258121252059936523e-01 -7.310830801725387573e-02 -6.651098281145095825e-02 -2.402490234375000000e+01 0.000000000000000000e+00 -9.944863617420196533e-03 0.000000000000000000e+00 5.000000000000000000e+01 0.000000000000000000e+00
4.561511874198913574e-01 4.258121252059936523e-01 -7.310830801725387573e-02 -6.651098281145095825e-02 -2.402490234375000000e+01 0.000000000000000000e+00 -9.944863617420196533e-03 0.000000000000000000e+00 5.000000000000000000e+01 0.000000000000000000e+00
4.561511874198913574e-01 4.258121252059936523e-01 -7.310830801725387573e-02 -6.651098281145095825e-02 -2.402490234375000000e+01 0.000000000000000000e+00 -9.944863617420196533e-03 0.000000000000000000e+00 5.000000000000000000e+01 0.000000000000000000e+00
4.561511874198913574e-01 4.258121252059936523e-01 -7.310830801725387573e-02 -6.651098281145095825e-02 -2.402490234375000000e+01 0.000000000000000000e+00 -9.944863617420196533e-03 0.000000000000000000e+00 5.000000000000000000e+01 0.000000000000000000e+00
4.561511874198913574e-01 4.258121252059936523e-01 -7.310830801725387573e-02 -6.651098281145095825e-02 -2.402490234375000000e+01 0.000000000000000000e+00 -9.944863617420196533e-03 0.000000000000000000e+00 5.000000000000000000e+01 0.000000000000000000e+00
4.561511874198913574e-01 4.258121252059936523e-01 -7.310830801725387573e-02 -6.651098281145095825e-02 -2.402490234375000000e+01 0.000000000000000000e+00 -9.944863617420196533e-03 0.000000000000000000e+00 5.000000000000000000e+01 0.000000000000000000e+00
4.561511874198913574e-01 4.258121252059936523e-01 -7.310830801725387573e-02 -6.651098281145095825e-02 -2.402490234375000000e+01 0.000000000000000000e+00 -9.944863617420196533e-03 0.000000000000000000e+00 5.000000000000000000e+01 0.000000000000000000e+00
4.561511874198913574e-01 4.258121252059936523e-01 -7.310830801725387573e-02 -6.651098281145095825e-02 -2.402490234375000000e+01 0.000000000000000000e+00 -9.944863617420196533e-03 0.000000000000000000e+00 5.000000000000000000e+01 0.000000000000000000e+00
4.561511874198913574e-01 4.258121252059936523e-01 -7.310830801725387573e-02 -6.651098281145095825e-02 -2.402490234375000000e+01 0.000000000000000000e+00 -9.944863617420196533e-03 0.000000000000000000e+00 5.000000000000000000e+01 0.000000000000000000e+00
4.561511874198913574e-01 4.258121252059936523e-01 -7.310830801725387573e-02 -6.651098281145095825e-02 -2.402490234375000000e+01 0.000000000000000000e+00 -9.944863617420196533e-03 0.000000000000000000e+00 5.000000000000000000e+01 0.000000000000000000e+00
4.561511874198913574e-01 4.258121252059936523e-01 -7.310830801725387573e-02 -6.651098281145095825e-02 -2.402490234375000000e+01 0.000000000000000000e+00 -9.944863617420196533e-03 0.000000000000000000e+00 5.000000000000000000e+01 0.000000000000000000e+00
4.561511874198913574e-01 4.258121252059936523e-01 -7.310830801725387573e-02 -6.651098281145095825e-02 -2.402490234375000000e+01 0.000000000000000000e+00 -9.944863617420196533e-03 0.000000000000000000e+00 5.000000000000000000e+01 0.000000000000000000e+00
4.561511874198913574e-01 4.258121252059936523e-01 -7.310830801725387573e-02 -6.651098281145095825e-02 -2.402490234375000000e+01 0.000000000000000000e+00 -9.944863617420196533e-03 0.000000000000000000e+00 5.000000000000000000e+01 0.000000000000000000e+00
4.561511874198913574e-01 4.258121252059936523e-01 -7.310830801725387573e-02 -6.651098281145095825e-02 -2.402490234375000000e+01 0.000000000000000000e+00 -9.944863617420196533e-03 0.000000000000000000e+00 5.000000000000000000e+01 0.000000000000000000e+00
4.561511874198913574e-01 4.258121252059936523e-01 -7.310830801725387573e-02 -6.651098281145095825e-02 -2.402490234375000000e+01 0.000000000000000000e+00 -9.944863617420196533e-03 0.000000000000000000e+00 5.000000000000000000e+01 0.000000000000000000e+00
4.561511874198913574e-01 4.258121252059936523e-01 -7.310830801725387573e-02 -6.651098281145095825e-02 -2.402490234375000000e+01 0.000000000000000000e+00 -9.944863617420196533e-03 0.000000000000000000e+00 5.000000000000000000e+01 0.000000000000000000e+00
4.561511874198913574e-01 4.258121252059936523e-01 -7.310830801725387573e-02 -6.651098281145095825e-02 -2.402490234375000000e+01 0.000000000000000000e+00 -9.944863617420196533e-03 0.000000000000000000e+00 5.000000000000000000e+01 0.000000000000000000e+00
4.561511874198913574e-01 4.258121252059936523e-01 -7.310830801725387573e-02 -6.651098281145095825e-02 -2.402490234375000000e+01 0.000000000000000000e+00 -9.944863617420196533e-03 0.000000000000000000e+00 5.000000000000000000e+01 0.000000000000000000e+00
4.561511874198913574e-01 4.258121252059936523e-01 -7.310830801725387573e-02 -6.651098281145095825e-02 -2.402490234375000000e+01 0.000000000000000000e+00 -9.944863617420196533e-03 0.000000000000000000e+00 5.000000000000000000e+01 0.000000000000000000e+00
4.561511874198913574e-01 4.258121252059936523e-01 -7.310830801725387573e-02 -6.651098281145095825e-02 -2.402490234375000000e+01 0.000000000000000000e+00 -9.944863617420196533e-03 0.000000000000000000e+00 5.000000000000000000e+01 0.000000000000000000e+00
4.561511874198913574e-01 4.258121252059936523e-01 -7.310830801725387573e-02 -6.651098281145095825e-02 -2.402490234375000000e+01 0.000000000000000000e+00 -9.944863617420196533e-03 0.000000000000000000e+00 5.000000000000000000e+01 0.000000000000000000e+00
4.561511874198913574e-01 4.258121252059936523e-01 -7.310830801725387573e-02 -6.651098281145095825e-02 -2.402490234375000000e+01 0.000000000000000000e+00 -9.944863617420196533e-03 0.000000000000000000e+00 5.000000000000000000e+01 0.000000000000000000e+00
4.561511874198913574e-01 4.258121252059936523e-01 -7.310830801725387573e-02 -6.651098281145095825e-02 -2.402490234375000000e+01 0.000000000000000000e+00 -9.944863617420196533e-03 0.000000000000000000e+00 5.000000000000000000e+01 0.000000000000000000e+00
4.561511874198913574e-01 4.258121252059936523e-01 -7.310830801725387573e-02 -6.651098281145095825e-02 -2.402490234375000000e+01 0.000000000000000000e+00 -9.944863617420196533e-03 0.000000000000000000e+00 5.000000000000000000e+01 0.000000000000000000e+00
4.561511874198913574e-01 4.258121252059936523e-01 -7.310830801725387573e-02 -6.651098281145095825e-02 -2.402490234375000000e+01 0.000000000000000000e+00 -9.944863617420196533e-03 0.000000000000000000e+00 5.000000000000000000e+01 0.000000000000000000e+00
4.561511874198913574e-01 4.258121252059936523e-01 -7.310830801725387573e-02 -6.651098281145095825e-02 -2.402490234375000000e+01 0.000000000000000000e+00 -9.944863617420196533e-03 0.000000000000000000e+00 5.000000000000000000e+01 0.000000000000000000e+00
4.561511874198913574e-01 4.258121252059936523e-01 -7.310830801725387573e-02 -6.651098281145095825e-02 -2.402490234375000000e+01 0.000000000000000000e+00 -9.944863617420196533e-03 0.000000000000000000e+00 5.000000000000000000e+01 0.000000000000000000e+00
4.561511874198913574e-01 4.258121252059936523e-01 -7.310830801725387573e-02 -6.651098281145095825e-02 -2.402490234375000000e+01 0.000000000000000000e+00 -9.944863617420196533e-03 0.000000000000000000e+00 5.000000000000000000e+01 0.000000000000000000e+00
4.561511874198913574e-01 4.258121252059936523e-01 -7.310830801725387573e-02 -6.651098281145095825e-02 -2.402490234375000000e+01 0.000000000000000000e+00 -9.944863617420196533e-03 0.000000000000000000e+00 5.000000000000000000e+01 0.000000000000000000e+00
4.561511874198913574e-01 4.258121252059936523e-01 -7.310830801725387573e-02 -6.651098281145095825e-02 -2.402490234375000000e+01 0.000000000000000000e+00 -9.944863617420196533e-03 0.000000000000000000e+00 5.000000000000000000e+01 0.000000000000000000e+00
4.561511874198913574e-01 4.258121252059936523e-01 -7.310830801725387573e-02 -6.651098281145095825e-02 -2.402490234375000000e+01 0.000000000000000000e+00 -9.944863617420196533e-03 0.000000000000000000e+00 5.000000000000000000e+01 0.000000000000000000e+00
4.561511874198913574e-01 4.258121252059936523e-01 -7.310830801725387573e-02 -6.651098281145095825e-02 -2.402490234375000000e+01 0.000000000000000000e+00 -9.944863617420196533e-03 0.000000000000000000e+00 5.000000000000000000e+01 0.000000000000000000e+00
4.561511874198913574e-01 4.258121252059936523e-01 -7.310830801725387573e-02 -6.651098281145095825e-02 -2.402490234375000000e+01 0.000000000000000000e+00 -9.944863617420196533e-03 0.000000000000000000e+00 5.000000000000000000e+01 0.000000000000000000e+00
4.561511874198913574e-01 4.258121252059936523e-01 -7.310830801725387573e-02 -6.651098281145095825e-02 -2.402490234375000000e+01 0.000000000000000000e+00 -9.944863617420196533e-03 0.000000000000000000e+00 5.000000000000000000e+01 0.000000000000000000e+00
4.561511874198913574e-01 4.258121252059936523e-01 -7.310830801725387573e-02 -6.651098281145095825e-02 -2.402490234375000000e+01 0.000000000000000000e+00 -9.944863617420196533e-03 0.000000000000000000e+00 5.000000000000000000e+01 0.000000000000000000e+00
4.561511874198913574e-01 4.258121252059936523e-01 -7.310830801725387573e-02 -6.651098281145095825e-02 -2.402490234375000000e+01 0.000000000000000000e+00 -9.944863617420196533e-03 0.000000000000000000e+00 5.000000000000000000e+01 0.000000000000000000e+00
4.561511874198913574e-01 4.258121252059936523e-01 -7.310830801725387573e-02 -6.651098281145095825e-02 -2.402490234375000000e+01 0.000000000000000000e+00 -9.944863617420196533e-03 0.000000000000000000e+00 5.000000000000000000e+01 0.000000000000000000e+00
4.561511874198913574e-01 4.258121252059936523e-01 -7.310830801725387573e-02 -6.651098281145095825e-02 -2.402490234375000000e+01 0.000000000000000000e+00 -9.944863617420196533e-03 0.000000000000000000e+00 5.000000000000000000e+01 0.000000000000000000e+00
4.561511874198913574e-01 4.258121252059936523e-01 -7.310830801725387573e-02 -6.651098281145095825e-02 -2.402490234375000000e+01 0.000000000000000000e+00 -9.944863617420196533e-03 0.000000000000000000e+00 5.000000000000000000e+01 0.000000000000000000e+00
4.561511874198913574e-01 4.258121252059936523e-01 -7.310830801725387573e-02 -6.651098281145095825e-02 -2.402490234375000000e+01 0.000000000000000000e+00 -9.944863617420196533e-03 0.000000000000000000e+00 5.000000000000000000e+01 0.000000000000000000e+00
4.561511874198913574e-01 4.258121252059936523e-01 -7.310830801725387573e-02 -6.651098281145095825e-02 -2.402490234375000000e+01 0.000000000000000000e+00 -9.944863617420196533e-03 0.000000000000000000e+00 5.000000000000000000e+01 0.000000000000000000e+00
4.561511874198913574e-01 4.258121252059936523e-01 -7.310830801725387573e-02 -6.651098281145095825e-02 -2.402490234375000000e+01 0.000000000000000000e+00 -9.944863617420196533e-03 0.000000000000000000e+00 5.000000000000000000e+01 0.000000000000000000e+00
4.561511874198913574e-01 4.258121252059936523e-01 -7.310830801725387573e-02 -6.651098281145095825e-02 -2.402490234375000000e+01 0.000000000000000000e+00 -9.944863617420196533e-03 0.000000000000000000e+00 5.000000000000000000e+01 0.000000000000000000e+00
4.561511874198913574e-01 4.258121252059936523e-01 -7.310830801725387573e-02 -6.651098281145095825e-02 -2.402490234375000000e+01 0.000000000000000000e+00 -9.944863617420196533e-03 0.000000000000000000e+00 5.000000000000000000e+01 0.000000000000000000e+00
4.561511874198913574e-01 4.258121252059936523e-01 -7.310830801725387573e-02 -6.651098281145095825e-02 -2.402490234375000000e+01 0.000000000000000000e+00 -9.944863617420196533e-03 0.000000000000000000e+00 5.000000000000000000e+01 0.000000000000000000e+00
4.561511874198913574e-01 4.258121252059936523e-01 -7.310830801725387573e-02 -6.651098281145095825e-02 -2.402490234375000000e+01 0.000000000000000000e+00 -9.944863617420196533e-03 0.000000000000000000e+00 5.000000000000000000e+01 0.000000000000000000e+00
4.561511874198913574e-01 4.258121252059936523e-01 -7.310830801725387573e-02 -6.651098281145095825e-02 -2.402490234375000000e+01 0.000000000000000000e+00 -9.944863617420196533e-03 0.000000000000000000e+00 5.000000000000000000e+01 0.000000000000000000e+00
4.561511874198913574e-01 4.258121252059936523e-01 -7.310830801725387573e-02 -6.651098281145095825e-02 -2.402490234375000000e+01 0.000000000000000000e+00 -9.944863617420196533e-03 0.000000000000000000e+00 5.000000000000000000e+01 0.000000000000000000e+00
4.561511874198913574e-01 4.258121252059936523e-01 -7.310830801725387573e-02 -6.651098281145095825e-02 -2.402490234375000000e+01 0.000000000000000000e+00 -9.944863617420196533e-03 0.000000000000000000e+00 5.000000000000000000e+01 0.000000000000000000e+00
4.561511874198913574e-01 4.258121252059936523e-01 -7.310830801725387573e-02 -6.651098281145095825e-02 -2.402490234375000000e+01 0.000000000000000000e+00 -9.944863617420196533e-03 0.000000000000000000e+00 5.000000000000000000e+01 0.000000000000000000e+00
4.561511874198913574e-01 4.258121252059936523e-01 -7.310830801725387573e-02 -6.651098281145095825e-02 -2.402490234375000000e+01 0.000000000000000000e+00 -9.944863617420196533e-03 0.000000000000000000e+00 5.000000000000000000e+01 0.000000000000000000e+00
4.561511874198913574e-01 4.258121252059936523e-01 -7.310830801725387573e-02 -6.651098281145095825e-02 -2.402490234375000000e+01 0.000000000000000000e+00 -9.944863617420196533e-03 0.000000000000000000e+00 5.000000000000000000e+01 0.000000000000000000e+00
4.561511874198913574e-01 4.258121252059936523e-01 -7.310830801725387573e-02 -6.651098281145095825e-02 -2.402490234375000000e+01 0.000000000000000000e+00 -9.944863617420196533e-03 0.000000000000000000e+00 5.000000000000000000e+01 0.000000000000000000e+00
4.561511874198913574e-01 4.258121252059936523e-01 -7.310830801725387573e-02 -6.651098281145095825e-02 -2.402490234375000000e+01 0.000000000000000000e+00 -9.944863617420196533e-03 0.000000000000000000e+00 5.000000000000000000e+01 0.000000000000000000e+00
4.561511874198913574e-01 4.258121252059936523e-01 -7.310830801725387573e-02 -6.651098281145095825e-02 -2.402490234375000000e+01 0.000000000000000000e+00 -9.944863617420196533e-03 0.000000000000000000e+00 5.000000000000000000e+01 0.000000000000000000e+00
4.561511874198913574e-01 4.258121252059936523e-01 -7.310830801725387573e-02 -6.651098281145095825e-02 -2.402490234375000000e+01 0.000000000000000000e+00 -9.944863617420196533e-03 0.000000000000000000e+00 5.000000000000000000e+01 0.000000000000000000e+00
