4.530693590641021729e-01 3.986131250858306885e-01 -1.321790814399719238e-01 -1.201940327882766724e-01 -4.006462478637695312e+01 -3.050406932830810547e+00 -1.658434420824050903e-02 -4.033584147691726685e-03 6.000000000000000000e+01 1.000000000000000000e+01
4.530693590641021729e-01 4.020110368728637695e-01 -1.242996305227279663e-01 -1.126942709088325500e-01 -3.939781951904296875e+01 -2.383599519729614258e+00 -1.630832627415657043e-02 -3.151857992634177208e-03 5.800000000000000000e+01 8.000000000000000000e+00
4.530693590641021729e-01 4.020110368728637695e-01 -1.242996305227279663e-01 -1.126942709088325500e-01 -3.939781951904296875e+01 -2.383599519729614258e+00 -1.630832627415657043e-02 -3.151857992634177208e-03 5.800000000000000000e+01 8.000000000000000000e+00
4.530693590641021729e-01 4.020110368728637695e-01 -1.242996305227279663e-01 -1.126942709088325500e-01 -3.939781951904296875e+01 -2.383599519729614258e+00 -1.630832627415657043e-02 -3.151857992634177208e-03 5.800000000000000000e+01 8.000000000000000000e+00
4.530693590641021729e-01 4.020110368728637695e-01 -1.242996305227279663e-01 -1.126942709088325500e-01 -3.939781951904296875e+01 -2.383599519729614258e+00 -1.630832627415657043e-02 -3.151857992634177208e-03 5.800000000000000000e+01 8.000000000000000000e+00
4.530693590641021729e-01 4.020110368728637695e-01 -1.242996305227279663e-01 -1.126942709088325500e-01 -3.939781951904296875e+01 -2.383599519729614258e+00 -1.630832627415657043e-02 -3.151857992634177208e-03 5.800000000000000000e+01 8.000000000000000000e+00
4.530693590641021729e-01 4.020110368728637695e-01 -1.242996305227279663e-01 -1.126942709088325500e-01 -3.939781951904296875e+01 -2.383599519729614258e+00 -1.630832627415657043e-02 -3.151857992634177208e-03 5.800000000000000000e+01 8.000000000000000000e+00
4.530693590641021729e-01 4.037976861000061035e-01 -1.207172647118568420e-01 -1.087508425116539001e-01 -3.858751678466796875e+01 -1.573297977447509766e+00 -1.597291044890880585e-02 -2.080387901514768600e-03 5.700000000000000000e+01 7.000000000000000000e+00
4.530693590641021729e-01 4.037976861000061035e-01 -1.207172647118568420e-01 -1.087508425116539001e-01 -3.858751678466796875e+01 -1.573297977447509766e+00 -1.597291044890880585e-02 -2.080387901514768600e-03 5.700000000000000000e+01 7.000000000000000000e+00
4.530693590641021729e-01 4.037976861000061035e-01 -1.207172647118568420e-01 -1.087508425116539001e-01 -3.858751678466796875e+01 -1.573297977447509766e+00 -1.597291044890880585e-02 -2.080387901514768600e-03 5.700000000000000000e+01 7.000000000000000000e+00
4.530693590641021729e-01 4.037976861000061035e-01 -1.207172647118568420e-01 -1.087508425116539001e-01 -3.858751678466796875e+01 -1.573297977447509766e+00 -1.597291044890880585e-02 -2.080387901514768600e-03 5.700000000000000000e+01 7.000000000000000000e+00
4.530693590641021729e-01 4.037976861000061035e-01 -1.207172647118568420e-01 -1.087508425116539001e-01 -3.858751678466796875e+01 -1.573297977447509766e+00 -1.597291044890880585e-02 -2.080387901514768600e-03 5.700000000000000000e+01 7.000000000000000000e+00
4.530693590641021729e-01 4.037976861000061035e-01 -1.207172647118568420e-01 -1.087508425116539001e-01 -3.858751678466796875e+01 -1.573297977447509766e+00 -1.597291044890880585e-02 -2.080387901514768600e-03 5.700000000000000000e+01 7.000000000000000000e+00
4.530693590641021729e-01 4.037976861000061035e-01 -1.207172647118568420e-01 -1.087508425116539001e-01 -3.858751678466796875e+01 -1.573297977447509766e+00 -1.597291044890880585e-02 -2.080387901514768600e-03 5.700000000000000000e+01 7.000000000000000000e+00
4.530693590641021729e-01 4.037976861000061035e-01 -1.207172647118568420e-01 -1.087508425116539001e-01 -3.858751678466796875e+01 -1.573297977447509766e+00 -1.597291044890880585e-02 -2.080387901514768600e-03 5.700000000000000000e+01 7.000000000000000000e+00
4.530693590641021729e-01 4.037976861000061035e-01 -1.207172647118568420e-01 -1.087508425116539001e-01 -3.858751678466796875e+01 -1.573297977447509766e+00 -1.597291044890880585e-02 -2.080387901514768600e-03 5.700000000000000000e+01 7.000000000000000000e+00
4.530693590641021729e-01 4.037976861000061035e-01 -1.207172647118568420e-01 -1.087508425116539001e-01 -3.858751678466796875e+01 -1.573297977447509766e+00 -1.597291044890880585e-02 -2.080387901514768600e-03 5.700000000000000000e+01 7.000000000000000000e+00
4.530693590641021729e-01 4.037976861000061035e-01 -1.207172647118568420e-01 -1.087508425116539001e-01 -3.858751678466796875e+01 -1.573297977447509766e+00 -1.597291044890880585e-02 -2.080387901514768600e-03 5.700000000000000000e+01 7.000000000000000000e+00
4.530693590641021729e-01 4.037976861000061035e-01 -1.207172647118568420e-01 -1.087508425116539001e-01 -3.858751678466796875e+01 -1.573297977447509766e+00 -1.597291044890880585e-02 -2.080387901514768600e-03 5.700000000000000000e+01 7.000000000000000000e+00
4.530693590641021729e-01 4.037976861000061035e-01 -1.207172647118568420e-01 -1.087508425116539001e-01 -3.858751678466796875e+01 -1.573297977447509766e+00 -1.597291044890880585e-02 -2.080387901514768600e-03 5.700000000000000000e+01 7.000000000000000000e+00
4.530693590641021729e-01 4.037976861000061035e-01 -1.207172647118568420e-01 -1.087508425116539001e-01 -3.858751678466796875e+01 -1.573297977447509766e+00 -1.597291044890880585e-02 -2.080387901514768600e-03 5.700000000000000000e+01 7.000000000000000000e+00
4.530693590641021729e-01 4.037976861000061035e-01 -1.207172647118568420e-01 -1.087508425116539001e-01 -3.858751678466796875e+01 -1.573297977447509766e+00 -1.597291044890880585e-02 -2.080387901514768600e-03 5.700000000000000000e+01 7.000000000000000000e+00
4.530693590641021729e-01 4.076622724533081055e-01 -1.105858087539672852e-01 -1.002210527658462524e-01 -3.813073730468750000e+01 -1.116518020629882812e+00 -1.578383147716522217e-02 -1.476383185945451260e-03 5.500000000000000000e+01 5.000000000000000000e+00
4.530693590641021729e-01 4.194824993610382080e-01 -8.462275564670562744e-02 -7.413182407617568970e-02 -3.754824829101562500e+01 -5.340320467948913574e-01 -1.554271578788757324e-02 -7.061560172587633133e-04 5.300000000000000000e+01 3.000000000000000000e+00
4.530693590641021729e-01 4.194824993610382080e-01 -8.462275564670562744e-02 -7.413182407617568970e-02 -3.754824829101562500e+01 -5.340320467948913574e-01 -1.554271578788757324e-02 -7.061560172587633133e-04 5.300000000000000000e+01 3.000000000000000000e+00
4.530693590641021729e-01 4.217251539230346680e-01 -7.863573729991912842e-02 -6.918191164731979370e-02 -3.737702178955078125e+01 -3.628014922142028809e-01 -1.547183841466903687e-02 -4.797361034434288740e-04 5.200000000000000000e+01 2.000000000000000000e+00
4.530693590641021729e-01 4.217251539230346680e-01 -7.863573729991912842e-02 -6.918191164731979370e-02 -3.737702178955078125e+01 -3.628014922142028809e-01 -1.547183841466903687e-02 -4.797361034434288740e-04 5.200000000000000000e+01 2.000000000000000000e+00
4.530693590641021729e-01 4.217251539230346680e-01 -7.863573729991912842e-02 -6.918191164731979370e-02 -3.737702178955078125e+01 -3.628014922142028809e-01 -1.547183841466903687e-02 -4.797361034434288740e-04 5.200000000000000000e+01 2.000000000000000000e+00
4.530693590641021729e-01 4.217251539230346680e-01 -7.863573729991912842e-02 -6.918191164731979370e-02 -3.737702178955078125e+01 -3.628014922142028809e-01 -1.547183841466903687e-02 -4.797361034434288740e-04 5.200000000000000000e+01 2.000000000000000000e+00
4.530693590641021729e-01 4.288165569305419922e-01 -5.960385501384735107e-02 -5.353000015020370483e-02 -3.716582489013671875e+01 -1.516098976135253906e-01 -1.538441516458988190e-02 -2.004753187065944076e-04 5.100000000000000000e+01 1.000000000000000000e+00
4.530693590641021729e-01 4.288165569305419922e-01 -5.960385501384735107e-02 -5.353000015020370483e-02 -3.716582489013671875e+01 -1.516098976135253906e-01 -1.538441516458988190e-02 -2.004753187065944076e-04 5.100000000000000000e+01 1.000000000000000000e+00
4.530693590641021729e-01 4.356988668441772461e-01 -4.133470356464385986e-02 -3.833958879113197327e-02 -3.701421737670898438e+01 0.000000000000000000e+00 -1.532165892422199249e-02 0.000000000000000000e+00 5.000000000000000000e+01 0.000000000000000000e+00
4.530693590641021729e-01 4.356988668441772461e-01 -4.133470356464385986e-02 -3.833958879113197327e-02 -3.701421737670898438e+01 0.000000000000000000e+00 -1.532165892422199249e-02 0.000000000000000000e+00 5.000000000000000000e+01 0.000000000000000000e+00
4.530693590641021729e-01 4.356988668441772461e-01 -4.133470356464385986e-02 -3.833958879113197327e-02 -3.701421737670898438e+01 0.000000000000000000e+00 -1.532165892422199249e-02 0.000000000000000000e+00 5.000000000000000000e+01 0.000000000000000000e+00
4.530693590641021729e-01 4.356988668441772461e-01 -4.133470356464385986e-02 -3.833958879113197327e-02 -3.701421737670898438e+01 0.000000000000000000e+00 -1.532165892422199249e-02 0.000000000000000000e+00 5.000000000000000000e+01 0.000000000000000000e+00
4.530693590641021729e-01 4.356988668441772461e-01 -4.133470356464385986e-02 -3.833958879113197327e-02 -3.701421737670898438e+01 0.000000000000000000e+00 -1.532165892422199249e-02 0.000000000000000000e+00 5.000000000000000000e+01 0.000000000000000000e+00
4.530693590641021729e-01 4.356988668441772461e-01 -4.133470356464385986e-02 -3.833958879113197327e-02 -3.701421737670898438e+01 0.000000000000000000e+00 -1.532165892422199249e-02 0.000000000000000000e+00 5.000000000000000000e+01 0.000000000000000000e+00
4.530693590641021729e-01 4.356988668441772461e-01 -4.133470356464385986e-02 -3.833958879113197327e-02 -3.701421737670898438e+01 0.000000000000000000e+00 -1.532165892422199249e-02 0.000000000000000000e+00 5.000000000000000000e+01 0.000000000000000000e+00
4.530693590641021729e-01 4.356988668441772461e-01 -4.133470356464385986e-02 -3.833958879113197327e-02 -3.701421737670898438e+01 0.000000000000000000e+00 -1.532165892422199249e-02 0.000000000000000000e+00 5.000000000000000000e+01 0.000000000000000000e+00
4.530693590641021729e-01 4.356988668441772461e-01 -4.133470356464385986e-02 -3.833958879113197327e-02 -3.701421737670898438e+01 0.000000000000000000e+00 -1.532165892422199249e-02 0.000000000000000000e+00 5.000000000000000000e+01 0.000000000000000000e+00
4.530693590641021729e-01 4.356988668441772461e-01 -4.133470356464385986e-02 -3.833958879113197327e-02 -3.701421737670898438e+01 0.000000000000000000e+00 -1.532165892422199249e-02 0.000000000000000000e+00 5.000000000000000000e+01 0.000000000000000000e+00
4.530693590641021729e-01 4.356988668441772461e-01 -4.133470356464385986e-02 -3.833958879113197327e-02 -3.701421737670898438e+01 0.000000000000000000e+00 -1.532165892422199249e-02 0.000000000000000000e+00 5.000000000000000000e+01 0.000000000000000000e+00
4.530693590641021729e-01 4.356988668441772461e-01 -4.133470356464385986e-02 -3.833958879113197327e-02 -3.701421737670898438e+01 0.000000000000000000e+00 -1.532165892422199249e-02 0.000000000000000000e+00 5.000000000000000000e+01 0.000000000000000000e+00
4.530693590641021729e-01 4.356988668441772461e-01 -4.133470356464385986e-02 -3.833958879113197327e-02 -3.701421737670898438e+01 0.000000000000000000e+00 -1.532165892422199249e-02 0.000000000000000000e+00 5.000000000000000000e+01 0.000000000000000000e+00
4.530693590641021729e-01 4.356988668441772461e-01 -4.133470356464385986e-02 -3.833958879113197327e-02 -3.701421737670898438e+01 0.000000000000000000e+00 -1.532165892422199249e-02 0.000000000000000000e+00 5.000000000000000000e+01 0.000000000000000000e+00
4.530693590641021729e-01 4.356988668441772461e-01 -4.133470356464385986e-02 -3.833958879113197327e-02 -3.701421737670898438e+01 0.000000000000000000e+00 -1.532165892422199249e-02 0.000000000000000000e+00 5.000000000000000000e+01 0.000000000000000000e+00
4.530693590641021729e-01 4.356988668441772461e-01 -4.133470356464385986e-02 -3.833958879113197327e-02 -3.701421737670898438e+01 0.000000000000000000e+00 -1.532165892422199249e-02 0.000000000000000000e+00 5.000000000000000000e+01 0.000000000000000000e+00
4.530693590641021729e-01 4.356988668441772461e-01 -4.133470356464385986e-02 -3.833958879113197327e-02 -3.701421737670898438e+01 0.000000000000000000e+00 -1.532165892422199249e-02 0.000000000000000000e+00 5.000000000000000000e+01 0.000000000000000000e+00
4.530693590641021729e-01 4.356988668441772461e-01 -4.133470356464385986e-02 -3.833958879113197327e-02 -3.701421737670898438e+01 0.000000000000000000e+00 -1.532165892422199249e-02 0.000000000000000000e+00 5.000000000000000000e+01 0.000000000000000000e+00
4.530693590641021729e-01 4.356988668441772461e-01 -4.133470356464385986e-02 -3.833958879113197327e-02 -3.701421737670898438e+01 0.000000000000000000e+00 -1.532165892422199249e-02 0.000000000000000000e+00 5.000000000000000000e+01 0.000000000000000000e+00
4.530693590641021729e-01 4.356988668441772461e-01 -4.133470356464385986e-02 -3.833958879113197327e-02 -3.701421737670898438e+01 0.000000000000000000e+00 -1.532165892422199249e-02 0.000000000000000000e+00 5.000000000000000000e+01 0.000000000000000000e+00
4.530693590641021729e-01 4.356988668441772461e-01 -4.133470356464385986e-02 -3.833958879113197327e-02 -3.701421737670898438e+01 0.000000000000000000e+00 -1.532165892422199249e-02 0.000000000000000000e+00 5.000000000000000000e+01 0.000000000000000000e+00
4.530693590641021729e-01 4.356988668441772461e-01 -4.133470356464385986e-02 -3.833958879113197327e-02 -3.701421737670898438e+01 0.000000000000000000e+00 -1.532165892422199249e-02 0.000000000000000000e+00 5.000000000000000000e+01 0.000000000000000000e+00
4.530693590641021729e-01 4.356988668441772461e-01 -4.133470356464385986e-02 -3.833958879113197327e-02 -3.701421737670898438e+01 0.000000000000000000e+00 -1.532165892422199249e-02 0.000000000000000000e+00 5.000000000000000000e+01 0.000000000000000000e+00
4.530693590641021729e-01 4.356988668441772461e-01 -4.133470356464385986e-02 -3.833958879113197327e-02 -3.701421737670898438e+01 0.000000000000000000e+00 -1.532165892422199249e-02 0.000000000000000000e+00 5.000000000000000000e+01 0.000000000000000000e+00
4.530693590641021729e-01 4.356988668441772461e-01 -4.133470356464385986e-02 -3.833958879113197327e-02 -3.701421737670898438e+01 0.000000000000000000e+00 -1.532165892422199249e-02 0.000000000000000000e+00 5.000000000000000000e+01 0.000000000000000000e+00
4.530693590641021729e-01 4.356988668441772461e-01 -4.133470356464385986e-02 -3.833958879113197327e-02 -3.701421737670898438e+01 0.000000000000000000e+00 -1.532165892422199249e-02 0.000000000000000000e+00 5.000000000000000000e+01 0.000000000000000000e+00
4.530693590641021729e-01 4.356988668441772461e-01 -4.133470356464385986e-02 -3.833958879113197327e-02 -3.701421737670898438e+01 0.000000000000000000e+00 -1.532165892422199249e-02 0.000000000000000000e+00 5.000000000000000000e+01 0.000000000000000000e+00
4.530693590641021729e-01 4.356988668441772461e-01 -4.133470356464385986e-02 -3.833958879113197327e-02 -3.701421737670898438e+01 0.000000000000000000e+00 -1.532165892422199249e-02 0.000000000000000000e+00 5.000000000000000000e+01 0.000000000000000000e+00
4.530693590641021729e-01 4.356988668441772461e-01 -4.133470356464385986e-02 -3.833958879113197327e-02 -3.701421737670898438e+01 0.000000000000000000e+00 -1.532165892422199249e-02 0.000000000000000000e+00 5.000000000000000000e+01 0.000000000000000000e+00
4.530693590641021729e-01 4.356988668441772461e-01 -4.133470356464385986e-02 -3.833958879113197327e-02 -3.701421737670898438e+01 0.000000000000000000e+00 -1.532165892422199249e-02 0.000000000000000000e+00 5.000000000000000000e+01 0.000000000000000000e+00
4.530693590641021729e-01 4.356988668441772461e-01 -4.133470356464385986e-02 -3.833958879113197327e-02 -3.701421737670898438e+01 0.000000000000000000e+00 -1.532165892422199249e-02 0.000000000000000000e+00 5.000000000000000000e+01 0.000000000000000000e+00
4.530693590641021729e-01 4.356988668441772461e-01 -4.133470356464385986e-02 -3.833958879113197327e-02 -3.701421737670898438e+01 0.000000000000000000e+00 -1.532165892422199249e-02 0.000000000000000000e+00 5.000000000000000000e+01 0.000000000000000000e+00
4.530693590641021729e-01 4.356988668441772461e-01 -4.133470356464385986e-02 -3.833958879113197327e-02 -3.701421737670898438e+01 0.000000000000000000e+00 -1.532165892422199249e-02 0.000000000000000000e+00 5.000000000000000000e+01 0.000000000000000000e+00
4.530693590641021729e-01 4.356988668441772461e-01 -4.133470356464385986e-02 -3.833958879113197327e-02 -3.701421737670898438e+01 0.000000000000000000e+00 -1.532165892422199249e-02 0.000000000000000000e+00 5.000000000000000000e+01 0.000000000000000000e+00
4.530693590641021729e-01 4.356988668441772461e-01 -4.133470356464385986e-02 -3.833958879113197327e-02 -3.701421737670898438e+01 0.000000000000000000e+00 -1.532165892422199249e-02 0.000000000000000000e+00 5.000000000000000000e+01 0.000000000000000000e+00
4.530693590641021729e-01 4.356988668441772461e-01 -4.133470356464385986e-02 -3.833958879113197327e-02 -3.701421737670898438e+01 0.000000000000000000e+00 -1.532165892422199249e-02 0.000000000000000000e+00 5.000000000000000000e+01 0.000000000000000000e+00
4.530693590641021729e-01 4.356988668441772461e-01 -4.133470356464385986e-02 -3.833958879113197327e-02 -3.701421737670898438e+01 0.000000000000000000e+00 -1.532165892422199249e-02 0.000000000000000000e+00 5.000000000000000000e+01 0.000000000000000000e+00
4.530693590641021729e-01 4.356988668441772461e-01 -4.133470356464385986e-02 -3.833958879113197327e-02 -3.701421737670898438e+01 0.000000000000000000e+00 -1.532165892422199249e-02 0.000000000000000000e+00 5.000000000000000000e+01 0.000000000000000000e+00
4.530693590641021729e-01 4.356988668441772461e-01 -4.133470356464385986e-02 -3.833958879113197327e-02 -3.701421737670898438e+01 0.000000000000000000e+00 -1.532165892422199249e-02 0.000000000000000000e+00 5.000000000000000000e+01 0.000000000000000000e+00
4.530693590641021729e-01 4.356988668441772461e-01 -4.133470356464385986e-02 -3.833958879113197327e-02 -3.701421737670898438e+01 0.000000000000000000e+00 -1.532165892422199249e-02 0.000000000000000000e+00 5.000000000000000000e+01 0.000000000000000000e+00
4.530693590641021729e-01 4.356988668441772461e-01 -4.133470356464385986e-02 -3.833958879113197327e-02 -3.701421737670898438e+01 0.000000000000000000e+00 -1.532165892422199249e-02 0.000000000000000000e+00 5.000000000000000000e+01 0.000000000000000000e+00
4.530693590641021729e-01 4.356988668441772461e-01 -4.133470356464385986e-02 -3.833958879113197327e-02 -3.701421737670898438e+01 0.000000000000000000e+00 -1.532165892422199249e-02 0.000000000000000000e+00 5.000000000000000000e+01 0.000000000000000000e+00
4.530693590641021729e-01 4.356988668441772461e-01 -4.133470356464385986e-02 -3.833958879113197327e-02 -3.701421737670898438e+01 0.000000000000000000e+00 -1.532165892422199249e-02 0.000000000000000000e+00 5.000000000000000000e+01 0.000000000000000000e+00
4.530693590641021729e-01 4.356988668441772461e-01 -4.133470356464385986e-02 -3.833958879113197327e-02 -3.701421737670898438e+01 0.000000000000000000e+00 -1.532165892422199249e-02 0.000000000000000000e+00 5.000000000000000000e+01 0.000000000000000000e+00
4.530693590641021729e-01 4.356988668441772461e-01 -4.133470356464385986e-02 -3.833958879113197327e-02 -3.701421737670898438e+01 0.000000000000000000e+00 -1.532165892422199249e-02 0.000000000000000000e+00 5.000000000000000000e+01 0.000000000000000000e+00
4.530693590641021729e-01 4.356988668441772461e-01 -4.133470356464385986e-02 -3.833958879113197327e-02 -3.701421737670898438e+01 0.000000000000000000e+00 -1.532165892422199249e-02 0.000000000000000000e+00 5.000000000000000000e+01 0.000000000000000000e+00
4.530693590641021729e-01 4.356988668441772461e-01 -4.133470356464385986e-02 -3.833958879113197327e-02 -3.701421737670898438e+01 0.000000000000000000e+00 -1.532165892422199249e-02 0.000000000000000000e+00 5.000000000000000000e+01 0.000000000000000000e+00
4.530693590641021729e-01 4.356988668441772461e-01 -4.133470356464385986e-02 -3.833958879113197327e-02 -3.701421737670898438e+01 0.000000000000000000e+00 -1.532165892422199249e-02 0.000000000000000000e+00 5.000000000000000000e+01 0.000000000000000000e+00
4.530693590641021729e-01 4.356988668441772461e-01 -4.133470356464385986e-02 -3.833958879113197327e-02 -3.701421737670898438e+01 0.000000000000000000e+00 -1.532165892422199249e-02 0.000000000000000000e+00 5.000000000000000000e+01 0.000000000000000000e+00
4.530693590641021729e-01 4.356988668441772461e-01 -4.133470356464385986e-02 -3.833958879113197327e-02 -3.701421737670898438e+01 0.000000000000000000e+00 -1.532165892422199249e-02 0.000000000000000000e+00 5.000000000000000000e+01 0.000000000000000000e+00
4.530693590641021729e-01 4.356988668441772461e-01 -4.133470356464385986e-02 -3.833958879113197327e-02 -3.701421737670898438e+01 0.000000000000000000e+00 -1.532165892422199249e-02 0.000000000000000000e+00 5.000000000000000000e+01 0.000000000000000000e+00
4.530693590641021729e-01 4.356988668441772461e-01 -4.133470356464385986e-02 -3.833958879113197327e-02 -3.701421737670898438e+01 0.000000000000000000e+00 -1.532165892422199249e-02 0.000000000000000000e+00 5.000000000000000000e+01 0.000000000000000000e+00
4.530693590641021729e-01 4.356988668441772461e-01 -4.133470356464385986e-02 -3.833958879113197327e-02 -3.701421737670898438e+01 0.000000000000000000e+00 -1.532165892422199249e-02 0.000000000000000000e+00 5.000000000000000000e+01 0.000000000000000000e+00
4.530693590641021729e-01 4.356988668441772461e-01 -4.133470356464385986e-02 -3.833958879113197327e-02 -3.701421737670898438e+01 0.000000000000000000e+00 -1.532165892422199249e-02 0.000000000000000000e+00 5.000000000000000000e+01 0.000000000000000000e+00
4.530693590641021729e-01 4.356988668441772461e-01 -4.133470356464385986e-02 -3.833958879113197327e-02 -3.701421737670898438e+01 0.000000000000000000e+00 -1.532165892422199249e-02 0.000000000000000000e+00 5.000000000000000000e+01 0.000000000000000000e+00
4.530693590641021729e-01 4.356988668441772461e-01 -4.133470356464385986e-02 -3.833958879113197327e-02 -3.701421737670898438e+01 0.000000000000000000e+00 -1.532165892422199249e-02 0.000000000000000000e+00 5.000000000000000000e+01 0.000000000000000000e+00
4.530693590641021729e-01 4.356988668441772461e-01 -4.133470356464385986e-02 -3.833958879113197327e-02 -3.701421737670898438e+01 0.000000000000000000e+00 -1.532165892422199249e-02 0.000000000000000000e+00 5.000000000000000000e+01 0.000000000000000000e+00
4.530693590641021729e-01 4.356988668441772461e-01 -4.133470356464385986e-02 -3.833958879113197327e-02 -3.701421737670898438e+01 0.000000000000000000e+00 -1.532165892422199249e-02 0.000000000000000000e+00 5.000000000000000000e+01 0.000000000000000000e+00
4.530693590641021729e-01 4.356988668441772461e-01 -4.133470356464385986e-02 -3.833958879113197327e-02 -3.701421737670898438e+01 0.000000000000000000e+00 -1.532165892422199249e-02 0.000000000000000000e+00 5.000000000000000000e+01 0.000000000000000000e+00
4.530693590641021729e-01 4.356988668441772461e-01 -4.133470356464385986e-02 -3.833958879113197327e-02 -3.701421737670898438e+01 0.000000000000000000e+00 -1.532165892422199249e-02 0.000000000000000000e+00 5.000000000000000000e+01 0.000000000000000000e+00
