4.040066301822662354e-01 2.010535746812820435e-01 -4.987303912639617920e-01 -5.023508071899414062e-01 -4.376632308959960938e+01 -1.688938617706298828e+00 -1.811662502586841583e-02 -1.314377062954008579e-03 5.800000000000000000e+01 8.000000000000000000e+00
4.040066301822662354e-01 2.052434831857681274e-01 -4.885048270225524902e-01 -4.919799268245697021e-01 -4.207738494873046875e+01 0.000000000000000000e+00 -1.741750538349151611e-02 0.000000000000000000e+00 5.000000000000000000e+01 0.000000000000000000e+00
4.040066301822662354e-01 2.052434831857681274e-01 -4.885048270225524902e-01 -4.919799268245697021e-01 -4.207738494873046875e+01 0.000000000000000000e+00 -1.741750538349151611e-02 0.000000000000000000e+00 5.000000000000000000e+01 0.000000000000000000e+00
4.040066301822662354e-01 2.052434831857681274e-01 -4.885048270225524902e-01 -4.919799268245697021e-01 -4.207738494873046875e+01 0.000000000000000000e+00 -1.741750538349151611e-02 0.000000000000000000e+00 5.000000000000000000e+01 0.000000000000000000e+00
4.040066301822662354e-01 2.052434831857681274e-01 -4.885048270225524902e-01 -4.919799268245697021e-01 -4.207738494873046875e+01 0.000000000000000000e+00 -1.741750538349151611e-02 0.000000000000000000e+00 5.000000000000000000e+01 0.000000000000000000e+00
4.040066301822662354e-01 2.052434831857681274e-01 -4.885048270225524902e-01 -4.919799268245697021e-01 -4.207738494873046875e+01 0.000000000000000000e+00 -1.741750538349151611e-02 0.000000000000000000e+00 5.000000000000000000e+01 0.000000000000000000e+00
4.040066301822662354e-01 2.052434831857681274e-01 -4.885048270225524902e-01 -4.919799268245697021e-01 -4.207738494873046875e+01 0.000000000000000000e+00 -1.741750538349151611e-02 0.000000000000000000e+00 5.000000000000000000e+01 0.000000000000000000e+00
4.040066301822662354e-01 2.052434831857681274e-01 -4.885048270225524902e-01 -4.919799268245697021e-01 -4.207738494873046875e+01 0.000000000000000000e+00 -1.741750538349151611e-02 0.000000000000000000e+00 5.000000000000000000e+01 0.000000000000000000e+00
4.040066301822662354e-01 2.052434831857681274e-01 -4.885048270225524902e-01 -4.919799268245697021e-01 -4.207738494873046875e+01 0.000000000000000000e+00 -1.741750538349151611e-02 0.000000000000000000e+00 5.000000000000000000e+01 0.000000000000000000e+00
4.040066301822662354e-01 2.052434831857681274e-01 -4.885048270225524902e-01 -4.919799268245697021e-01 -4.207738494873046875e+01 0.000000000000000000e+00 -1.741750538349151611e-02 0.000000000000000000e+00 5.000000000000000000e+01 0.000000000000000000e+00
4.040066301822662354e-01 2.052434831857681274e-01 -4.885048270225524902e-01 -4.919799268245697021e-01 -4.207738494873046875e+01 0.000000000000000000e+00 -1.741750538349151611e-02 0.000000000000000000e+00 5.000000000000000000e+01 0.000000000000000000e+00
4.040066301822662354e-01 2.052434831857681274e-01 -4.885048270225524902e-01 -4.919799268245697021e-01 -4.207738494873046875e+01 0.000000000000000000e+00 -1.741750538349151611e-02 0.000000000000000000e+00 5.000000000000000000e+01 0.000000000000000000e+00
4.040066301822662354e-01 2.052434831857681274e-01 -4.885048270225524902e-01 -4.919799268245697021e-01 -4.207738494873046875e+01 0.000000000000000000e+00 -1.741750538349151611e-02 0.000000000000000000e+00 5.000000000000000000e+01 0.000000000000000000e+00
4.040066301822662354e-01 2.052434831857681274e-01 -4.885048270225524902e-01 -4.919799268245697021e-01 -4.207738494873046875e+01 0.000000000000000000e+00 -1.741750538349151611e-02 0.000000000000000000e+00 5.000000000000000000e+01 0.000000000000000000e+00
4.040066301822662354e-01 2.052434831857681274e-01 -4.885048270225524902e-01 -4.919799268245697021e-01 -4.207738494873046875e+01 0.000000000000000000e+00 -1.741750538349151611e-02 0.000000000000000000e+00 5.000000000000000000e+01 0.000000000000000000e+00
4.040066301822662354e-01 2.052434831857681274e-01 -4.885048270225524902e-01 -4.919799268245697021e-01 -4.207738494873046875e+01 0.000000000000000000e+00 -1.741750538349151611e-02 0.000000000000000000e+00 5.000000000000000000e+01 0.000000000000000000e+00
4.040066301822662354e-01 2.052434831857681274e-01 -4.885048270225524902e-01 -4.919799268245697021e-01 -4.207738494873046875e+01 0.000000000000000000e+00 -1.741750538349151611e-02 0.000000000000000000e+00 5.000000000000000000e+01 0.000000000000000000e+00
4.040066301822662354e-01 2.052434831857681274e-01 -4.885048270225524902e-01 -4.919799268245697021e-01 -4.207738494873046875e+01 0.000000000000000000e+00 -1.741750538349151611e-02 0.000000000000000000e+00 5.000000000000000000e+01 0.000000000000000000e+00
4.040066301822662354e-01 2.052434831857681274e-01 -4.885048270225524902e-01 -4.919799268245697021e-01 -4.207738494873046875e+01 0.000000000000000000e+00 -1.741750538349151611e-02 0.000000000000000000e+00 5.000000000000000000e+01 0.000000000000000000e+00
4.040066301822662354e-01 2.052434831857681274e-01 -4.885048270225524902e-01 -4.919799268245697021e-01 -4.207738494873046875e+01 0.000000000000000000e+00 -1.741750538349151611e-02 0.000000000000000000e+00 5.000000000000000000e+01 0.000000000000000000e+00
4.040066301822662354e-01 2.052434831857681274e-01 -4.885048270225524902e-01 -4.919799268245697021e-01 -4.207738494873046875e+01 0.000000000000000000e+00 -1.741750538349151611e-02 0.000000000000000000e+00 5.000000000000000000e+01 0.000000000000000000e+00
4.040066301822662354e-01 2.052434831857681274e-01 -4.885048270225524902e-01 -4.919799268245697021e-01 -4.207738494873046875e+01 0.000000000000000000e+00 -1.741750538349151611e-02 0.000000000000000000e+00 5.000000000000000000e+01 0.000000000000000000e+00
4.040066301822662354e-01 2.052434831857681274e-01 -4.885048270225524902e-01 -4.919799268245697021e-01 -4.207738494873046875e+01 0.000000000000000000e+00 -1.741750538349151611e-02 0.000000000000000000e+00 5.000000000000000000e+01 0.000000000000000000e+00
4.040066301822662354e-01 2.052434831857681274e-01 -4.885048270225524902e-01 -4.919799268245697021e-01 -4.207738494873046875e+01 0.000000000000000000e+00 -1.741750538349151611e-02 0.000000000000000000e+00 5.000000000000000000e+01 0.000000000000000000e+00
4.040066301822662354e-01 2.052434831857681274e-01 -4.885048270225524902e-01 -4.919799268245697021e-01 -4.207738494873046875e+01 0.000000000000000000e+00 -1.741750538349151611e-02 0.000000000000000000e+00 5.000000000000000000e+01 0.000000000000000000e+00
4.040066301822662354e-01 2.052434831857681274e-01 -4.885048270225524902e-01 -4.919799268245697021e-01 -4.207738494873046875e+01 0.000000000000000000e+00 -1.741750538349151611e-02 0.000000000000000000e+00 5.000000000000000000e+01 0.000000000000000000e+00
4.040066301822662354e-01 2.052434831857681274e-01 -4.885048270225524902e-01 -4.919799268245697021e-01 -4.207738494873046875e+01 0.000000000000000000e+00 -1.741750538349151611e-02 0.000000000000000000e+00 5.000000000000000000e+01 0.000000000000000000e+00
4.040066301822662354e-01 2.052434831857681274e-01 -4.885048270225524902e-01 -4.919799268245697021e-01 -4.207738494873046875e+01 0.000000000000000000e+00 -1.741750538349151611e-02 0.000000000000000000e+00 5.000000000000000000e+01 0.000000000000000000e+00
4.040066301822662354e-01 2.052434831857681274e-01 -4.885048270225524902e-01 -4.919799268245697021e-01 -4.207738494873046875e+01 0.000000000000000000e+00 -1.741750538349151611e-02 0.000000000000000000e+00 5.000000000000000000e+01 0.000000000000000000e+00
4.040066301822662354e-01 2.052434831857681274e-01 -4.885048270225524902e-01 -4.919799268245697021e-01 -4.207738494873046875e+01 0.000000000000000000e+00 -1.741750538349151611e-02 0.000000000000000000e+00 5.000000000000000000e+01 0.000000000000000000e+00
4.040066301822662354e-01 2.052434831857681274e-01 -4.885048270225524902e-01 -4.919799268245697021e-01 -4.207738494873046875e+01 0.000000000000000000e+00 -1.741750538349151611e-02 0.000000000000000000e+00 5.000000000000000000e+01 0.000000000000000000e+00
4.040066301822662354e-01 2.052434831857681274e-01 -4.885048270225524902e-01 -4.919799268245697021e-01 -4.207738494873046875e+01 0.000000000000000000e+00 -1.741750538349151611e-02 0.000000000000000000e+00 5.000000000000000000e+01 0.000000000000000000e+00
4.040066301822662354e-01 2.052434831857681274e-01 -4.885048270225524902e-01 -4.919799268245697021e-01 -4.207738494873046875e+01 0.000000000000000000e+00 -1.741750538349151611e-02 0.000000000000000000e+00 5.000000000000000000e+01 0.000000000000000000e+00
4.040066301822662354e-01 2.052434831857681274e-01 -4.885048270225524902e-01 -4.919799268245697021e-01 -4.207738494873046875e+01 0.000000000000000000e+00 -1.741750538349151611e-02 0.000000000000000000e+00 5.000000000000000000e+01 0.000000000000000000e+00
4.040066301822662354e-01 2.052434831857681274e-01 -4.885048270225524902e-01 -4.919799268245697021e-01 -4.207738494873046875e+01 0.000000000000000000e+00 -1.741750538349151611e-02 0.000000000000000000e+00 5.000000000000000000e+01 0.000000000000000000e+00
4.040066301822662354e-01 2.052434831857681274e-01 -4.885048270225524902e-01 -4.919799268245697021e-01 -4.207738494873046875e+01 0.000000000000000000e+00 -1.741750538349151611e-02 0.000000000000000000e+00 5.000000000000000000e+01 0.000000000000000000e+00
4.040066301822662354e-01 2.052434831857681274e-01 -4.885048270225524902e-01 -4.919799268245697021e-01 -4.207738494873046875e+01 0.000000000000000000e+00 -1.741750538349151611e-02 0.000000000000000000e+00 5.000000000000000000e+01 0.000000000000000000e+00
4.040066301822662354e-01 2.052434831857681274e-01 -4.885048270225524902e-01 -4.919799268245697021e-01 -4.207738494873046875e+01 0.000000000000000000e+00 -1.741750538349151611e-02 0.000000000000000000e+00 5.000000000000000000e+01 0.000000000000000000e+00
4.040066301822662354e-01 2.052434831857681274e-01 -4.885048270225524902e-01 -4.919799268245697021e-01 -4.207738494873046875e+01 0.000000000000000000e+00 -1.741750538349151611e-02 0.000000000000000000e+00 5.000000000000000000e+01 0.000000000000000000e+00
4.040066301822662354e-01 2.052434831857681274e-01 -4.885048270225524902e-01 -4.919799268245697021e-01 -4.207738494873046875e+01 0.000000000000000000e+00 -1.741750538349151611e-02 0.000000000000000000e+00 5.000000000000000000e+01 0.000000000000000000e+00
4.040066301822662354e-01 2.052434831857681274e-01 -4.885048270225524902e-01 -4.919799268245697021e-01 -4.207738494873046875e+01 0.000000000000000000e+00 -1.741750538349151611e-02 0.000000000000000000e+00 5.000000000000000000e+01 0.000000000000000000e+00
4.040066301822662354e-01 2.052434831857681274e-01 -4.885048270225524902e-01 -4.919799268245697021e-01 -4.207738494873046875e+01 0.000000000000000000e+00 -1.741750538349151611e-02 0.000000000000000000e+00 5.000000000000000000e+01 0.000000000000000000e+00
4.040066301822662354e-01 2.052434831857681274e-01 -4.885048270225524902e-01 -4.919799268245697021e-01 -4.207738494873046875e+01 0.000000000000000000e+00 -1.741750538349151611e-02 0.000000000000000000e+00 5.000000000000000000e+01 0.000000000000000000e+00
4.040066301822662354e-01 2.052434831857681274e-01 -4.885048270225524902e-01 -4.919799268245697021e-01 -4.207738494873046875e+01 0.000000000000000000e+00 -1.741750538349151611e-02 0.000000000000000000e+00 5.000000000000000000e+01 0.000000000000000000e+00
4.040066301822662354e-01 2.052434831857681274e-01 -4.885048270225524902e-01 -4.919799268245697021e-01 -4.207738494873046875e+01 0.000000000000000000e+00 -1.741750538349151611e-02 0.000000000000000000e+00 5.000000000000000000e+01 0.000000000000000000e+00
4.040066301822662354e-01 2.052434831857681274e-01 -4.885048270225524902e-01 -4.919799268245697021e-01 -4.207738494873046875e+01 0.000000000000000000e+00 -1.741750538349151611e-02 0.000000000000000000e+00 5.000000000000000000e+01 0.000000000000000000e+00
4.040066301822662354e-01 2.052434831857681274e-01 -4.885048270225524902e-01 -4.919799268245697021e-01 -4.207738494873046875e+01 0.000000000000000000e+00 -1.741750538349151611e-02 0.000000000000000000e+00 5.000000000000000000e+01 0.000000000000000000e+00
4.040066301822662354e-01 2.052434831857681274e-01 -4.885048270225524902e-01 -4.919799268245697021e-01 -4.207738494873046875e+01 0.000000000000000000e+00 -1.741750538349151611e-02 0.000000000000000000e+00 5.000000000000000000e+01 0.000000000000000000e+00
4.040066301822662354e-01 2.052434831857681274e-01 -4.885048270225524902e-01 -4.919799268245697021e-01 -4.207738494873046875e+01 0.000000000000000000e+00 -1.741750538349151611e-02 0.000000000000000000e+00 5.000000000000000000e+01 0.000000000000000000e+00
4.040066301822662354e-01 2.052434831857681274e-01 -4.885048270225524902e-01 -4.919799268245697021e-01 -4.207738494873046875e+01 0.000000000000000000e+00 -1.741750538349151611e-02 0.000000000000000000e+00 5.000000000000000000e+01 0.000000000000000000e+00
4.040066301822662354e-01 2.052434831857681274e-01 -4.885048270225524902e-01 -4.919799268245697021e-01 -4.207738494873046875e+01 0.000000000000000000e+00 -1.741750538349151611e-02 0.000000000000000000e+00 5.000000000000000000e+01 0.000000000000000000e+00
4.040066301822662354e-01 2.052434831857681274e-01 -4.885048270225524902e-01 -4.919799268245697021e-01 -4.207738494873046875e+01 0.000000000000000000e+00 -1.741750538349151611e-02 0.000000000000000000e+00 5.000000000000000000e+01 0.000000000000000000e+00
4.040066301822662354e-01 2.052434831857681274e-01 -4.885048270225524902e-01 -4.919799268245697021e-01 -4.207738494873046875e+01 0.000000000000000000e+00 -1.741750538349151611e-02 0.000000000000000000e+00 5.000000000000000000e+01 0.000000000000000000e+00
4.040066301822662354e-01 2.052434831857681274e-01 -4.885048270225524902e-01 -4.919799268245697021e-01 -4.207738494873046875e+01 0.000000000000000000e+00 -1.741750538349151611e-02 0.000000000000000000e+00 5.000000000000000000e+01 0.000000000000000000e+00
4.040066301822662354e-01 2.052434831857681274e-01 -4.885048270225524902e-01 -4.919799268245697021e-01 -4.207738494873046875e+01 0.000000000000000000e+00 -1.741750538349151611e-02 0.000000000000000000e+00 5.000000000000000000e+01 0.000000000000000000e+00
4.040066301822662354e-01 2.052434831857681274e-01 -4.885048270225524902e-01 -4.919799268245697021e-01 -4.207738494873046875e+01 0.000000000000000000e+00 -1.741750538349151611e-02 0.000000000000000000e+00 5.000000000000000000e+01 0.000000000000000000e+00
4.040066301822662354e-01 2.052434831857681274e-01 -4.885048270225524902e-01 -4.919799268245697021e-01 -4.207738494873046875e+01 0.000000000000000000e+00 -1.741750538349151611e-02 0.000000000000000000e+00 5.000000000000000000e+01 0.000000000000000000e+00
4.040066301822662354e-01 2.052434831857681274e-01 -4.885048270225524902e-01 -4.919799268245697021e-01 -4.207738494873046875e+01 0.000000000000000000e+00 -1.741750538349151611e-02 0.000000000000000000e+00 5.000000000000000000e+01 0.000000000000000000e+00
4.040066301822662354e-01 2.052434831857681274e-01 -4.885048270225524902e-01 -4.919799268245697021e-01 -4.207738494873046875e+01 0.000000000000000000e+00 -1.741750538349151611e-02 0.000000000000000000e+00 5.000000000000000000e+01 0.000000000000000000e+00
4.040066301822662354e-01 2.052434831857681274e-01 -4.885048270225524902e-01 -4.919799268245697021e-01 -4.207738494873046875e+01 0.000000000000000000e+00 -1.741750538349151611e-02 0.000000000000000000e+00 5.000000000000000000e+01 0.000000000000000000e+00
4.040066301822662354e-01 2.052434831857681274e-01 -4.885048270225524902e-01 -4.919799268245697021e-01 -4.207738494873046875e+01 0.000000000000000000e+00 -1.741750538349151611e-02 0.000000000000000000e+00 5.000000000000000000e+01 0.000000000000000000e+00
4.040066301822662354e-01 2.052434831857681274e-01 -4.885048270225524902e-01 -4.919799268245697021e-01 -4.207738494873046875e+01 0.000000000000000000e+00 -1.741750538349151611e-02 0.000000000000000000e+00 5.000000000000000000e+01 0.000000000000000000e+00
4.040066301822662354e-01 2.052434831857681274e-01 -4.885048270225524902e-01 -4.919799268245697021e-01 -4.207738494873046875e+01 0.000000000000000000e+00 -1.741750538349151611e-02 0.000000000000000000e+00 5.000000000000000000e+01 0.000000000000000000e+00
4.040066301822662354e-01 2.052434831857681274e-01 -4.885048270225524902e-01 -4.919799268245697021e-01 -4.207738494873046875e+01 0.000000000000000000e+00 -1.741750538349151611e-02 0.000000000000000000e+00 5.000000000000000000e+01 0.000000000000000000e+00
4.040066301822662354e-01 2.052434831857681274e-01 -4.885048270225524902e-01 -4.919799268245697021e-01 -4.207738494873046875e+01 0.000000000000000000e+00 -1.741750538349151611e-02 0.000000000000000000e+00 5.000000000000000000e+01 0.000000000000000000e+00
4.040066301822662354e-01 2.052434831857681274e-01 -4.885048270225524902e-01 -4.919799268245697021e-01 -4.207738494873046875e+01 0.000000000000000000e+00 -1.741750538349151611e-02 0.000000000000000000e+00 5.000000000000000000e+01 0.000000000000000000e+00
4.040066301822662354e-01 2.052434831857681274e-01 -4.885048270225524902e-01 -4.919799268245697021e-01 -4.207738494873046875e+01 0.000000000000000000e+00 -1.741750538349151611e-02 0.000000000000000000e+00 5.000000000000000000e+01 0.000000000000000000e+00
4.040066301822662354e-01 2.052434831857681274e-01 -4.885048270225524902e-01 -4.919799268245697021e-01 -4.207738494873046875e+01 0.000000000000000000e+00 -1.741750538349151611e-02 0.000000000000000000e+00 5.000000000000000000e+01 0.000000000000000000e+00
4.040066301822662354e-01 2.052434831857681274e-01 -4.885048270225524902e-01 -4.919799268245697021e-01 -4.207738494873046875e+01 0.000000000000000000e+00 -1.741750538349151611e-02 0.000000000000000000e+00 5.000000000000000000e+01 0.000000000000000000e+00
4.040066301822662354e-01 2.052434831857681274e-01 -4.885048270225524902e-01 -4.919799268245697021e-01 -4.207738494873046875e+01 0.000000000000000000e+00 -1.741750538349151611e-02 0.000000000000000000e+00 5.000000000000000000e+01 0.000000000000000000e+00
4.040066301822662354e-01 2.052434831857681274e-01 -4.885048270225524902e-01 -4.919799268245697021e-01 -4.207738494873046875e+01 0.000000000000000000e+00 -1.741750538349151611e-02 0.000000000000000000e+00 5.000000000000000000e+01 0.000000000000000000e+00
4.040066301822662354e-01 2.052434831857681274e-01 -4.885048270225524902e-01 -4.919799268245697021e-01 -4.207738494873046875e+01 0.000000000000000000e+00 -1.741750538349151611e-02 0.000000000000000000e+00 5.000000000000000000e+01 0.000000000000000000e+00
4.040066301822662354e-01 2.052434831857681274e-01 -4.885048270225524902e-01 -4.919799268245697021e-01 -4.207738494873046875e+01 0.000000000000000000e+00 -1.741750538349151611e-02 0.000000000000000000e+00 5.000000000000000000e+01 0.000000000000000000e+00
4.040066301822662354e-01 2.052434831857681274e-01 -4.885048270225524902e-01 -4.919799268245697021e-01 -4.207738494873046875e+01 0.000000000000000000e+00 -1.741750538349151611e-02 0.000000000000000000e+00 5.000000000000000000e+01 0.000000000000000000e+00
4.040066301822662354e-01 2.052434831857681274e-01 -4.885048270225524902e-01 -4.919799268245697021e-01 -4.207738494873046875e+01 0.000000000000000000e+00 -1.741750538349151611e-02 0.000000000000000000e+00 5.000000000000000000e+01 0.000000000000000000e+00
4.040066301822662354e-01 2.052434831857681274e-01 -4.885048270225524902e-01 -4.919799268245697021e-01 -4.207738494873046875e+01 0.000000000000000000e+00 -1.741750538349151611e-02 0.000000000000000000e+00 5.000000000000000000e+01 0.000000000000000000e+00
4.040066301822662354e-01 2.052434831857681274e-01 -4.885048270225524902e-01 -4.919799268245697021e-01 -4.207738494873046875e+01 0.000000000000000000e+00 -1.741750538349151611e-02 0.000000000000000000e+00 5.000000000000000000e+01 0.000000000000000000e+00
4.040066301822662354e-01 2.052434831857681274e-01 -4.885048270225524902e-01 -4.919799268245697021e-01 -4.207738494873046875e+01 0.000000000000000000e+00 -1.741750538349151611e-02 0.000000000000000000e+00 5.000000000000000000e+01 0.000000000000000000e+00
4.040066301822662354e-01 2.052434831857681274e-01 -4.885048270225524902e-01 -4.919799268245697021e-01 -4.207738494873046875e+01 0.000000000000000000e+00 -1.741750538349151611e-02 0.000000000000000000e+00 5.000000000000000000e+01 0.000000000000000000e+00
4.040066301822662354e-01 2.052434831857681274e-01 -4.885048270225524902e-01 -4.919799268245697021e-01 -4.207738494873046875e+01 0.000000000000000000e+00 -1.741750538349151611e-02 0.000000000000000000e+00 5.000000000000000000e+01 0.000000000000000000e+00
4.040066301822662354e-01 2.052434831857681274e-01 -4.885048270225524902e-01 -4.919799268245697021e-01 -4.207738494873046875e+01 0.000000000000000000e+00 -1.741750538349151611e-02 0.000000000000000000e+00 5.000000000000000000e+01 0.000000000000000000e+00
4.040066301822662354e-01 2.052434831857681274e-01 -4.885048270225524902e-01 -4.919799268245697021e-01 -4.207738494873046875e+01 0.000000000000000000e+00 -1.741750538349151611e-02 0.000000000000000000e+00 5.000000000000000000e+01 0.000000000000000000e+00
4.040066301822662354e-01 2.052434831857681274e-01 -4.885048270225524902e-01 -4.919799268245697021e-01 -4.207738494873046875e+01 0.000000000000000000e+00 -1.741750538349151611e-02 0.000000000000000000e+00 5.000000000000000000e+01 0.000000000000000000e+00
4.040066301822662354e-01 2.052434831857681274e-01 -4.885048270225524902e-01 -4.919799268245697021e-01 -4.207738494873046875e+01 0.000000000000000000e+00 -1.741750538349151611e-02 0.000000000000000000e+00 5.000000000000000000e+01 0.000000000000000000e+00
4.040066301822662354e-01 2.052434831857681274e-01 -4.885048270225524902e-01 -4.919799268245697021e-01 -4.207738494873046875e+01 0.000000000000000000e+00 -1.741750538349151611e-02 0.000000000000000000e+00 5.000000000000000000e+01 0.000000000000000000e+00
4.040066301822662354e-01 2.052434831857681274e-01 -4.885048270225524902e-01 -4.919799268245697021e-01 -4.207738494873046875e+01 0.000000000000000000e+00 -1.741750538349151611e-02 0.000000000000000000e+00 5.000000000000000000e+01 0.000000000000000000e+00
4.040066301822662354e-01 2.052434831857681274e-01 -4.885048270225524902e-01 -4.919799268245697021e-01 -4.207738494873046875e+01 0.000000000000000000e+00 -1.741750538349151611e-02 0.000000000000000000e+00 5.000000000000000000e+01 0.000000000000000000e+00
4.040066301822662354e-01 2.052434831857681274e-01 -4.885048270225524902e-01 -4.919799268245697021e-01 -4.207738494873046875e+01 0.000000000000000000e+00 -1.741750538349151611e-02 0.000000000000000000e+00 5.000000000000000000e+01 0.000000000000000000e+00
4.040066301822662354e-01 2.052434831857681274e-01 -4.885048270225524902e-01 -4.919799268245697021e-01 -4.207738494873046875e+01 0.000000000000000000e+00 -1.741750538349151611e-02 0.000000000000000000e+00 5.000000000000000000e+01 0.000000000000000000e+00
4.040066301822662354e-01 2.052434831857681274e-01 -4.885048270225524902e-01 -4.919799268245697021e-01 -4.207738494873046875e+01 0.000000000000000000e+00 -1.741750538349151611e-02 0.000000000000000000e+00 5.000000000000000000e+01 0.000000000000000000e+00
4.040066301822662354e-01 2.052434831857681274e-01 -4.885048270225524902e-01 -4.919799268245697021e-01 -4.207738494873046875e+01 0.000000000000000000e+00 -1.741750538349151611e-02 0.000000000000000000e+00 5.000000000000000000e+01 0.000000000000000000e+00
