4.706927835941314697e-01 7.297804951667785645e-01 5.277876257896423340e-01 5.504391193389892578e-01 -6.801835632324218750e+01 -4.526644515991210938e+01 -2.815550751984119415e-02 -4.311816394329071045e-02 2.120000000000000000e+02 1.620000000000000000e+02
4.706927835941314697e-01 6.946892142295837402e-01 4.620058238506317139e-01 4.758867025375366211e-01 -4.630273437500000000e+01 -2.355081939697265625e+01 -1.916654594242572784e-02 -2.243313007056713104e-02 1.420000000000000000e+02 9.200000000000000000e+01
4.706927835941314697e-01 6.678720712661743164e-01 3.997736275196075439e-01 4.189129173755645752e-01 -3.868792343139648438e+01 -1.593600845336914062e+01 -1.601447165012359619e-02 -1.517970766872167587e-02 1.120000000000000000e+02 6.200000000000000000e+01
4.706927835941314697e-01 6.680870056152343750e-01 4.009876847267150879e-01 4.193695485591888428e-01 -3.809457397460937500e+01 -1.534265899658203125e+01 -1.576886139810085297e-02 -1.461451780050992966e-02 1.090000000000000000e+02 5.900000000000000000e+01
4.706927835941314697e-01 6.680870056152343750e-01 4.009876847267150879e-01 4.193695485591888428e-01 -3.809457397460937500e+01 -1.534265899658203125e+01 -1.576886139810085297e-02 -1.461451780050992966e-02 1.090000000000000000e+02 5.900000000000000000e+01
4.706927835941314697e-01 6.637685894966125488e-01 3.933018445968627930e-01 4.101949632167816162e-01 -3.777480697631835938e+01 -1.502289199829101562e+01 -1.563649624586105347e-02 -1.430992688983678818e-02 1.080000000000000000e+02 5.800000000000000000e+01
4.706927835941314697e-01 6.634037494659423828e-01 3.925675749778747559e-01 4.094198346138000488e-01 -3.754412078857421875e+01 -1.479220771789550781e+01 -1.554100681096315384e-02 -1.409019064158201218e-02 1.070000000000000000e+02 5.700000000000000000e+01
4.706927835941314697e-01 6.656233668327331543e-01 3.970785439014434814e-01 4.141354858875274658e-01 -3.740609741210937500e+01 -1.465418148040771484e+01 -1.548387389630079269e-02 -1.395871490240097046e-02 1.060000000000000000e+02 5.600000000000000000e+01
4.706927835941314697e-01 6.649075746536254883e-01 3.955943882465362549e-01 4.126147627830505371e-01 -3.714388275146484375e+01 -1.439196681976318359e+01 -1.537533197551965714e-02 -1.370894443243741989e-02 1.050000000000000000e+02 5.500000000000000000e+01
4.706927835941314697e-01 6.533665060997009277e-01 3.718322217464447021e-01 3.880954384803771973e-01 -3.668286895751953125e+01 -1.393095779418945312e+01 -1.518450025469064713e-02 -1.326981466263532639e-02 1.030000000000000000e+02 5.300000000000000000e+01
4.706927835941314697e-01 6.533665060997009277e-01 3.718322217464447021e-01 3.880954384803771973e-01 -3.668286895751953125e+01 -1.393095779418945312e+01 -1.518450025469064713e-02 -1.326981466263532639e-02 1.030000000000000000e+02 5.300000000000000000e+01
4.706927835941314697e-01 6.470242142677307129e-01 3.619762063026428223e-01 3.746210634708404541e-01 -3.563887023925781250e+01 -1.288695621490478516e+01 -1.475234795361757278e-02 -1.227535959333181381e-02 9.900000000000000000e+01 4.900000000000000000e+01
4.706927835941314697e-01 6.352081298828125000e-01 3.353364169597625732e-01 3.495174646377563477e-01 -3.404480743408203125e+01 -1.129289436340332031e+01 -1.409250218421220779e-02 -1.075694989413022995e-02 9.500000000000000000e+01 4.500000000000000000e+01
4.706927835941314697e-01 6.380918025970458984e-01 3.398820459842681885e-01 3.556438982486724854e-01 -3.356060791015625000e+01 -1.080869293212890625e+01 -1.389207225292921066e-02 -1.029572729021310806e-02 9.200000000000000000e+01 4.200000000000000000e+01
4.706927835941314697e-01 6.377683281898498535e-01 3.392256796360015869e-01 3.549566864967346191e-01 -3.313948059082031250e+01 -1.038756942749023438e+01 -1.371775101870298386e-02 -9.894589893519878387e-03 9.100000000000000000e+01 4.100000000000000000e+01
4.706927835941314697e-01 6.343834400177001953e-01 3.306891322135925293e-01 3.477653861045837402e-01 -3.280513763427734375e+01 -1.005322456359863281e+01 -1.357935275882482529e-02 -9.576112963259220123e-03 8.900000000000000000e+01 3.900000000000000000e+01
4.706927835941314697e-01 6.343834400177001953e-01 3.306891322135925293e-01 3.477653861045837402e-01 -3.280513763427734375e+01 -1.005322456359863281e+01 -1.357935275882482529e-02 -9.576112963259220123e-03 8.900000000000000000e+01 3.900000000000000000e+01
4.706927835941314697e-01 6.343834400177001953e-01 3.306891322135925293e-01 3.477653861045837402e-01 -3.280513763427734375e+01 -1.005322456359863281e+01 -1.357935275882482529e-02 -9.576112963259220123e-03 8.900000000000000000e+01 3.900000000000000000e+01
4.706927835941314697e-01 6.343834400177001953e-01 3.306891322135925293e-01 3.477653861045837402e-01 -3.280513763427734375e+01 -1.005322456359863281e+01 -1.357935275882482529e-02 -9.576112963259220123e-03 8.900000000000000000e+01 3.900000000000000000e+01
4.706927835941314697e-01 6.343834400177001953e-01 3.306891322135925293e-01 3.477653861045837402e-01 -3.280513763427734375e+01 -1.005322456359863281e+01 -1.357935275882482529e-02 -9.576112963259220123e-03 8.900000000000000000e+01 3.900000000000000000e+01
4.706927835941314697e-01 6.239334344863891602e-01 3.070816993713378906e-01 3.255640566349029541e-01 -3.108899307250976562e+01 -8.337078094482421875e+00 -1.286897249519824982e-02 -7.941411808133125305e-03 8.300000000000000000e+01 3.300000000000000000e+01
4.706927835941314697e-01 6.026029586791992188e-01 2.641096115112304688e-01 2.802468538284301758e-01 -2.939136886596679688e+01 -6.639453887939453125e+00 -1.216625794768333435e-02 -6.324355024844408035e-03 7.600000000000000000e+01 2.600000000000000000e+01
4.706927835941314697e-01 5.982777476310729980e-01 2.545156478881835938e-01 2.710578143596649170e-01 -2.900722122192382812e+01 -6.255304336547851562e+00 -1.200724393129348755e-02 -5.958436522632837296e-03 7.500000000000000000e+01 2.500000000000000000e+01
4.706927835941314697e-01 5.740837454795837402e-01 2.079534530639648438e-01 2.196569889783859253e-01 -2.855250167846679688e+01 -5.800585746765136719e+00 -1.181901805102825165e-02 -5.525297950953245163e-03 7.300000000000000000e+01 2.300000000000000000e+01
4.706927835941314697e-01 5.678681135177612305e-01 1.957454085350036621e-01 2.064517140388488770e-01 -2.822294998168945312e+01 -5.471034049987792969e+00 -1.168260350823402405e-02 -5.211386363953351974e-03 7.200000000000000000e+01 2.200000000000000000e+01
4.706927835941314697e-01 5.601418018341064453e-01 1.793559789657592773e-01 1.900369375944137573e-01 -2.771592712402343750e+01 -4.964012145996093750e+00 -1.147272624075412750e-02 -4.728427156805992126e-03 7.100000000000000000e+01 2.100000000000000000e+01
4.706927835941314697e-01 5.612670779228210449e-01 1.817297637462615967e-01 1.924276202917098999e-01 -2.764194869995117188e+01 -4.890032768249511719e+00 -1.144210342317819595e-02 -4.657958634197711945e-03 7.000000000000000000e+01 2.000000000000000000e+01
4.706927835941314697e-01 5.664790868759155273e-01 1.885285675525665283e-01 2.035006880760192871e-01 -2.666198730468750000e+01 -3.910072565078735352e+00 -1.103645842522382736e-02 -3.724506124854087830e-03 6.700000000000000000e+01 1.700000000000000000e+01
4.706927835941314697e-01 5.589187741279602051e-01 1.732480227947235107e-01 1.874385923147201538e-01 -2.644833374023437500e+01 -3.696418046951293945e+00 -1.094801910221576691e-02 -3.520991187542676926e-03 6.600000000000000000e+01 1.600000000000000000e+01
4.706927835941314697e-01 4.959350228309631348e-01 4.658077284693717957e-02 5.362784489989280701e-02 -2.338076972961425781e+01 -6.288555264472961426e-01 -9.678231552243232727e-03 -5.990109057165682316e-04 5.400000000000000000e+01 4.000000000000000000e+00
4.706927835941314697e-01 4.884350895881652832e-01 2.912175282835960388e-02 3.769402578473091125e-02 -2.309871292114257812e+01 -3.467975258827209473e-01 -9.561477228999137878e-03 -3.303390112705528736e-04 5.200000000000000000e+01 2.000000000000000000e+00
4.706927835941314697e-01 4.884350895881652832e-01 2.912175282835960388e-02 3.769402578473091125e-02 -2.309871292114257812e+01 -3.467975258827209473e-01 -9.561477228999137878e-03 -3.303390112705528736e-04 5.200000000000000000e+01 2.000000000000000000e+00
4.706927835941314697e-01 4.805844128131866455e-01 1.422701776027679443e-02 2.101504243910312653e-02 -2.289595031738281250e+01 -1.440345644950866699e-01 -9.477545507252216339e-03 -1.371988910250365734e-04 5.100000000000000000e+01 1.000000000000000000e+00
4.706927835941314697e-01 4.702234268188476562e-01 -7.663629017770290375e-03 -9.971616091206669807e-04 -2.275191497802734375e+01 0.000000000000000000e+00 -9.417924098670482635e-03 0.000000000000000000e+00 5.000000000000000000e+01 0.000000000000000000e+00
4.706927835941314697e-01 4.702234268188476562e-01 -7.663629017770290375e-03 -9.971616091206669807e-04 -2.275191497802734375e+01 0.000000000000000000e+00 -9.417924098670482635e-03 0.000000000000000000e+00 5.000000000000000000e+01 0.000000000000000000e+00
4.706927835941314697e-01 4.702234268188476562e-01 -7.663629017770290375e-03 -9.971616091206669807e-04 -2.275191497802734375e+01 0.000000000000000000e+00 -9.417924098670482635e-03 0.000000000000000000e+00 5.000000000000000000e+01 0.000000000000000000e+00
4.706927835941314697e-01 4.702234268188476562e-01 -7.663629017770290375e-03 -9.971616091206669807e-04 -2.275191497802734375e+01 0.000000000000000000e+00 -9.417924098670482635e-03 0.000000000000000000e+00 5.000000000000000000e+01 0.000000000000000000e+00
4.706927835941314697e-01 4.702234268188476562e-01 -7.663629017770290375e-03 -9.971616091206669807e-04 -2.275191497802734375e+01 0.000000000000000000e+00 -9.417924098670482635e-03 0.000000000000000000e+00 5.000000000000000000e+01 0.000000000000000000e+00
4.706927835941314697e-01 4.702234268188476562e-01 -7.663629017770290375e-03 -9.971616091206669807e-04 -2.275191497802734375e+01 0.000000000000000000e+00 -9.417924098670482635e-03 0.000000000000000000e+00 5.000000000000000000e+01 0.000000000000000000e+00
4.706927835941314697e-01 4.702234268188476562e-01 -7.663629017770290375e-03 -9.971616091206669807e-04 -2.275191497802734375e+01 0.000000000000000000e+00 -9.417924098670482635e-03 0.000000000000000000e+00 5.000000000000000000e+01 0.000000000000000000e+00
4.706927835941314697e-01 4.702234268188476562e-01 -7.663629017770290375e-03 -9.971616091206669807e-04 -2.275191497802734375e+01 0.000000000000000000e+00 -9.417924098670482635e-03 0.000000000000000000e+00 5.000000000000000000e+01 0.000000000000000000e+00
4.706927835941314697e-01 4.702234268188476562e-01 -7.663629017770290375e-03 -9.971616091206669807e-04 -2.275191497802734375e+01 0.000000000000000000e+00 -9.417924098670482635e-03 0.000000000000000000e+00 5.000000000000000000e+01 0.000000000000000000e+00
4.706927835941314697e-01 4.702234268188476562e-01 -7.663629017770290375e-03 -9.971616091206669807e-04 -2.275191497802734375e+01 0.000000000000000000e+00 -9.417924098670482635e-03 0.000000000000000000e+00 5.000000000000000000e+01 0.000000000000000000e+00
4.706927835941314697e-01 4.702234268188476562e-01 -7.663629017770290375e-03 -9.971616091206669807e-04 -2.275191497802734375e+01 0.000000000000000000e+00 -9.417924098670482635e-03 0.000000000000000000e+00 5.000000000000000000e+01 0.000000000000000000e+00
4.706927835941314697e-01 4.702234268188476562e-01 -7.663629017770290375e-03 -9.971616091206669807e-04 -2.275191497802734375e+01 0.000000000000000000e+00 -9.417924098670482635e-03 0.000000000000000000e+00 5.000000000000000000e+01 0.000000000000000000e+00
4.706927835941314697e-01 4.702234268188476562e-01 -7.663629017770290375e-03 -9.971616091206669807e-04 -2.275191497802734375e+01 0.000000000000000000e+00 -9.417924098670482635e-03 0.000000000000000000e+00 5.000000000000000000e+01 0.000000000000000000e+00
4.706927835941314697e-01 4.702234268188476562e-01 -7.663629017770290375e-03 -9.971616091206669807e-04 -2.275191497802734375e+01 0.000000000000000000e+00 -9.417924098670482635e-03 0.000000000000000000e+00 5.000000000000000000e+01 0.000000000000000000e+00
4.706927835941314697e-01 4.702234268188476562e-01 -7.663629017770290375e-03 -9.971616091206669807e-04 -2.275191497802734375e+01 0.000000000000000000e+00 -9.417924098670482635e-03 0.000000000000000000e+00 5.000000000000000000e+01 0.000000000000000000e+00
4.706927835941314697e-01 4.702234268188476562e-01 -7.663629017770290375e-03 -9.971616091206669807e-04 -2.275191497802734375e+01 0.000000000000000000e+00 -9.417924098670482635e-03 0.000000000000000000e+00 5.000000000000000000e+01 0.000000000000000000e+00
4.706927835941314697e-01 4.702234268188476562e-01 -7.663629017770290375e-03 -9.971616091206669807e-04 -2.275191497802734375e+01 0.000000000000000000e+00 -9.417924098670482635e-03 0.000000000000000000e+00 5.000000000000000000e+01 0.000000000000000000e+00
4.706927835941314697e-01 4.702234268188476562e-01 -7.663629017770290375e-03 -9.971616091206669807e-04 -2.275191497802734375e+01 0.000000000000000000e+00 -9.417924098670482635e-03 0.000000000000000000e+00 5.000000000000000000e+01 0.000000000000000000e+00
4.706927835941314697e-01 4.702234268188476562e-01 -7.663629017770290375e-03 -9.971616091206669807e-04 -2.275191497802734375e+01 0.000000000000000000e+00 -9.417924098670482635e-03 0.000000000000000000e+00 5.000000000000000000e+01 0.000000000000000000e+00
4.706927835941314697e-01 4.702234268188476562e-01 -7.663629017770290375e-03 -9.971616091206669807e-04 -2.275191497802734375e+01 0.000000000000000000e+00 -9.417924098670482635e-03 0.000000000000000000e+00 5.000000000000000000e+01 0.000000000000000000e+00
4.706927835941314697e-01 4.702234268188476562e-01 -7.663629017770290375e-03 -9.971616091206669807e-04 -2.275191497802734375e+01 0.000000000000000000e+00 -9.417924098670482635e-03 0.000000000000000000e+00 5.000000000000000000e+01 0.000000000000000000e+00
4.706927835941314697e-01 4.702234268188476562e-01 -7.663629017770290375e-03 -9.971616091206669807e-04 -2.275191497802734375e+01 0.000000000000000000e+00 -9.417924098670482635e-03 0.000000000000000000e+00 5.000000000000000000e+01 0.000000000000000000e+00
4.706927835941314697e-01 4.702234268188476562e-01 -7.663629017770290375e-03 -9.971616091206669807e-04 -2.275191497802734375e+01 0.000000000000000000e+00 -9.417924098670482635e-03 0.000000000000000000e+00 5.000000000000000000e+01 0.000000000000000000e+00
4.706927835941314697e-01 4.702234268188476562e-01 -7.663629017770290375e-03 -9.971616091206669807e-04 -2.275191497802734375e+01 0.000000000000000000e+00 -9.417924098670482635e-03 0.000000000000000000e+00 5.000000000000000000e+01 0.000000000000000000e+00
4.706927835941314697e-01 4.702234268188476562e-01 -7.663629017770290375e-03 -9.971616091206669807e-04 -2.275191497802734375e+01 0.000000000000000000e+00 -9.417924098670482635e-03 0.000000000000000000e+00 5.000000000000000000e+01 0.000000000000000000e+00
4.706927835941314697e-01 4.702234268188476562e-01 -7.663629017770290375e-03 -9.971616091206669807e-04 -2.275191497802734375e+01 0.000000000000000000e+00 -9.417924098670482635e-03 0.000000000000000000e+00 5.000000000000000000e+01 0.000000000000000000e+00
4.706927835941314697e-01 4.702234268188476562e-01 -7.663629017770290375e-03 -9.971616091206669807e-04 -2.275191497802734375e+01 0.000000000000000000e+00 -9.417924098670482635e-03 0.000000000000000000e+00 5.000000000000000000e+01 0.000000000000000000e+00
4.706927835941314697e-01 4.702234268188476562e-01 -7.663629017770290375e-03 -9.971616091206669807e-04 -2.275191497802734375e+01 0.000000000000000000e+00 -9.417924098670482635e-03 0.000000000000000000e+00 5.000000000000000000e+01 0.000000000000000000e+00
4.706927835941314697e-01 4.702234268188476562e-01 -7.663629017770290375e-03 -9.971616091206669807e-04 -2.275191497802734375e+01 0.000000000000000000e+00 -9.417924098670482635e-03 0.000000000000000000e+00 5.000000000000000000e+01 0.000000000000000000e+00
4.706927835941314697e-01 4.702234268188476562e-01 -7.663629017770290375e-03 -9.971616091206669807e-04 -2.275191497802734375e+01 0.000000000000000000e+00 -9.417924098670482635e-03 0.000000000000000000e+00 5.000000000000000000e+01 0.000000000000000000e+00
4.706927835941314697e-01 4.702234268188476562e-01 -7.663629017770290375e-03 -9.971616091206669807e-04 -2.275191497802734375e+01 0.000000000000000000e+00 -9.417924098670482635e-03 0.000000000000000000e+00 5.000000000000000000e+01 0.000000000000000000e+00
4.706927835941314697e-01 4.702234268188476562e-01 -7.663629017770290375e-03 -9.971616091206669807e-04 -2.275191497802734375e+01 0.000000000000000000e+00 -9.417924098670482635e-03 0.000000000000000000e+00 5.000000000000000000e+01 0.000000000000000000e+00
4.706927835941314697e-01 4.702234268188476562e-01 -7.663629017770290375e-03 -9.971616091206669807e-04 -2.275191497802734375e+01 0.000000000000000000e+00 -9.417924098670482635e-03 0.000000000000000000e+00 5.000000000000000000e+01 0.000000000000000000e+00
4.706927835941314697e-01 4.702234268188476562e-01 -7.663629017770290375e-03 -9.971616091206669807e-04 -2.275191497802734375e+01 0.000000000000000000e+00 -9.417924098670482635e-03 0.000000000000000000e+00 5.000000000000000000e+01 0.000000000000000000e+00
4.706927835941314697e-01 4.702234268188476562e-01 -7.663629017770290375e-03 -9.971616091206669807e-04 -2.275191497802734375e+01 0.000000000000000000e+00 -9.417924098670482635e-03 0.000000000000000000e+00 5.000000000000000000e+01 0.000000000000000000e+00
4.706927835941314697e-01 4.702234268188476562e-01 -7.663629017770290375e-03 -9.971616091206669807e-04 -2.275191497802734375e+01 0.000000000000000000e+00 -9.417924098670482635e-03 0.000000000000000000e+00 5.000000000000000000e+01 0.000000000000000000e+00
4.706927835941314697e-01 4.702234268188476562e-01 -7.663629017770290375e-03 -9.971616091206669807e-04 -2.275191497802734375e+01 0.000000000000000000e+00 -9.417924098670482635e-03 0.000000000000000000e+00 5.000000000000000000e+01 0.000000000000000000e+00
4.706927835941314697e-01 4.702234268188476562e-01 -7.663629017770290375e-03 -9.971616091206669807e-04 -2.275191497802734375e+01 0.000000000000000000e+00 -9.417924098670482635e-03 0.000000000000000000e+00 5.000000000000000000e+01 0.000000000000000000e+00
4.706927835941314697e-01 4.702234268188476562e-01 -7.663629017770290375e-03 -9.971616091206669807e-04 -2.275191497802734375e+01 0.000000000000000000e+00 -9.417924098670482635e-03 0.000000000000000000e+00 5.000000000000000000e+01 0.000000000000000000e+00
4.706927835941314697e-01 4.702234268188476562e-01 -7.663629017770290375e-03 -9.971616091206669807e-04 -2.275191497802734375e+01 0.000000000000000000e+00 -9.417924098670482635e-03 0.000000000000000000e+00 5.000000000000000000e+01 0.000000000000000000e+00
4.706927835941314697e-01 4.702234268188476562e-01 -7.663629017770290375e-03 -9.971616091206669807e-04 -2.275191497802734375e+01 0.000000000000000000e+00 -9.417924098670482635e-03 0.000000000000000000e+00 5.000000000000000000e+01 0.000000000000000000e+00
4.706927835941314697e-01 4.702234268188476562e-01 -7.663629017770290375e-03 -9.971616091206669807e-04 -2.275191497802734375e+01 0.000000000000000000e+00 -9.417924098670482635e-03 0.000000000000000000e+00 5.000000000000000000e+01 0.000000000000000000e+00
4.706927835941314697e-01 4.702234268188476562e-01 -7.663629017770290375e-03 -9.971616091206669807e-04 -2.275191497802734375e+01 0.000000000000000000e+00 -9.417924098670482635e-03 0.000000000000000000e+00 5.000000000000000000e+01 0.000000000000000000e+00
4.706927835941314697e-01 4.702234268188476562e-01 -7.663629017770290375e-03 -9.971616091206669807e-04 -2.275191497802734375e+01 0.000000000000000000e+00 -9.417924098670482635e-03 0.000000000000000000e+00 5.000000000000000000e+01 0.000000000000000000e+00
4.706927835941314697e-01 4.702234268188476562e-01 -7.663629017770290375e-03 -9.971616091206669807e-04 -2.275191497802734375e+01 0.000000000000000000e+00 -9.417924098670482635e-03 0.000000000000000000e+00 5.000000000000000000e+01 0.000000000000000000e+00
4.706927835941314697e-01 4.702234268188476562e-01 -7.663629017770290375e-03 -9.971616091206669807e-04 -2.275191497802734375e+01 0.000000000000000000e+00 -9.417924098670482635e-03 0.000000000000000000e+00 5.000000000000000000e+01 0.000000000000000000e+00
4.706927835941314697e-01 4.702234268188476562e-01 -7.663629017770290375e-03 -9.971616091206669807e-04 -2.275191497802734375e+01 0.000000000000000000e+00 -9.417924098670482635e-03 0.000000000000000000e+00 5.000000000000000000e+01 0.000000000000000000e+00
4.706927835941314697e-01 4.702234268188476562e-01 -7.663629017770290375e-03 -9.971616091206669807e-04 -2.275191497802734375e+01 0.000000000000000000e+00 -9.417924098670482635e-03 0.000000000000000000e+00 5.000000000000000000e+01 0.000000000000000000e+00
4.706927835941314697e-01 4.702234268188476562e-01 -7.663629017770290375e-03 -9.971616091206669807e-04 -2.275191497802734375e+01 0.000000000000000000e+00 -9.417924098670482635e-03 0.000000000000000000e+00 5.000000000000000000e+01 0.000000000000000000e+00
4.706927835941314697e-01 4.702234268188476562e-01 -7.663629017770290375e-03 -9.971616091206669807e-04 -2.275191497802734375e+01 0.000000000000000000e+00 -9.417924098670482635e-03 0.000000000000000000e+00 5.000000000000000000e+01 0.000000000000000000e+00
4.706927835941314697e-01 4.702234268188476562e-01 -7.663629017770290375e-03 -9.971616091206669807e-04 -2.275191497802734375e+01 0.000000000000000000e+00 -9.417924098670482635e-03 0.000000000000000000e+00 5.000000000000000000e+01 0.000000000000000000e+00
4.706927835941314697e-01 4.702234268188476562e-01 -7.663629017770290375e-03 -9.971616091206669807e-04 -2.275191497802734375e+01 0.000000000000000000e+00 -9.417924098670482635e-03 0.000000000000000000e+00 5.000000000000000000e+01 0.000000000000000000e+00
4.706927835941314697e-01 4.702234268188476562e-01 -7.663629017770290375e-03 -9.971616091206669807e-04 -2.275191497802734375e+01 0.000000000000000000e+00 -9.417924098670482635e-03 0.000000000000000000e+00 5.000000000000000000e+01 0.000000000000000000e+00
4.706927835941314697e-01 4.702234268188476562e-01 -7.663629017770290375e-03 -9.971616091206669807e-04 -2.275191497802734375e+01 0.000000000000000000e+00 -9.417924098670482635e-03 0.000000000000000000e+00 5.000000000000000000e+01 0.000000000000000000e+00
4.706927835941314697e-01 4.702234268188476562e-01 -7.663629017770290375e-03 -9.971616091206669807e-04 -2.275191497802734375e+01 0.000000000000000000e+00 -9.417924098670482635e-03 0.000000000000000000e+00 5.000000000000000000e+01 0.000000000000000000e+00
4.706927835941314697e-01 4.702234268188476562e-01 -7.663629017770290375e-03 -9.971616091206669807e-04 -2.275191497802734375e+01 0.000000000000000000e+00 -9.417924098670482635e-03 0.000000000000000000e+00 5.000000000000000000e+01 0.000000000000000000e+00
4.706927835941314697e-01 4.702234268188476562e-01 -7.663629017770290375e-03 -9.971616091206669807e-04 -2.275191497802734375e+01 0.000000000000000000e+00 -9.417924098670482635e-03 0.000000000000000000e+00 5.000000000000000000e+01 0.000000000000000000e+00
4.706927835941314697e-01 4.702234268188476562e-01 -7.663629017770290375e-03 -9.971616091206669807e-04 -2.275191497802734375e+01 0.000000000000000000e+00 -9.417924098670482635e-03 0.000000000000000000e+00 5.000000000000000000e+01 0.000000000000000000e+00
