4.389578104019165039e-01 3.616440594196319580e-01 -1.916895061731338501e-01 -1.761302500963211060e-01 -4.370507812500000000e+01 -8.391251564025878906e+00 -1.809127256274223328e-02 -7.344875950366258621e-03 9.100000000000000000e+01 4.100000000000000000e+01
4.389578104019165039e-01 3.644157350063323975e-01 -1.869731992483139038e-01 -1.698160320520401001e-01 -3.937953186035156250e+01 -4.065703868865966797e+00 -1.630075648427009583e-02 -3.558716969564557076e-03 7.100000000000000000e+01 2.100000000000000000e+01
4.389578104019165039e-01 3.644157350063323975e-01 -1.869731992483139038e-01 -1.698160320520401001e-01 -3.937953186035156250e+01 -4.065703868865966797e+00 -1.630075648427009583e-02 -3.558716969564557076e-03 7.100000000000000000e+01 2.100000000000000000e+01
4.389578104019165039e-01 3.634108901023864746e-01 -1.891155540943145752e-01 -1.721051931381225586e-01 -3.919853973388671875e+01 -3.884706735610961914e+00 -1.622583717107772827e-02 -3.400289919227361679e-03 7.000000000000000000e+01 2.000000000000000000e+01
4.389578104019165039e-01 3.636245131492614746e-01 -1.886600703001022339e-01 -1.716185361146926880e-01 -3.912664031982421875e+01 -3.812809228897094727e+00 -1.619607396423816681e-02 -3.337357891723513603e-03 6.900000000000000000e+01 1.900000000000000000e+01
4.389578104019165039e-01 3.636245131492614746e-01 -1.886600703001022339e-01 -1.716185361146926880e-01 -3.912664031982421875e+01 -3.812809228897094727e+00 -1.619607396423816681e-02 -3.337357891723513603e-03 6.900000000000000000e+01 1.900000000000000000e+01
4.389578104019165039e-01 3.636245131492614746e-01 -1.886600703001022339e-01 -1.716185361146926880e-01 -3.912664031982421875e+01 -3.812809228897094727e+00 -1.619607396423816681e-02 -3.337357891723513603e-03 6.900000000000000000e+01 1.900000000000000000e+01
4.389578104019165039e-01 3.636245131492614746e-01 -1.886600703001022339e-01 -1.716185361146926880e-01 -3.912664031982421875e+01 -3.812809228897094727e+00 -1.619607396423816681e-02 -3.337357891723513603e-03 6.900000000000000000e+01 1.900000000000000000e+01
4.389578104019165039e-01 3.638566434383392334e-01 -1.880590617656707764e-01 -1.710897088050842285e-01 -3.835896301269531250e+01 -3.045134067535400391e+00 -1.587830297648906708e-02 -2.665410749614238739e-03 6.700000000000000000e+01 1.700000000000000000e+01
4.389578104019165039e-01 3.638566434383392334e-01 -1.880590617656707764e-01 -1.710897088050842285e-01 -3.835896301269531250e+01 -3.045134067535400391e+00 -1.587830297648906708e-02 -2.665410749614238739e-03 6.700000000000000000e+01 1.700000000000000000e+01
4.389578104019165039e-01 3.638566434383392334e-01 -1.880590617656707764e-01 -1.710897088050842285e-01 -3.835896301269531250e+01 -3.045134067535400391e+00 -1.587830297648906708e-02 -2.665410749614238739e-03 6.700000000000000000e+01 1.700000000000000000e+01
4.389578104019165039e-01 3.640878200531005859e-01 -1.875310987234115601e-01 -1.705630719661712646e-01 -3.815794372558593750e+01 -2.844115495681762695e+00 -1.579509302973747253e-02 -2.489458769559860229e-03 6.600000000000000000e+01 1.600000000000000000e+01
4.389578104019165039e-01 3.640878200531005859e-01 -1.875310987234115601e-01 -1.705630719661712646e-01 -3.815794372558593750e+01 -2.844115495681762695e+00 -1.579509302973747253e-02 -2.489458769559860229e-03 6.600000000000000000e+01 1.600000000000000000e+01
4.389578104019165039e-01 3.674714565277099609e-01 -1.801491677761077881e-01 -1.628547310829162598e-01 -3.815610122680664062e+01 -2.842271566390991211e+00 -1.579432934522628784e-02 -2.487844787538051605e-03 6.500000000000000000e+01 1.500000000000000000e+01
4.389578104019165039e-01 3.674714565277099609e-01 -1.801491677761077881e-01 -1.628547310829162598e-01 -3.815610122680664062e+01 -2.842271566390991211e+00 -1.579432934522628784e-02 -2.487844787538051605e-03 6.500000000000000000e+01 1.500000000000000000e+01
4.389578104019165039e-01 3.674714565277099609e-01 -1.801491677761077881e-01 -1.628547310829162598e-01 -3.815610122680664062e+01 -2.842271566390991211e+00 -1.579432934522628784e-02 -2.487844787538051605e-03 6.500000000000000000e+01 1.500000000000000000e+01
4.389578104019165039e-01 3.674714565277099609e-01 -1.801491677761077881e-01 -1.628547310829162598e-01 -3.815610122680664062e+01 -2.842271566390991211e+00 -1.579432934522628784e-02 -2.487844787538051605e-03 6.500000000000000000e+01 1.500000000000000000e+01
4.389578104019165039e-01 3.674714565277099609e-01 -1.801491677761077881e-01 -1.628547310829162598e-01 -3.815610122680664062e+01 -2.842271566390991211e+00 -1.579432934522628784e-02 -2.487844787538051605e-03 6.500000000000000000e+01 1.500000000000000000e+01
4.389578104019165039e-01 3.674714565277099609e-01 -1.801491677761077881e-01 -1.628547310829162598e-01 -3.815610122680664062e+01 -2.842271566390991211e+00 -1.579432934522628784e-02 -2.487844787538051605e-03 6.500000000000000000e+01 1.500000000000000000e+01
4.389578104019165039e-01 3.674714565277099609e-01 -1.801491677761077881e-01 -1.628547310829162598e-01 -3.815610122680664062e+01 -2.842271566390991211e+00 -1.579432934522628784e-02 -2.487844787538051605e-03 6.500000000000000000e+01 1.500000000000000000e+01
4.389578104019165039e-01 3.740969002246856689e-01 -1.640764176845550537e-01 -1.477611511945724487e-01 -3.741922760009765625e+01 -2.105399608612060547e+00 -1.548930909484624863e-02 -1.842859550379216671e-03 6.400000000000000000e+01 1.400000000000000000e+01
4.389578104019165039e-01 3.740969002246856689e-01 -1.640764176845550537e-01 -1.477611511945724487e-01 -3.741922760009765625e+01 -2.105399608612060547e+00 -1.548930909484624863e-02 -1.842859550379216671e-03 6.400000000000000000e+01 1.400000000000000000e+01
4.389578104019165039e-01 3.662863969802856445e-01 -1.782615184783935547e-01 -1.655544340610504150e-01 -3.683901214599609375e+01 -1.525184512138366699e+00 -1.524913404136896133e-02 -1.334996428340673447e-03 6.300000000000000000e+01 1.300000000000000000e+01
4.389578104019165039e-01 3.641588389873504639e-01 -1.838471144437789917e-01 -1.704012751579284668e-01 -3.682717895507812500e+01 -1.513351321220397949e+00 -1.524423621594905853e-02 -1.324638840742409229e-03 6.200000000000000000e+01 1.200000000000000000e+01
4.389578104019165039e-01 3.641588389873504639e-01 -1.838471144437789917e-01 -1.704012751579284668e-01 -3.682717895507812500e+01 -1.513351321220397949e+00 -1.524423621594905853e-02 -1.324638840742409229e-03 6.200000000000000000e+01 1.200000000000000000e+01
4.389578104019165039e-01 3.641588389873504639e-01 -1.838471144437789917e-01 -1.704012751579284668e-01 -3.682717895507812500e+01 -1.513351321220397949e+00 -1.524423621594905853e-02 -1.324638840742409229e-03 6.200000000000000000e+01 1.200000000000000000e+01
4.389578104019165039e-01 3.599687218666076660e-01 -1.922838240861892700e-01 -1.799468845129013062e-01 -3.668927764892578125e+01 -1.375447869300842285e+00 -1.518715359270572662e-02 -1.203931635245680809e-03 6.100000000000000000e+01 1.100000000000000000e+01
4.389578104019165039e-01 3.599687218666076660e-01 -1.922838240861892700e-01 -1.799468845129013062e-01 -3.668927764892578125e+01 -1.375447869300842285e+00 -1.518715359270572662e-02 -1.203931635245680809e-03 6.100000000000000000e+01 1.100000000000000000e+01
4.389578104019165039e-01 3.599687218666076660e-01 -1.922838240861892700e-01 -1.799468845129013062e-01 -3.668927764892578125e+01 -1.375447869300842285e+00 -1.518715359270572662e-02 -1.203931635245680809e-03 6.100000000000000000e+01 1.100000000000000000e+01
4.389578104019165039e-01 3.610130548477172852e-01 -1.889112442731857300e-01 -1.775677651166915894e-01 -3.583120346069335938e+01 -5.173734426498413086e-01 -1.483196206390857697e-02 -4.528577846940606833e-04 5.700000000000000000e+01 7.000000000000000000e+00
4.389578104019165039e-01 3.610130548477172852e-01 -1.889112442731857300e-01 -1.775677651166915894e-01 -3.583120346069335938e+01 -5.173734426498413086e-01 -1.483196206390857697e-02 -4.528577846940606833e-04 5.700000000000000000e+01 7.000000000000000000e+00
4.389578104019165039e-01 3.596421778202056885e-01 -1.914926171302795410e-01 -1.806907951831817627e-01 -3.578998184204101562e+01 -4.761523008346557617e-01 -1.481489930301904678e-02 -4.167768638581037521e-04 5.600000000000000000e+01 6.000000000000000000e+00
4.389578104019165039e-01 3.430525958538055420e-01 -2.275168150663375854e-01 -2.184838950634002686e-01 -3.537838745117187500e+01 -6.456077098846435547e-02 -1.464452315121889114e-02 -5.651014362229034305e-05 5.300000000000000000e+01 3.000000000000000000e+00
4.389578104019165039e-01 3.399731516838073730e-01 -2.336686104536056519e-01 -2.254992574453353882e-01 -3.534931945800781250e+01 -3.549158573150634766e-02 -1.463249139487743378e-02 -3.106583972112275660e-05 5.200000000000000000e+01 2.000000000000000000e+00
4.389578104019165039e-01 3.399731516838073730e-01 -2.336686104536056519e-01 -2.254992574453353882e-01 -3.534931945800781250e+01 -3.549158573150634766e-02 -1.463249139487743378e-02 -3.106583972112275660e-05 5.200000000000000000e+01 2.000000000000000000e+00
4.389578104019165039e-01 3.399731516838073730e-01 -2.336686104536056519e-01 -2.254992574453353882e-01 -3.534931945800781250e+01 -3.549158573150634766e-02 -1.463249139487743378e-02 -3.106583972112275660e-05 5.200000000000000000e+01 2.000000000000000000e+00
4.389578104019165039e-01 3.401215672492980957e-01 -2.333873361349105835e-01 -2.251611500978469849e-01 -3.531674194335937500e+01 -2.914726734161376953e-03 -1.461900584399700165e-02 -2.551264969952171668e-06 5.100000000000000000e+01 1.000000000000000000e+00
4.389578104019165039e-01 3.401215672492980957e-01 -2.333873361349105835e-01 -2.251611500978469849e-01 -3.531674194335937500e+01 -2.914726734161376953e-03 -1.461900584399700165e-02 -2.551264969952171668e-06 5.100000000000000000e+01 1.000000000000000000e+00
4.389578104019165039e-01 3.401215672492980957e-01 -2.333873361349105835e-01 -2.251611500978469849e-01 -3.531674194335937500e+01 -2.914726734161376953e-03 -1.461900584399700165e-02 -2.551264969952171668e-06 5.100000000000000000e+01 1.000000000000000000e+00
4.389578104019165039e-01 3.401215672492980957e-01 -2.333873361349105835e-01 -2.251611500978469849e-01 -3.531674194335937500e+01 -2.914726734161376953e-03 -1.461900584399700165e-02 -2.551264969952171668e-06 5.100000000000000000e+01 1.000000000000000000e+00
4.389578104019165039e-01 3.401215672492980957e-01 -2.333873361349105835e-01 -2.251611500978469849e-01 -3.531674194335937500e+01 -2.914726734161376953e-03 -1.461900584399700165e-02 -2.551264969952171668e-06 5.100000000000000000e+01 1.000000000000000000e+00
4.389578104019165039e-01 3.363788425922393799e-01 -2.420704662799835205e-01 -2.336875349283218384e-01 -3.531382751464843750e+01 0.000000000000000000e+00 -1.461779978126287460e-02 0.000000000000000000e+00 5.000000000000000000e+01 0.000000000000000000e+00
4.389578104019165039e-01 3.363788425922393799e-01 -2.420704662799835205e-01 -2.336875349283218384e-01 -3.531382751464843750e+01 0.000000000000000000e+00 -1.461779978126287460e-02 0.000000000000000000e+00 5.000000000000000000e+01 0.000000000000000000e+00
4.389578104019165039e-01 3.363788425922393799e-01 -2.420704662799835205e-01 -2.336875349283218384e-01 -3.531382751464843750e+01 0.000000000000000000e+00 -1.461779978126287460e-02 0.000000000000000000e+00 5.000000000000000000e+01 0.000000000000000000e+00
4.389578104019165039e-01 3.363788425922393799e-01 -2.420704662799835205e-01 -2.336875349283218384e-01 -3.531382751464843750e+01 0.000000000000000000e+00 -1.461779978126287460e-02 0.000000000000000000e+00 5.000000000000000000e+01 0.000000000000000000e+00
4.389578104019165039e-01 3.363788425922393799e-01 -2.420704662799835205e-01 -2.336875349283218384e-01 -3.531382751464843750e+01 0.000000000000000000e+00 -1.461779978126287460e-02 0.000000000000000000e+00 5.000000000000000000e+01 0.000000000000000000e+00
4.389578104019165039e-01 3.363788425922393799e-01 -2.420704662799835205e-01 -2.336875349283218384e-01 -3.531382751464843750e+01 0.000000000000000000e+00 -1.461779978126287460e-02 0.000000000000000000e+00 5.000000000000000000e+01 0.000000000000000000e+00
4.389578104019165039e-01 3.363788425922393799e-01 -2.420704662799835205e-01 -2.336875349283218384e-01 -3.531382751464843750e+01 0.000000000000000000e+00 -1.461779978126287460e-02 0.000000000000000000e+00 5.000000000000000000e+01 0.000000000000000000e+00
4.389578104019165039e-01 3.363788425922393799e-01 -2.420704662799835205e-01 -2.336875349283218384e-01 -3.531382751464843750e+01 0.000000000000000000e+00 -1.461779978126287460e-02 0.000000000000000000e+00 5.000000000000000000e+01 0.000000000000000000e+00
4.389578104019165039e-01 3.363788425922393799e-01 -2.420704662799835205e-01 -2.336875349283218384e-01 -3.531382751464843750e+01 0.000000000000000000e+00 -1.461779978126287460e-02 0.000000000000000000e+00 5.000000000000000000e+01 0.000000000000000000e+00
4.389578104019165039e-01 3.363788425922393799e-01 -2.420704662799835205e-01 -2.336875349283218384e-01 -3.531382751464843750e+01 0.000000000000000000e+00 -1.461779978126287460e-02 0.000000000000000000e+00 5.000000000000000000e+01 0.000000000000000000e+00
4.389578104019165039e-01 3.363788425922393799e-01 -2.420704662799835205e-01 -2.336875349283218384e-01 -3.531382751464843750e+01 0.000000000000000000e+00 -1.461779978126287460e-02 0.000000000000000000e+00 5.000000000000000000e+01 0.000000000000000000e+00
4.389578104019165039e-01 3.363788425922393799e-01 -2.420704662799835205e-01 -2.336875349283218384e-01 -3.531382751464843750e+01 0.000000000000000000e+00 -1.461779978126287460e-02 0.000000000000000000e+00 5.000000000000000000e+01 0.000000000000000000e+00
4.389578104019165039e-01 3.363788425922393799e-01 -2.420704662799835205e-01 -2.336875349283218384e-01 -3.531382751464843750e+01 0.000000000000000000e+00 -1.461779978126287460e-02 0.000000000000000000e+00 5.000000000000000000e+01 0.000000000000000000e+00
4.389578104019165039e-01 3.363788425922393799e-01 -2.420704662799835205e-01 -2.336875349283218384e-01 -3.531382751464843750e+01 0.000000000000000000e+00 -1.461779978126287460e-02 0.000000000000000000e+00 5.000000000000000000e+01 0.000000000000000000e+00
4.389578104019165039e-01 3.363788425922393799e-01 -2.420704662799835205e-01 -2.336875349283218384e-01 -3.531382751464843750e+01 0.000000000000000000e+00 -1.461779978126287460e-02 0.000000000000000000e+00 5.000000000000000000e+01 0.000000000000000000e+00
4.389578104019165039e-01 3.363788425922393799e-01 -2.420704662799835205e-01 -2.336875349283218384e-01 -3.531382751464843750e+01 0.000000000000000000e+00 -1.461779978126287460e-02 0.000000000000000000e+00 5.000000000000000000e+01 0.000000000000000000e+00
4.389578104019165039e-01 3.363788425922393799e-01 -2.420704662799835205e-01 -2.336875349283218384e-01 -3.531382751464843750e+01 0.000000000000000000e+00 -1.461779978126287460e-02 0.000000000000000000e+00 5.000000000000000000e+01 0.000000000000000000e+00
4.389578104019165039e-01 3.363788425922393799e-01 -2.420704662799835205e-01 -2.336875349283218384e-01 -3.531382751464843750e+01 0.000000000000000000e+00 -1.461779978126287460e-02 0.000000000000000000e+00 5.000000000000000000e+01 0.000000000000000000e+00
4.389578104019165039e-01 3.363788425922393799e-01 -2.420704662799835205e-01 -2.336875349283218384e-01 -3.531382751464843750e+01 0.000000000000000000e+00 -1.461779978126287460e-02 0.000000000000000000e+00 5.000000000000000000e+01 0.000000000000000000e+00
4.389578104019165039e-01 3.363788425922393799e-01 -2.420704662799835205e-01 -2.336875349283218384e-01 -3.531382751464843750e+01 0.000000000000000000e+00 -1.461779978126287460e-02 0.000000000000000000e+00 5.000000000000000000e+01 0.000000000000000000e+00
4.389578104019165039e-01 3.363788425922393799e-01 -2.420704662799835205e-01 -2.336875349283218384e-01 -3.531382751464843750e+01 0.000000000000000000e+00 -1.461779978126287460e-02 0.000000000000000000e+00 5.000000000000000000e+01 0.000000000000000000e+00
4.389578104019165039e-01 3.363788425922393799e-01 -2.420704662799835205e-01 -2.336875349283218384e-01 -3.531382751464843750e+01 0.000000000000000000e+00 -1.461779978126287460e-02 0.000000000000000000e+00 5.000000000000000000e+01 0.000000000000000000e+00
4.389578104019165039e-01 3.363788425922393799e-01 -2.420704662799835205e-01 -2.336875349283218384e-01 -3.531382751464843750e+01 0.000000000000000000e+00 -1.461779978126287460e-02 0.000000000000000000e+00 5.000000000000000000e+01 0.000000000000000000e+00
4.389578104019165039e-01 3.363788425922393799e-01 -2.420704662799835205e-01 -2.336875349283218384e-01 -3.531382751464843750e+01 0.000000000000000000e+00 -1.461779978126287460e-02 0.000000000000000000e+00 5.000000000000000000e+01 0.000000000000000000e+00
4.389578104019165039e-01 3.363788425922393799e-01 -2.420704662799835205e-01 -2.336875349283218384e-01 -3.531382751464843750e+01 0.000000000000000000e+00 -1.461779978126287460e-02 0.000000000000000000e+00 5.000000000000000000e+01 0.000000000000000000e+00
4.389578104019165039e-01 3.363788425922393799e-01 -2.420704662799835205e-01 -2.336875349283218384e-01 -3.531382751464843750e+01 0.000000000000000000e+00 -1.461779978126287460e-02 0.000000000000000000e+00 5.000000000000000000e+01 0.000000000000000000e+00
4.389578104019165039e-01 3.363788425922393799e-01 -2.420704662799835205e-01 -2.336875349283218384e-01 -3.531382751464843750e+01 0.000000000000000000e+00 -1.461779978126287460e-02 0.000000000000000000e+00 5.000000000000000000e+01 0.000000000000000000e+00
4.389578104019165039e-01 3.363788425922393799e-01 -2.420704662799835205e-01 -2.336875349283218384e-01 -3.531382751464843750e+01 0.000000000000000000e+00 -1.461779978126287460e-02 0.000000000000000000e+00 5.000000000000000000e+01 0.000000000000000000e+00
4.389578104019165039e-01 3.363788425922393799e-01 -2.420704662799835205e-01 -2.336875349283218384e-01 -3.531382751464843750e+01 0.000000000000000000e+00 -1.461779978126287460e-02 0.000000000000000000e+00 5.000000000000000000e+01 0.000000000000000000e+00
4.389578104019165039e-01 3.363788425922393799e-01 -2.420704662799835205e-01 -2.336875349283218384e-01 -3.531382751464843750e+01 0.000000000000000000e+00 -1.461779978126287460e-02 0.000000000000000000e+00 5.000000000000000000e+01 0.000000000000000000e+00
4.389578104019165039e-01 3.363788425922393799e-01 -2.420704662799835205e-01 -2.336875349283218384e-01 -3.531382751464843750e+01 0.000000000000000000e+00 -1.461779978126287460e-02 0.000000000000000000e+00 5.000000000000000000e+01 0.000000000000000000e+00
4.389578104019165039e-01 3.363788425922393799e-01 -2.420704662799835205e-01 -2.336875349283218384e-01 -3.531382751464843750e+01 0.000000000000000000e+00 -1.461779978126287460e-02 0.000000000000000000e+00 5.000000000000000000e+01 0.000000000000000000e+00
4.389578104019165039e-01 3.363788425922393799e-01 -2.420704662799835205e-01 -2.336875349283218384e-01 -3.531382751464843750e+01 0.000000000000000000e+00 -1.461779978126287460e-02 0.000000000000000000e+00 5.000000000000000000e+01 0.000000000000000000e+00
4.389578104019165039e-01 3.363788425922393799e-01 -2.420704662799835205e-01 -2.336875349283218384e-01 -3.531382751464843750e+01 0.000000000000000000e+00 -1.461779978126287460e-02 0.000000000000000000e+00 5.000000000000000000e+01 0.000000000000000000e+00
4.389578104019165039e-01 3.363788425922393799e-01 -2.420704662799835205e-01 -2.336875349283218384e-01 -3.531382751464843750e+01 0.000000000000000000e+00 -1.461779978126287460e-02 0.000000000000000000e+00 5.000000000000000000e+01 0.000000000000000000e+00
4.389578104019165039e-01 3.363788425922393799e-01 -2.420704662799835205e-01 -2.336875349283218384e-01 -3.531382751464843750e+01 0.000000000000000000e+00 -1.461779978126287460e-02 0.000000000000000000e+00 5.000000000000000000e+01 0.000000000000000000e+00
4.389578104019165039e-01 3.363788425922393799e-01 -2.420704662799835205e-01 -2.336875349283218384e-01 -3.531382751464843750e+01 0.000000000000000000e+00 -1.461779978126287460e-02 0.000000000000000000e+00 5.000000000000000000e+01 0.000000000000000000e+00
4.389578104019165039e-01 3.363788425922393799e-01 -2.420704662799835205e-01 -2.336875349283218384e-01 -3.531382751464843750e+01 0.000000000000000000e+00 -1.461779978126287460e-02 0.000000000000000000e+00 5.000000000000000000e+01 0.000000000000000000e+00
4.389578104019165039e-01 3.363788425922393799e-01 -2.420704662799835205e-01 -2.336875349283218384e-01 -3.531382751464843750e+01 0.000000000000000000e+00 -1.461779978126287460e-02 0.000000000000000000e+00 5.000000000000000000e+01 0.000000000000000000e+00
4.389578104019165039e-01 3.363788425922393799e-01 -2.420704662799835205e-01 -2.336875349283218384e-01 -3.531382751464843750e+01 0.000000000000000000e+00 -1.461779978126287460e-02 0.000000000000000000e+00 5.000000000000000000e+01 0.000000000000000000e+00
4.389578104019165039e-01 3.363788425922393799e-01 -2.420704662799835205e-01 -2.336875349283218384e-01 -3.531382751464843750e+01 0.000000000000000000e+00 -1.461779978126287460e-02 0.000000000000000000e+00 5.000000000000000000e+01 0.000000000000000000e+00
4.389578104019165039e-01 3.363788425922393799e-01 -2.420704662799835205e-01 -2.336875349283218384e-01 -3.531382751464843750e+01 0.000000000000000000e+00 -1.461779978126287460e-02 0.000000000000000000e+00 5.000000000000000000e+01 0.000000000000000000e+00
4.389578104019165039e-01 3.363788425922393799e-01 -2.420704662799835205e-01 -2.336875349283218384e-01 -3.531382751464843750e+01 0.000000000000000000e+00 -1.461779978126287460e-02 0.000000000000000000e+00 5.000000000000000000e+01 0.000000000000000000e+00
4.389578104019165039e-01 3.363788425922393799e-01 -2.420704662799835205e-01 -2.336875349283218384e-01 -3.531382751464843750e+01 0.000000000000000000e+00 -1.461779978126287460e-02 0.000000000000000000e+00 5.000000000000000000e+01 0.000000000000000000e+00
4.389578104019165039e-01 3.363788425922393799e-01 -2.420704662799835205e-01 -2.336875349283218384e-01 -3.531382751464843750e+01 0.000000000000000000e+00 -1.461779978126287460e-02 0.000000000000000000e+00 5.000000000000000000e+01 0.000000000000000000e+00
4.389578104019165039e-01 3.363788425922393799e-01 -2.420704662799835205e-01 -2.336875349283218384e-01 -3.531382751464843750e+01 0.000000000000000000e+00 -1.461779978126287460e-02 0.000000000000000000e+00 5.000000000000000000e+01 0.000000000000000000e+00
4.389578104019165039e-01 3.363788425922393799e-01 -2.420704662799835205e-01 -2.336875349283218384e-01 -3.531382751464843750e+01 0.000000000000000000e+00 -1.461779978126287460e-02 0.000000000000000000e+00 5.000000000000000000e+01 0.000000000000000000e+00
4.389578104019165039e-01 3.363788425922393799e-01 -2.420704662799835205e-01 -2.336875349283218384e-01 -3.531382751464843750e+01 0.000000000000000000e+00 -1.461779978126287460e-02 0.000000000000000000e+00 5.000000000000000000e+01 0.000000000000000000e+00
4.389578104019165039e-01 3.363788425922393799e-01 -2.420704662799835205e-01 -2.336875349283218384e-01 -3.531382751464843750e+01 0.000000000000000000e+00 -1.461779978126287460e-02 0.000000000000000000e+00 5.000000000000000000e+01 0.000000000000000000e+00
4.389578104019165039e-01 3.363788425922393799e-01 -2.420704662799835205e-01 -2.336875349283218384e-01 -3.531382751464843750e+01 0.000000000000000000e+00 -1.461779978126287460e-02 0.000000000000000000e+00 5.000000000000000000e+01 0.000000000000000000e+00
