4.332575201988220215e-01 3.210205733776092529e-01 -3.029423356056213379e-01 -2.590536475181579590e-01 -1.322315979003906250e+02 -1.003750305175781250e+02 -5.473592504858970642e-02 -1.072045117616653442e-01 2.470000000000000000e+02 1.970000000000000000e+02
4.332575201988220215e-01 3.305379450321197510e-01 -2.796582579612731934e-01 -2.370866537094116211e-01 -9.253389739990234375e+01 -6.067731475830078125e+01 -3.830346465110778809e-02 -6.480577588081359863e-02 1.880000000000000000e+02 1.380000000000000000e+02
4.332575201988220215e-01 3.391538858413696289e-01 -2.579408884048461914e-01 -2.172002345323562622e-01 -7.760385131835937500e+01 -4.574727249145507812e+01 -3.212332352995872498e-02 -4.885989800095558167e-02 1.620000000000000000e+02 1.120000000000000000e+02
4.332575201988220215e-01 3.468669950962066650e-01 -2.377327233552932739e-01 -1.993976384401321411e-01 -7.039308166503906250e+01 -3.853649902343750000e+01 -2.913849987089633942e-02 -4.115850850939750671e-02 1.480000000000000000e+02 9.800000000000000000e+01
4.332575201988220215e-01 3.593932390213012695e-01 -2.067760229110717773e-01 -1.704858541488647461e-01 -6.477360534667968750e+01 -3.291703033447265625e+01 -2.681237459182739258e-02 -3.515669330954551697e-02 1.370000000000000000e+02 8.700000000000000000e+01
4.332575201988220215e-01 3.596147596836090088e-01 -2.055388391017913818e-01 -1.699745655059814453e-01 -6.111327362060546875e+01 -2.925669479370117188e+01 -2.529721707105636597e-02 -3.124730847775936127e-02 1.320000000000000000e+02 8.200000000000000000e+01
4.332575201988220215e-01 3.607753813266754150e-01 -2.026036232709884644e-01 -1.672957390546798706e-01 -5.902384948730468750e+01 -2.716727256774902344e+01 -2.443232201039791107e-02 -2.901572361588478088e-02 1.290000000000000000e+02 7.900000000000000000e+01
4.332575201988220215e-01 3.679142296314239502e-01 -1.839668303728103638e-01 -1.508186012506484985e-01 -5.620066833496093750e+01 -2.434408950805664062e+01 -2.326369471848011017e-02 -2.600045129656791687e-02 1.240000000000000000e+02 7.400000000000000000e+01
4.332575201988220215e-01 3.748857080936431885e-01 -1.634488105773925781e-01 -1.347277462482452393e-01 -5.241552734375000000e+01 -2.055894851684570312e+01 -2.169687487185001373e-02 -2.195777185261249542e-02 1.140000000000000000e+02 6.400000000000000000e+01
4.332575201988220215e-01 3.798261284828186035e-01 -1.495369672775268555e-01 -1.233247891068458557e-01 -5.017173767089843750e+01 -1.831515884399414062e+01 -2.076807990670204163e-02 -1.956131495535373688e-02 1.090000000000000000e+02 5.900000000000000000e+01
4.332575201988220215e-01 3.991399407386779785e-01 -1.042709723114967346e-01 -7.874665409326553345e-02 -4.792407226562500000e+01 -1.606749343872070312e+01 -1.983768306672573090e-02 -1.716071926057338715e-02 1.040000000000000000e+02 5.400000000000000000e+01
4.332575201988220215e-01 4.210841953754425049e-01 -5.111125484108924866e-02 -2.809720300137996674e-02 -3.868379974365234375e+01 -6.827221393585205078e+00 -1.601276546716690063e-02 -7.291743066161870956e-03 8.600000000000000000e+01 3.600000000000000000e+01
4.332575201988220215e-01 4.362350404262542725e-01 -2.321393042802810669e-02 6.872402969747781754e-03 -3.700551605224609375e+01 -5.148936748504638672e+00 -1.531805656850337982e-02 -5.499268416315317154e-03 8.100000000000000000e+01 3.100000000000000000e+01
4.332575201988220215e-01 4.383093118667602539e-01 -1.925401575863361359e-02 1.166002079844474792e-02 -3.611028671264648438e+01 -4.253707885742187500e+00 -1.494748611003160477e-02 -4.543128423392772675e-03 7.700000000000000000e+01 2.700000000000000000e+01
4.332575201988220215e-01 4.420628249645233154e-01 -1.001538243144750595e-02 2.032348886132240295e-02 -3.504336929321289062e+01 -3.186789512634277344e+00 -1.450584642589092255e-02 -3.403617534786462784e-03 7.200000000000000000e+01 2.200000000000000000e+01
4.332575201988220215e-01 4.429214298725128174e-01 -7.740125525742769241e-03 2.230523154139518738e-02 -3.471095275878906250e+01 -2.854374647140502930e+00 -1.436824537813663483e-02 -3.048585262149572372e-03 7.000000000000000000e+01 2.000000000000000000e+01
4.332575201988220215e-01 4.430286288261413574e-01 -7.494439836591482162e-03 2.255265787243843079e-02 -3.436775970458984375e+01 -2.511182308197021484e+00 -1.422618422657251358e-02 -2.682042075321078300e-03 6.900000000000000000e+01 1.900000000000000000e+01
4.332575201988220215e-01 4.417206048965454102e-01 -1.101388875395059586e-02 1.953361369669437408e-02 -3.426423645019531250e+01 -2.407657861709594727e+00 -1.418333221226930618e-02 -2.571474062278866768e-03 6.800000000000000000e+01 1.800000000000000000e+01
4.332575201988220215e-01 4.337067008018493652e-01 -2.727159485220909119e-02 1.036752015352249146e-03 -3.396739959716796875e+01 -2.110818862915039062e+00 -1.406045909970998764e-02 -2.254438120871782303e-03 6.600000000000000000e+01 1.600000000000000000e+01
4.332575201988220215e-01 4.337067008018493652e-01 -2.727159485220909119e-02 1.036752015352249146e-03 -3.396739959716796875e+01 -2.110818862915039062e+00 -1.406045909970998764e-02 -2.254438120871782303e-03 6.600000000000000000e+01 1.600000000000000000e+01
4.332575201988220215e-01 4.234579503536224365e-01 -4.780412092804908752e-02 -2.261834964156150818e-02 -3.290425491333007812e+01 -1.047673463821411133e+00 -1.362038124352693558e-02 -1.118956715799868107e-03 6.000000000000000000e+01 1.000000000000000000e+01
4.332575201988220215e-01 4.172011613845825195e-01 -5.911491438746452332e-02 -3.705962002277374268e-02 -3.269664382934570312e+01 -8.400620818138122559e-01 -1.353444345295429230e-02 -8.972195792011916637e-04 5.900000000000000000e+01 9.000000000000000000e+00
4.332575201988220215e-01 4.074835181236267090e-01 -8.302317559719085693e-02 -5.948887392878532410e-02 -3.249934387207031250e+01 -6.427656412124633789e-01 -1.345277298241853714e-02 -6.864991737529635429e-04 5.800000000000000000e+01 8.000000000000000000e+00
4.332575201988220215e-01 4.021017253398895264e-01 -9.283956140279769897e-02 -7.191056758165359497e-02 -3.248342895507812500e+01 -6.268517971038818359e-01 -1.344618480652570724e-02 -6.695025367662310600e-04 5.700000000000000000e+01 7.000000000000000000e+00
4.332575201988220215e-01 4.026322066783905029e-01 -8.574197441339492798e-02 -7.068616896867752075e-02 -3.219258117675781250e+01 -3.359999060630798340e-01 -1.332579180598258972e-02 -3.588612016756087542e-04 5.500000000000000000e+01 5.000000000000000000e+00
4.332575201988220215e-01 4.026322066783905029e-01 -8.574197441339492798e-02 -7.068616896867752075e-02 -3.219258117675781250e+01 -3.359999060630798340e-01 -1.332579180598258972e-02 -3.588612016756087542e-04 5.500000000000000000e+01 5.000000000000000000e+00
4.332575201988220215e-01 4.026322066783905029e-01 -8.574197441339492798e-02 -7.068616896867752075e-02 -3.219258117675781250e+01 -3.359999060630798340e-01 -1.332579180598258972e-02 -3.588612016756087542e-04 5.500000000000000000e+01 5.000000000000000000e+00
4.332575201988220215e-01 4.026322066783905029e-01 -8.574197441339492798e-02 -7.068616896867752075e-02 -3.219258117675781250e+01 -3.359999060630798340e-01 -1.332579180598258972e-02 -3.588612016756087542e-04 5.500000000000000000e+01 5.000000000000000000e+00
4.332575201988220215e-01 4.026322066783905029e-01 -8.574197441339492798e-02 -7.068616896867752075e-02 -3.219258117675781250e+01 -3.359999060630798340e-01 -1.332579180598258972e-02 -3.588612016756087542e-04 5.500000000000000000e+01 5.000000000000000000e+00
4.332575201988220215e-01 3.738240003585815430e-01 -1.533058881759643555e-01 -1.371782720088958740e-01 -3.186008834838867188e+01 -3.511309623718261719e-03 -1.318815909326076508e-02 -3.750217729248106480e-06 5.100000000000000000e+01 1.000000000000000000e+00
4.332575201988220215e-01 3.738240003585815430e-01 -1.533058881759643555e-01 -1.371782720088958740e-01 -3.186008834838867188e+01 -3.511309623718261719e-03 -1.318815909326076508e-02 -3.750217729248106480e-06 5.100000000000000000e+01 1.000000000000000000e+00
4.332575201988220215e-01 3.738240003585815430e-01 -1.533058881759643555e-01 -1.371782720088958740e-01 -3.186008834838867188e+01 -3.511309623718261719e-03 -1.318815909326076508e-02 -3.750217729248106480e-06 5.100000000000000000e+01 1.000000000000000000e+00
4.332575201988220215e-01 3.738240003585815430e-01 -1.533058881759643555e-01 -1.371782720088958740e-01 -3.186008834838867188e+01 -3.511309623718261719e-03 -1.318815909326076508e-02 -3.750217729248106480e-06 5.100000000000000000e+01 1.000000000000000000e+00
4.332575201988220215e-01 3.738240003585815430e-01 -1.533058881759643555e-01 -1.371782720088958740e-01 -3.186008834838867188e+01 -3.511309623718261719e-03 -1.318815909326076508e-02 -3.750217729248106480e-06 5.100000000000000000e+01 1.000000000000000000e+00
4.332575201988220215e-01 3.738240003585815430e-01 -1.533058881759643555e-01 -1.371782720088958740e-01 -3.186008834838867188e+01 -3.511309623718261719e-03 -1.318815909326076508e-02 -3.750217729248106480e-06 5.100000000000000000e+01 1.000000000000000000e+00
4.332575201988220215e-01 3.738240003585815430e-01 -1.533058881759643555e-01 -1.371782720088958740e-01 -3.186008834838867188e+01 -3.511309623718261719e-03 -1.318815909326076508e-02 -3.750217729248106480e-06 5.100000000000000000e+01 1.000000000000000000e+00
4.332575201988220215e-01 3.738240003585815430e-01 -1.533058881759643555e-01 -1.371782720088958740e-01 -3.186008834838867188e+01 -3.511309623718261719e-03 -1.318815909326076508e-02 -3.750217729248106480e-06 5.100000000000000000e+01 1.000000000000000000e+00
4.332575201988220215e-01 3.738240003585815430e-01 -1.533058881759643555e-01 -1.371782720088958740e-01 -3.186008834838867188e+01 -3.511309623718261719e-03 -1.318815909326076508e-02 -3.750217729248106480e-06 5.100000000000000000e+01 1.000000000000000000e+00
4.332575201988220215e-01 3.738240003585815430e-01 -1.533058881759643555e-01 -1.371782720088958740e-01 -3.186008834838867188e+01 -3.511309623718261719e-03 -1.318815909326076508e-02 -3.750217729248106480e-06 5.100000000000000000e+01 1.000000000000000000e+00
4.332575201988220215e-01 3.637152910232543945e-01 -1.751533299684524536e-01 -1.605101525783538818e-01 -3.185657882690429688e+01 0.000000000000000000e+00 -1.318670716136693954e-02 0.000000000000000000e+00 5.000000000000000000e+01 0.000000000000000000e+00
4.332575201988220215e-01 3.637152910232543945e-01 -1.751533299684524536e-01 -1.605101525783538818e-01 -3.185657882690429688e+01 0.000000000000000000e+00 -1.318670716136693954e-02 0.000000000000000000e+00 5.000000000000000000e+01 0.000000000000000000e+00
4.332575201988220215e-01 3.637152910232543945e-01 -1.751533299684524536e-01 -1.605101525783538818e-01 -3.185657882690429688e+01 0.000000000000000000e+00 -1.318670716136693954e-02 0.000000000000000000e+00 5.000000000000000000e+01 0.000000000000000000e+00
4.332575201988220215e-01 3.637152910232543945e-01 -1.751533299684524536e-01 -1.605101525783538818e-01 -3.185657882690429688e+01 0.000000000000000000e+00 -1.318670716136693954e-02 0.000000000000000000e+00 5.000000000000000000e+01 0.000000000000000000e+00
4.332575201988220215e-01 3.637152910232543945e-01 -1.751533299684524536e-01 -1.605101525783538818e-01 -3.185657882690429688e+01 0.000000000000000000e+00 -1.318670716136693954e-02 0.000000000000000000e+00 5.000000000000000000e+01 0.000000000000000000e+00
4.332575201988220215e-01 3.637152910232543945e-01 -1.751533299684524536e-01 -1.605101525783538818e-01 -3.185657882690429688e+01 0.000000000000000000e+00 -1.318670716136693954e-02 0.000000000000000000e+00 5.000000000000000000e+01 0.000000000000000000e+00
4.332575201988220215e-01 3.637152910232543945e-01 -1.751533299684524536e-01 -1.605101525783538818e-01 -3.185657882690429688e+01 0.000000000000000000e+00 -1.318670716136693954e-02 0.000000000000000000e+00 5.000000000000000000e+01 0.000000000000000000e+00
4.332575201988220215e-01 3.637152910232543945e-01 -1.751533299684524536e-01 -1.605101525783538818e-01 -3.185657882690429688e+01 0.000000000000000000e+00 -1.318670716136693954e-02 0.000000000000000000e+00 5.000000000000000000e+01 0.000000000000000000e+00
4.332575201988220215e-01 3.637152910232543945e-01 -1.751533299684524536e-01 -1.605101525783538818e-01 -3.185657882690429688e+01 0.000000000000000000e+00 -1.318670716136693954e-02 0.000000000000000000e+00 5.000000000000000000e+01 0.000000000000000000e+00
4.332575201988220215e-01 3.637152910232543945e-01 -1.751533299684524536e-01 -1.605101525783538818e-01 -3.185657882690429688e+01 0.000000000000000000e+00 -1.318670716136693954e-02 0.000000000000000000e+00 5.000000000000000000e+01 0.000000000000000000e+00
4.332575201988220215e-01 3.637152910232543945e-01 -1.751533299684524536e-01 -1.605101525783538818e-01 -3.185657882690429688e+01 0.000000000000000000e+00 -1.318670716136693954e-02 0.000000000000000000e+00 5.000000000000000000e+01 0.000000000000000000e+00
4.332575201988220215e-01 3.637152910232543945e-01 -1.751533299684524536e-01 -1.605101525783538818e-01 -3.185657882690429688e+01 0.000000000000000000e+00 -1.318670716136693954e-02 0.000000000000000000e+00 5.000000000000000000e+01 0.000000000000000000e+00
4.332575201988220215e-01 3.637152910232543945e-01 -1.751533299684524536e-01 -1.605101525783538818e-01 -3.185657882690429688e+01 0.000000000000000000e+00 -1.318670716136693954e-02 0.000000000000000000e+00 5.000000000000000000e+01 0.000000000000000000e+00
4.332575201988220215e-01 3.637152910232543945e-01 -1.751533299684524536e-01 -1.605101525783538818e-01 -3.185657882690429688e+01 0.000000000000000000e+00 -1.318670716136693954e-02 0.000000000000000000e+00 5.000000000000000000e+01 0.000000000000000000e+00
4.332575201988220215e-01 3.637152910232543945e-01 -1.751533299684524536e-01 -1.605101525783538818e-01 -3.185657882690429688e+01 0.000000000000000000e+00 -1.318670716136693954e-02 0.000000000000000000e+00 5.000000000000000000e+01 0.000000000000000000e+00
4.332575201988220215e-01 3.637152910232543945e-01 -1.751533299684524536e-01 -1.605101525783538818e-01 -3.185657882690429688e+01 0.000000000000000000e+00 -1.318670716136693954e-02 0.000000000000000000e+00 5.000000000000000000e+01 0.000000000000000000e+00
4.332575201988220215e-01 3.637152910232543945e-01 -1.751533299684524536e-01 -1.605101525783538818e-01 -3.185657882690429688e+01 0.000000000000000000e+00 -1.318670716136693954e-02 0.000000000000000000e+00 5.000000000000000000e+01 0.000000000000000000e+00
4.332575201988220215e-01 3.637152910232543945e-01 -1.751533299684524536e-01 -1.605101525783538818e-01 -3.185657882690429688e+01 0.000000000000000000e+00 -1.318670716136693954e-02 0.000000000000000000e+00 5.000000000000000000e+01 0.000000000000000000e+00
4.332575201988220215e-01 3.637152910232543945e-01 -1.751533299684524536e-01 -1.605101525783538818e-01 -3.185657882690429688e+01 0.000000000000000000e+00 -1.318670716136693954e-02 0.000000000000000000e+00 5.000000000000000000e+01 0.000000000000000000e+00
4.332575201988220215e-01 3.637152910232543945e-01 -1.751533299684524536e-01 -1.605101525783538818e-01 -3.185657882690429688e+01 0.000000000000000000e+00 -1.318670716136693954e-02 0.000000000000000000e+00 5.000000000000000000e+01 0.000000000000000000e+00
4.332575201988220215e-01 3.637152910232543945e-01 -1.751533299684524536e-01 -1.605101525783538818e-01 -3.185657882690429688e+01 0.000000000000000000e+00 -1.318670716136693954e-02 0.000000000000000000e+00 5.000000000000000000e+01 0.000000000000000000e+00
4.332575201988220215e-01 3.637152910232543945e-01 -1.751533299684524536e-01 -1.605101525783538818e-01 -3.185657882690429688e+01 0.000000000000000000e+00 -1.318670716136693954e-02 0.000000000000000000e+00 5.000000000000000000e+01 0.000000000000000000e+00
4.332575201988220215e-01 3.637152910232543945e-01 -1.751533299684524536e-01 -1.605101525783538818e-01 -3.185657882690429688e+01 0.000000000000000000e+00 -1.318670716136693954e-02 0.000000000000000000e+00 5.000000000000000000e+01 0.000000000000000000e+00
4.332575201988220215e-01 3.637152910232543945e-01 -1.751533299684524536e-01 -1.605101525783538818e-01 -3.185657882690429688e+01 0.000000000000000000e+00 -1.318670716136693954e-02 0.000000000000000000e+00 5.000000000000000000e+01 0.000000000000000000e+00
4.332575201988220215e-01 3.637152910232543945e-01 -1.751533299684524536e-01 -1.605101525783538818e-01 -3.185657882690429688e+01 0.000000000000000000e+00 -1.318670716136693954e-02 0.000000000000000000e+00 5.000000000000000000e+01 0.000000000000000000e+00
4.332575201988220215e-01 3.637152910232543945e-01 -1.751533299684524536e-01 -1.605101525783538818e-01 -3.185657882690429688e+01 0.000000000000000000e+00 -1.318670716136693954e-02 0.000000000000000000e+00 5.000000000000000000e+01 0.000000000000000000e+00
4.332575201988220215e-01 3.637152910232543945e-01 -1.751533299684524536e-01 -1.605101525783538818e-01 -3.185657882690429688e+01 0.000000000000000000e+00 -1.318670716136693954e-02 0.000000000000000000e+00 5.000000000000000000e+01 0.000000000000000000e+00
4.332575201988220215e-01 3.637152910232543945e-01 -1.751533299684524536e-01 -1.605101525783538818e-01 -3.185657882690429688e+01 0.000000000000000000e+00 -1.318670716136693954e-02 0.000000000000000000e+00 5.000000000000000000e+01 0.000000000000000000e+00
4.332575201988220215e-01 3.637152910232543945e-01 -1.751533299684524536e-01 -1.605101525783538818e-01 -3.185657882690429688e+01 0.000000000000000000e+00 -1.318670716136693954e-02 0.000000000000000000e+00 5.000000000000000000e+01 0.000000000000000000e+00
4.332575201988220215e-01 3.637152910232543945e-01 -1.751533299684524536e-01 -1.605101525783538818e-01 -3.185657882690429688e+01 0.000000000000000000e+00 -1.318670716136693954e-02 0.000000000000000000e+00 5.000000000000000000e+01 0.000000000000000000e+00
4.332575201988220215e-01 3.637152910232543945e-01 -1.751533299684524536e-01 -1.605101525783538818e-01 -3.185657882690429688e+01 0.000000000000000000e+00 -1.318670716136693954e-02 0.000000000000000000e+00 5.000000000000000000e+01 0.000000000000000000e+00
4.332575201988220215e-01 3.637152910232543945e-01 -1.751533299684524536e-01 -1.605101525783538818e-01 -3.185657882690429688e+01 0.000000000000000000e+00 -1.318670716136693954e-02 0.000000000000000000e+00 5.000000000000000000e+01 0.000000000000000000e+00
4.332575201988220215e-01 3.637152910232543945e-01 -1.751533299684524536e-01 -1.605101525783538818e-01 -3.185657882690429688e+01 0.000000000000000000e+00 -1.318670716136693954e-02 0.000000000000000000e+00 5.000000000000000000e+01 0.000000000000000000e+00
4.332575201988220215e-01 3.637152910232543945e-01 -1.751533299684524536e-01 -1.605101525783538818e-01 -3.185657882690429688e+01 0.000000000000000000e+00 -1.318670716136693954e-02 0.000000000000000000e+00 5.000000000000000000e+01 0.000000000000000000e+00
4.332575201988220215e-01 3.637152910232543945e-01 -1.751533299684524536e-01 -1.605101525783538818e-01 -3.185657882690429688e+01 0.000000000000000000e+00 -1.318670716136693954e-02 0.000000000000000000e+00 5.000000000000000000e+01 0.000000000000000000e+00
4.332575201988220215e-01 3.637152910232543945e-01 -1.751533299684524536e-01 -1.605101525783538818e-01 -3.185657882690429688e+01 0.000000000000000000e+00 -1.318670716136693954e-02 0.000000000000000000e+00 5.000000000000000000e+01 0.000000000000000000e+00
4.332575201988220215e-01 3.637152910232543945e-01 -1.751533299684524536e-01 -1.605101525783538818e-01 -3.185657882690429688e+01 0.000000000000000000e+00 -1.318670716136693954e-02 0.000000000000000000e+00 5.000000000000000000e+01 0.000000000000000000e+00
4.332575201988220215e-01 3.637152910232543945e-01 -1.751533299684524536e-01 -1.605101525783538818e-01 -3.185657882690429688e+01 0.000000000000000000e+00 -1.318670716136693954e-02 0.000000000000000000e+00 5.000000000000000000e+01 0.000000000000000000e+00
4.332575201988220215e-01 3.637152910232543945e-01 -1.751533299684524536e-01 -1.605101525783538818e-01 -3.185657882690429688e+01 0.000000000000000000e+00 -1.318670716136693954e-02 0.000000000000000000e+00 5.000000000000000000e+01 0.000000000000000000e+00
4.332575201988220215e-01 3.637152910232543945e-01 -1.751533299684524536e-01 -1.605101525783538818e-01 -3.185657882690429688e+01 0.000000000000000000e+00 -1.318670716136693954e-02 0.000000000000000000e+00 5.000000000000000000e+01 0.000000000000000000e+00
4.332575201988220215e-01 3.637152910232543945e-01 -1.751533299684524536e-01 -1.605101525783538818e-01 -3.185657882690429688e+01 0.000000000000000000e+00 -1.318670716136693954e-02 0.000000000000000000e+00 5.000000000000000000e+01 0.000000000000000000e+00
4.332575201988220215e-01 3.637152910232543945e-01 -1.751533299684524536e-01 -1.605101525783538818e-01 -3.185657882690429688e+01 0.000000000000000000e+00 -1.318670716136693954e-02 0.000000000000000000e+00 5.000000000000000000e+01 0.000000000000000000e+00
4.332575201988220215e-01 3.637152910232543945e-01 -1.751533299684524536e-01 -1.605101525783538818e-01 -3.185657882690429688e+01 0.000000000000000000e+00 -1.318670716136693954e-02 0.000000000000000000e+00 5.000000000000000000e+01 0.000000000000000000e+00
4.332575201988220215e-01 3.637152910232543945e-01 -1.751533299684524536e-01 -1.605101525783538818e-01 -3.185657882690429688e+01 0.000000000000000000e+00 -1.318670716136693954e-02 0.000000000000000000e+00 5.000000000000000000e+01 0.000000000000000000e+00
4.332575201988220215e-01 3.637152910232543945e-01 -1.751533299684524536e-01 -1.605101525783538818e-01 -3.185657882690429688e+01 0.000000000000000000e+00 -1.318670716136693954e-02 0.000000000000000000e+00 5.000000000000000000e+01 0.000000000000000000e+00
4.332575201988220215e-01 3.637152910232543945e-01 -1.751533299684524536e-01 -1.605101525783538818e-01 -3.185657882690429688e+01 0.000000000000000000e+00 -1.318670716136693954e-02 0.000000000000000000e+00 5.000000000000000000e+01 0.000000000000000000e+00
4.332575201988220215e-01 3.637152910232543945e-01 -1.751533299684524536e-01 -1.605101525783538818e-01 -3.185657882690429688e+01 0.000000000000000000e+00 -1.318670716136693954e-02 0.000000000000000000e+00 5.000000000000000000e+01 0.000000000000000000e+00
4.332575201988220215e-01 3.637152910232543945e-01 -1.751533299684524536e-01 -1.605101525783538818e-01 -3.185657882690429688e+01 0.000000000000000000e+00 -1.318670716136693954e-02 0.000000000000000000e+00 5.000000000000000000e+01 0.000000000000000000e+00
4.332575201988220215e-01 3.637152910232543945e-01 -1.751533299684524536e-01 -1.605101525783538818e-01 -3.185657882690429688e+01 0.000000000000000000e+00 -1.318670716136693954e-02 0.000000000000000000e+00 5.000000000000000000e+01 0.000000000000000000e+00
4.332575201988220215e-01 3.637152910232543945e-01 -1.751533299684524536e-01 -1.605101525783538818e-01 -3.185657882690429688e+01 0.000000000000000000e+00 -1.318670716136693954e-02 0.000000000000000000e+00 5.000000000000000000e+01 0.000000000000000000e+00
4.332575201988220215e-01 3.637152910232543945e-01 -1.751533299684524536e-01 -1.605101525783538818e-01 -3.185657882690429688e+01 0.000000000000000000e+00 -1.318670716136693954e-02 0.000000000000000000e+00 5.000000000000000000e+01 0.000000000000000000e+00
4.332575201988220215e-01 3.637152910232543945e-01 -1.751533299684524536e-01 -1.605101525783538818e-01 -3.185657882690429688e+01 0.000000000000000000e+00 -1.318670716136693954e-02 0.000000000000000000e+00 5.000000000000000000e+01 0.000000000000000000e+00
