4.650857448577880859e-01 4.310260713100433350e-01 -8.102097362279891968e-02 -7.323310524225234985e-02 -3.126276855468750000e+02 -2.867105407714843750e+02 -1.294090449810028076e-01 -2.946427762508392334e-01 6.490000000000000000e+02 6.000000000000000000e+02
4.650857448577880859e-01 4.250384569168090820e-01 -9.458676725625991821e-02 -8.610732108354568481e-02 -2.574208984375000000e+02 -2.315037231445312500e+02 -1.065567657351493835e-01 -2.379085868597030640e-01 5.500000000000000000e+02 5.010000000000000000e+02
4.650857448577880859e-01 4.512307345867156982e-01 -3.399636968970298767e-02 -2.979022823274135590e-02 -2.056517333984375000e+02 -1.797345581054687500e+02 -8.512744307518005371e-02 -1.847071498632431030e-01 4.570000000000000000e+02 4.080000000000000000e+02
4.650857448577880859e-01 4.746076762676239014e-01 1.928047463297843933e-02 2.047349698841571808e-02 -1.697519836425781250e+02 -1.438348388671875000e+02 -7.026710361242294312e-02 -1.478142142295837402e-01 3.890000000000000000e+02 3.400000000000000000e+02
4.650857448577880859e-01 4.831635057926177979e-01 3.669697418808937073e-02 3.886973857879638672e-02 -1.468276977539062500e+02 -1.209105224609375000e+02 -6.077783182263374329e-02 -1.242556720972061157e-01 3.450000000000000000e+02 2.960000000000000000e+02
4.650857448577880859e-01 4.975446462631225586e-01 6.683747470378875732e-02 6.979122012853622437e-02 -1.314967346191406250e+02 -1.055795745849609375e+02 -5.443173646926879883e-02 -1.085005700588226318e-01 3.150000000000000000e+02 2.660000000000000000e+02
4.650857448577880859e-01 4.976007640361785889e-01 6.524103879928588867e-02 6.991188228130340576e-02 -1.190543975830078125e+02 -9.313723754882812500e+01 -4.928135499358177185e-02 -9.571400284767150879e-02 2.880000000000000000e+02 2.390000000000000000e+02
4.650857448577880859e-01 4.989422559738159180e-01 6.937279552221298218e-02 7.279627770185470581e-02 -1.073360137939453125e+02 -8.141883850097656250e+01 -4.443065077066421509e-02 -8.367139846086502075e-02 2.620000000000000000e+02 2.130000000000000000e+02
4.650857448577880859e-01 4.864603281021118164e-01 4.373630508780479431e-02 4.595836997032165527e-02 -1.029010925292968750e+02 -7.698391723632812500e+01 -4.259486123919487000e-02 -7.911378145217895508e-02 2.510000000000000000e+02 2.020000000000000000e+02
4.650857448577880859e-01 5.000196695327758789e-01 7.453890889883041382e-02 7.511287182569503784e-02 -9.694031524658203125e+01 -7.102314758300781250e+01 -4.012745618820190430e-02 -7.298810034990310669e-02 2.360000000000000000e+02 1.870000000000000000e+02
4.650857448577880859e-01 4.988848865032196045e-01 6.807653605937957764e-02 7.267292588949203491e-02 -9.127954101562500000e+01 -6.536236572265625000e+01 -3.778423741459846497e-02 -6.717070192098617554e-02 2.220000000000000000e+02 1.730000000000000000e+02
4.650857448577880859e-01 5.441550612449645996e-01 1.673830151557922363e-01 1.700101941823959351e-01 -5.804517364501953125e+01 -3.212800598144531250e+01 -2.402720972895622253e-02 -3.301687166094779968e-02 1.490000000000000000e+02 1.000000000000000000e+02
4.650857448577880859e-01 5.499483942985534668e-01 1.786055266857147217e-01 1.824666708707809448e-01 -4.988645935058593750e+01 -2.396928787231445312e+01 -2.064999192953109741e-02 -2.463242970407009125e-02 1.260000000000000000e+02 7.700000000000000000e+01
4.650857448577880859e-01 5.121510028839111328e-01 9.349360316991806030e-02 1.011969447135925293e-01 -3.969205474853515625e+01 -1.377488517761230469e+01 -1.643012277781963348e-02 -1.415598578751087189e-02 9.700000000000000000e+01 4.800000000000000000e+01
4.650857448577880859e-01 5.082163810729980469e-01 8.969686925411224365e-02 9.273695945739746094e-02 -3.512284851074218750e+01 -9.205681800842285156e+00 -1.453874632716178894e-02 -9.460369125008583069e-03 8.500000000000000000e+01 3.600000000000000000e+01
4.650857448577880859e-01 4.842163324356079102e-01 3.812645375728607178e-02 4.113346338272094727e-02 -3.210710906982421875e+01 -6.189941406250000000e+00 -1.329041086137294769e-02 -6.361194420605897903e-03 7.600000000000000000e+01 2.700000000000000000e+01
4.650857448577880859e-01 4.902346730232238770e-01 5.077979341149330139e-02 5.407374724745750427e-02 -3.067581748962402344e+01 -4.758647441864013672e+00 -1.269794255495071411e-02 -4.890301730483770370e-03 7.200000000000000000e+01 2.300000000000000000e+01
4.650857448577880859e-01 4.756783246994018555e-01 2.005643397569656372e-02 2.277554199099540710e-02 -2.965279006958007812e+01 -3.735621929168701172e+00 -1.227447111159563065e-02 -3.838972887024283409e-03 6.900000000000000000e+01 2.000000000000000000e+01
4.650857448577880859e-01 4.781207442283630371e-01 2.516772598028182983e-02 2.802708931267261505e-02 -2.940171051025390625e+01 -3.484541893005371094e+00 -1.217053923755884171e-02 -3.580946475267410278e-03 6.800000000000000000e+01 1.900000000000000000e+01
4.650857448577880859e-01 4.781207442283630371e-01 2.516773156821727753e-02 2.802708931267261505e-02 -2.940171051025390625e+01 -3.484541893005371094e+00 -1.217053923755884171e-02 -3.580946475267410278e-03 6.800000000000000000e+01 1.900000000000000000e+01
4.650857448577880859e-01 4.469859302043914795e-01 -3.936939686536788940e-02 -3.891715779900550842e-02 -2.663829040527343750e+01 -7.211210131645202637e-01 -1.102664973586797714e-02 -7.410717662423849106e-04 5.600000000000000000e+01 7.000000000000000000e+00
4.650857448577880859e-01 4.380926489830017090e-01 -5.931068211793899536e-02 -5.803896486759185791e-02 -2.658242034912109375e+01 -6.652509570121765137e-01 -1.100352220237255096e-02 -6.836560205556452274e-04 5.500000000000000000e+01 6.000000000000000000e+00
4.650857448577880859e-01 4.309577047824859619e-01 -7.361535727977752686e-02 -7.338010519742965698e-02 -2.654564285278320312e+01 -6.284724473953247070e-01 -1.098829880356788635e-02 -6.458599818870425224e-04 5.300000000000000000e+01 4.000000000000000000e+00
4.650857448577880859e-01 4.365662336349487305e-01 -6.163545325398445129e-02 -6.132097542285919189e-02 -2.633278083801269531e+01 -4.156118631362915039e-01 -1.090018637478351593e-02 -4.271103243809193373e-04 5.200000000000000000e+01 3.000000000000000000e+00
4.650857448577880859e-01 4.365662336349487305e-01 -6.163545325398445129e-02 -6.132097542285919189e-02 -2.633278083801269531e+01 -4.156118631362915039e-01 -1.090018637478351593e-02 -4.271103243809193373e-04 5.200000000000000000e+01 3.000000000000000000e+00
4.650857448577880859e-01 4.295881092548370361e-01 -7.618995755910873413e-02 -7.632492482662200928e-02 -2.620797729492187500e+01 -2.908085584640502930e-01 -1.084852591156959534e-02 -2.988541673403233290e-04 5.100000000000000000e+01 2.000000000000000000e+00
4.650857448577880859e-01 4.269375801086425781e-01 -8.234407007694244385e-02 -8.202394098043441772e-02 -2.591716766357421875e+01 0.000000000000000000e+00 -1.072814781218767166e-02 0.000000000000000000e+00 4.900000000000000000e+01 0.000000000000000000e+00
4.650857448577880859e-01 4.269375801086425781e-01 -8.234407007694244385e-02 -8.202394098043441772e-02 -2.591716766357421875e+01 0.000000000000000000e+00 -1.072814781218767166e-02 0.000000000000000000e+00 4.900000000000000000e+01 0.000000000000000000e+00
4.650857448577880859e-01 4.269375801086425781e-01 -8.234407007694244385e-02 -8.202394098043441772e-02 -2.591716766357421875e+01 0.000000000000000000e+00 -1.072814781218767166e-02 0.000000000000000000e+00 4.900000000000000000e+01 0.000000000000000000e+00
4.650857448577880859e-01 4.269375801086425781e-01 -8.234407007694244385e-02 -8.202394098043441772e-02 -2.591716766357421875e+01 0.000000000000000000e+00 -1.072814781218767166e-02 0.000000000000000000e+00 4.900000000000000000e+01 0.000000000000000000e+00
4.650857448577880859e-01 4.269375801086425781e-01 -8.234407007694244385e-02 -8.202394098043441772e-02 -2.591716766357421875e+01 0.000000000000000000e+00 -1.072814781218767166e-02 0.000000000000000000e+00 4.900000000000000000e+01 0.000000000000000000e+00
4.650857448577880859e-01 4.269375801086425781e-01 -8.234407007694244385e-02 -8.202394098043441772e-02 -2.591716766357421875e+01 0.000000000000000000e+00 -1.072814781218767166e-02 0.000000000000000000e+00 4.900000000000000000e+01 0.000000000000000000e+00
4.650857448577880859e-01 4.269375801086425781e-01 -8.234407007694244385e-02 -8.202394098043441772e-02 -2.591716766357421875e+01 0.000000000000000000e+00 -1.072814781218767166e-02 0.000000000000000000e+00 4.900000000000000000e+01 0.000000000000000000e+00
4.650857448577880859e-01 4.269375801086425781e-01 -8.234407007694244385e-02 -8.202394098043441772e-02 -2.591716766357421875e+01 0.000000000000000000e+00 -1.072814781218767166e-02 0.000000000000000000e+00 4.900000000000000000e+01 0.000000000000000000e+00
4.650857448577880859e-01 4.269375801086425781e-01 -8.234407007694244385e-02 -8.202394098043441772e-02 -2.591716766357421875e+01 0.000000000000000000e+00 -1.072814781218767166e-02 0.000000000000000000e+00 4.900000000000000000e+01 0.000000000000000000e+00
4.650857448577880859e-01 4.269375801086425781e-01 -8.234407007694244385e-02 -8.202394098043441772e-02 -2.591716766357421875e+01 0.000000000000000000e+00 -1.072814781218767166e-02 0.000000000000000000e+00 4.900000000000000000e+01 0.000000000000000000e+00
4.650857448577880859e-01 4.269375801086425781e-01 -8.234407007694244385e-02 -8.202394098043441772e-02 -2.591716766357421875e+01 0.000000000000000000e+00 -1.072814781218767166e-02 0.000000000000000000e+00 4.900000000000000000e+01 0.000000000000000000e+00
4.650857448577880859e-01 4.269375801086425781e-01 -8.234407007694244385e-02 -8.202394098043441772e-02 -2.591716766357421875e+01 0.000000000000000000e+00 -1.072814781218767166e-02 0.000000000000000000e+00 4.900000000000000000e+01 0.000000000000000000e+00
4.650857448577880859e-01 4.269375801086425781e-01 -8.234407007694244385e-02 -8.202394098043441772e-02 -2.591716766357421875e+01 0.000000000000000000e+00 -1.072814781218767166e-02 0.000000000000000000e+00 4.900000000000000000e+01 0.000000000000000000e+00
4.650857448577880859e-01 4.269375801086425781e-01 -8.234407007694244385e-02 -8.202394098043441772e-02 -2.591716766357421875e+01 0.000000000000000000e+00 -1.072814781218767166e-02 0.000000000000000000e+00 4.900000000000000000e+01 0.000000000000000000e+00
4.650857448577880859e-01 4.269375801086425781e-01 -8.234407007694244385e-02 -8.202394098043441772e-02 -2.591716766357421875e+01 0.000000000000000000e+00 -1.072814781218767166e-02 0.000000000000000000e+00 4.900000000000000000e+01 0.000000000000000000e+00
4.650857448577880859e-01 4.269375801086425781e-01 -8.234407007694244385e-02 -8.202394098043441772e-02 -2.591716766357421875e+01 0.000000000000000000e+00 -1.072814781218767166e-02 0.000000000000000000e+00 4.900000000000000000e+01 0.000000000000000000e+00
4.650857448577880859e-01 4.269375801086425781e-01 -8.234407007694244385e-02 -8.202394098043441772e-02 -2.591716766357421875e+01 0.000000000000000000e+00 -1.072814781218767166e-02 0.000000000000000000e+00 4.900000000000000000e+01 0.000000000000000000e+00
4.650857448577880859e-01 4.269375801086425781e-01 -8.234407007694244385e-02 -8.202394098043441772e-02 -2.591716766357421875e+01 0.000000000000000000e+00 -1.072814781218767166e-02 0.000000000000000000e+00 4.900000000000000000e+01 0.000000000000000000e+00
4.650857448577880859e-01 4.269375801086425781e-01 -8.234407007694244385e-02 -8.202394098043441772e-02 -2.591716766357421875e+01 0.000000000000000000e+00 -1.072814781218767166e-02 0.000000000000000000e+00 4.900000000000000000e+01 0.000000000000000000e+00
4.650857448577880859e-01 4.269375801086425781e-01 -8.234407007694244385e-02 -8.202394098043441772e-02 -2.591716766357421875e+01 0.000000000000000000e+00 -1.072814781218767166e-02 0.000000000000000000e+00 4.900000000000000000e+01 0.000000000000000000e+00
4.650857448577880859e-01 4.269375801086425781e-01 -8.234407007694244385e-02 -8.202394098043441772e-02 -2.591716766357421875e+01 0.000000000000000000e+00 -1.072814781218767166e-02 0.000000000000000000e+00 4.900000000000000000e+01 0.000000000000000000e+00
4.650857448577880859e-01 4.269375801086425781e-01 -8.234407007694244385e-02 -8.202394098043441772e-02 -2.591716766357421875e+01 0.000000000000000000e+00 -1.072814781218767166e-02 0.000000000000000000e+00 4.900000000000000000e+01 0.000000000000000000e+00
4.650857448577880859e-01 4.269375801086425781e-01 -8.234407007694244385e-02 -8.202394098043441772e-02 -2.591716766357421875e+01 0.000000000000000000e+00 -1.072814781218767166e-02 0.000000000000000000e+00 4.900000000000000000e+01 0.000000000000000000e+00
4.650857448577880859e-01 4.269375801086425781e-01 -8.234407007694244385e-02 -8.202394098043441772e-02 -2.591716766357421875e+01 0.000000000000000000e+00 -1.072814781218767166e-02 0.000000000000000000e+00 4.900000000000000000e+01 0.000000000000000000e+00
4.650857448577880859e-01 4.269375801086425781e-01 -8.234407007694244385e-02 -8.202394098043441772e-02 -2.591716766357421875e+01 0.000000000000000000e+00 -1.072814781218767166e-02 0.000000000000000000e+00 4.900000000000000000e+01 0.000000000000000000e+00
4.650857448577880859e-01 4.269375801086425781e-01 -8.234407007694244385e-02 -8.202394098043441772e-02 -2.591716766357421875e+01 0.000000000000000000e+00 -1.072814781218767166e-02 0.000000000000000000e+00 4.900000000000000000e+01 0.000000000000000000e+00
4.650857448577880859e-01 4.269375801086425781e-01 -8.234407007694244385e-02 -8.202394098043441772e-02 -2.591716766357421875e+01 0.000000000000000000e+00 -1.072814781218767166e-02 0.000000000000000000e+00 4.900000000000000000e+01 0.000000000000000000e+00
4.650857448577880859e-01 4.269375801086425781e-01 -8.234407007694244385e-02 -8.202394098043441772e-02 -2.591716766357421875e+01 0.000000000000000000e+00 -1.072814781218767166e-02 0.000000000000000000e+00 4.900000000000000000e+01 0.000000000000000000e+00
4.650857448577880859e-01 4.269375801086425781e-01 -8.234407007694244385e-02 -8.202394098043441772e-02 -2.591716766357421875e+01 0.000000000000000000e+00 -1.072814781218767166e-02 0.000000000000000000e+00 4.900000000000000000e+01 0.000000000000000000e+00
4.650857448577880859e-01 4.269375801086425781e-01 -8.234407007694244385e-02 -8.202394098043441772e-02 -2.591716766357421875e+01 0.000000000000000000e+00 -1.072814781218767166e-02 0.000000000000000000e+00 4.900000000000000000e+01 0.000000000000000000e+00
4.650857448577880859e-01 4.269375801086425781e-01 -8.234407007694244385e-02 -8.202394098043441772e-02 -2.591716766357421875e+01 0.000000000000000000e+00 -1.072814781218767166e-02 0.000000000000000000e+00 4.900000000000000000e+01 0.000000000000000000e+00
4.650857448577880859e-01 4.269375801086425781e-01 -8.234407007694244385e-02 -8.202394098043441772e-02 -2.591716766357421875e+01 0.000000000000000000e+00 -1.072814781218767166e-02 0.000000000000000000e+00 4.900000000000000000e+01 0.000000000000000000e+00
4.650857448577880859e-01 4.269375801086425781e-01 -8.234407007694244385e-02 -8.202394098043441772e-02 -2.591716766357421875e+01 0.000000000000000000e+00 -1.072814781218767166e-02 0.000000000000000000e+00 4.900000000000000000e+01 0.000000000000000000e+00
4.650857448577880859e-01 4.269375801086425781e-01 -8.234407007694244385e-02 -8.202394098043441772e-02 -2.591716766357421875e+01 0.000000000000000000e+00 -1.072814781218767166e-02 0.000000000000000000e+00 4.900000000000000000e+01 0.000000000000000000e+00
4.650857448577880859e-01 4.269375801086425781e-01 -8.234407007694244385e-02 -8.202394098043441772e-02 -2.591716766357421875e+01 0.000000000000000000e+00 -1.072814781218767166e-02 0.000000000000000000e+00 4.900000000000000000e+01 0.000000000000000000e+00
4.650857448577880859e-01 4.269375801086425781e-01 -8.234407007694244385e-02 -8.202394098043441772e-02 -2.591716766357421875e+01 0.000000000000000000e+00 -1.072814781218767166e-02 0.000000000000000000e+00 4.900000000000000000e+01 0.000000000000000000e+00
4.650857448577880859e-01 4.269375801086425781e-01 -8.234407007694244385e-02 -8.202394098043441772e-02 -2.591716766357421875e+01 0.000000000000000000e+00 -1.072814781218767166e-02 0.000000000000000000e+00 4.900000000000000000e+01 0.000000000000000000e+00
4.650857448577880859e-01 4.269375801086425781e-01 -8.234407007694244385e-02 -8.202394098043441772e-02 -2.591716766357421875e+01 0.000000000000000000e+00 -1.072814781218767166e-02 0.000000000000000000e+00 4.900000000000000000e+01 0.000000000000000000e+00
4.650857448577880859e-01 4.269375801086425781e-01 -8.234407007694244385e-02 -8.202394098043441772e-02 -2.591716766357421875e+01 0.000000000000000000e+00 -1.072814781218767166e-02 0.000000000000000000e+00 4.900000000000000000e+01 0.000000000000000000e+00
4.650857448577880859e-01 4.269375801086425781e-01 -8.234407007694244385e-02 -8.202394098043441772e-02 -2.591716766357421875e+01 0.000000000000000000e+00 -1.072814781218767166e-02 0.000000000000000000e+00 4.900000000000000000e+01 0.000000000000000000e+00
4.650857448577880859e-01 4.269375801086425781e-01 -8.234407007694244385e-02 -8.202394098043441772e-02 -2.591716766357421875e+01 0.000000000000000000e+00 -1.072814781218767166e-02 0.000000000000000000e+00 4.900000000000000000e+01 0.000000000000000000e+00
4.650857448577880859e-01 4.269375801086425781e-01 -8.234407007694244385e-02 -8.202394098043441772e-02 -2.591716766357421875e+01 0.000000000000000000e+00 -1.072814781218767166e-02 0.000000000000000000e+00 4.900000000000000000e+01 0.000000000000000000e+00
4.650857448577880859e-01 4.269375801086425781e-01 -8.234407007694244385e-02 -8.202394098043441772e-02 -2.591716766357421875e+01 0.000000000000000000e+00 -1.072814781218767166e-02 0.000000000000000000e+00 4.900000000000000000e+01 0.000000000000000000e+00
4.650857448577880859e-01 4.269375801086425781e-01 -8.234407007694244385e-02 -8.202394098043441772e-02 -2.591716766357421875e+01 0.000000000000000000e+00 -1.072814781218767166e-02 0.000000000000000000e+00 4.900000000000000000e+01 0.000000000000000000e+00
4.650857448577880859e-01 4.269375801086425781e-01 -8.234407007694244385e-02 -8.202394098043441772e-02 -2.591716766357421875e+01 0.000000000000000000e+00 -1.072814781218767166e-02 0.000000000000000000e+00 4.900000000000000000e+01 0.000000000000000000e+00
4.650857448577880859e-01 4.269375801086425781e-01 -8.234407007694244385e-02 -8.202394098043441772e-02 -2.591716766357421875e+01 0.000000000000000000e+00 -1.072814781218767166e-02 0.000000000000000000e+00 4.900000000000000000e+01 0.000000000000000000e+00
4.650857448577880859e-01 4.269375801086425781e-01 -8.234407007694244385e-02 -8.202394098043441772e-02 -2.591716766357421875e+01 0.000000000000000000e+00 -1.072814781218767166e-02 0.000000000000000000e+00 4.900000000000000000e+01 0.000000000000000000e+00
4.650857448577880859e-01 4.269375801086425781e-01 -8.234407007694244385e-02 -8.202394098043441772e-02 -2.591716766357421875e+01 0.000000000000000000e+00 -1.072814781218767166e-02 0.000000000000000000e+00 4.900000000000000000e+01 0.000000000000000000e+00
4.650857448577880859e-01 4.269375801086425781e-01 -8.234407007694244385e-02 -8.202394098043441772e-02 -2.591716766357421875e+01 0.000000000000000000e+00 -1.072814781218767166e-02 0.000000000000000000e+00 4.900000000000000000e+01 0.000000000000000000e+00
4.650857448577880859e-01 4.269375801086425781e-01 -8.234407007694244385e-02 -8.202394098043441772e-02 -2.591716766357421875e+01 0.000000000000000000e+00 -1.072814781218767166e-02 0.000000000000000000e+00 4.900000000000000000e+01 0.000000000000000000e+00
4.650857448577880859e-01 4.269375801086425781e-01 -8.234407007694244385e-02 -8.202394098043441772e-02 -2.591716766357421875e+01 0.000000000000000000e+00 -1.072814781218767166e-02 0.000000000000000000e+00 4.900000000000000000e+01 0.000000000000000000e+00
4.650857448577880859e-01 4.269375801086425781e-01 -8.234407007694244385e-02 -8.202394098043441772e-02 -2.591716766357421875e+01 0.000000000000000000e+00 -1.072814781218767166e-02 0.000000000000000000e+00 4.900000000000000000e+01 0.000000000000000000e+00
4.650857448577880859e-01 4.269375801086425781e-01 -8.234407007694244385e-02 -8.202394098043441772e-02 -2.591716766357421875e+01 0.000000000000000000e+00 -1.072814781218767166e-02 0.000000000000000000e+00 4.900000000000000000e+01 0.000000000000000000e+00
4.650857448577880859e-01 4.269375801086425781e-01 -8.234407007694244385e-02 -8.202394098043441772e-02 -2.591716766357421875e+01 0.000000000000000000e+00 -1.072814781218767166e-02 0.000000000000000000e+00 4.900000000000000000e+01 0.000000000000000000e+00
4.650857448577880859e-01 4.269375801086425781e-01 -8.234407007694244385e-02 -8.202394098043441772e-02 -2.591716766357421875e+01 0.000000000000000000e+00 -1.072814781218767166e-02 0.000000000000000000e+00 4.900000000000000000e+01 0.000000000000000000e+00
4.650857448577880859e-01 4.269375801086425781e-01 -8.234407007694244385e-02 -8.202394098043441772e-02 -2.591716766357421875e+01 0.000000000000000000e+00 -1.072814781218767166e-02 0.000000000000000000e+00 4.900000000000000000e+01 0.000000000000000000e+00
4.650857448577880859e-01 4.269375801086425781e-01 -8.234407007694244385e-02 -8.202394098043441772e-02 -2.591716766357421875e+01 0.000000000000000000e+00 -1.072814781218767166e-02 0.000000000000000000e+00 4.900000000000000000e+01 0.000000000000000000e+00
4.650857448577880859e-01 4.269375801086425781e-01 -8.234407007694244385e-02 -8.202394098043441772e-02 -2.591716766357421875e+01 0.000000000000000000e+00 -1.072814781218767166e-02 0.000000000000000000e+00 4.900000000000000000e+01 0.000000000000000000e+00
4.650857448577880859e-01 4.269375801086425781e-01 -8.234407007694244385e-02 -8.202394098043441772e-02 -2.591716766357421875e+01 0.000000000000000000e+00 -1.072814781218767166e-02 0.000000000000000000e+00 4.900000000000000000e+01 0.000000000000000000e+00
4.650857448577880859e-01 4.269375801086425781e-01 -8.234407007694244385e-02 -8.202394098043441772e-02 -2.591716766357421875e+01 0.000000000000000000e+00 -1.072814781218767166e-02 0.000000000000000000e+00 4.900000000000000000e+01 0.000000000000000000e+00
4.650857448577880859e-01 4.269375801086425781e-01 -8.234407007694244385e-02 -8.202394098043441772e-02 -2.591716766357421875e+01 0.000000000000000000e+00 -1.072814781218767166e-02 0.000000000000000000e+00 4.900000000000000000e+01 0.000000000000000000e+00
4.650857448577880859e-01 4.269375801086425781e-01 -8.234407007694244385e-02 -8.202394098043441772e-02 -2.591716766357421875e+01 0.000000000000000000e+00 -1.072814781218767166e-02 0.000000000000000000e+00 4.900000000000000000e+01 0.000000000000000000e+00
4.650857448577880859e-01 4.269375801086425781e-01 -8.234407007694244385e-02 -8.202394098043441772e-02 -2.591716766357421875e+01 0.000000000000000000e+00 -1.072814781218767166e-02 0.000000000000000000e+00 4.900000000000000000e+01 0.000000000000000000e+00
4.650857448577880859e-01 4.269375801086425781e-01 -8.234407007694244385e-02 -8.202394098043441772e-02 -2.591716766357421875e+01 0.000000000000000000e+00 -1.072814781218767166e-02 0.000000000000000000e+00 4.900000000000000000e+01 0.000000000000000000e+00
4.650857448577880859e-01 4.269375801086425781e-01 -8.234407007694244385e-02 -8.202394098043441772e-02 -2.591716766357421875e+01 0.000000000000000000e+00 -1.072814781218767166e-02 0.000000000000000000e+00 4.900000000000000000e+01 0.000000000000000000e+00
