4.899714589118957520e-01 7.261134386062622070e-01 4.679723680019378662e-01 4.819504916667938232e-01 -1.148708114624023438e+02 -1.047046966552734375e+02 -4.754960536956787109e-02 -1.319471597671508789e-01 8.050000000000000000e+02 7.550000000000000000e+02
4.899714589118957520e-01 7.271569371223449707e-01 4.699615836143493652e-01 4.840801954269409180e-01 -9.607160949707031250e+01 -8.590548706054687500e+01 -3.976786509156227112e-02 -1.082567051053047180e-01 7.610000000000000000e+02 7.110000000000000000e+02
4.899714589118957520e-01 7.287221550941467285e-01 4.729454815387725830e-01 4.872747063636779785e-01 -8.857513427734375000e+01 -7.840901184082031250e+01 -3.666477650403976440e-02 -9.880976378917694092e-02 7.390000000000000000e+02 6.890000000000000000e+02
4.899714589118957520e-01 7.371742725372314453e-01 4.907151758670806885e-01 5.045249462127685547e-01 -8.159251403808593750e+01 -7.142639923095703125e+01 -3.377439081668853760e-02 -9.001038968563079834e-02 7.140000000000000000e+02 6.640000000000000000e+02
4.899714589118957520e-01 7.363861203193664551e-01 4.888857305049896240e-01 5.029163360595703125e-01 -7.855642700195312500e+01 -6.839031982421875000e+01 -3.251763433218002319e-02 -8.618437498807907104e-02 7.010000000000000000e+02 6.510000000000000000e+02
4.899714589118957520e-01 7.330290675163269043e-01 4.822735786437988281e-01 4.960648417472839355e-01 -7.537475585937500000e+01 -6.520864868164062500e+01 -3.120061382651329041e-02 -8.217488229274749756e-02 6.880000000000000000e+02 6.380000000000000000e+02
4.899714589118957520e-01 7.330353260040283203e-01 4.822849929332733154e-01 4.960775971412658691e-01 -7.412187957763671875e+01 -6.395576095581054688e+01 -3.068199753761291504e-02 -8.059601485729217529e-02 6.810000000000000000e+02 6.310000000000000000e+02
4.899714589118957520e-01 7.337732315063476562e-01 4.839296638965606689e-01 4.975836277008056641e-01 -6.914044189453125000e+01 -5.897432327270507812e+01 -2.861998230218887329e-02 -7.431848347187042236e-02 6.680000000000000000e+02 6.180000000000000000e+02
4.899714589118957520e-01 7.354998588562011719e-01 4.872195422649383545e-01 5.011075735092163086e-01 -6.615762329101562500e+01 -5.599149322509765625e+01 -2.738527581095695496e-02 -7.055957615375518799e-02 6.620000000000000000e+02 6.120000000000000000e+02
4.899714589118957520e-01 7.392422556877136230e-01 4.945437014102935791e-01 5.087455511093139648e-01 -6.404467773437500000e+01 -5.387856292724609375e+01 -2.651064284145832062e-02 -6.789689511060714722e-02 6.540000000000000000e+02 6.040000000000000000e+02
4.899714589118957520e-01 7.413851022720336914e-01 4.986229836940765381e-01 5.131189823150634766e-01 -6.242055511474609375e+01 -5.225443267822265625e+01 -2.583835460245609283e-02 -6.585019081830978394e-02 6.450000000000000000e+02 5.950000000000000000e+02
4.899714589118957520e-01 7.510042190551757812e-01 5.172488689422607422e-01 5.327509641647338867e-01 -5.140997314453125000e+01 -4.124385833740234375e+01 -2.128063514828681946e-02 -5.197484418749809265e-02 5.990000000000000000e+02 5.490000000000000000e+02
4.899714589118957520e-01 7.492848634719848633e-01 5.157765746116638184e-01 5.292418599128723145e-01 -4.168793869018554688e+01 -3.152182388305664062e+01 -1.725629903376102448e-02 -3.972329199314117432e-02 5.620000000000000000e+02 5.120000000000000000e+02
4.899714589118957520e-01 7.492805123329162598e-01 5.150849223136901855e-01 5.292329788208007812e-01 -3.900225830078125000e+01 -2.883613586425781250e+01 -1.614458858966827393e-02 -3.633883222937583923e-02 5.400000000000000000e+02 4.900000000000000000e+02
4.899714589118957520e-01 7.379497885704040527e-01 4.892870187759399414e-01 5.061076879501342773e-01 -3.651745605468750000e+01 -2.635133743286132812e+01 -1.511602941900491714e-02 -3.320752829313278198e-02 5.180000000000000000e+02 4.680000000000000000e+02
4.899714589118957520e-01 7.381271719932556152e-01 4.896617829799652100e-01 5.064697265625000000e-01 -3.433361816406250000e+01 -2.416750335693359375e+01 -1.421205233782529831e-02 -3.045549616217613220e-02 4.990000000000000000e+02 4.490000000000000000e+02
4.899714589118957520e-01 7.416039109230041504e-01 4.974615275859832764e-01 5.135655403137207031e-01 -3.351019668579101562e+01 -2.334407997131347656e+01 -1.387120503932237625e-02 -2.941783145070075989e-02 4.880000000000000000e+02 4.380000000000000000e+02
4.899714589118957520e-01 7.459270954132080078e-01 5.074982643127441406e-01 5.223888754844665527e-01 -3.212974929809570312e+01 -2.196363258361816406e+01 -1.329978276044130325e-02 -2.767821401357650757e-02 4.750000000000000000e+02 4.250000000000000000e+02
4.899714589118957520e-01 7.401494383811950684e-01 4.945091903209686279e-01 5.105970501899719238e-01 -3.132382011413574219e+01 -2.115769958496093750e+01 -1.296617649495601654e-02 -2.666258998215198517e-02 4.660000000000000000e+02 4.160000000000000000e+02
4.899714589118957520e-01 7.456591725349426270e-01 5.065138339996337891e-01 5.218420624732971191e-01 -2.981070899963378906e+01 -1.964458847045898438e+01 -1.233983971178531647e-02 -2.475579269230365753e-02 4.550000000000000000e+02 4.050000000000000000e+02
4.899714589118957520e-01 7.522149682044982910e-01 5.226599574089050293e-01 5.352219939231872559e-01 -2.329321289062500000e+01 -1.312709331512451172e+01 -9.641988202929496765e-03 -1.654255017638206482e-02 3.820000000000000000e+02 3.320000000000000000e+02
4.899714589118957520e-01 7.379418611526489258e-01 4.964872896671295166e-01 5.060915350914001465e-01 -1.938805389404296875e+01 -9.221935272216796875e+00 -8.025487884879112244e-03 -1.162133365869522095e-02 3.160000000000000000e+02 2.660000000000000000e+02
4.899714589118957520e-01 7.319329380989074707e-01 4.827259480953216553e-01 4.938277006149291992e-01 -1.792192459106445312e+01 -7.755805015563964844e+00 -7.418598514050245285e-03 -9.773739613592624664e-03 2.780000000000000000e+02 2.280000000000000000e+02
4.899714589118957520e-01 7.289279103279113770e-01 4.754369258880615234e-01 4.876946210861206055e-01 -1.713289642333984375e+01 -6.966776371002197266e+00 -7.091988343745470047e-03 -8.779418654739856720e-03 2.560000000000000000e+02 2.060000000000000000e+02
4.899714589118957520e-01 7.266184687614440918e-01 4.708270132541656494e-01 4.829812049865722656e-01 -1.639923095703125000e+01 -6.233110904693603516e+00 -6.788294762372970581e-03 -7.854865863919258118e-03 2.380000000000000000e+02 1.880000000000000000e+02
4.899714589118957520e-01 7.375044822692871094e-01 4.922751486301422119e-01 5.051988363265991211e-01 -1.545423221588134766e+01 -5.288112640380859375e+00 -6.397122051566839218e-03 -6.663993932306766510e-03 2.120000000000000000e+02 1.620000000000000000e+02
4.899714589118957520e-01 7.353620529174804688e-01 4.875860512256622314e-01 5.008262991905212402e-01 -1.495122146606445312e+01 -4.785101890563964844e+00 -6.188906263560056686e-03 -6.030107848346233368e-03 1.980000000000000000e+02 1.480000000000000000e+02
4.899714589118957520e-01 7.369596958160400391e-01 4.919339120388031006e-01 5.040869712829589844e-01 -1.457236099243164062e+01 -4.406241416931152344e+00 -6.032080389559268951e-03 -5.552674178034067154e-03 1.850000000000000000e+02 1.350000000000000000e+02
4.899714589118957520e-01 7.237859964370727539e-01 4.642291963100433350e-01 4.772003293037414551e-01 -1.389288616180419922e+01 -3.726766824722290039e+00 -5.750819109380245209e-03 -4.696411080658435822e-03 1.690000000000000000e+02 1.190000000000000000e+02
4.899714589118957520e-01 6.802982091903686523e-01 3.809111714363098145e-01 3.884445726871490479e-01 -1.164108657836914062e+01 -1.474967360496520996e+00 -4.818709567189216614e-03 -1.858729985542595387e-03 1.060000000000000000e+02 5.600000000000000000e+01
4.899714589118957520e-01 6.307276487350463867e-01 2.842250764369964600e-01 2.872742712497711182e-01 -1.100238227844238281e+01 -8.362625241279602051e-01 -4.554324317723512650e-03 -1.053844462148845196e-03 8.600000000000000000e+01 3.600000000000000000e+01
4.899714589118957520e-01 5.940999388694763184e-01 2.062726318836212158e-01 2.125194817781448364e-01 -1.068871498107910156e+01 -5.225948691368103027e-01 -4.424484912306070328e-03 -6.585656083188951015e-04 7.500000000000000000e+01 2.500000000000000000e+01
4.899714589118957520e-01 5.849103331565856934e-01 1.872920244932174683e-01 1.937640905380249023e-01 -1.059902381896972656e+01 -4.329043030738830566e-01 -4.387358203530311584e-03 -5.455390200950205326e-04 7.000000000000000000e+01 2.000000000000000000e+01
4.899714589118957520e-01 5.504256486892700195e-01 1.210247799754142761e-01 1.233830824494361877e-01 -1.038630676269531250e+01 -2.201879024505615234e-01 -4.299305845052003860e-03 -2.774772292468696833e-04 6.200000000000000000e+01 1.200000000000000000e+01
4.899714589118957520e-01 5.344454646110534668e-01 8.896119147539138794e-02 9.076856076717376709e-02 -1.029771423339843750e+01 -1.315945386886596680e-01 -4.262634087353944778e-03 -1.658333058003336191e-04 5.700000000000000000e+01 7.000000000000000000e+00
4.899714589118957520e-01 5.288569331169128418e-01 7.847052812576293945e-02 7.936273515224456787e-02 -1.027324008941650391e+01 -1.071209907531738281e-01 -4.252503160387277603e-03 -1.349921367364004254e-04 5.500000000000000000e+01 5.000000000000000000e+00
4.899714589118957520e-01 5.201870203018188477e-01 6.118224188685417175e-02 6.166800484061241150e-02 -1.024463367462158203e+01 -7.851463556289672852e-02 -4.240661859512329102e-03 -9.894287359202280641e-05 5.400000000000000000e+01 4.000000000000000000e+00
4.899714589118957520e-01 5.201870203018188477e-01 6.118224188685417175e-02 6.166800484061241150e-02 -1.024463367462158203e+01 -7.851463556289672852e-02 -4.240661859512329102e-03 -9.894287359202280641e-05 5.400000000000000000e+01 4.000000000000000000e+00
4.899714589118957520e-01 4.851953387260437012e-01 -8.514452725648880005e-03 -9.747751988470554352e-03 -1.016611862182617188e+01 0.000000000000000000e+00 -4.208161495625972748e-03 0.000000000000000000e+00 5.000000000000000000e+01 0.000000000000000000e+00
4.899714589118957520e-01 4.851953387260437012e-01 -8.514452725648880005e-03 -9.747751988470554352e-03 -1.016611862182617188e+01 0.000000000000000000e+00 -4.208161495625972748e-03 0.000000000000000000e+00 5.000000000000000000e+01 0.000000000000000000e+00
4.899714589118957520e-01 4.851953387260437012e-01 -8.514452725648880005e-03 -9.747751988470554352e-03 -1.016611862182617188e+01 0.000000000000000000e+00 -4.208161495625972748e-03 0.000000000000000000e+00 5.000000000000000000e+01 0.000000000000000000e+00
4.899714589118957520e-01 4.851953387260437012e-01 -8.514452725648880005e-03 -9.747751988470554352e-03 -1.016611862182617188e+01 0.000000000000000000e+00 -4.208161495625972748e-03 0.000000000000000000e+00 5.000000000000000000e+01 0.000000000000000000e+00
4.899714589118957520e-01 4.851953387260437012e-01 -8.514452725648880005e-03 -9.747751988470554352e-03 -1.016611862182617188e+01 0.000000000000000000e+00 -4.208161495625972748e-03 0.000000000000000000e+00 5.000000000000000000e+01 0.000000000000000000e+00
4.899714589118957520e-01 4.851953387260437012e-01 -8.514452725648880005e-03 -9.747751988470554352e-03 -1.016611862182617188e+01 0.000000000000000000e+00 -4.208161495625972748e-03 0.000000000000000000e+00 5.000000000000000000e+01 0.000000000000000000e+00
4.899714589118957520e-01 4.851953387260437012e-01 -8.514452725648880005e-03 -9.747751988470554352e-03 -1.016611862182617188e+01 0.000000000000000000e+00 -4.208161495625972748e-03 0.000000000000000000e+00 5.000000000000000000e+01 0.000000000000000000e+00
4.899714589118957520e-01 4.851953387260437012e-01 -8.514452725648880005e-03 -9.747751988470554352e-03 -1.016611862182617188e+01 0.000000000000000000e+00 -4.208161495625972748e-03 0.000000000000000000e+00 5.000000000000000000e+01 0.000000000000000000e+00
4.899714589118957520e-01 4.851953387260437012e-01 -8.514452725648880005e-03 -9.747751988470554352e-03 -1.016611862182617188e+01 0.000000000000000000e+00 -4.208161495625972748e-03 0.000000000000000000e+00 5.000000000000000000e+01 0.000000000000000000e+00
4.899714589118957520e-01 4.851953387260437012e-01 -8.514452725648880005e-03 -9.747751988470554352e-03 -1.016611862182617188e+01 0.000000000000000000e+00 -4.208161495625972748e-03 0.000000000000000000e+00 5.000000000000000000e+01 0.000000000000000000e+00
4.899714589118957520e-01 4.851953387260437012e-01 -8.514452725648880005e-03 -9.747751988470554352e-03 -1.016611862182617188e+01 0.000000000000000000e+00 -4.208161495625972748e-03 0.000000000000000000e+00 5.000000000000000000e+01 0.000000000000000000e+00
4.899714589118957520e-01 4.851953387260437012e-01 -8.514452725648880005e-03 -9.747751988470554352e-03 -1.016611862182617188e+01 0.000000000000000000e+00 -4.208161495625972748e-03 0.000000000000000000e+00 5.000000000000000000e+01 0.000000000000000000e+00
4.899714589118957520e-01 4.851953387260437012e-01 -8.514452725648880005e-03 -9.747751988470554352e-03 -1.016611862182617188e+01 0.000000000000000000e+00 -4.208161495625972748e-03 0.000000000000000000e+00 5.000000000000000000e+01 0.000000000000000000e+00
4.899714589118957520e-01 4.851953387260437012e-01 -8.514452725648880005e-03 -9.747751988470554352e-03 -1.016611862182617188e+01 0.000000000000000000e+00 -4.208161495625972748e-03 0.000000000000000000e+00 5.000000000000000000e+01 0.000000000000000000e+00
4.899714589118957520e-01 4.851953387260437012e-01 -8.514452725648880005e-03 -9.747751988470554352e-03 -1.016611862182617188e+01 0.000000000000000000e+00 -4.208161495625972748e-03 0.000000000000000000e+00 5.000000000000000000e+01 0.000000000000000000e+00
4.899714589118957520e-01 4.851953387260437012e-01 -8.514452725648880005e-03 -9.747751988470554352e-03 -1.016611862182617188e+01 0.000000000000000000e+00 -4.208161495625972748e-03 0.000000000000000000e+00 5.000000000000000000e+01 0.000000000000000000e+00
4.899714589118957520e-01 4.851953387260437012e-01 -8.514452725648880005e-03 -9.747751988470554352e-03 -1.016611862182617188e+01 0.000000000000000000e+00 -4.208161495625972748e-03 0.000000000000000000e+00 5.000000000000000000e+01 0.000000000000000000e+00
4.899714589118957520e-01 4.851953387260437012e-01 -8.514452725648880005e-03 -9.747751988470554352e-03 -1.016611862182617188e+01 0.000000000000000000e+00 -4.208161495625972748e-03 0.000000000000000000e+00 5.000000000000000000e+01 0.000000000000000000e+00
4.899714589118957520e-01 4.851953387260437012e-01 -8.514452725648880005e-03 -9.747751988470554352e-03 -1.016611862182617188e+01 0.000000000000000000e+00 -4.208161495625972748e-03 0.000000000000000000e+00 5.000000000000000000e+01 0.000000000000000000e+00
4.899714589118957520e-01 4.851953387260437012e-01 -8.514452725648880005e-03 -9.747751988470554352e-03 -1.016611862182617188e+01 0.000000000000000000e+00 -4.208161495625972748e-03 0.000000000000000000e+00 5.000000000000000000e+01 0.000000000000000000e+00
4.899714589118957520e-01 4.851953387260437012e-01 -8.514452725648880005e-03 -9.747751988470554352e-03 -1.016611862182617188e+01 0.000000000000000000e+00 -4.208161495625972748e-03 0.000000000000000000e+00 5.000000000000000000e+01 0.000000000000000000e+00
4.899714589118957520e-01 4.851953387260437012e-01 -8.514452725648880005e-03 -9.747751988470554352e-03 -1.016611862182617188e+01 0.000000000000000000e+00 -4.208161495625972748e-03 0.000000000000000000e+00 5.000000000000000000e+01 0.000000000000000000e+00
4.899714589118957520e-01 4.851953387260437012e-01 -8.514452725648880005e-03 -9.747751988470554352e-03 -1.016611862182617188e+01 0.000000000000000000e+00 -4.208161495625972748e-03 0.000000000000000000e+00 5.000000000000000000e+01 0.000000000000000000e+00
4.899714589118957520e-01 4.851953387260437012e-01 -8.514452725648880005e-03 -9.747751988470554352e-03 -1.016611862182617188e+01 0.000000000000000000e+00 -4.208161495625972748e-03 0.000000000000000000e+00 5.000000000000000000e+01 0.000000000000000000e+00
4.899714589118957520e-01 4.851953387260437012e-01 -8.514452725648880005e-03 -9.747751988470554352e-03 -1.016611862182617188e+01 0.000000000000000000e+00 -4.208161495625972748e-03 0.000000000000000000e+00 5.000000000000000000e+01 0.000000000000000000e+00
4.899714589118957520e-01 4.851953387260437012e-01 -8.514452725648880005e-03 -9.747751988470554352e-03 -1.016611862182617188e+01 0.000000000000000000e+00 -4.208161495625972748e-03 0.000000000000000000e+00 5.000000000000000000e+01 0.000000000000000000e+00
4.899714589118957520e-01 4.851953387260437012e-01 -8.514452725648880005e-03 -9.747751988470554352e-03 -1.016611862182617188e+01 0.000000000000000000e+00 -4.208161495625972748e-03 0.000000000000000000e+00 5.000000000000000000e+01 0.000000000000000000e+00
4.899714589118957520e-01 4.851953387260437012e-01 -8.514452725648880005e-03 -9.747751988470554352e-03 -1.016611862182617188e+01 0.000000000000000000e+00 -4.208161495625972748e-03 0.000000000000000000e+00 5.000000000000000000e+01 0.000000000000000000e+00
4.899714589118957520e-01 4.851953387260437012e-01 -8.514452725648880005e-03 -9.747751988470554352e-03 -1.016611862182617188e+01 0.000000000000000000e+00 -4.208161495625972748e-03 0.000000000000000000e+00 5.000000000000000000e+01 0.000000000000000000e+00
4.899714589118957520e-01 4.851953387260437012e-01 -8.514452725648880005e-03 -9.747751988470554352e-03 -1.016611862182617188e+01 0.000000000000000000e+00 -4.208161495625972748e-03 0.000000000000000000e+00 5.000000000000000000e+01 0.000000000000000000e+00
4.899714589118957520e-01 4.851953387260437012e-01 -8.514452725648880005e-03 -9.747751988470554352e-03 -1.016611862182617188e+01 0.000000000000000000e+00 -4.208161495625972748e-03 0.000000000000000000e+00 5.000000000000000000e+01 0.000000000000000000e+00
4.899714589118957520e-01 4.851953387260437012e-01 -8.514452725648880005e-03 -9.747751988470554352e-03 -1.016611862182617188e+01 0.000000000000000000e+00 -4.208161495625972748e-03 0.000000000000000000e+00 5.000000000000000000e+01 0.000000000000000000e+00
4.899714589118957520e-01 4.851953387260437012e-01 -8.514452725648880005e-03 -9.747751988470554352e-03 -1.016611862182617188e+01 0.000000000000000000e+00 -4.208161495625972748e-03 0.000000000000000000e+00 5.000000000000000000e+01 0.000000000000000000e+00
4.899714589118957520e-01 4.851953387260437012e-01 -8.514452725648880005e-03 -9.747751988470554352e-03 -1.016611862182617188e+01 0.000000000000000000e+00 -4.208161495625972748e-03 0.000000000000000000e+00 5.000000000000000000e+01 0.000000000000000000e+00
4.899714589118957520e-01 4.851953387260437012e-01 -8.514452725648880005e-03 -9.747751988470554352e-03 -1.016611862182617188e+01 0.000000000000000000e+00 -4.208161495625972748e-03 0.000000000000000000e+00 5.000000000000000000e+01 0.000000000000000000e+00
4.899714589118957520e-01 4.851953387260437012e-01 -8.514452725648880005e-03 -9.747751988470554352e-03 -1.016611862182617188e+01 0.000000000000000000e+00 -4.208161495625972748e-03 0.000000000000000000e+00 5.000000000000000000e+01 0.000000000000000000e+00
4.899714589118957520e-01 4.851953387260437012e-01 -8.514452725648880005e-03 -9.747751988470554352e-03 -1.016611862182617188e+01 0.000000000000000000e+00 -4.208161495625972748e-03 0.000000000000000000e+00 5.000000000000000000e+01 0.000000000000000000e+00
4.899714589118957520e-01 4.851953387260437012e-01 -8.514452725648880005e-03 -9.747751988470554352e-03 -1.016611862182617188e+01 0.000000000000000000e+00 -4.208161495625972748e-03 0.000000000000000000e+00 5.000000000000000000e+01 0.000000000000000000e+00
4.899714589118957520e-01 4.851953387260437012e-01 -8.514452725648880005e-03 -9.747751988470554352e-03 -1.016611862182617188e+01 0.000000000000000000e+00 -4.208161495625972748e-03 0.000000000000000000e+00 5.000000000000000000e+01 0.000000000000000000e+00
4.899714589118957520e-01 4.851953387260437012e-01 -8.514452725648880005e-03 -9.747751988470554352e-03 -1.016611862182617188e+01 0.000000000000000000e+00 -4.208161495625972748e-03 0.000000000000000000e+00 5.000000000000000000e+01 0.000000000000000000e+00
4.899714589118957520e-01 4.851953387260437012e-01 -8.514452725648880005e-03 -9.747751988470554352e-03 -1.016611862182617188e+01 0.000000000000000000e+00 -4.208161495625972748e-03 0.000000000000000000e+00 5.000000000000000000e+01 0.000000000000000000e+00
4.899714589118957520e-01 4.851953387260437012e-01 -8.514452725648880005e-03 -9.747751988470554352e-03 -1.016611862182617188e+01 0.000000000000000000e+00 -4.208161495625972748e-03 0.000000000000000000e+00 5.000000000000000000e+01 0.000000000000000000e+00
4.899714589118957520e-01 4.851953387260437012e-01 -8.514452725648880005e-03 -9.747751988470554352e-03 -1.016611862182617188e+01 0.000000000000000000e+00 -4.208161495625972748e-03 0.000000000000000000e+00 5.000000000000000000e+01 0.000000000000000000e+00
4.899714589118957520e-01 4.851953387260437012e-01 -8.514452725648880005e-03 -9.747751988470554352e-03 -1.016611862182617188e+01 0.000000000000000000e+00 -4.208161495625972748e-03 0.000000000000000000e+00 5.000000000000000000e+01 0.000000000000000000e+00
4.899714589118957520e-01 4.851953387260437012e-01 -8.514452725648880005e-03 -9.747751988470554352e-03 -1.016611862182617188e+01 0.000000000000000000e+00 -4.208161495625972748e-03 0.000000000000000000e+00 5.000000000000000000e+01 0.000000000000000000e+00
4.899714589118957520e-01 4.851953387260437012e-01 -8.514452725648880005e-03 -9.747751988470554352e-03 -1.016611862182617188e+01 0.000000000000000000e+00 -4.208161495625972748e-03 0.000000000000000000e+00 5.000000000000000000e+01 0.000000000000000000e+00
4.899714589118957520e-01 4.851953387260437012e-01 -8.514452725648880005e-03 -9.747751988470554352e-03 -1.016611862182617188e+01 0.000000000000000000e+00 -4.208161495625972748e-03 0.000000000000000000e+00 5.000000000000000000e+01 0.000000000000000000e+00
4.899714589118957520e-01 4.851953387260437012e-01 -8.514452725648880005e-03 -9.747751988470554352e-03 -1.016611862182617188e+01 0.000000000000000000e+00 -4.208161495625972748e-03 0.000000000000000000e+00 5.000000000000000000e+01 0.000000000000000000e+00
4.899714589118957520e-01 4.851953387260437012e-01 -8.514452725648880005e-03 -9.747751988470554352e-03 -1.016611862182617188e+01 0.000000000000000000e+00 -4.208161495625972748e-03 0.000000000000000000e+00 5.000000000000000000e+01 0.000000000000000000e+00
4.899714589118957520e-01 4.851953387260437012e-01 -8.514452725648880005e-03 -9.747751988470554352e-03 -1.016611862182617188e+01 0.000000000000000000e+00 -4.208161495625972748e-03 0.000000000000000000e+00 5.000000000000000000e+01 0.000000000000000000e+00
4.899714589118957520e-01 4.851953387260437012e-01 -8.514452725648880005e-03 -9.747751988470554352e-03 -1.016611862182617188e+01 0.000000000000000000e+00 -4.208161495625972748e-03 0.000000000000000000e+00 5.000000000000000000e+01 0.000000000000000000e+00
4.899714589118957520e-01 4.851953387260437012e-01 -8.514452725648880005e-03 -9.747751988470554352e-03 -1.016611862182617188e+01 0.000000000000000000e+00 -4.208161495625972748e-03 0.000000000000000000e+00 5.000000000000000000e+01 0.000000000000000000e+00
4.899714589118957520e-01 4.851953387260437012e-01 -8.514452725648880005e-03 -9.747751988470554352e-03 -1.016611862182617188e+01 0.000000000000000000e+00 -4.208161495625972748e-03 0.000000000000000000e+00 5.000000000000000000e+01 0.000000000000000000e+00
