4.729462265968322754e-01 3.117203414440155029e-01 -3.459384739398956299e-01 -3.408968746662139893e-01 -1.265778808593750000e+02 -9.797837829589843750e+01 -5.239562690258026123e-02 -1.427098959684371948e-01 2.610000000000000000e+02 2.110000000000000000e+02
4.729462265968322754e-01 3.163105249404907227e-01 -3.359143137931823730e-01 -3.311913609504699707e-01 -1.086347045898437500e+02 -8.003520202636718750e+01 -4.496823251247406006e-02 -1.165748536586761475e-01 2.260000000000000000e+02 1.760000000000000000e+02
4.729462265968322754e-01 3.210254311561584473e-01 -3.260616362094879150e-01 -3.212221264839172363e-01 -9.965280151367187500e+01 -7.105328369140625000e+01 -4.125026240944862366e-02 -1.034922823309898376e-01 2.050000000000000000e+02 1.550000000000000000e+02
4.729462265968322754e-01 3.178923428058624268e-01 -3.314477205276489258e-01 -3.278467655181884766e-01 -8.993379211425781250e+01 -6.133428192138671875e+01 -3.722717985510826111e-02 -8.933612704277038574e-02 1.880000000000000000e+02 1.380000000000000000e+02
4.729462265968322754e-01 3.317648172378540039e-01 -3.027223050594329834e-01 -2.985147237777709961e-01 -8.265473937988281250e+01 -5.405522537231445312e+01 -3.421408683061599731e-02 -7.873385399580001831e-02 1.750000000000000000e+02 1.250000000000000000e+02
4.729462265968322754e-01 3.341535925865173340e-01 -2.979571223258972168e-01 -2.934638857841491699e-01 -7.868481445312500000e+01 -5.008530426025390625e+01 -3.257077932357788086e-02 -7.295148819684982300e-02 1.660000000000000000e+02 1.160000000000000000e+02
4.729462265968322754e-01 3.472357094287872314e-01 -2.701473832130432129e-01 -2.658029794692993164e-01 -7.179658508300781250e+01 -4.319708251953125000e+01 -2.971946634352207184e-02 -6.291848421096801758e-02 1.520000000000000000e+02 1.020000000000000000e+02
4.729462265968322754e-01 3.491969108581542969e-01 -2.658478617668151855e-01 -2.616561949253082275e-01 -6.938276672363281250e+01 -4.078326416015625000e+01 -2.872029133141040802e-02 -5.940264835953712463e-02 1.470000000000000000e+02 9.700000000000000000e+01
4.729462265968322754e-01 3.501777648925781250e-01 -2.635406851768493652e-01 -2.595822811126708984e-01 -6.663389587402343750e+01 -3.803439331054687500e+01 -2.758242376148700714e-02 -5.539879575371742249e-02 1.410000000000000000e+02 9.100000000000000000e+01
4.729462265968322754e-01 3.586397469043731689e-01 -2.451304197311401367e-01 -2.416902184486389160e-01 -6.300972366333007812e+01 -3.441021347045898438e+01 -2.608223445713520050e-02 -5.012001469731330872e-02 1.320000000000000000e+02 8.200000000000000000e+01
4.729462265968322754e-01 3.599720299243927002e-01 -2.426346689462661743e-01 -2.388732433319091797e-01 -6.062703323364257812e+01 -3.202752685546875000e+01 -2.509594336152076721e-02 -4.664952307939529419e-02 1.270000000000000000e+02 7.700000000000000000e+01
4.729462265968322754e-01 3.934841752052307129e-01 -1.734455376863479614e-01 -1.680149883031845093e-01 -4.352890777587890625e+01 -1.492940139770507812e+01 -1.801834814250469208e-02 -2.174534089863300323e-02 9.100000000000000000e+01 4.100000000000000000e+01
4.729462265968322754e-01 4.170786440372467041e-01 -1.212872117757797241e-01 -1.181267127394676208e-01 -3.842203521728515625e+01 -9.822526931762695312e+00 -1.590440981090068817e-02 -1.430694945156574249e-02 8.000000000000000000e+01 3.000000000000000000e+01
4.729462265968322754e-01 4.250621795654296875e-01 -1.071888729929924011e-01 -1.012462824583053589e-01 -3.623313522338867188e+01 -7.633626937866210938e+00 -1.499833818525075912e-02 -1.111871935427188873e-02 7.500000000000000000e+01 2.500000000000000000e+01
4.729462265968322754e-01 4.325953722000122070e-01 -9.038387238979339600e-02 -8.531805872917175293e-02 -3.328766632080078125e+01 -4.688158988952636719e+00 -1.377909071743488312e-02 -6.828512996435165405e-03 6.600000000000000000e+01 1.600000000000000000e+01
4.729462265968322754e-01 4.339205026626586914e-01 -8.712091296911239624e-02 -8.251619338989257812e-02 -3.275985717773437500e+01 -4.160349845886230469e+00 -1.356060989201068878e-02 -6.059735547751188278e-03 6.400000000000000000e+01 1.400000000000000000e+01
4.729462265968322754e-01 4.515501260757446289e-01 -5.123178660869598389e-02 -4.524002969264984131e-02 -3.134157562255859375e+01 -2.742067337036132812e+00 -1.297352649271488190e-02 -3.993943799287080765e-03 6.000000000000000000e+01 1.000000000000000000e+01
4.729462265968322754e-01 4.491248130798339844e-01 -5.592962726950645447e-02 -5.036812275648117065e-02 -3.114125442504882812e+01 -2.541747093200683594e+00 -1.289060525596141815e-02 -3.702168352901935577e-03 5.900000000000000000e+01 9.000000000000000000e+00
4.729462265968322754e-01 4.535759687423706055e-01 -4.670552164316177368e-02 -4.095657542347908020e-02 -3.048861122131347656e+01 -1.889104008674621582e+00 -1.262045092880725861e-02 -2.751564374193549156e-03 5.700000000000000000e+01 7.000000000000000000e+00
4.729462265968322754e-01 4.535759687423706055e-01 -4.670552164316177368e-02 -4.095657542347908020e-02 -3.048861122131347656e+01 -1.889104008674621582e+00 -1.262045092880725861e-02 -2.751564374193549156e-03 5.700000000000000000e+01 7.000000000000000000e+00
4.729462265968322754e-01 4.433541893959045410e-01 -6.742595881223678589e-02 -6.256955862045288086e-02 -2.898278045654296875e+01 -3.832725286483764648e-01 -1.199712697416543961e-02 -5.582535522989928722e-04 5.200000000000000000e+01 2.000000000000000000e+00
4.729462265968322754e-01 4.517999291419982910e-01 -4.959227517247200012e-02 -4.471184313297271729e-02 -2.887265396118164062e+01 -2.731449007987976074e-01 -1.195154152810573578e-02 -3.978477616328746080e-04 5.100000000000000000e+01 1.000000000000000000e+00
4.729462265968322754e-01 4.517999291419982910e-01 -4.959227517247200012e-02 -4.471184313297271729e-02 -2.887265396118164062e+01 -2.731449007987976074e-01 -1.195154152810573578e-02 -3.978477616328746080e-04 5.100000000000000000e+01 1.000000000000000000e+00
4.729462265968322754e-01 4.517999291419982910e-01 -4.959227517247200012e-02 -4.471184313297271729e-02 -2.887265396118164062e+01 -2.731449007987976074e-01 -1.195154152810573578e-02 -3.978477616328746080e-04 5.100000000000000000e+01 1.000000000000000000e+00
4.729462265968322754e-01 4.517999291419982910e-01 -4.959227517247200012e-02 -4.471184313297271729e-02 -2.887265396118164062e+01 -2.731449007987976074e-01 -1.195154152810573578e-02 -3.978477616328746080e-04 5.100000000000000000e+01 1.000000000000000000e+00
4.729462265968322754e-01 4.517999291419982910e-01 -4.959227517247200012e-02 -4.471184313297271729e-02 -2.887265396118164062e+01 -2.731449007987976074e-01 -1.195154152810573578e-02 -3.978477616328746080e-04 5.100000000000000000e+01 1.000000000000000000e+00
4.729462265968322754e-01 4.451882839202880859e-01 -6.366021931171417236e-02 -5.869153887033462524e-02 -2.859950637817382812e+01 0.000000000000000000e+00 -1.183847431093454361e-02 0.000000000000000000e+00 5.000000000000000000e+01 0.000000000000000000e+00
4.729462265968322754e-01 4.451882839202880859e-01 -6.366021931171417236e-02 -5.869153887033462524e-02 -2.859950637817382812e+01 0.000000000000000000e+00 -1.183847431093454361e-02 0.000000000000000000e+00 5.000000000000000000e+01 0.000000000000000000e+00
4.729462265968322754e-01 4.451882839202880859e-01 -6.366021931171417236e-02 -5.869153887033462524e-02 -2.859950637817382812e+01 0.000000000000000000e+00 -1.183847431093454361e-02 0.000000000000000000e+00 5.000000000000000000e+01 0.000000000000000000e+00
4.729462265968322754e-01 4.451882839202880859e-01 -6.366021931171417236e-02 -5.869153887033462524e-02 -2.859950637817382812e+01 0.000000000000000000e+00 -1.183847431093454361e-02 0.000000000000000000e+00 5.000000000000000000e+01 0.000000000000000000e+00
4.729462265968322754e-01 4.451882839202880859e-01 -6.366021931171417236e-02 -5.869153887033462524e-02 -2.859950637817382812e+01 0.000000000000000000e+00 -1.183847431093454361e-02 0.000000000000000000e+00 5.000000000000000000e+01 0.000000000000000000e+00
4.729462265968322754e-01 4.451882839202880859e-01 -6.366021931171417236e-02 -5.869153887033462524e-02 -2.859950637817382812e+01 0.000000000000000000e+00 -1.183847431093454361e-02 0.000000000000000000e+00 5.000000000000000000e+01 0.000000000000000000e+00
4.729462265968322754e-01 4.451882839202880859e-01 -6.366021931171417236e-02 -5.869153887033462524e-02 -2.859950637817382812e+01 0.000000000000000000e+00 -1.183847431093454361e-02 0.000000000000000000e+00 5.000000000000000000e+01 0.000000000000000000e+00
4.729462265968322754e-01 4.451882839202880859e-01 -6.366022676229476929e-02 -5.869153887033462524e-02 -2.859950637817382812e+01 0.000000000000000000e+00 -1.183847431093454361e-02 0.000000000000000000e+00 5.000000000000000000e+01 0.000000000000000000e+00
4.729462265968322754e-01 4.451882839202880859e-01 -6.366021931171417236e-02 -5.869153887033462524e-02 -2.859950637817382812e+01 0.000000000000000000e+00 -1.183847431093454361e-02 0.000000000000000000e+00 5.000000000000000000e+01 0.000000000000000000e+00
4.729462265968322754e-01 4.451882839202880859e-01 -6.366021931171417236e-02 -5.869153887033462524e-02 -2.859950637817382812e+01 0.000000000000000000e+00 -1.183847431093454361e-02 0.000000000000000000e+00 5.000000000000000000e+01 0.000000000000000000e+00
4.729462265968322754e-01 4.451882839202880859e-01 -6.366021931171417236e-02 -5.869153887033462524e-02 -2.859950637817382812e+01 0.000000000000000000e+00 -1.183847431093454361e-02 0.000000000000000000e+00 5.000000000000000000e+01 0.000000000000000000e+00
4.729462265968322754e-01 4.451882839202880859e-01 -6.366021931171417236e-02 -5.869153887033462524e-02 -2.859950637817382812e+01 0.000000000000000000e+00 -1.183847431093454361e-02 0.000000000000000000e+00 5.000000000000000000e+01 0.000000000000000000e+00
4.729462265968322754e-01 4.451882839202880859e-01 -6.366021931171417236e-02 -5.869153887033462524e-02 -2.859950637817382812e+01 0.000000000000000000e+00 -1.183847431093454361e-02 0.000000000000000000e+00 5.000000000000000000e+01 0.000000000000000000e+00
4.729462265968322754e-01 4.451882839202880859e-01 -6.366021931171417236e-02 -5.869153887033462524e-02 -2.859950637817382812e+01 0.000000000000000000e+00 -1.183847431093454361e-02 0.000000000000000000e+00 5.000000000000000000e+01 0.000000000000000000e+00
4.729462265968322754e-01 4.451882839202880859e-01 -6.366021931171417236e-02 -5.869153887033462524e-02 -2.859950637817382812e+01 0.000000000000000000e+00 -1.183847431093454361e-02 0.000000000000000000e+00 5.000000000000000000e+01 0.000000000000000000e+00
4.729462265968322754e-01 4.451882839202880859e-01 -6.366022676229476929e-02 -5.869153887033462524e-02 -2.859950637817382812e+01 0.000000000000000000e+00 -1.183847431093454361e-02 0.000000000000000000e+00 5.000000000000000000e+01 0.000000000000000000e+00
4.729462265968322754e-01 4.451882839202880859e-01 -6.366021931171417236e-02 -5.869153887033462524e-02 -2.859950637817382812e+01 0.000000000000000000e+00 -1.183847431093454361e-02 0.000000000000000000e+00 5.000000000000000000e+01 0.000000000000000000e+00
4.729462265968322754e-01 4.451882839202880859e-01 -6.366021931171417236e-02 -5.869153887033462524e-02 -2.859950637817382812e+01 0.000000000000000000e+00 -1.183847431093454361e-02 0.000000000000000000e+00 5.000000000000000000e+01 0.000000000000000000e+00
4.729462265968322754e-01 4.451882839202880859e-01 -6.366021931171417236e-02 -5.869153887033462524e-02 -2.859950637817382812e+01 0.000000000000000000e+00 -1.183847431093454361e-02 0.000000000000000000e+00 5.000000000000000000e+01 0.000000000000000000e+00
4.729462265968322754e-01 4.451882839202880859e-01 -6.366021931171417236e-02 -5.869153887033462524e-02 -2.859950637817382812e+01 0.000000000000000000e+00 -1.183847431093454361e-02 0.000000000000000000e+00 5.000000000000000000e+01 0.000000000000000000e+00
4.729462265968322754e-01 4.451882839202880859e-01 -6.366022676229476929e-02 -5.869153887033462524e-02 -2.859950637817382812e+01 0.000000000000000000e+00 -1.183847431093454361e-02 0.000000000000000000e+00 5.000000000000000000e+01 0.000000000000000000e+00
4.729462265968322754e-01 4.451882839202880859e-01 -6.366021931171417236e-02 -5.869153887033462524e-02 -2.859950637817382812e+01 0.000000000000000000e+00 -1.183847431093454361e-02 0.000000000000000000e+00 5.000000000000000000e+01 0.000000000000000000e+00
4.729462265968322754e-01 4.451882839202880859e-01 -6.366021931171417236e-02 -5.869153887033462524e-02 -2.859950637817382812e+01 0.000000000000000000e+00 -1.183847431093454361e-02 0.000000000000000000e+00 5.000000000000000000e+01 0.000000000000000000e+00
4.729462265968322754e-01 4.451882839202880859e-01 -6.366021931171417236e-02 -5.869153887033462524e-02 -2.859950637817382812e+01 0.000000000000000000e+00 -1.183847431093454361e-02 0.000000000000000000e+00 5.000000000000000000e+01 0.000000000000000000e+00
4.729462265968322754e-01 4.451882839202880859e-01 -6.366021931171417236e-02 -5.869153887033462524e-02 -2.859950637817382812e+01 0.000000000000000000e+00 -1.183847431093454361e-02 0.000000000000000000e+00 5.000000000000000000e+01 0.000000000000000000e+00
4.729462265968322754e-01 4.451882839202880859e-01 -6.366021931171417236e-02 -5.869153887033462524e-02 -2.859950637817382812e+01 0.000000000000000000e+00 -1.183847431093454361e-02 0.000000000000000000e+00 5.000000000000000000e+01 0.000000000000000000e+00
4.729462265968322754e-01 4.451882839202880859e-01 -6.366021931171417236e-02 -5.869153887033462524e-02 -2.859950637817382812e+01 0.000000000000000000e+00 -1.183847431093454361e-02 0.000000000000000000e+00 5.000000000000000000e+01 0.000000000000000000e+00
4.729462265968322754e-01 4.451882839202880859e-01 -6.366021931171417236e-02 -5.869153887033462524e-02 -2.859950637817382812e+01 0.000000000000000000e+00 -1.183847431093454361e-02 0.000000000000000000e+00 5.000000000000000000e+01 0.000000000000000000e+00
4.729462265968322754e-01 4.451882839202880859e-01 -6.366021931171417236e-02 -5.869153887033462524e-02 -2.859950637817382812e+01 0.000000000000000000e+00 -1.183847431093454361e-02 0.000000000000000000e+00 5.000000000000000000e+01 0.000000000000000000e+00
4.729462265968322754e-01 4.451882839202880859e-01 -6.366021931171417236e-02 -5.869153887033462524e-02 -2.859950637817382812e+01 0.000000000000000000e+00 -1.183847431093454361e-02 0.000000000000000000e+00 5.000000000000000000e+01 0.000000000000000000e+00
4.729462265968322754e-01 4.451882839202880859e-01 -6.366021931171417236e-02 -5.869153887033462524e-02 -2.859950637817382812e+01 0.000000000000000000e+00 -1.183847431093454361e-02 0.000000000000000000e+00 5.000000000000000000e+01 0.000000000000000000e+00
4.729462265968322754e-01 4.451882839202880859e-01 -6.366021931171417236e-02 -5.869153887033462524e-02 -2.859950637817382812e+01 0.000000000000000000e+00 -1.183847431093454361e-02 0.000000000000000000e+00 5.000000000000000000e+01 0.000000000000000000e+00
4.729462265968322754e-01 4.451882839202880859e-01 -6.366021931171417236e-02 -5.869153887033462524e-02 -2.859950637817382812e+01 0.000000000000000000e+00 -1.183847431093454361e-02 0.000000000000000000e+00 5.000000000000000000e+01 0.000000000000000000e+00
4.729462265968322754e-01 4.451882839202880859e-01 -6.366021931171417236e-02 -5.869153887033462524e-02 -2.859950637817382812e+01 0.000000000000000000e+00 -1.183847431093454361e-02 0.000000000000000000e+00 5.000000000000000000e+01 0.000000000000000000e+00
4.729462265968322754e-01 4.451882839202880859e-01 -6.366021931171417236e-02 -5.869153887033462524e-02 -2.859950637817382812e+01 0.000000000000000000e+00 -1.183847431093454361e-02 0.000000000000000000e+00 5.000000000000000000e+01 0.000000000000000000e+00
4.729462265968322754e-01 4.451882839202880859e-01 -6.366021931171417236e-02 -5.869153887033462524e-02 -2.859950637817382812e+01 0.000000000000000000e+00 -1.183847431093454361e-02 0.000000000000000000e+00 5.000000000000000000e+01 0.000000000000000000e+00
4.729462265968322754e-01 4.451882839202880859e-01 -6.366021931171417236e-02 -5.869153887033462524e-02 -2.859950637817382812e+01 0.000000000000000000e+00 -1.183847431093454361e-02 0.000000000000000000e+00 5.000000000000000000e+01 0.000000000000000000e+00
4.729462265968322754e-01 4.451882839202880859e-01 -6.366022676229476929e-02 -5.869153887033462524e-02 -2.859950637817382812e+01 0.000000000000000000e+00 -1.183847431093454361e-02 0.000000000000000000e+00 5.000000000000000000e+01 0.000000000000000000e+00
4.729462265968322754e-01 4.451882839202880859e-01 -6.366021931171417236e-02 -5.869153887033462524e-02 -2.859950637817382812e+01 0.000000000000000000e+00 -1.183847431093454361e-02 0.000000000000000000e+00 5.000000000000000000e+01 0.000000000000000000e+00
4.729462265968322754e-01 4.451882839202880859e-01 -6.366021931171417236e-02 -5.869153887033462524e-02 -2.859950637817382812e+01 0.000000000000000000e+00 -1.183847431093454361e-02 0.000000000000000000e+00 5.000000000000000000e+01 0.000000000000000000e+00
4.729462265968322754e-01 4.451882839202880859e-01 -6.366021931171417236e-02 -5.869153887033462524e-02 -2.859950637817382812e+01 0.000000000000000000e+00 -1.183847431093454361e-02 0.000000000000000000e+00 5.000000000000000000e+01 0.000000000000000000e+00
4.729462265968322754e-01 4.451882839202880859e-01 -6.366021931171417236e-02 -5.869153887033462524e-02 -2.859950637817382812e+01 0.000000000000000000e+00 -1.183847431093454361e-02 0.000000000000000000e+00 5.000000000000000000e+01 0.000000000000000000e+00
4.729462265968322754e-01 4.451882839202880859e-01 -6.366021931171417236e-02 -5.869153887033462524e-02 -2.859950637817382812e+01 0.000000000000000000e+00 -1.183847431093454361e-02 0.000000000000000000e+00 5.000000000000000000e+01 0.000000000000000000e+00
4.729462265968322754e-01 4.451882839202880859e-01 -6.366021931171417236e-02 -5.869153887033462524e-02 -2.859950637817382812e+01 0.000000000000000000e+00 -1.183847431093454361e-02 0.000000000000000000e+00 5.000000000000000000e+01 0.000000000000000000e+00
4.729462265968322754e-01 4.451882839202880859e-01 -6.366021931171417236e-02 -5.869153887033462524e-02 -2.859950637817382812e+01 0.000000000000000000e+00 -1.183847431093454361e-02 0.000000000000000000e+00 5.000000000000000000e+01 0.000000000000000000e+00
4.729462265968322754e-01 4.451882839202880859e-01 -6.366021931171417236e-02 -5.869153887033462524e-02 -2.859950637817382812e+01 0.000000000000000000e+00 -1.183847431093454361e-02 0.000000000000000000e+00 5.000000000000000000e+01 0.000000000000000000e+00
4.729462265968322754e-01 4.451882839202880859e-01 -6.366021931171417236e-02 -5.869153887033462524e-02 -2.859950637817382812e+01 0.000000000000000000e+00 -1.183847431093454361e-02 0.000000000000000000e+00 5.000000000000000000e+01 0.000000000000000000e+00
4.729462265968322754e-01 4.451882839202880859e-01 -6.366021931171417236e-02 -5.869153887033462524e-02 -2.859950637817382812e+01 0.000000000000000000e+00 -1.183847431093454361e-02 0.000000000000000000e+00 5.000000000000000000e+01 0.000000000000000000e+00
4.729462265968322754e-01 4.451882839202880859e-01 -6.366021931171417236e-02 -5.869153887033462524e-02 -2.859950637817382812e+01 0.000000000000000000e+00 -1.183847431093454361e-02 0.000000000000000000e+00 5.000000000000000000e+01 0.000000000000000000e+00
4.729462265968322754e-01 4.451882839202880859e-01 -6.366021931171417236e-02 -5.869153887033462524e-02 -2.859950637817382812e+01 0.000000000000000000e+00 -1.183847431093454361e-02 0.000000000000000000e+00 5.000000000000000000e+01 0.000000000000000000e+00
4.729462265968322754e-01 4.451882839202880859e-01 -6.366021931171417236e-02 -5.869153887033462524e-02 -2.859950637817382812e+01 0.000000000000000000e+00 -1.183847431093454361e-02 0.000000000000000000e+00 5.000000000000000000e+01 0.000000000000000000e+00
4.729462265968322754e-01 4.451882839202880859e-01 -6.366021931171417236e-02 -5.869153887033462524e-02 -2.859950637817382812e+01 0.000000000000000000e+00 -1.183847431093454361e-02 0.000000000000000000e+00 5.000000000000000000e+01 0.000000000000000000e+00
4.729462265968322754e-01 4.451882839202880859e-01 -6.366021931171417236e-02 -5.869153887033462524e-02 -2.859950637817382812e+01 0.000000000000000000e+00 -1.183847431093454361e-02 0.000000000000000000e+00 5.000000000000000000e+01 0.000000000000000000e+00
4.729462265968322754e-01 4.451882839202880859e-01 -6.366021931171417236e-02 -5.869153887033462524e-02 -2.859950637817382812e+01 0.000000000000000000e+00 -1.183847431093454361e-02 0.000000000000000000e+00 5.000000000000000000e+01 0.000000000000000000e+00
4.729462265968322754e-01 4.451882839202880859e-01 -6.366021931171417236e-02 -5.869153887033462524e-02 -2.859950637817382812e+01 0.000000000000000000e+00 -1.183847431093454361e-02 0.000000000000000000e+00 5.000000000000000000e+01 0.000000000000000000e+00
4.729462265968322754e-01 4.451882839202880859e-01 -6.366021931171417236e-02 -5.869153887033462524e-02 -2.859950637817382812e+01 0.000000000000000000e+00 -1.183847431093454361e-02 0.000000000000000000e+00 5.000000000000000000e+01 0.000000000000000000e+00
4.729462265968322754e-01 4.451882839202880859e-01 -6.366021931171417236e-02 -5.869153887033462524e-02 -2.859950637817382812e+01 0.000000000000000000e+00 -1.183847431093454361e-02 0.000000000000000000e+00 5.000000000000000000e+01 0.000000000000000000e+00
4.729462265968322754e-01 4.451882839202880859e-01 -6.366021931171417236e-02 -5.869153887033462524e-02 -2.859950637817382812e+01 0.000000000000000000e+00 -1.183847431093454361e-02 0.000000000000000000e+00 5.000000000000000000e+01 0.000000000000000000e+00
4.729462265968322754e-01 4.451882839202880859e-01 -6.366021931171417236e-02 -5.869153887033462524e-02 -2.859950637817382812e+01 0.000000000000000000e+00 -1.183847431093454361e-02 0.000000000000000000e+00 5.000000000000000000e+01 0.000000000000000000e+00
4.729462265968322754e-01 4.451882839202880859e-01 -6.366021931171417236e-02 -5.869153887033462524e-02 -2.859950637817382812e+01 0.000000000000000000e+00 -1.183847431093454361e-02 0.000000000000000000e+00 5.000000000000000000e+01 0.000000000000000000e+00
4.729462265968322754e-01 4.451882839202880859e-01 -6.366021931171417236e-02 -5.869153887033462524e-02 -2.859950637817382812e+01 0.000000000000000000e+00 -1.183847431093454361e-02 0.000000000000000000e+00 5.000000000000000000e+01 0.000000000000000000e+00
4.729462265968322754e-01 4.451882839202880859e-01 -6.366021931171417236e-02 -5.869153887033462524e-02 -2.859950637817382812e+01 0.000000000000000000e+00 -1.183847431093454361e-02 0.000000000000000000e+00 5.000000000000000000e+01 0.000000000000000000e+00
4.729462265968322754e-01 4.451882839202880859e-01 -6.366021931171417236e-02 -5.869153887033462524e-02 -2.859950637817382812e+01 0.000000000000000000e+00 -1.183847431093454361e-02 0.000000000000000000e+00 5.000000000000000000e+01 0.000000000000000000e+00
4.729462265968322754e-01 4.451882839202880859e-01 -6.366021931171417236e-02 -5.869153887033462524e-02 -2.859950637817382812e+01 0.000000000000000000e+00 -1.183847431093454361e-02 0.000000000000000000e+00 5.000000000000000000e+01 0.000000000000000000e+00
4.729462265968322754e-01 4.451882839202880859e-01 -6.366021931171417236e-02 -5.869153887033462524e-02 -2.859950637817382812e+01 0.000000000000000000e+00 -1.183847431093454361e-02 0.000000000000000000e+00 5.000000000000000000e+01 0.000000000000000000e+00
