4.503533542156219482e-01 2.965235412120819092e-01 -3.524886667728424072e-01 -3.415758013725280762e-01 -6.566825866699218750e+01 -2.540206527709960938e+01 -2.718270756304264069e-02 -2.476132661104202271e-02 1.140000000000000000e+02 6.400000000000000000e+01
4.503533542156219482e-01 3.029631972312927246e-01 -3.386250734329223633e-01 -3.272767066955566406e-01 -5.871717453002929688e+01 -1.845098686218261719e+01 -2.430537715554237366e-02 -1.798558048903942108e-02 1.000000000000000000e+02 5.000000000000000000e+01
4.503533542156219482e-01 3.076058030128479004e-01 -3.280712962150573730e-01 -3.169678747653961182e-01 -5.468759918212890625e+01 -1.442140769958496094e+01 -2.263737469911575317e-02 -1.405764371156692505e-02 9.100000000000000000e+01 4.100000000000000000e+01
4.503533542156219482e-01 3.148604333400726318e-01 -3.116655349731445312e-01 -3.008591234683990479e-01 -5.035486602783203125e+01 -1.008867835998535156e+01 -2.084388397634029388e-02 -9.834202937781810760e-03 8.200000000000000000e+01 3.200000000000000000e+01
4.503533542156219482e-01 3.183749914169311523e-01 -3.041001856327056885e-01 -2.930551469326019287e-01 -4.930095672607421875e+01 -9.034770965576171875e+00 -2.040763013064861298e-02 -8.806878700852394104e-03 7.700000000000000000e+01 2.700000000000000000e+01
4.503533542156219482e-01 3.219171464443206787e-01 -2.956615686416625977e-01 -2.851898670196533203e-01 -4.719660568237304688e+01 -6.930418014526367188e+00 -1.953655481338500977e-02 -6.755605805665254593e-03 7.200000000000000000e+01 2.200000000000000000e+01
4.503533542156219482e-01 3.264801800251007080e-01 -2.848361432552337646e-01 -2.750577330589294434e-01 -4.558717346191406250e+01 -5.320983409881591797e+00 -1.887034624814987183e-02 -5.186767783015966415e-03 6.800000000000000000e+01 1.800000000000000000e+01
4.503533542156219482e-01 3.294868469238281250e-01 -2.782765030860900879e-01 -2.683815062046051025e-01 -4.492038726806640625e+01 -4.654200553894042969e+00 -1.859433762729167938e-02 -4.536803346127271652e-03 6.600000000000000000e+01 1.600000000000000000e+01
4.503533542156219482e-01 3.322706818580627441e-01 -2.717850506305694580e-01 -2.622000575065612793e-01 -4.408933639526367188e+01 -3.823147296905517578e+00 -1.825033314526081085e-02 -3.726712660863995552e-03 6.300000000000000000e+01 1.300000000000000000e+01
4.503533542156219482e-01 3.334037661552429199e-01 -2.687509357929229736e-01 -2.596840560436248779e-01 -4.334415435791015625e+01 -3.077966690063476562e+00 -1.794187165796756744e-02 -3.000328317284584045e-03 6.100000000000000000e+01 1.100000000000000000e+01
4.503533542156219482e-01 3.360067009925842285e-01 -2.633777856826782227e-01 -2.539043128490447998e-01 -4.325100708007812500e+01 -2.984819889068603516e+00 -1.790331490337848663e-02 -2.909531118348240852e-03 6.000000000000000000e+01 1.000000000000000000e+01
4.503533542156219482e-01 3.478407263755798340e-01 -2.331652045249938965e-01 -2.276270985603332520e-01 -4.124649429321289062e+01 -9.803079962730407715e-01 -1.707356609404087067e-02 -9.555808501318097115e-04 5.300000000000000000e+01 3.000000000000000000e+00
4.503533542156219482e-01 3.478407263755798340e-01 -2.331652045249938965e-01 -2.276270985603332520e-01 -4.124649429321289062e+01 -9.803079962730407715e-01 -1.707356609404087067e-02 -9.555808501318097115e-04 5.300000000000000000e+01 3.000000000000000000e+00
4.503533542156219482e-01 3.581520617008209229e-01 -2.077534198760986328e-01 -2.047310024499893188e-01 -4.026618957519531250e+01 0.000000000000000000e+00 -1.666777953505516052e-02 0.000000000000000000e+00 5.000000000000000000e+01 0.000000000000000000e+00
4.503533542156219482e-01 3.581520617008209229e-01 -2.077534198760986328e-01 -2.047310024499893188e-01 -4.026618957519531250e+01 0.000000000000000000e+00 -1.666777953505516052e-02 0.000000000000000000e+00 5.000000000000000000e+01 0.000000000000000000e+00
4.503533542156219482e-01 3.581520617008209229e-01 -2.077534198760986328e-01 -2.047310024499893188e-01 -4.026618957519531250e+01 0.000000000000000000e+00 -1.666777953505516052e-02 0.000000000000000000e+00 5.000000000000000000e+01 0.000000000000000000e+00
4.503533542156219482e-01 3.581520617008209229e-01 -2.077534198760986328e-01 -2.047310024499893188e-01 -4.026618957519531250e+01 0.000000000000000000e+00 -1.666777953505516052e-02 0.000000000000000000e+00 5.000000000000000000e+01 0.000000000000000000e+00
4.503533542156219482e-01 3.581520617008209229e-01 -2.077534198760986328e-01 -2.047310024499893188e-01 -4.026618957519531250e+01 0.000000000000000000e+00 -1.666777953505516052e-02 0.000000000000000000e+00 5.000000000000000000e+01 0.000000000000000000e+00
4.503533542156219482e-01 3.581520617008209229e-01 -2.077534198760986328e-01 -2.047310024499893188e-01 -4.026618957519531250e+01 0.000000000000000000e+00 -1.666777953505516052e-02 0.000000000000000000e+00 5.000000000000000000e+01 0.000000000000000000e+00
4.503533542156219482e-01 3.581520617008209229e-01 -2.077534198760986328e-01 -2.047310024499893188e-01 -4.026618957519531250e+01 0.000000000000000000e+00 -1.666777953505516052e-02 0.000000000000000000e+00 5.000000000000000000e+01 0.000000000000000000e+00
4.503533542156219482e-01 3.581520617008209229e-01 -2.077534198760986328e-01 -2.047310024499893188e-01 -4.026618957519531250e+01 0.000000000000000000e+00 -1.666777953505516052e-02 0.000000000000000000e+00 5.000000000000000000e+01 0.000000000000000000e+00
4.503533542156219482e-01 3.581520617008209229e-01 -2.077534198760986328e-01 -2.047310024499893188e-01 -4.026618957519531250e+01 0.000000000000000000e+00 -1.666777953505516052e-02 0.000000000000000000e+00 5.000000000000000000e+01 0.000000000000000000e+00
4.503533542156219482e-01 3.581520617008209229e-01 -2.077534198760986328e-01 -2.047310024499893188e-01 -4.026618957519531250e+01 0.000000000000000000e+00 -1.666777953505516052e-02 0.000000000000000000e+00 5.000000000000000000e+01 0.000000000000000000e+00
4.503533542156219482e-01 3.581520617008209229e-01 -2.077534198760986328e-01 -2.047310024499893188e-01 -4.026618957519531250e+01 0.000000000000000000e+00 -1.666777953505516052e-02 0.000000000000000000e+00 5.000000000000000000e+01 0.000000000000000000e+00
4.503533542156219482e-01 3.581520617008209229e-01 -2.077534198760986328e-01 -2.047310024499893188e-01 -4.026618957519531250e+01 0.000000000000000000e+00 -1.666777953505516052e-02 0.000000000000000000e+00 5.000000000000000000e+01 0.000000000000000000e+00
4.503533542156219482e-01 3.581520617008209229e-01 -2.077534198760986328e-01 -2.047310024499893188e-01 -4.026618957519531250e+01 0.000000000000000000e+00 -1.666777953505516052e-02 0.000000000000000000e+00 5.000000000000000000e+01 0.000000000000000000e+00
4.503533542156219482e-01 3.581520617008209229e-01 -2.077534198760986328e-01 -2.047310024499893188e-01 -4.026618957519531250e+01 0.000000000000000000e+00 -1.666777953505516052e-02 0.000000000000000000e+00 5.000000000000000000e+01 0.000000000000000000e+00
4.503533542156219482e-01 3.581520617008209229e-01 -2.077534198760986328e-01 -2.047310024499893188e-01 -4.026618957519531250e+01 0.000000000000000000e+00 -1.666777953505516052e-02 0.000000000000000000e+00 5.000000000000000000e+01 0.000000000000000000e+00
4.503533542156219482e-01 3.581520617008209229e-01 -2.077534198760986328e-01 -2.047310024499893188e-01 -4.026618957519531250e+01 0.000000000000000000e+00 -1.666777953505516052e-02 0.000000000000000000e+00 5.000000000000000000e+01 0.000000000000000000e+00
4.503533542156219482e-01 3.581520617008209229e-01 -2.077534198760986328e-01 -2.047310024499893188e-01 -4.026618957519531250e+01 0.000000000000000000e+00 -1.666777953505516052e-02 0.000000000000000000e+00 5.000000000000000000e+01 0.000000000000000000e+00
4.503533542156219482e-01 3.581520617008209229e-01 -2.077534198760986328e-01 -2.047310024499893188e-01 -4.026618957519531250e+01 0.000000000000000000e+00 -1.666777953505516052e-02 0.000000000000000000e+00 5.000000000000000000e+01 0.000000000000000000e+00
4.503533542156219482e-01 3.581520617008209229e-01 -2.077534198760986328e-01 -2.047310024499893188e-01 -4.026618957519531250e+01 0.000000000000000000e+00 -1.666777953505516052e-02 0.000000000000000000e+00 5.000000000000000000e+01 0.000000000000000000e+00
4.503533542156219482e-01 3.581520617008209229e-01 -2.077534198760986328e-01 -2.047310024499893188e-01 -4.026618957519531250e+01 0.000000000000000000e+00 -1.666777953505516052e-02 0.000000000000000000e+00 5.000000000000000000e+01 0.000000000000000000e+00
4.503533542156219482e-01 3.581520617008209229e-01 -2.077534198760986328e-01 -2.047310024499893188e-01 -4.026618957519531250e+01 0.000000000000000000e+00 -1.666777953505516052e-02 0.000000000000000000e+00 5.000000000000000000e+01 0.000000000000000000e+00
4.503533542156219482e-01 3.581520617008209229e-01 -2.077534198760986328e-01 -2.047310024499893188e-01 -4.026618957519531250e+01 0.000000000000000000e+00 -1.666777953505516052e-02 0.000000000000000000e+00 5.000000000000000000e+01 0.000000000000000000e+00
4.503533542156219482e-01 3.581520617008209229e-01 -2.077534198760986328e-01 -2.047310024499893188e-01 -4.026618957519531250e+01 0.000000000000000000e+00 -1.666777953505516052e-02 0.000000000000000000e+00 5.000000000000000000e+01 0.000000000000000000e+00
4.503533542156219482e-01 3.581520617008209229e-01 -2.077534198760986328e-01 -2.047310024499893188e-01 -4.026618957519531250e+01 0.000000000000000000e+00 -1.666777953505516052e-02 0.000000000000000000e+00 5.000000000000000000e+01 0.000000000000000000e+00
4.503533542156219482e-01 3.581520617008209229e-01 -2.077534198760986328e-01 -2.047310024499893188e-01 -4.026618957519531250e+01 0.000000000000000000e+00 -1.666777953505516052e-02 0.000000000000000000e+00 5.000000000000000000e+01 0.000000000000000000e+00
4.503533542156219482e-01 3.581520617008209229e-01 -2.077534198760986328e-01 -2.047310024499893188e-01 -4.026618957519531250e+01 0.000000000000000000e+00 -1.666777953505516052e-02 0.000000000000000000e+00 5.000000000000000000e+01 0.000000000000000000e+00
4.503533542156219482e-01 3.581520617008209229e-01 -2.077534198760986328e-01 -2.047310024499893188e-01 -4.026618957519531250e+01 0.000000000000000000e+00 -1.666777953505516052e-02 0.000000000000000000e+00 5.000000000000000000e+01 0.000000000000000000e+00
4.503533542156219482e-01 3.581520617008209229e-01 -2.077534198760986328e-01 -2.047310024499893188e-01 -4.026618957519531250e+01 0.000000000000000000e+00 -1.666777953505516052e-02 0.000000000000000000e+00 5.000000000000000000e+01 0.000000000000000000e+00
4.503533542156219482e-01 3.581520617008209229e-01 -2.077534198760986328e-01 -2.047310024499893188e-01 -4.026618957519531250e+01 0.000000000000000000e+00 -1.666777953505516052e-02 0.000000000000000000e+00 5.000000000000000000e+01 0.000000000000000000e+00
4.503533542156219482e-01 3.581520617008209229e-01 -2.077534198760986328e-01 -2.047310024499893188e-01 -4.026618957519531250e+01 0.000000000000000000e+00 -1.666777953505516052e-02 0.000000000000000000e+00 5.000000000000000000e+01 0.000000000000000000e+00
4.503533542156219482e-01 3.581520617008209229e-01 -2.077534198760986328e-01 -2.047310024499893188e-01 -4.026618957519531250e+01 0.000000000000000000e+00 -1.666777953505516052e-02 0.000000000000000000e+00 5.000000000000000000e+01 0.000000000000000000e+00
4.503533542156219482e-01 3.581520617008209229e-01 -2.077534198760986328e-01 -2.047310024499893188e-01 -4.026618957519531250e+01 0.000000000000000000e+00 -1.666777953505516052e-02 0.000000000000000000e+00 5.000000000000000000e+01 0.000000000000000000e+00
4.503533542156219482e-01 3.581520617008209229e-01 -2.077534198760986328e-01 -2.047310024499893188e-01 -4.026618957519531250e+01 0.000000000000000000e+00 -1.666777953505516052e-02 0.000000000000000000e+00 5.000000000000000000e+01 0.000000000000000000e+00
4.503533542156219482e-01 3.581520617008209229e-01 -2.077534198760986328e-01 -2.047310024499893188e-01 -4.026618957519531250e+01 0.000000000000000000e+00 -1.666777953505516052e-02 0.000000000000000000e+00 5.000000000000000000e+01 0.000000000000000000e+00
4.503533542156219482e-01 3.581520617008209229e-01 -2.077534198760986328e-01 -2.047310024499893188e-01 -4.026618957519531250e+01 0.000000000000000000e+00 -1.666777953505516052e-02 0.000000000000000000e+00 5.000000000000000000e+01 0.000000000000000000e+00
4.503533542156219482e-01 3.581520617008209229e-01 -2.077534198760986328e-01 -2.047310024499893188e-01 -4.026618957519531250e+01 0.000000000000000000e+00 -1.666777953505516052e-02 0.000000000000000000e+00 5.000000000000000000e+01 0.000000000000000000e+00
4.503533542156219482e-01 3.581520617008209229e-01 -2.077534198760986328e-01 -2.047310024499893188e-01 -4.026618957519531250e+01 0.000000000000000000e+00 -1.666777953505516052e-02 0.000000000000000000e+00 5.000000000000000000e+01 0.000000000000000000e+00
4.503533542156219482e-01 3.581520617008209229e-01 -2.077534198760986328e-01 -2.047310024499893188e-01 -4.026618957519531250e+01 0.000000000000000000e+00 -1.666777953505516052e-02 0.000000000000000000e+00 5.000000000000000000e+01 0.000000000000000000e+00
4.503533542156219482e-01 3.581520617008209229e-01 -2.077534198760986328e-01 -2.047310024499893188e-01 -4.026618957519531250e+01 0.000000000000000000e+00 -1.666777953505516052e-02 0.000000000000000000e+00 5.000000000000000000e+01 0.000000000000000000e+00
4.503533542156219482e-01 3.581520617008209229e-01 -2.077534198760986328e-01 -2.047310024499893188e-01 -4.026618957519531250e+01 0.000000000000000000e+00 -1.666777953505516052e-02 0.000000000000000000e+00 5.000000000000000000e+01 0.000000000000000000e+00
4.503533542156219482e-01 3.581520617008209229e-01 -2.077534198760986328e-01 -2.047310024499893188e-01 -4.026618957519531250e+01 0.000000000000000000e+00 -1.666777953505516052e-02 0.000000000000000000e+00 5.000000000000000000e+01 0.000000000000000000e+00
4.503533542156219482e-01 3.581520617008209229e-01 -2.077534198760986328e-01 -2.047310024499893188e-01 -4.026618957519531250e+01 0.000000000000000000e+00 -1.666777953505516052e-02 0.000000000000000000e+00 5.000000000000000000e+01 0.000000000000000000e+00
4.503533542156219482e-01 3.581520617008209229e-01 -2.077534198760986328e-01 -2.047310024499893188e-01 -4.026618957519531250e+01 0.000000000000000000e+00 -1.666777953505516052e-02 0.000000000000000000e+00 5.000000000000000000e+01 0.000000000000000000e+00
4.503533542156219482e-01 3.581520617008209229e-01 -2.077534198760986328e-01 -2.047310024499893188e-01 -4.026618957519531250e+01 0.000000000000000000e+00 -1.666777953505516052e-02 0.000000000000000000e+00 5.000000000000000000e+01 0.000000000000000000e+00
4.503533542156219482e-01 3.581520617008209229e-01 -2.077534198760986328e-01 -2.047310024499893188e-01 -4.026618957519531250e+01 0.000000000000000000e+00 -1.666777953505516052e-02 0.000000000000000000e+00 5.000000000000000000e+01 0.000000000000000000e+00
4.503533542156219482e-01 3.581520617008209229e-01 -2.077534198760986328e-01 -2.047310024499893188e-01 -4.026618957519531250e+01 0.000000000000000000e+00 -1.666777953505516052e-02 0.000000000000000000e+00 5.000000000000000000e+01 0.000000000000000000e+00
4.503533542156219482e-01 3.581520617008209229e-01 -2.077534198760986328e-01 -2.047310024499893188e-01 -4.026618957519531250e+01 0.000000000000000000e+00 -1.666777953505516052e-02 0.000000000000000000e+00 5.000000000000000000e+01 0.000000000000000000e+00
4.503533542156219482e-01 3.581520617008209229e-01 -2.077534198760986328e-01 -2.047310024499893188e-01 -4.026618957519531250e+01 0.000000000000000000e+00 -1.666777953505516052e-02 0.000000000000000000e+00 5.000000000000000000e+01 0.000000000000000000e+00
4.503533542156219482e-01 3.581520617008209229e-01 -2.077534198760986328e-01 -2.047310024499893188e-01 -4.026618957519531250e+01 0.000000000000000000e+00 -1.666777953505516052e-02 0.000000000000000000e+00 5.000000000000000000e+01 0.000000000000000000e+00
4.503533542156219482e-01 3.581520617008209229e-01 -2.077534198760986328e-01 -2.047310024499893188e-01 -4.026618957519531250e+01 0.000000000000000000e+00 -1.666777953505516052e-02 0.000000000000000000e+00 5.000000000000000000e+01 0.000000000000000000e+00
4.503533542156219482e-01 3.581520617008209229e-01 -2.077534198760986328e-01 -2.047310024499893188e-01 -4.026618957519531250e+01 0.000000000000000000e+00 -1.666777953505516052e-02 0.000000000000000000e+00 5.000000000000000000e+01 0.000000000000000000e+00
4.503533542156219482e-01 3.581520617008209229e-01 -2.077534198760986328e-01 -2.047310024499893188e-01 -4.026618957519531250e+01 0.000000000000000000e+00 -1.666777953505516052e-02 0.000000000000000000e+00 5.000000000000000000e+01 0.000000000000000000e+00
4.503533542156219482e-01 3.581520617008209229e-01 -2.077534198760986328e-01 -2.047310024499893188e-01 -4.026618957519531250e+01 0.000000000000000000e+00 -1.666777953505516052e-02 0.000000000000000000e+00 5.000000000000000000e+01 0.000000000000000000e+00
4.503533542156219482e-01 3.581520617008209229e-01 -2.077534198760986328e-01 -2.047310024499893188e-01 -4.026618957519531250e+01 0.000000000000000000e+00 -1.666777953505516052e-02 0.000000000000000000e+00 5.000000000000000000e+01 0.000000000000000000e+00
4.503533542156219482e-01 3.581520617008209229e-01 -2.077534198760986328e-01 -2.047310024499893188e-01 -4.026618957519531250e+01 0.000000000000000000e+00 -1.666777953505516052e-02 0.000000000000000000e+00 5.000000000000000000e+01 0.000000000000000000e+00
4.503533542156219482e-01 3.581520617008209229e-01 -2.077534198760986328e-01 -2.047310024499893188e-01 -4.026618957519531250e+01 0.000000000000000000e+00 -1.666777953505516052e-02 0.000000000000000000e+00 5.000000000000000000e+01 0.000000000000000000e+00
4.503533542156219482e-01 3.581520617008209229e-01 -2.077534198760986328e-01 -2.047310024499893188e-01 -4.026618957519531250e+01 0.000000000000000000e+00 -1.666777953505516052e-02 0.000000000000000000e+00 5.000000000000000000e+01 0.000000000000000000e+00
4.503533542156219482e-01 3.581520617008209229e-01 -2.077534198760986328e-01 -2.047310024499893188e-01 -4.026618957519531250e+01 0.000000000000000000e+00 -1.666777953505516052e-02 0.000000000000000000e+00 5.000000000000000000e+01 0.000000000000000000e+00
4.503533542156219482e-01 3.581520617008209229e-01 -2.077534198760986328e-01 -2.047310024499893188e-01 -4.026618957519531250e+01 0.000000000000000000e+00 -1.666777953505516052e-02 0.000000000000000000e+00 5.000000000000000000e+01 0.000000000000000000e+00
4.503533542156219482e-01 3.581520617008209229e-01 -2.077534198760986328e-01 -2.047310024499893188e-01 -4.026618957519531250e+01 0.000000000000000000e+00 -1.666777953505516052e-02 0.000000000000000000e+00 5.000000000000000000e+01 0.000000000000000000e+00
4.503533542156219482e-01 3.581520617008209229e-01 -2.077534198760986328e-01 -2.047310024499893188e-01 -4.026618957519531250e+01 0.000000000000000000e+00 -1.666777953505516052e-02 0.000000000000000000e+00 5.000000000000000000e+01 0.000000000000000000e+00
4.503533542156219482e-01 3.581520617008209229e-01 -2.077534198760986328e-01 -2.047310024499893188e-01 -4.026618957519531250e+01 0.000000000000000000e+00 -1.666777953505516052e-02 0.000000000000000000e+00 5.000000000000000000e+01 0.000000000000000000e+00
4.503533542156219482e-01 3.581520617008209229e-01 -2.077534198760986328e-01 -2.047310024499893188e-01 -4.026618957519531250e+01 0.000000000000000000e+00 -1.666777953505516052e-02 0.000000000000000000e+00 5.000000000000000000e+01 0.000000000000000000e+00
4.503533542156219482e-01 3.581520617008209229e-01 -2.077534198760986328e-01 -2.047310024499893188e-01 -4.026618957519531250e+01 0.000000000000000000e+00 -1.666777953505516052e-02 0.000000000000000000e+00 5.000000000000000000e+01 0.000000000000000000e+00
4.503533542156219482e-01 3.581520617008209229e-01 -2.077534198760986328e-01 -2.047310024499893188e-01 -4.026618957519531250e+01 0.000000000000000000e+00 -1.666777953505516052e-02 0.000000000000000000e+00 5.000000000000000000e+01 0.000000000000000000e+00
4.503533542156219482e-01 3.581520617008209229e-01 -2.077534198760986328e-01 -2.047310024499893188e-01 -4.026618957519531250e+01 0.000000000000000000e+00 -1.666777953505516052e-02 0.000000000000000000e+00 5.000000000000000000e+01 0.000000000000000000e+00
4.503533542156219482e-01 3.581520617008209229e-01 -2.077534198760986328e-01 -2.047310024499893188e-01 -4.026618957519531250e+01 0.000000000000000000e+00 -1.666777953505516052e-02 0.000000000000000000e+00 5.000000000000000000e+01 0.000000000000000000e+00
4.503533542156219482e-01 3.581520617008209229e-01 -2.077534198760986328e-01 -2.047310024499893188e-01 -4.026618957519531250e+01 0.000000000000000000e+00 -1.666777953505516052e-02 0.000000000000000000e+00 5.000000000000000000e+01 0.000000000000000000e+00
4.503533542156219482e-01 3.581520617008209229e-01 -2.077534198760986328e-01 -2.047310024499893188e-01 -4.026618957519531250e+01 0.000000000000000000e+00 -1.666777953505516052e-02 0.000000000000000000e+00 5.000000000000000000e+01 0.000000000000000000e+00
4.503533542156219482e-01 3.581520617008209229e-01 -2.077534198760986328e-01 -2.047310024499893188e-01 -4.026618957519531250e+01 0.000000000000000000e+00 -1.666777953505516052e-02 0.000000000000000000e+00 5.000000000000000000e+01 0.000000000000000000e+00
4.503533542156219482e-01 3.581520617008209229e-01 -2.077534198760986328e-01 -2.047310024499893188e-01 -4.026618957519531250e+01 0.000000000000000000e+00 -1.666777953505516052e-02 0.000000000000000000e+00 5.000000000000000000e+01 0.000000000000000000e+00
4.503533542156219482e-01 3.581520617008209229e-01 -2.077534198760986328e-01 -2.047310024499893188e-01 -4.026618957519531250e+01 0.000000000000000000e+00 -1.666777953505516052e-02 0.000000000000000000e+00 5.000000000000000000e+01 0.000000000000000000e+00
4.503533542156219482e-01 3.581520617008209229e-01 -2.077534198760986328e-01 -2.047310024499893188e-01 -4.026618957519531250e+01 0.000000000000000000e+00 -1.666777953505516052e-02 0.000000000000000000e+00 5.000000000000000000e+01 0.000000000000000000e+00
4.503533542156219482e-01 3.581520617008209229e-01 -2.077534198760986328e-01 -2.047310024499893188e-01 -4.026618957519531250e+01 0.000000000000000000e+00 -1.666777953505516052e-02 0.000000000000000000e+00 5.000000000000000000e+01 0.000000000000000000e+00
4.503533542156219482e-01 3.581520617008209229e-01 -2.077534198760986328e-01 -2.047310024499893188e-01 -4.026618957519531250e+01 0.000000000000000000e+00 -1.666777953505516052e-02 0.000000000000000000e+00 5.000000000000000000e+01 0.000000000000000000e+00
4.503533542156219482e-01 3.581520617008209229e-01 -2.077534198760986328e-01 -2.047310024499893188e-01 -4.026618957519531250e+01 0.000000000000000000e+00 -1.666777953505516052e-02 0.000000000000000000e+00 5.000000000000000000e+01 0.000000000000000000e+00
4.503533542156219482e-01 3.581520617008209229e-01 -2.077534198760986328e-01 -2.047310024499893188e-01 -4.026618957519531250e+01 0.000000000000000000e+00 -1.666777953505516052e-02 0.000000000000000000e+00 5.000000000000000000e+01 0.000000000000000000e+00
4.503533542156219482e-01 3.581520617008209229e-01 -2.077534198760986328e-01 -2.047310024499893188e-01 -4.026618957519531250e+01 0.000000000000000000e+00 -1.666777953505516052e-02 0.000000000000000000e+00 5.000000000000000000e+01 0.000000000000000000e+00
