4.450466036796569824e-01 2.825845777988433838e-01 -4.259010851383209229e-01 -3.650449812412261963e-01 -2.057503356933593750e+02 -1.790861816406250000e+02 -8.516825735569000244e-02 -2.237956821918487549e-01 4.030000000000000000e+02 3.570000000000000000e+02
4.450466036796569824e-01 2.959622740745544434e-01 -3.986153602600097656e-01 -3.349858820438385010e-01 -1.615988922119140625e+02 -1.349347534179687500e+02 -6.689221411943435669e-02 -1.686216890811920166e-01 3.430000000000000000e+02 2.970000000000000000e+02
4.450466036796569824e-01 3.105128705501556396e-01 -3.669166564941406250e-01 -3.022913336753845215e-01 -1.329693145751953125e+02 -1.063051605224609375e+02 -5.504129454493522644e-02 -1.328446120023727417e-01 3.030000000000000000e+02 2.570000000000000000e+02
4.450466036796569824e-01 3.250256180763244629e-01 -3.318570256233215332e-01 -2.696818411350250244e-01 -1.072512512207031250e+02 -8.058711242675781250e+01 -4.439556598663330078e-02 -1.007059663534164429e-01 2.660000000000000000e+02 2.200000000000000000e+02
4.450466036796569824e-01 3.345828056335449219e-01 -3.085976243019104004e-01 -2.482072561979293823e-01 -9.761047363281250000e+01 -7.094633483886718750e+01 -4.040486365556716919e-02 -8.865834027528762817e-02 2.540000000000000000e+02 2.080000000000000000e+02
4.450466036796569824e-01 3.536314964294433594e-01 -2.662943005561828613e-01 -2.054056972265243530e-01 -8.661209106445312500e+01 -5.994794845581054688e+01 -3.585219383239746094e-02 -7.491416484117507935e-02 2.350000000000000000e+02 1.890000000000000000e+02
4.450466036796569824e-01 3.659827411174774170e-01 -2.361901104450225830e-01 -1.776529997587203979e-01 -7.983502197265625000e+01 -5.317087554931640625e+01 -3.304689377546310425e-02 -6.644517183303833008e-02 2.230000000000000000e+02 1.770000000000000000e+02
4.450466036796569824e-01 3.729035854339599609e-01 -2.182955443859100342e-01 -1.621021628379821777e-01 -7.196924591064453125e+01 -4.530510711669921875e+01 -2.979093790054321289e-02 -5.661568790674209595e-02 2.110000000000000000e+02 1.650000000000000000e+02
4.450466036796569824e-01 3.817285597324371338e-01 -1.962108165025711060e-01 -1.422728449106216431e-01 -6.709796142578125000e+01 -4.043382644653320312e+01 -2.777451835572719574e-02 -5.052827298641204834e-02 2.040000000000000000e+02 1.580000000000000000e+02
4.450466036796569824e-01 3.911904692649841309e-01 -1.749368607997894287e-01 -1.210123449563980103e-01 -6.431607055664062500e+01 -3.765192794799804688e+01 -2.662298269569873810e-02 -4.705186560750007629e-02 1.990000000000000000e+02 1.530000000000000000e+02
4.450466036796569824e-01 4.170142412185668945e-01 -1.116878986358642578e-01 -6.298747658729553223e-02 -6.003915786743164062e+01 -3.337501525878906250e+01 -2.485259808599948883e-02 -4.170720651745796204e-02 1.900000000000000000e+02 1.440000000000000000e+02
4.450466036796569824e-01 4.501327872276306152e-01 -3.662000223994255066e-02 1.142842881381511688e-02 -4.197434234619140625e+01 -1.531019878387451172e+01 -1.737485267221927643e-02 -1.913244463503360748e-02 1.530000000000000000e+02 1.070000000000000000e+02
4.450466036796569824e-01 4.710999429225921631e-01 1.572292856872081757e-02 5.854069814085960388e-02 -3.636359405517578125e+01 -9.699452400207519531e+00 -1.505233999341726303e-02 -1.212095469236373901e-02 1.380000000000000000e+02 9.200000000000000000e+01
4.450466036796569824e-01 4.923555254936218262e-01 6.603170186281204224e-02 1.063010543584823608e-01 -3.281459045410156250e+01 -6.150446891784667969e+00 -1.358326617628335953e-02 -7.685927674174308777e-03 1.280000000000000000e+02 8.200000000000000000e+01
4.450466036796569824e-01 4.931837320327758789e-01 6.857853382825851440e-02 1.081619933247566223e-01 -3.206441497802734375e+01 -5.400271415710449219e+00 -1.327273808419704437e-02 -6.748468149453401566e-03 1.220000000000000000e+02 7.600000000000000000e+01
4.450466036796569824e-01 4.945304393768310547e-01 7.276552170515060425e-02 1.111879870295524597e-01 -3.176915550231933594e+01 -5.105012893676757812e+00 -1.315051876008510590e-02 -6.379497237503528595e-03 1.200000000000000000e+02 7.400000000000000000e+01
4.450466036796569824e-01 4.940219819545745850e-01 7.156734168529510498e-02 1.100455075502395630e-01 -3.171251869201660156e+01 -5.048376083374023438e+00 -1.312707457691431046e-02 -6.308720912784337997e-03 1.170000000000000000e+02 7.100000000000000000e+01
4.450466036796569824e-01 4.973036050796508789e-01 7.860186696052551270e-02 1.174191683530807495e-01 -3.118799972534179688e+01 -4.523857593536376953e+00 -1.290995534509420395e-02 -5.653254687786102295e-03 1.140000000000000000e+02 6.800000000000000000e+01
4.450466036796569824e-01 5.003390908241271973e-01 8.449354767799377441e-02 1.242397651076316833e-01 -3.084820556640625000e+01 -4.184063911437988281e+00 -1.276930049061775208e-02 -5.228630267083644867e-03 1.110000000000000000e+02 6.500000000000000000e+01
4.450466036796569824e-01 5.002015233039855957e-01 8.430499583482742310e-02 1.239306628704071045e-01 -3.076228713989257812e+01 -4.098146438598632812e+00 -1.273373607546091080e-02 -5.121263209730386734e-03 1.090000000000000000e+02 6.300000000000000000e+01
4.450466036796569824e-01 5.019315481185913086e-01 8.930761367082595825e-02 1.278179436922073364e-01 -2.796512603759765625e+01 -1.300984859466552734e+00 -1.157587952911853790e-02 -1.625780365429818630e-03 9.600000000000000000e+01 5.000000000000000000e+01
4.450466036796569824e-01 4.915595054626464844e-01 6.604725867509841919e-02 1.045124307274818420e-01 -2.718008041381835938e+01 -5.159384012222290039e-01 -1.125091779977083206e-02 -6.447442574426531792e-04 8.400000000000000000e+01 3.800000000000000000e+01
4.450466036796569824e-01 4.940283000469207764e-01 7.039561122655868530e-02 1.100597009062767029e-01 -2.704623031616210938e+01 -3.820884823799133301e-01 -1.119551155716180801e-02 -4.774782282765954733e-04 8.000000000000000000e+01 3.400000000000000000e+01
4.450466036796569824e-01 4.939303100109100342e-01 7.023532688617706299e-02 1.098395213484764099e-01 -2.703238677978515625e+01 -3.682451844215393066e-01 -1.118978112936019897e-02 -4.601788823492825031e-04 7.700000000000000000e+01 3.100000000000000000e+01
4.450466036796569824e-01 4.939303100109100342e-01 7.023532688617706299e-02 1.098395213484764099e-01 -2.703238677978515625e+01 -3.682451844215393066e-01 -1.118978112936019897e-02 -4.601788823492825031e-04 7.700000000000000000e+01 3.100000000000000000e+01
4.450466036796569824e-01 4.850028157234191895e-01 5.325011163949966431e-02 8.977983891963958740e-02 -2.690490531921386719e+01 -2.407621741294860840e-01 -1.113701146095991135e-02 -3.008692874573171139e-04 7.500000000000000000e+01 2.900000000000000000e+01
4.450466036796569824e-01 4.823085367679595947e-01 4.797139391303062439e-02 8.372591435909271240e-02 -2.687166976928710938e+01 -2.075256705284118652e-01 -1.112325396388769150e-02 -2.593351819086819887e-04 7.300000000000000000e+01 2.700000000000000000e+01
4.450466036796569824e-01 4.827130436897277832e-01 4.876983538269996643e-02 8.463481813669204712e-02 -2.686909103393554688e+01 -2.049474716186523438e-01 -1.112218666821718216e-02 -2.561133296694606543e-04 7.200000000000000000e+01 2.600000000000000000e+01
4.450466036796569824e-01 4.827130436897277832e-01 4.876983165740966797e-02 8.463481813669204712e-02 -2.686909103393554688e+01 -2.049474716186523438e-01 -1.112218666821718216e-02 -2.561133296694606543e-04 7.200000000000000000e+01 2.600000000000000000e+01
4.450466036796569824e-01 4.854961335659027100e-01 5.818675830960273743e-02 9.088829904794692993e-02 -2.677023315429687500e+01 -1.060911417007446289e-01 -1.108126528561115265e-02 -1.325771736446768045e-04 6.500000000000000000e+01 1.900000000000000000e+01
4.450466036796569824e-01 4.778190255165100098e-01 4.262289404869079590e-02 7.363817840814590454e-02 -2.674723434448242188e+01 -8.309149742126464844e-02 -1.107174530625343323e-02 -1.038355840137228370e-04 6.300000000000000000e+01 1.700000000000000000e+01
4.450466036796569824e-01 4.608790874481201172e-01 8.122887462377548218e-03 3.557489067316055298e-02 -2.673224258422851562e+01 -6.809920072555541992e-02 -1.106553990393877029e-02 -8.510040788678452373e-05 6.000000000000000000e+01 1.400000000000000000e+01
4.450466036796569824e-01 4.577973186969757080e-01 2.552671357989311218e-03 2.865029126405715942e-02 -2.672586441040039062e+01 -6.172275543212890625e-02 -1.106289960443973541e-02 -7.713206287007778883e-05 5.900000000000000000e+01 1.300000000000000000e+01
4.450466036796569824e-01 4.500371515750885010e-01 -1.193733420222997665e-02 1.121354009956121445e-02 -2.671860885620117188e+01 -5.446648597717285156e-02 -1.105989608913660049e-02 -6.806423334637656808e-05 5.800000000000000000e+01 1.200000000000000000e+01
4.450466036796569824e-01 4.500371515750885010e-01 -1.193733420222997665e-02 1.121354009956121445e-02 -2.671860885620117188e+01 -5.446648597717285156e-02 -1.105989608913660049e-02 -6.806423334637656808e-05 5.800000000000000000e+01 1.200000000000000000e+01
4.450466036796569824e-01 4.475083053112030029e-01 -1.762393489480018616e-02 5.531334318220615387e-03 -2.668779754638671875e+01 -2.365344762802124023e-02 -1.104714255779981613e-02 -2.955861418740823865e-05 5.700000000000000000e+01 1.100000000000000000e+01
4.450466036796569824e-01 4.414545297622680664e-01 -3.192035481333732605e-02 -8.071230724453926086e-03 -2.668510246276855469e+01 -2.096015214920043945e-02 -1.104602683335542679e-02 -2.619292899908032268e-05 5.600000000000000000e+01 1.000000000000000000e+01
4.450466036796569824e-01 4.379987120628356934e-01 -3.865661844611167908e-02 -1.583630032837390900e-02 -2.668222045898437500e+01 -1.807737350463867188e-02 -1.104483380913734436e-02 -2.259045322716701776e-05 5.400000000000000000e+01 8.000000000000000000e+00
4.450466036796569824e-01 4.305092394351959229e-01 -5.446037277579307556e-02 -3.266481310129165649e-02 -2.666487693786621094e+01 -7.349848747253417969e-04 -1.103765424340963364e-02 -9.184764167002867907e-07 5.000000000000000000e+01 4.000000000000000000e+00
4.450466036796569824e-01 4.287642538547515869e-01 -5.798060446977615356e-02 -3.658571839332580566e-02 -2.666455078125000000e+01 -4.096627235412597656e-04 -1.103751920163631439e-02 -5.119364914207835682e-07 4.800000000000000000e+01 2.000000000000000000e+00
4.450466036796569824e-01 4.287642538547515869e-01 -5.798060446977615356e-02 -3.658571839332580566e-02 -2.666455078125000000e+01 -4.096627235412597656e-04 -1.103751920163631439e-02 -5.119364914207835682e-07 4.800000000000000000e+01 2.000000000000000000e+00
4.450466036796569824e-01 4.287642538547515869e-01 -5.798060446977615356e-02 -3.658571839332580566e-02 -2.666455078125000000e+01 -4.096627235412597656e-04 -1.103751920163631439e-02 -5.119364914207835682e-07 4.800000000000000000e+01 2.000000000000000000e+00
4.450466036796569824e-01 4.287642538547515869e-01 -5.798060446977615356e-02 -3.658571839332580566e-02 -2.666455078125000000e+01 -4.096627235412597656e-04 -1.103751920163631439e-02 -5.119364914207835682e-07 4.800000000000000000e+01 2.000000000000000000e+00
4.450466036796569824e-01 4.287642538547515869e-01 -5.798060446977615356e-02 -3.658571839332580566e-02 -2.666455078125000000e+01 -4.096627235412597656e-04 -1.103751920163631439e-02 -5.119364914207835682e-07 4.800000000000000000e+01 2.000000000000000000e+00
4.450466036796569824e-01 4.287642538547515869e-01 -5.798060446977615356e-02 -3.658571839332580566e-02 -2.666455078125000000e+01 -4.096627235412597656e-04 -1.103751920163631439e-02 -5.119364914207835682e-07 4.800000000000000000e+01 2.000000000000000000e+00
4.450466036796569824e-01 4.287642538547515869e-01 -5.798060446977615356e-02 -3.658571839332580566e-02 -2.666455078125000000e+01 -4.096627235412597656e-04 -1.103751920163631439e-02 -5.119364914207835682e-07 4.800000000000000000e+01 2.000000000000000000e+00
4.450466036796569824e-01 4.287642538547515869e-01 -5.798060446977615356e-02 -3.658571839332580566e-02 -2.666455078125000000e+01 -4.096627235412597656e-04 -1.103751920163631439e-02 -5.119364914207835682e-07 4.800000000000000000e+01 2.000000000000000000e+00
4.450466036796569824e-01 4.267859458923339844e-01 -6.272827088832855225e-02 -4.103088751435279846e-02 -2.666439056396484375e+01 -2.498030662536621094e-04 -1.103745307773351669e-02 -3.121672875749936793e-07 4.700000000000000000e+01 1.000000000000000000e+00
4.450466036796569824e-01 4.263458847999572754e-01 -6.354997307062149048e-02 -4.201968759298324585e-02 -2.666414260864257812e+01 0.000000000000000000e+00 -1.103735063225030899e-02 0.000000000000000000e+00 4.600000000000000000e+01 0.000000000000000000e+00
4.450466036796569824e-01 4.263458847999572754e-01 -6.354997307062149048e-02 -4.201968759298324585e-02 -2.666414260864257812e+01 0.000000000000000000e+00 -1.103735063225030899e-02 0.000000000000000000e+00 4.600000000000000000e+01 0.000000000000000000e+00
4.450466036796569824e-01 4.263458847999572754e-01 -6.354997307062149048e-02 -4.201968759298324585e-02 -2.666414260864257812e+01 0.000000000000000000e+00 -1.103735063225030899e-02 0.000000000000000000e+00 4.600000000000000000e+01 0.000000000000000000e+00
4.450466036796569824e-01 4.263458847999572754e-01 -6.354997307062149048e-02 -4.201968759298324585e-02 -2.666414260864257812e+01 0.000000000000000000e+00 -1.103735063225030899e-02 0.000000000000000000e+00 4.600000000000000000e+01 0.000000000000000000e+00
4.450466036796569824e-01 4.263458847999572754e-01 -6.354997307062149048e-02 -4.201968759298324585e-02 -2.666414260864257812e+01 0.000000000000000000e+00 -1.103735063225030899e-02 0.000000000000000000e+00 4.600000000000000000e+01 0.000000000000000000e+00
4.450466036796569824e-01 4.263458847999572754e-01 -6.354997307062149048e-02 -4.201968759298324585e-02 -2.666414260864257812e+01 0.000000000000000000e+00 -1.103735063225030899e-02 0.000000000000000000e+00 4.600000000000000000e+01 0.000000000000000000e+00
4.450466036796569824e-01 4.263458847999572754e-01 -6.354997307062149048e-02 -4.201968759298324585e-02 -2.666414260864257812e+01 0.000000000000000000e+00 -1.103735063225030899e-02 0.000000000000000000e+00 4.600000000000000000e+01 0.000000000000000000e+00
4.450466036796569824e-01 4.263458847999572754e-01 -6.354997307062149048e-02 -4.201968759298324585e-02 -2.666414260864257812e+01 0.000000000000000000e+00 -1.103735063225030899e-02 0.000000000000000000e+00 4.600000000000000000e+01 0.000000000000000000e+00
4.450466036796569824e-01 4.263458847999572754e-01 -6.354997307062149048e-02 -4.201968759298324585e-02 -2.666414260864257812e+01 0.000000000000000000e+00 -1.103735063225030899e-02 0.000000000000000000e+00 4.600000000000000000e+01 0.000000000000000000e+00
4.450466036796569824e-01 4.263458847999572754e-01 -6.354997307062149048e-02 -4.201968759298324585e-02 -2.666414260864257812e+01 0.000000000000000000e+00 -1.103735063225030899e-02 0.000000000000000000e+00 4.600000000000000000e+01 0.000000000000000000e+00
4.450466036796569824e-01 4.263458847999572754e-01 -6.354997307062149048e-02 -4.201968759298324585e-02 -2.666414260864257812e+01 0.000000000000000000e+00 -1.103735063225030899e-02 0.000000000000000000e+00 4.600000000000000000e+01 0.000000000000000000e+00
4.450466036796569824e-01 4.263458847999572754e-01 -6.354997307062149048e-02 -4.201968759298324585e-02 -2.666414260864257812e+01 0.000000000000000000e+00 -1.103735063225030899e-02 0.000000000000000000e+00 4.600000000000000000e+01 0.000000000000000000e+00
4.450466036796569824e-01 4.263458847999572754e-01 -6.354997307062149048e-02 -4.201968759298324585e-02 -2.666414260864257812e+01 0.000000000000000000e+00 -1.103735063225030899e-02 0.000000000000000000e+00 4.600000000000000000e+01 0.000000000000000000e+00
4.450466036796569824e-01 4.263458847999572754e-01 -6.354997307062149048e-02 -4.201968759298324585e-02 -2.666414260864257812e+01 0.000000000000000000e+00 -1.103735063225030899e-02 0.000000000000000000e+00 4.600000000000000000e+01 0.000000000000000000e+00
4.450466036796569824e-01 4.263458847999572754e-01 -6.354997307062149048e-02 -4.201968759298324585e-02 -2.666414260864257812e+01 0.000000000000000000e+00 -1.103735063225030899e-02 0.000000000000000000e+00 4.600000000000000000e+01 0.000000000000000000e+00
4.450466036796569824e-01 4.263458847999572754e-01 -6.354997307062149048e-02 -4.201968759298324585e-02 -2.666414260864257812e+01 0.000000000000000000e+00 -1.103735063225030899e-02 0.000000000000000000e+00 4.600000000000000000e+01 0.000000000000000000e+00
4.450466036796569824e-01 4.263458847999572754e-01 -6.354997307062149048e-02 -4.201968759298324585e-02 -2.666414260864257812e+01 0.000000000000000000e+00 -1.103735063225030899e-02 0.000000000000000000e+00 4.600000000000000000e+01 0.000000000000000000e+00
4.450466036796569824e-01 4.263458847999572754e-01 -6.354997307062149048e-02 -4.201968759298324585e-02 -2.666414260864257812e+01 0.000000000000000000e+00 -1.103735063225030899e-02 0.000000000000000000e+00 4.600000000000000000e+01 0.000000000000000000e+00
4.450466036796569824e-01 4.263458847999572754e-01 -6.354997307062149048e-02 -4.201968759298324585e-02 -2.666414260864257812e+01 0.000000000000000000e+00 -1.103735063225030899e-02 0.000000000000000000e+00 4.600000000000000000e+01 0.000000000000000000e+00
4.450466036796569824e-01 4.263458847999572754e-01 -6.354997307062149048e-02 -4.201968759298324585e-02 -2.666414260864257812e+01 0.000000000000000000e+00 -1.103735063225030899e-02 0.000000000000000000e+00 4.600000000000000000e+01 0.000000000000000000e+00
4.450466036796569824e-01 4.263458847999572754e-01 -6.354997307062149048e-02 -4.201968759298324585e-02 -2.666414260864257812e+01 0.000000000000000000e+00 -1.103735063225030899e-02 0.000000000000000000e+00 4.600000000000000000e+01 0.000000000000000000e+00
4.450466036796569824e-01 4.263458847999572754e-01 -6.354997307062149048e-02 -4.201968759298324585e-02 -2.666414260864257812e+01 0.000000000000000000e+00 -1.103735063225030899e-02 0.000000000000000000e+00 4.600000000000000000e+01 0.000000000000000000e+00
4.450466036796569824e-01 4.263458847999572754e-01 -6.354997307062149048e-02 -4.201968759298324585e-02 -2.666414260864257812e+01 0.000000000000000000e+00 -1.103735063225030899e-02 0.000000000000000000e+00 4.600000000000000000e+01 0.000000000000000000e+00
4.450466036796569824e-01 4.263458847999572754e-01 -6.354997307062149048e-02 -4.201968759298324585e-02 -2.666414260864257812e+01 0.000000000000000000e+00 -1.103735063225030899e-02 0.000000000000000000e+00 4.600000000000000000e+01 0.000000000000000000e+00
4.450466036796569824e-01 4.263458847999572754e-01 -6.354997307062149048e-02 -4.201968759298324585e-02 -2.666414260864257812e+01 0.000000000000000000e+00 -1.103735063225030899e-02 0.000000000000000000e+00 4.600000000000000000e+01 0.000000000000000000e+00
4.450466036796569824e-01 4.263458847999572754e-01 -6.354997307062149048e-02 -4.201968759298324585e-02 -2.666414260864257812e+01 0.000000000000000000e+00 -1.103735063225030899e-02 0.000000000000000000e+00 4.600000000000000000e+01 0.000000000000000000e+00
4.450466036796569824e-01 4.263458847999572754e-01 -6.354997307062149048e-02 -4.201968759298324585e-02 -2.666414260864257812e+01 0.000000000000000000e+00 -1.103735063225030899e-02 0.000000000000000000e+00 4.600000000000000000e+01 0.000000000000000000e+00
4.450466036796569824e-01 4.263458847999572754e-01 -6.354997307062149048e-02 -4.201968759298324585e-02 -2.666414260864257812e+01 0.000000000000000000e+00 -1.103735063225030899e-02 0.000000000000000000e+00 4.600000000000000000e+01 0.000000000000000000e+00
4.450466036796569824e-01 4.263458847999572754e-01 -6.354997307062149048e-02 -4.201968759298324585e-02 -2.666414260864257812e+01 0.000000000000000000e+00 -1.103735063225030899e-02 0.000000000000000000e+00 4.600000000000000000e+01 0.000000000000000000e+00
4.450466036796569824e-01 4.263458847999572754e-01 -6.354997307062149048e-02 -4.201968759298324585e-02 -2.666414260864257812e+01 0.000000000000000000e+00 -1.103735063225030899e-02 0.000000000000000000e+00 4.600000000000000000e+01 0.000000000000000000e+00
4.450466036796569824e-01 4.263458847999572754e-01 -6.354997307062149048e-02 -4.201968759298324585e-02 -2.666414260864257812e+01 0.000000000000000000e+00 -1.103735063225030899e-02 0.000000000000000000e+00 4.600000000000000000e+01 0.000000000000000000e+00
4.450466036796569824e-01 4.263458847999572754e-01 -6.354997307062149048e-02 -4.201968759298324585e-02 -2.666414260864257812e+01 0.000000000000000000e+00 -1.103735063225030899e-02 0.000000000000000000e+00 4.600000000000000000e+01 0.000000000000000000e+00
4.450466036796569824e-01 4.263458847999572754e-01 -6.354997307062149048e-02 -4.201968759298324585e-02 -2.666414260864257812e+01 0.000000000000000000e+00 -1.103735063225030899e-02 0.000000000000000000e+00 4.600000000000000000e+01 0.000000000000000000e+00
4.450466036796569824e-01 4.263458847999572754e-01 -6.354997307062149048e-02 -4.201968759298324585e-02 -2.666414260864257812e+01 0.000000000000000000e+00 -1.103735063225030899e-02 0.000000000000000000e+00 4.600000000000000000e+01 0.000000000000000000e+00
4.450466036796569824e-01 4.263458847999572754e-01 -6.354997307062149048e-02 -4.201968759298324585e-02 -2.666414260864257812e+01 0.000000000000000000e+00 -1.103735063225030899e-02 0.000000000000000000e+00 4.600000000000000000e+01 0.000000000000000000e+00
4.450466036796569824e-01 4.263458847999572754e-01 -6.354997307062149048e-02 -4.201968759298324585e-02 -2.666414260864257812e+01 0.000000000000000000e+00 -1.103735063225030899e-02 0.000000000000000000e+00 4.600000000000000000e+01 0.000000000000000000e+00
4.450466036796569824e-01 4.263458847999572754e-01 -6.354997307062149048e-02 -4.201968759298324585e-02 -2.666414260864257812e+01 0.000000000000000000e+00 -1.103735063225030899e-02 0.000000000000000000e+00 4.600000000000000000e+01 0.000000000000000000e+00
4.450466036796569824e-01 4.263458847999572754e-01 -6.354997307062149048e-02 -4.201968759298324585e-02 -2.666414260864257812e+01 0.000000000000000000e+00 -1.103735063225030899e-02 0.000000000000000000e+00 4.600000000000000000e+01 0.000000000000000000e+00
4.450466036796569824e-01 4.263458847999572754e-01 -6.354997307062149048e-02 -4.201968759298324585e-02 -2.666414260864257812e+01 0.000000000000000000e+00 -1.103735063225030899e-02 0.000000000000000000e+00 4.600000000000000000e+01 0.000000000000000000e+00
4.450466036796569824e-01 4.263458847999572754e-01 -6.354997307062149048e-02 -4.201968759298324585e-02 -2.666414260864257812e+01 0.000000000000000000e+00 -1.103735063225030899e-02 0.000000000000000000e+00 4.600000000000000000e+01 0.000000000000000000e+00
4.450466036796569824e-01 4.263458847999572754e-01 -6.354997307062149048e-02 -4.201968759298324585e-02 -2.666414260864257812e+01 0.000000000000000000e+00 -1.103735063225030899e-02 0.000000000000000000e+00 4.600000000000000000e+01 0.000000000000000000e+00
4.450466036796569824e-01 4.263458847999572754e-01 -6.354997307062149048e-02 -4.201968759298324585e-02 -2.666414260864257812e+01 0.000000000000000000e+00 -1.103735063225030899e-02 0.000000000000000000e+00 4.600000000000000000e+01 0.000000000000000000e+00
4.450466036796569824e-01 4.263458847999572754e-01 -6.354997307062149048e-02 -4.201968759298324585e-02 -2.666414260864257812e+01 0.000000000000000000e+00 -1.103735063225030899e-02 0.000000000000000000e+00 4.600000000000000000e+01 0.000000000000000000e+00
