4.324448406696319580e-01 3.988868594169616699e-01 -1.090533062815666199e-01 -7.760060578584671021e-02 -6.279216766357421875e+01 -2.924298477172851562e+01 -2.599217928946018219e-02 -3.249188140034675598e-02 1.330000000000000000e+02 8.300000000000000000e+01
4.324448406696319580e-01 4.069686830043792725e-01 -8.660030364990234375e-02 -5.891192331910133362e-02 -5.525452041625976562e+01 -2.170533752441406250e+01 -2.287204749882221222e-02 -2.411680109798908234e-02 1.180000000000000000e+02 6.800000000000000000e+01
4.324448406696319580e-01 4.205196201801300049e-01 -5.280511826276779175e-02 -2.757628075778484344e-02 -4.896867370605468750e+01 -1.541948509216308594e+01 -2.027008496224880219e-02 -1.713258959352970123e-02 1.030000000000000000e+02 5.300000000000000000e+01
4.324448406696319580e-01 4.141518175601959229e-01 -6.576990336179733276e-02 -4.230140149593353271e-02 -4.515426635742187500e+01 -1.160508346557617188e+01 -1.869114860892295837e-02 -1.289440877735614777e-02 9.300000000000000000e+01 4.300000000000000000e+01
4.324448406696319580e-01 4.134289324283599854e-01 -6.826668977737426758e-02 -4.397302493453025818e-02 -4.351860427856445312e+01 -9.969419479370117188e+00 -1.801408268511295319e-02 -1.107702217996120453e-02 8.800000000000000000e+01 3.800000000000000000e+01
4.324448406696319580e-01 4.137817323207855225e-01 -6.678613275289535522e-02 -4.315720126032829285e-02 -4.262524414062500000e+01 -9.076061248779296875e+00 -1.764428615570068359e-02 -1.008441206067800522e-02 8.500000000000000000e+01 3.500000000000000000e+01
4.324448406696319580e-01 4.141420722007751465e-01 -6.613443046808242798e-02 -4.232393577694892883e-02 -4.223860168457031250e+01 -8.689414978027343750e+00 -1.748424023389816284e-02 -9.654809720814228058e-03 8.400000000000000000e+01 3.400000000000000000e+01
4.324448406696319580e-01 4.179164767265319824e-01 -5.490967631340026855e-02 -3.359587863087654114e-02 -3.993804931640625000e+01 -6.388866424560546875e+00 -1.653194986283779144e-02 -7.098669651895761490e-03 7.800000000000000000e+01 2.800000000000000000e+01
4.324448406696319580e-01 4.190733730792999268e-01 -5.241458117961883545e-02 -3.092063218355178833e-02 -3.943529129028320312e+01 -5.886108875274658203e+00 -1.632383838295936584e-02 -6.540055852383375168e-03 7.500000000000000000e+01 2.500000000000000000e+01
4.324448406696319580e-01 4.190733730792999268e-01 -5.241458117961883545e-02 -3.092063218355178833e-02 -3.943529129028320312e+01 -5.886108875274658203e+00 -1.632383838295936584e-02 -6.540055852383375168e-03 7.500000000000000000e+01 2.500000000000000000e+01
4.324448406696319580e-01 4.209672212600708008e-01 -4.758391156792640686e-02 -2.654123306274414062e-02 -3.892269134521484375e+01 -5.373507499694824219e+00 -1.611165143549442291e-02 -5.970504600554704666e-03 7.300000000000000000e+01 2.300000000000000000e+01
4.324448406696319580e-01 4.147666692733764648e-01 -5.990495905280113220e-02 -4.087959975004196167e-02 -3.769184112548828125e+01 -4.142655849456787109e+00 -1.560215465724468231e-02 -4.602904897183179855e-03 6.800000000000000000e+01 1.800000000000000000e+01
4.324448406696319580e-01 4.152548611164093018e-01 -5.721617862582206726e-02 -3.975068777799606323e-02 -3.645340728759765625e+01 -2.904221057891845703e+00 -1.508951745927333832e-02 -3.226880216971039772e-03 6.300000000000000000e+01 1.300000000000000000e+01
4.324448406696319580e-01 4.152548611164093018e-01 -5.721617862582206726e-02 -3.975068777799606323e-02 -3.645340728759765625e+01 -2.904221057891845703e+00 -1.508951745927333832e-02 -3.226880216971039772e-03 6.300000000000000000e+01 1.300000000000000000e+01
4.324448406696319580e-01 4.135096967220306396e-01 -6.172129884362220764e-02 -4.378626495599746704e-02 -3.638153076171875000e+01 -2.832348108291625977e+00 -1.505976449698209763e-02 -3.147022100165486336e-03 6.200000000000000000e+01 1.200000000000000000e+01
4.324448406696319580e-01 4.131173193454742432e-01 -6.328419595956802368e-02 -4.469361156225204468e-02 -3.594675445556640625e+01 -2.397570848464965820e+00 -1.487979292869567871e-02 -2.663941122591495514e-03 6.000000000000000000e+01 1.000000000000000000e+01
4.324448406696319580e-01 4.096755087375640869e-01 -7.143969088792800903e-02 -5.265256762504577637e-02 -3.572667694091796875e+01 -2.177493810653686523e+00 -1.478869467973709106e-02 -2.419413533061742783e-03 5.900000000000000000e+01 9.000000000000000000e+00
4.324448406696319580e-01 4.090322256088256836e-01 -7.273394614458084106e-02 -5.414011701941490173e-02 -3.529559707641601562e+01 -1.746412515640258789e+00 -1.461025327444076538e-02 -1.940438989549875259e-03 5.800000000000000000e+01 8.000000000000000000e+00
4.324448406696319580e-01 4.090322256088256836e-01 -7.273394614458084106e-02 -5.414011701941490173e-02 -3.529559707641601562e+01 -1.746412515640258789e+00 -1.461025327444076538e-02 -1.940438989549875259e-03 5.800000000000000000e+01 8.000000000000000000e+00
4.324448406696319580e-01 4.055473506450653076e-01 -7.984030991792678833e-02 -6.219866126775741577e-02 -3.483784866333007812e+01 -1.288662433624267578e+00 -1.442077290266752243e-02 -1.431832904927432537e-03 5.700000000000000000e+01 7.000000000000000000e+00
4.324448406696319580e-01 3.944778442382812500e-01 -1.051529794931411743e-01 -8.779615908861160278e-02 -3.438544845581054688e+01 -8.362633585929870605e-01 -1.423350628465414047e-02 -9.291722672060132027e-04 5.500000000000000000e+01 5.000000000000000000e+00
4.324448406696319580e-01 3.766210973262786865e-01 -1.409502625465393066e-01 -1.290886998176574707e-01 -3.391696929931640625e+01 -3.677859306335449219e-01 -1.403958443552255630e-02 -4.086469707544893026e-04 5.200000000000000000e+01 2.000000000000000000e+00
4.324448406696319580e-01 3.767417073249816895e-01 -1.407166421413421631e-01 -1.288097947835922241e-01 -3.380204010009765625e+01 -2.528541684150695801e-01 -1.399201061576604843e-02 -2.809462894219905138e-04 5.100000000000000000e+01 1.000000000000000000e+00
4.324448406696319580e-01 3.749687373638153076e-01 -1.452202796936035156e-01 -1.329096704721450806e-01 -3.354918289184570312e+01 0.000000000000000000e+00 -1.388734299689531326e-02 0.000000000000000000e+00 5.000000000000000000e+01 0.000000000000000000e+00
4.324448406696319580e-01 3.749687373638153076e-01 -1.452202796936035156e-01 -1.329096704721450806e-01 -3.354918289184570312e+01 0.000000000000000000e+00 -1.388734299689531326e-02 0.000000000000000000e+00 5.000000000000000000e+01 0.000000000000000000e+00
4.324448406696319580e-01 3.749687373638153076e-01 -1.452202796936035156e-01 -1.329096704721450806e-01 -3.354918289184570312e+01 0.000000000000000000e+00 -1.388734299689531326e-02 0.000000000000000000e+00 5.000000000000000000e+01 0.000000000000000000e+00
4.324448406696319580e-01 3.749687373638153076e-01 -1.452202796936035156e-01 -1.329096704721450806e-01 -3.354918289184570312e+01 0.000000000000000000e+00 -1.388734299689531326e-02 0.000000000000000000e+00 5.000000000000000000e+01 0.000000000000000000e+00
4.324448406696319580e-01 3.749687373638153076e-01 -1.452202796936035156e-01 -1.329096704721450806e-01 -3.354918289184570312e+01 0.000000000000000000e+00 -1.388734299689531326e-02 0.000000000000000000e+00 5.000000000000000000e+01 0.000000000000000000e+00
4.324448406696319580e-01 3.749687373638153076e-01 -1.452202796936035156e-01 -1.329096704721450806e-01 -3.354918289184570312e+01 0.000000000000000000e+00 -1.388734299689531326e-02 0.000000000000000000e+00 5.000000000000000000e+01 0.000000000000000000e+00
4.324448406696319580e-01 3.749687373638153076e-01 -1.452202796936035156e-01 -1.329096704721450806e-01 -3.354918289184570312e+01 0.000000000000000000e+00 -1.388734299689531326e-02 0.000000000000000000e+00 5.000000000000000000e+01 0.000000000000000000e+00
4.324448406696319580e-01 3.749687373638153076e-01 -1.452202796936035156e-01 -1.329096704721450806e-01 -3.354918289184570312e+01 0.000000000000000000e+00 -1.388734299689531326e-02 0.000000000000000000e+00 5.000000000000000000e+01 0.000000000000000000e+00
4.324448406696319580e-01 3.749687373638153076e-01 -1.452202796936035156e-01 -1.329096704721450806e-01 -3.354918289184570312e+01 0.000000000000000000e+00 -1.388734299689531326e-02 0.000000000000000000e+00 5.000000000000000000e+01 0.000000000000000000e+00
4.324448406696319580e-01 3.749687373638153076e-01 -1.452202796936035156e-01 -1.329096704721450806e-01 -3.354918289184570312e+01 0.000000000000000000e+00 -1.388734299689531326e-02 0.000000000000000000e+00 5.000000000000000000e+01 0.000000000000000000e+00
4.324448406696319580e-01 3.749687373638153076e-01 -1.452202796936035156e-01 -1.329096704721450806e-01 -3.354918289184570312e+01 0.000000000000000000e+00 -1.388734299689531326e-02 0.000000000000000000e+00 5.000000000000000000e+01 0.000000000000000000e+00
4.324448406696319580e-01 3.749687373638153076e-01 -1.452202796936035156e-01 -1.329096704721450806e-01 -3.354918289184570312e+01 0.000000000000000000e+00 -1.388734299689531326e-02 0.000000000000000000e+00 5.000000000000000000e+01 0.000000000000000000e+00
4.324448406696319580e-01 3.749687373638153076e-01 -1.452202796936035156e-01 -1.329096704721450806e-01 -3.354918289184570312e+01 0.000000000000000000e+00 -1.388734299689531326e-02 0.000000000000000000e+00 5.000000000000000000e+01 0.000000000000000000e+00
4.324448406696319580e-01 3.749687373638153076e-01 -1.452202796936035156e-01 -1.329096704721450806e-01 -3.354918289184570312e+01 0.000000000000000000e+00 -1.388734299689531326e-02 0.000000000000000000e+00 5.000000000000000000e+01 0.000000000000000000e+00
4.324448406696319580e-01 3.749687373638153076e-01 -1.452202796936035156e-01 -1.329096704721450806e-01 -3.354918289184570312e+01 0.000000000000000000e+00 -1.388734299689531326e-02 0.000000000000000000e+00 5.000000000000000000e+01 0.000000000000000000e+00
4.324448406696319580e-01 3.749687373638153076e-01 -1.452202796936035156e-01 -1.329096704721450806e-01 -3.354918289184570312e+01 0.000000000000000000e+00 -1.388734299689531326e-02 0.000000000000000000e+00 5.000000000000000000e+01 0.000000000000000000e+00
4.324448406696319580e-01 3.749687373638153076e-01 -1.452202796936035156e-01 -1.329096704721450806e-01 -3.354918289184570312e+01 0.000000000000000000e+00 -1.388734299689531326e-02 0.000000000000000000e+00 5.000000000000000000e+01 0.000000000000000000e+00
4.324448406696319580e-01 3.749687373638153076e-01 -1.452202796936035156e-01 -1.329096704721450806e-01 -3.354918289184570312e+01 0.000000000000000000e+00 -1.388734299689531326e-02 0.000000000000000000e+00 5.000000000000000000e+01 0.000000000000000000e+00
4.324448406696319580e-01 3.749687373638153076e-01 -1.452202796936035156e-01 -1.329096704721450806e-01 -3.354918289184570312e+01 0.000000000000000000e+00 -1.388734299689531326e-02 0.000000000000000000e+00 5.000000000000000000e+01 0.000000000000000000e+00
4.324448406696319580e-01 3.749687373638153076e-01 -1.452202796936035156e-01 -1.329096704721450806e-01 -3.354918289184570312e+01 0.000000000000000000e+00 -1.388734299689531326e-02 0.000000000000000000e+00 5.000000000000000000e+01 0.000000000000000000e+00
4.324448406696319580e-01 3.749687373638153076e-01 -1.452202796936035156e-01 -1.329096704721450806e-01 -3.354918289184570312e+01 0.000000000000000000e+00 -1.388734299689531326e-02 0.000000000000000000e+00 5.000000000000000000e+01 0.000000000000000000e+00
4.324448406696319580e-01 3.749687373638153076e-01 -1.452202796936035156e-01 -1.329096704721450806e-01 -3.354918289184570312e+01 0.000000000000000000e+00 -1.388734299689531326e-02 0.000000000000000000e+00 5.000000000000000000e+01 0.000000000000000000e+00
4.324448406696319580e-01 3.749687373638153076e-01 -1.452202796936035156e-01 -1.329096704721450806e-01 -3.354918289184570312e+01 0.000000000000000000e+00 -1.388734299689531326e-02 0.000000000000000000e+00 5.000000000000000000e+01 0.000000000000000000e+00
4.324448406696319580e-01 3.749687373638153076e-01 -1.452202796936035156e-01 -1.329096704721450806e-01 -3.354918289184570312e+01 0.000000000000000000e+00 -1.388734299689531326e-02 0.000000000000000000e+00 5.000000000000000000e+01 0.000000000000000000e+00
4.324448406696319580e-01 3.749687373638153076e-01 -1.452202796936035156e-01 -1.329096704721450806e-01 -3.354918289184570312e+01 0.000000000000000000e+00 -1.388734299689531326e-02 0.000000000000000000e+00 5.000000000000000000e+01 0.000000000000000000e+00
4.324448406696319580e-01 3.749687373638153076e-01 -1.452202796936035156e-01 -1.329096704721450806e-01 -3.354918289184570312e+01 0.000000000000000000e+00 -1.388734299689531326e-02 0.000000000000000000e+00 5.000000000000000000e+01 0.000000000000000000e+00
4.324448406696319580e-01 3.749687373638153076e-01 -1.452202796936035156e-01 -1.329096704721450806e-01 -3.354918289184570312e+01 0.000000000000000000e+00 -1.388734299689531326e-02 0.000000000000000000e+00 5.000000000000000000e+01 0.000000000000000000e+00
4.324448406696319580e-01 3.749687373638153076e-01 -1.452202796936035156e-01 -1.329096704721450806e-01 -3.354918289184570312e+01 0.000000000000000000e+00 -1.388734299689531326e-02 0.000000000000000000e+00 5.000000000000000000e+01 0.000000000000000000e+00
4.324448406696319580e-01 3.749687373638153076e-01 -1.452202796936035156e-01 -1.329096704721450806e-01 -3.354918289184570312e+01 0.000000000000000000e+00 -1.388734299689531326e-02 0.000000000000000000e+00 5.000000000000000000e+01 0.000000000000000000e+00
4.324448406696319580e-01 3.749687373638153076e-01 -1.452202796936035156e-01 -1.329096704721450806e-01 -3.354918289184570312e+01 0.000000000000000000e+00 -1.388734299689531326e-02 0.000000000000000000e+00 5.000000000000000000e+01 0.000000000000000000e+00
4.324448406696319580e-01 3.749687373638153076e-01 -1.452202796936035156e-01 -1.329096704721450806e-01 -3.354918289184570312e+01 0.000000000000000000e+00 -1.388734299689531326e-02 0.000000000000000000e+00 5.000000000000000000e+01 0.000000000000000000e+00
4.324448406696319580e-01 3.749687373638153076e-01 -1.452202796936035156e-01 -1.329096704721450806e-01 -3.354918289184570312e+01 0.000000000000000000e+00 -1.388734299689531326e-02 0.000000000000000000e+00 5.000000000000000000e+01 0.000000000000000000e+00
4.324448406696319580e-01 3.749687373638153076e-01 -1.452202796936035156e-01 -1.329096704721450806e-01 -3.354918289184570312e+01 0.000000000000000000e+00 -1.388734299689531326e-02 0.000000000000000000e+00 5.000000000000000000e+01 0.000000000000000000e+00
4.324448406696319580e-01 3.749687373638153076e-01 -1.452202796936035156e-01 -1.329096704721450806e-01 -3.354918289184570312e+01 0.000000000000000000e+00 -1.388734299689531326e-02 0.000000000000000000e+00 5.000000000000000000e+01 0.000000000000000000e+00
4.324448406696319580e-01 3.749687373638153076e-01 -1.452202796936035156e-01 -1.329096704721450806e-01 -3.354918289184570312e+01 0.000000000000000000e+00 -1.388734299689531326e-02 0.000000000000000000e+00 5.000000000000000000e+01 0.000000000000000000e+00
4.324448406696319580e-01 3.749687373638153076e-01 -1.452202796936035156e-01 -1.329096704721450806e-01 -3.354918289184570312e+01 0.000000000000000000e+00 -1.388734299689531326e-02 0.000000000000000000e+00 5.000000000000000000e+01 0.000000000000000000e+00
4.324448406696319580e-01 3.749687373638153076e-01 -1.452202796936035156e-01 -1.329096704721450806e-01 -3.354918289184570312e+01 0.000000000000000000e+00 -1.388734299689531326e-02 0.000000000000000000e+00 5.000000000000000000e+01 0.000000000000000000e+00
4.324448406696319580e-01 3.749687373638153076e-01 -1.452202796936035156e-01 -1.329096704721450806e-01 -3.354918289184570312e+01 0.000000000000000000e+00 -1.388734299689531326e-02 0.000000000000000000e+00 5.000000000000000000e+01 0.000000000000000000e+00
4.324448406696319580e-01 3.749687373638153076e-01 -1.452202796936035156e-01 -1.329096704721450806e-01 -3.354918289184570312e+01 0.000000000000000000e+00 -1.388734299689531326e-02 0.000000000000000000e+00 5.000000000000000000e+01 0.000000000000000000e+00
4.324448406696319580e-01 3.749687373638153076e-01 -1.452202796936035156e-01 -1.329096704721450806e-01 -3.354918289184570312e+01 0.000000000000000000e+00 -1.388734299689531326e-02 0.000000000000000000e+00 5.000000000000000000e+01 0.000000000000000000e+00
4.324448406696319580e-01 3.749687373638153076e-01 -1.452202796936035156e-01 -1.329096704721450806e-01 -3.354918289184570312e+01 0.000000000000000000e+00 -1.388734299689531326e-02 0.000000000000000000e+00 5.000000000000000000e+01 0.000000000000000000e+00
4.324448406696319580e-01 3.749687373638153076e-01 -1.452202796936035156e-01 -1.329096704721450806e-01 -3.354918289184570312e+01 0.000000000000000000e+00 -1.388734299689531326e-02 0.000000000000000000e+00 5.000000000000000000e+01 0.000000000000000000e+00
4.324448406696319580e-01 3.749687373638153076e-01 -1.452202796936035156e-01 -1.329096704721450806e-01 -3.354918289184570312e+01 0.000000000000000000e+00 -1.388734299689531326e-02 0.000000000000000000e+00 5.000000000000000000e+01 0.000000000000000000e+00
4.324448406696319580e-01 3.749687373638153076e-01 -1.452202796936035156e-01 -1.329096704721450806e-01 -3.354918289184570312e+01 0.000000000000000000e+00 -1.388734299689531326e-02 0.000000000000000000e+00 5.000000000000000000e+01 0.000000000000000000e+00
4.324448406696319580e-01 3.749687373638153076e-01 -1.452202796936035156e-01 -1.329096704721450806e-01 -3.354918289184570312e+01 0.000000000000000000e+00 -1.388734299689531326e-02 0.000000000000000000e+00 5.000000000000000000e+01 0.000000000000000000e+00
4.324448406696319580e-01 3.749687373638153076e-01 -1.452202796936035156e-01 -1.329096704721450806e-01 -3.354918289184570312e+01 0.000000000000000000e+00 -1.388734299689531326e-02 0.000000000000000000e+00 5.000000000000000000e+01 0.000000000000000000e+00
4.324448406696319580e-01 3.749687373638153076e-01 -1.452202796936035156e-01 -1.329096704721450806e-01 -3.354918289184570312e+01 0.000000000000000000e+00 -1.388734299689531326e-02 0.000000000000000000e+00 5.000000000000000000e+01 0.000000000000000000e+00
4.324448406696319580e-01 3.749687373638153076e-01 -1.452202796936035156e-01 -1.329096704721450806e-01 -3.354918289184570312e+01 0.000000000000000000e+00 -1.388734299689531326e-02 0.000000000000000000e+00 5.000000000000000000e+01 0.000000000000000000e+00
4.324448406696319580e-01 3.749687373638153076e-01 -1.452202796936035156e-01 -1.329096704721450806e-01 -3.354918289184570312e+01 0.000000000000000000e+00 -1.388734299689531326e-02 0.000000000000000000e+00 5.000000000000000000e+01 0.000000000000000000e+00
4.324448406696319580e-01 3.749687373638153076e-01 -1.452202796936035156e-01 -1.329096704721450806e-01 -3.354918289184570312e+01 0.000000000000000000e+00 -1.388734299689531326e-02 0.000000000000000000e+00 5.000000000000000000e+01 0.000000000000000000e+00
4.324448406696319580e-01 3.749687373638153076e-01 -1.452202796936035156e-01 -1.329096704721450806e-01 -3.354918289184570312e+01 0.000000000000000000e+00 -1.388734299689531326e-02 0.000000000000000000e+00 5.000000000000000000e+01 0.000000000000000000e+00
4.324448406696319580e-01 3.749687373638153076e-01 -1.452202796936035156e-01 -1.329096704721450806e-01 -3.354918289184570312e+01 0.000000000000000000e+00 -1.388734299689531326e-02 0.000000000000000000e+00 5.000000000000000000e+01 0.000000000000000000e+00
4.324448406696319580e-01 3.749687373638153076e-01 -1.452202796936035156e-01 -1.329096704721450806e-01 -3.354918289184570312e+01 0.000000000000000000e+00 -1.388734299689531326e-02 0.000000000000000000e+00 5.000000000000000000e+01 0.000000000000000000e+00
4.324448406696319580e-01 3.749687373638153076e-01 -1.452202796936035156e-01 -1.329096704721450806e-01 -3.354918289184570312e+01 0.000000000000000000e+00 -1.388734299689531326e-02 0.000000000000000000e+00 5.000000000000000000e+01 0.000000000000000000e+00
4.324448406696319580e-01 3.749687373638153076e-01 -1.452202796936035156e-01 -1.329096704721450806e-01 -3.354918289184570312e+01 0.000000000000000000e+00 -1.388734299689531326e-02 0.000000000000000000e+00 5.000000000000000000e+01 0.000000000000000000e+00
4.324448406696319580e-01 3.749687373638153076e-01 -1.452202796936035156e-01 -1.329096704721450806e-01 -3.354918289184570312e+01 0.000000000000000000e+00 -1.388734299689531326e-02 0.000000000000000000e+00 5.000000000000000000e+01 0.000000000000000000e+00
4.324448406696319580e-01 3.749687373638153076e-01 -1.452202796936035156e-01 -1.329096704721450806e-01 -3.354918289184570312e+01 0.000000000000000000e+00 -1.388734299689531326e-02 0.000000000000000000e+00 5.000000000000000000e+01 0.000000000000000000e+00
4.324448406696319580e-01 3.749687373638153076e-01 -1.452202796936035156e-01 -1.329096704721450806e-01 -3.354918289184570312e+01 0.000000000000000000e+00 -1.388734299689531326e-02 0.000000000000000000e+00 5.000000000000000000e+01 0.000000000000000000e+00
4.324448406696319580e-01 3.749687373638153076e-01 -1.452202796936035156e-01 -1.329096704721450806e-01 -3.354918289184570312e+01 0.000000000000000000e+00 -1.388734299689531326e-02 0.000000000000000000e+00 5.000000000000000000e+01 0.000000000000000000e+00
4.324448406696319580e-01 3.749687373638153076e-01 -1.452202796936035156e-01 -1.329096704721450806e-01 -3.354918289184570312e+01 0.000000000000000000e+00 -1.388734299689531326e-02 0.000000000000000000e+00 5.000000000000000000e+01 0.000000000000000000e+00
4.324448406696319580e-01 3.749687373638153076e-01 -1.452202796936035156e-01 -1.329096704721450806e-01 -3.354918289184570312e+01 0.000000000000000000e+00 -1.388734299689531326e-02 0.000000000000000000e+00 5.000000000000000000e+01 0.000000000000000000e+00
4.324448406696319580e-01 3.749687373638153076e-01 -1.452202796936035156e-01 -1.329096704721450806e-01 -3.354918289184570312e+01 0.000000000000000000e+00 -1.388734299689531326e-02 0.000000000000000000e+00 5.000000000000000000e+01 0.000000000000000000e+00
4.324448406696319580e-01 3.749687373638153076e-01 -1.452202796936035156e-01 -1.329096704721450806e-01 -3.354918289184570312e+01 0.000000000000000000e+00 -1.388734299689531326e-02 0.000000000000000000e+00 5.000000000000000000e+01 0.000000000000000000e+00
4.324448406696319580e-01 3.749687373638153076e-01 -1.452202796936035156e-01 -1.329096704721450806e-01 -3.354918289184570312e+01 0.000000000000000000e+00 -1.388734299689531326e-02 0.000000000000000000e+00 5.000000000000000000e+01 0.000000000000000000e+00
4.324448406696319580e-01 3.749687373638153076e-01 -1.452202796936035156e-01 -1.329096704721450806e-01 -3.354918289184570312e+01 0.000000000000000000e+00 -1.388734299689531326e-02 0.000000000000000000e+00 5.000000000000000000e+01 0.000000000000000000e+00
4.324448406696319580e-01 3.749687373638153076e-01 -1.452202796936035156e-01 -1.329096704721450806e-01 -3.354918289184570312e+01 0.000000000000000000e+00 -1.388734299689531326e-02 0.000000000000000000e+00 5.000000000000000000e+01 0.000000000000000000e+00
4.324448406696319580e-01 3.749687373638153076e-01 -1.452202796936035156e-01 -1.329096704721450806e-01 -3.354918289184570312e+01 0.000000000000000000e+00 -1.388734299689531326e-02 0.000000000000000000e+00 5.000000000000000000e+01 0.000000000000000000e+00
4.324448406696319580e-01 3.749687373638153076e-01 -1.452202796936035156e-01 -1.329096704721450806e-01 -3.354918289184570312e+01 0.000000000000000000e+00 -1.388734299689531326e-02 0.000000000000000000e+00 5.000000000000000000e+01 0.000000000000000000e+00
