4.224524497985839844e-01 2.521124482154846191e-01 -4.554615914821624756e-01 -4.032169878482818604e-01 -1.601727294921875000e+02 -1.371095428466796875e+02 -6.630187481641769409e-02 -1.498406231403350830e-01 4.810000000000000000e+02 4.340000000000000000e+02
4.224524497985839844e-01 2.570509910583496094e-01 -4.441021680831909180e-01 -3.915268182754516602e-01 -1.303353576660156250e+02 -1.072721862792968750e+02 -5.395099520683288574e-02 -1.172327622771263123e-01 4.360000000000000000e+02 3.890000000000000000e+02
4.224524497985839844e-01 2.597070038318634033e-01 -4.380136728286743164e-01 -3.852396905422210693e-01 -1.138423767089843750e+02 -9.077920532226562500e+01 -4.712389409542083740e-02 -9.920835494995117188e-02 4.100000000000000000e+02 3.630000000000000000e+02
4.224524497985839844e-01 2.630784511566162109e-01 -4.300203919410705566e-01 -3.772590160369873047e-01 -9.680758666992187500e+01 -7.374441528320312500e+01 -4.007251560688018799e-02 -8.059182763099670410e-02 3.810000000000000000e+02 3.340000000000000000e+02
4.224524497985839844e-01 2.687530517578125000e-01 -4.162245094776153564e-01 -3.638265132904052734e-01 -8.669587707519531250e+01 -6.363270568847656250e+01 -3.588687628507614136e-02 -6.954121589660644531e-02 3.610000000000000000e+02 3.140000000000000000e+02
4.224524497985839844e-01 2.712272107601165771e-01 -4.106276929378509521e-01 -3.579698503017425537e-01 -8.098294830322265625e+01 -5.791977691650390625e+01 -3.352206945419311523e-02 -6.329782307147979736e-02 3.470000000000000000e+02 3.000000000000000000e+02
4.224524497985839844e-01 2.755544185638427734e-01 -3.992961943149566650e-01 -3.477267920970916748e-01 -7.655419921875000000e+01 -5.349102783203125000e+01 -3.168883174657821655e-02 -5.845784768462181091e-02 3.340000000000000000e+02 2.870000000000000000e+02
4.224524497985839844e-01 2.784239053726196289e-01 -3.917387425899505615e-01 -3.409343361854553223e-01 -7.130785369873046875e+01 -4.824468612670898438e+01 -2.951716072857379913e-02 -5.272436514496803284e-02 3.180000000000000000e+02 2.710000000000000000e+02
4.224524497985839844e-01 2.883280813694000244e-01 -3.676002323627471924e-01 -3.174898624420166016e-01 -6.908422851562500000e+01 -4.602105712890625000e+01 -2.859671413898468018e-02 -5.029426515102386475e-02 3.120000000000000000e+02 2.650000000000000000e+02
4.224524497985839844e-01 2.918707728385925293e-01 -3.587358295917510986e-01 -3.091038465499877930e-01 -6.607094573974609375e+01 -4.300777435302734375e+01 -2.734939567744731903e-02 -4.700118675827980042e-02 3.050000000000000000e+02 2.580000000000000000e+02
4.224524497985839844e-01 2.969883084297180176e-01 -3.466649949550628662e-01 -2.969899773597717285e-01 -6.127060317993164062e+01 -3.820742797851562500e+01 -2.536234259605407715e-02 -4.175511375069618225e-02 2.950000000000000000e+02 2.480000000000000000e+02
4.224524497985839844e-01 3.282690346240997314e-01 -2.679011523723602295e-01 -2.229444235563278198e-01 -4.401910781860351562e+01 -2.095593261718750000e+01 -1.822126284241676331e-02 -2.290176041424274445e-02 2.420000000000000000e+02 1.950000000000000000e+02
4.224524497985839844e-01 3.546321392059326172e-01 -2.068728208541870117e-01 -1.605395078659057617e-01 -3.799545288085937500e+01 -1.493227767944335938e+01 -1.572783105075359344e-02 -1.631878875195980072e-02 2.170000000000000000e+02 1.700000000000000000e+02
4.224524497985839844e-01 3.708891570568084717e-01 -1.676069200038909912e-01 -1.220570355653762817e-01 -3.430164718627929688e+01 -1.123847293853759766e+01 -1.419881824404001236e-02 -1.228200271725654602e-02 2.020000000000000000e+02 1.550000000000000000e+02
4.224524497985839844e-01 3.793337047100067139e-01 -1.470257490873336792e-01 -1.020676866173744202e-01 -3.203627014160156250e+01 -8.973097801208496094e+00 -1.326108817011117935e-02 -9.806280024349689484e-03 1.950000000000000000e+02 1.480000000000000000e+02
4.224524497985839844e-01 3.811188340187072754e-01 -1.422217488288879395e-01 -9.784205257892608643e-02 -3.132983779907226562e+01 -8.266662597656250000e+00 -1.296866778284311295e-02 -9.034249931573867798e-03 1.870000000000000000e+02 1.400000000000000000e+02
4.224524497985839844e-01 3.937042057514190674e-01 -1.138501316308975220e-01 -6.805083900690078735e-02 -3.050506210327148438e+01 -7.441886901855468750e+00 -1.262725982815027237e-02 -8.132890798151493073e-03 1.790000000000000000e+02 1.320000000000000000e+02
4.224524497985839844e-01 3.986097574234008789e-01 -1.003621295094490051e-01 -5.643875896930694580e-02 -2.933231353759765625e+01 -6.269139289855957031e+00 -1.214181259274482727e-02 -6.851249840110540390e-03 1.750000000000000000e+02 1.280000000000000000e+02
4.224524497985839844e-01 4.019208550453186035e-01 -9.299298375844955444e-02 -4.860096052289009094e-02 -2.887890052795410156e+01 -5.815725803375244141e+00 -1.195412687957286835e-02 -6.355735007673501968e-03 1.680000000000000000e+02 1.210000000000000000e+02
4.224524497985839844e-01 4.097430706024169922e-01 -7.283593714237213135e-02 -3.008475713431835175e-02 -2.803966522216796875e+01 -4.976490020751953125e+00 -1.160673424601554871e-02 -5.438573658466339111e-03 1.620000000000000000e+02 1.150000000000000000e+02
4.224524497985839844e-01 4.277708232402801514e-01 -2.650904096662998199e-02 1.258928328752517700e-02 -2.577784729003906250e+01 -2.714673042297363281e+00 -1.067047752439975739e-02 -2.966739470139145851e-03 1.370000000000000000e+02 9.000000000000000000e+01
4.224524497985839844e-01 4.356107711791992188e-01 -7.480707019567489624e-03 3.114746138453483582e-02 -2.492130088806152344e+01 -1.858127713203430176e+00 -1.031591929495334625e-02 -2.030661096796393394e-03 1.250000000000000000e+02 7.800000000000000000e+01
4.224524497985839844e-01 4.512818753719329834e-01 2.985370531678199768e-02 6.824300438165664673e-02 -2.431369781494140625e+01 -1.250524044036865234e+00 -1.006440818309783936e-02 -1.366639393381774426e-03 1.160000000000000000e+02 6.900000000000000000e+01
4.224524497985839844e-01 4.410254061222076416e-01 5.092286970466375351e-03 4.396460950374603271e-02 -2.395822525024414062e+01 -8.950518369674682617e-01 -9.917263872921466827e-03 -9.781604167073965073e-04 1.110000000000000000e+02 6.400000000000000000e+01
4.224524497985839844e-01 4.408210515975952148e-01 1.961784204468131065e-03 4.348087310791015625e-02 -2.366636848449707031e+01 -6.031937003135681152e-01 -9.796452708542346954e-03 -6.592022255063056946e-04 1.070000000000000000e+02 6.000000000000000000e+01
4.224524497985839844e-01 4.406625330448150635e-01 1.601934432983398438e-03 4.310563951730728149e-02 -2.362954711914062500e+01 -5.663728713989257812e-01 -9.781210683286190033e-03 -6.189624546095728874e-04 1.030000000000000000e+02 5.600000000000000000e+01
4.224524497985839844e-01 4.310781061649322510e-01 -2.105491980910301208e-02 2.041805349290370941e-02 -2.352993583679199219e+01 -4.667615294456481934e-01 -9.739977307617664337e-03 -5.101019050925970078e-04 1.000000000000000000e+02 5.300000000000000000e+01
4.224524497985839844e-01 4.301126897335052490e-01 -2.337569743394851685e-02 1.813278533518314362e-02 -2.350200653076171875e+01 -4.388309717178344727e-01 -9.728416800498962402e-03 -4.795778659172356129e-04 9.600000000000000000e+01 4.900000000000000000e+01
4.224524497985839844e-01 4.266053736209869385e-01 -3.285845741629600525e-02 9.830512106418609619e-03 -2.344794082641601562e+01 -3.847650885581970215e-01 -9.706036187708377838e-03 -4.204917931929230690e-04 9.400000000000000000e+01 4.700000000000000000e+01
4.224524497985839844e-01 4.272194504737854004e-01 -3.037359565496444702e-02 1.128411199897527695e-02 -2.325283813476562500e+01 -1.896637082099914551e-01 -9.625275619328022003e-03 -2.072746137855574489e-04 8.100000000000000000e+01 3.400000000000000000e+01
4.224524497985839844e-01 4.173921942710876465e-01 -4.943501949310302734e-02 -1.197828445583581924e-02 -2.321461486816406250e+01 -1.514423489570617676e-01 -9.609453380107879639e-03 -1.655042724451050162e-04 7.600000000000000000e+01 2.900000000000000000e+01
4.224524497985839844e-01 4.137230515480041504e-01 -5.546239390969276428e-02 -2.066362276673316956e-02 -2.315686607360839844e+01 -9.369117021560668945e-02 -9.585549123585224152e-03 -1.023907025228254497e-04 7.200000000000000000e+01 2.500000000000000000e+01
4.224524497985839844e-01 4.052865505218505859e-01 -7.485799491405487061e-02 -4.063392058014869690e-02 -2.313077545166015625e+01 -6.759995222091674805e-02 -9.574749507009983063e-03 -7.387682853732258081e-05 7.000000000000000000e+01 2.300000000000000000e+01
4.224524497985839844e-01 4.061271846294403076e-01 -7.296074926853179932e-02 -3.864403069019317627e-02 -2.312434768676757812e+01 -6.117272377014160156e-02 -9.572088718414306641e-03 -6.685281550744548440e-05 6.800000000000000000e+01 2.100000000000000000e+01
4.224524497985839844e-01 4.056027233600616455e-01 -7.414878159761428833e-02 -3.988549858331680298e-02 -2.312194252014160156e+01 -5.876731872558593750e-02 -9.571093134582042694e-03 -6.422405567718669772e-05 6.500000000000000000e+01 1.800000000000000000e+01
4.224524497985839844e-01 3.939474523067474365e-01 -9.610050171613693237e-02 -6.747504323720932007e-02 -2.309647178649902344e+01 -3.329718112945556641e-02 -9.560549631714820862e-03 -3.638893394963815808e-05 6.300000000000000000e+01 1.600000000000000000e+01
4.224524497985839844e-01 3.909823596477508545e-01 -1.020493954420089722e-01 -7.449380308389663696e-02 -2.309496879577636719e+01 -3.179508447647094727e-02 -9.559927508234977722e-03 -3.474736513453535736e-05 6.200000000000000000e+01 1.500000000000000000e+01
4.224524497985839844e-01 3.869787156581878662e-01 -1.122910380363464355e-01 -8.397094905376434326e-02 -2.308833694458007812e+01 -2.516335248947143555e-02 -9.557181969285011292e-03 -2.749985287664458156e-05 6.000000000000000000e+01 1.300000000000000000e+01
4.224524497985839844e-01 3.845183551311492920e-01 -1.180176585912704468e-01 -8.979494869709014893e-02 -2.307598876953125000e+01 -1.281386613845825195e-02 -9.552070870995521545e-03 -1.400367636961163953e-05 5.600000000000000000e+01 9.000000000000000000e+00
4.224524497985839844e-01 3.847826421260833740e-01 -1.174851581454277039e-01 -8.916934579610824585e-02 -2.307364845275878906e+01 -1.047533750534057617e-02 -9.551102295517921448e-03 -1.144800717156613246e-05 5.400000000000000000e+01 7.000000000000000000e+00
4.224524497985839844e-01 3.966337144374847412e-01 -9.284095466136932373e-02 -6.111631169915199280e-02 -2.307071304321289062e+01 -7.539868354797363281e-03 -9.549886919558048248e-03 -8.239970156864728779e-06 5.200000000000000000e+01 5.000000000000000000e+00
4.224524497985839844e-01 3.883006274700164795e-01 -1.116631329059600830e-01 -8.084181696176528931e-02 -2.306420135498046875e+01 -1.028120517730712891e-03 -9.547191672027111053e-03 -1.123584866036253516e-06 5.100000000000000000e+01 4.000000000000000000e+00
4.224524497985839844e-01 3.861737847328186035e-01 -1.164531558752059937e-01 -8.587633073329925537e-02 -2.306374740600585938e+01 -5.731582641601562500e-04 -9.547003544867038727e-03 -6.263779255277768243e-07 4.900000000000000000e+01 2.000000000000000000e+00
4.224524497985839844e-01 3.861737847328186035e-01 -1.164531558752059937e-01 -8.587633073329925537e-02 -2.306374740600585938e+01 -5.731582641601562500e-04 -9.547003544867038727e-03 -6.263779255277768243e-07 4.900000000000000000e+01 2.000000000000000000e+00
4.224524497985839844e-01 3.861737847328186035e-01 -1.164531558752059937e-01 -8.587633073329925537e-02 -2.306374740600585938e+01 -5.731582641601562500e-04 -9.547003544867038727e-03 -6.263779255277768243e-07 4.900000000000000000e+01 2.000000000000000000e+00
4.224524497985839844e-01 3.861737847328186035e-01 -1.164531558752059937e-01 -8.587633073329925537e-02 -2.306374740600585938e+01 -5.731582641601562500e-04 -9.547003544867038727e-03 -6.263779255277768243e-07 4.900000000000000000e+01 2.000000000000000000e+00
4.224524497985839844e-01 3.861737847328186035e-01 -1.164531558752059937e-01 -8.587633073329925537e-02 -2.306374740600585938e+01 -5.731582641601562500e-04 -9.547003544867038727e-03 -6.263779255277768243e-07 4.900000000000000000e+01 2.000000000000000000e+00
4.224524497985839844e-01 3.861737847328186035e-01 -1.164531558752059937e-01 -8.587633073329925537e-02 -2.306374740600585938e+01 -5.731582641601562500e-04 -9.547003544867038727e-03 -6.263779255277768243e-07 4.900000000000000000e+01 2.000000000000000000e+00
4.224524497985839844e-01 3.861737847328186035e-01 -1.164531558752059937e-01 -8.587633073329925537e-02 -2.306374740600585938e+01 -5.731582641601562500e-04 -9.547003544867038727e-03 -6.263779255277768243e-07 4.900000000000000000e+01 2.000000000000000000e+00
4.224524497985839844e-01 3.766252696514129639e-01 -1.355562359094619751e-01 -1.084789037704467773e-01 -2.306325149536132812e+01 -7.700920104980468750e-05 -9.546798653900623322e-03 -8.415975827347210725e-08 4.800000000000000000e+01 1.000000000000000000e+00
4.224524497985839844e-01 3.766252696514129639e-01 -1.355562359094619751e-01 -1.084789037704467773e-01 -2.306325149536132812e+01 -7.700920104980468750e-05 -9.546798653900623322e-03 -8.415975827347210725e-08 4.800000000000000000e+01 1.000000000000000000e+00
4.224524497985839844e-01 3.766252696514129639e-01 -1.355562359094619751e-01 -1.084789037704467773e-01 -2.306325149536132812e+01 -7.700920104980468750e-05 -9.546798653900623322e-03 -8.415975827347210725e-08 4.800000000000000000e+01 1.000000000000000000e+00
4.224524497985839844e-01 3.766252696514129639e-01 -1.355562359094619751e-01 -1.084789037704467773e-01 -2.306325149536132812e+01 -7.700920104980468750e-05 -9.546798653900623322e-03 -8.415975827347210725e-08 4.800000000000000000e+01 1.000000000000000000e+00
4.224524497985839844e-01 3.749289512634277344e-01 -1.386304944753646851e-01 -1.124943122267723083e-01 -2.306317329406738281e+01 0.000000000000000000e+00 -9.546766057610511780e-03 0.000000000000000000e+00 4.700000000000000000e+01 0.000000000000000000e+00
4.224524497985839844e-01 3.749289512634277344e-01 -1.386304944753646851e-01 -1.124943122267723083e-01 -2.306317329406738281e+01 0.000000000000000000e+00 -9.546766057610511780e-03 0.000000000000000000e+00 4.700000000000000000e+01 0.000000000000000000e+00
4.224524497985839844e-01 3.749289512634277344e-01 -1.386304944753646851e-01 -1.124943122267723083e-01 -2.306317329406738281e+01 0.000000000000000000e+00 -9.546766057610511780e-03 0.000000000000000000e+00 4.700000000000000000e+01 0.000000000000000000e+00
4.224524497985839844e-01 3.749289512634277344e-01 -1.386304944753646851e-01 -1.124943122267723083e-01 -2.306317329406738281e+01 0.000000000000000000e+00 -9.546766057610511780e-03 0.000000000000000000e+00 4.700000000000000000e+01 0.000000000000000000e+00
4.224524497985839844e-01 3.749289512634277344e-01 -1.386304944753646851e-01 -1.124943122267723083e-01 -2.306317329406738281e+01 0.000000000000000000e+00 -9.546766057610511780e-03 0.000000000000000000e+00 4.700000000000000000e+01 0.000000000000000000e+00
4.224524497985839844e-01 3.749289512634277344e-01 -1.386304944753646851e-01 -1.124943122267723083e-01 -2.306317329406738281e+01 0.000000000000000000e+00 -9.546766057610511780e-03 0.000000000000000000e+00 4.700000000000000000e+01 0.000000000000000000e+00
4.224524497985839844e-01 3.749289512634277344e-01 -1.386304944753646851e-01 -1.124943122267723083e-01 -2.306317329406738281e+01 0.000000000000000000e+00 -9.546766057610511780e-03 0.000000000000000000e+00 4.700000000000000000e+01 0.000000000000000000e+00
4.224524497985839844e-01 3.749289512634277344e-01 -1.386304944753646851e-01 -1.124943122267723083e-01 -2.306317329406738281e+01 0.000000000000000000e+00 -9.546766057610511780e-03 0.000000000000000000e+00 4.700000000000000000e+01 0.000000000000000000e+00
4.224524497985839844e-01 3.749289512634277344e-01 -1.386304944753646851e-01 -1.124943122267723083e-01 -2.306317329406738281e+01 0.000000000000000000e+00 -9.546766057610511780e-03 0.000000000000000000e+00 4.700000000000000000e+01 0.000000000000000000e+00
4.224524497985839844e-01 3.749289512634277344e-01 -1.386304944753646851e-01 -1.124943122267723083e-01 -2.306317329406738281e+01 0.000000000000000000e+00 -9.546766057610511780e-03 0.000000000000000000e+00 4.700000000000000000e+01 0.000000000000000000e+00
4.224524497985839844e-01 3.749289512634277344e-01 -1.386304944753646851e-01 -1.124943122267723083e-01 -2.306317329406738281e+01 0.000000000000000000e+00 -9.546766057610511780e-03 0.000000000000000000e+00 4.700000000000000000e+01 0.000000000000000000e+00
4.224524497985839844e-01 3.749289512634277344e-01 -1.386304944753646851e-01 -1.124943122267723083e-01 -2.306317329406738281e+01 0.000000000000000000e+00 -9.546766057610511780e-03 0.000000000000000000e+00 4.700000000000000000e+01 0.000000000000000000e+00
4.224524497985839844e-01 3.749289512634277344e-01 -1.386304944753646851e-01 -1.124943122267723083e-01 -2.306317329406738281e+01 0.000000000000000000e+00 -9.546766057610511780e-03 0.000000000000000000e+00 4.700000000000000000e+01 0.000000000000000000e+00
4.224524497985839844e-01 3.749289512634277344e-01 -1.386304944753646851e-01 -1.124943122267723083e-01 -2.306317329406738281e+01 0.000000000000000000e+00 -9.546766057610511780e-03 0.000000000000000000e+00 4.700000000000000000e+01 0.000000000000000000e+00
4.224524497985839844e-01 3.749289512634277344e-01 -1.386304944753646851e-01 -1.124943122267723083e-01 -2.306317329406738281e+01 0.000000000000000000e+00 -9.546766057610511780e-03 0.000000000000000000e+00 4.700000000000000000e+01 0.000000000000000000e+00
4.224524497985839844e-01 3.749289512634277344e-01 -1.386304944753646851e-01 -1.124943122267723083e-01 -2.306317329406738281e+01 0.000000000000000000e+00 -9.546766057610511780e-03 0.000000000000000000e+00 4.700000000000000000e+01 0.000000000000000000e+00
4.224524497985839844e-01 3.749289512634277344e-01 -1.386304944753646851e-01 -1.124943122267723083e-01 -2.306317329406738281e+01 0.000000000000000000e+00 -9.546766057610511780e-03 0.000000000000000000e+00 4.700000000000000000e+01 0.000000000000000000e+00
4.224524497985839844e-01 3.749289512634277344e-01 -1.386304944753646851e-01 -1.124943122267723083e-01 -2.306317329406738281e+01 0.000000000000000000e+00 -9.546766057610511780e-03 0.000000000000000000e+00 4.700000000000000000e+01 0.000000000000000000e+00
4.224524497985839844e-01 3.749289512634277344e-01 -1.386304944753646851e-01 -1.124943122267723083e-01 -2.306317329406738281e+01 0.000000000000000000e+00 -9.546766057610511780e-03 0.000000000000000000e+00 4.700000000000000000e+01 0.000000000000000000e+00
4.224524497985839844e-01 3.749289512634277344e-01 -1.386304944753646851e-01 -1.124943122267723083e-01 -2.306317329406738281e+01 0.000000000000000000e+00 -9.546766057610511780e-03 0.000000000000000000e+00 4.700000000000000000e+01 0.000000000000000000e+00
4.224524497985839844e-01 3.749289512634277344e-01 -1.386304944753646851e-01 -1.124943122267723083e-01 -2.306317329406738281e+01 0.000000000000000000e+00 -9.546766057610511780e-03 0.000000000000000000e+00 4.700000000000000000e+01 0.000000000000000000e+00
4.224524497985839844e-01 3.749289512634277344e-01 -1.386304944753646851e-01 -1.124943122267723083e-01 -2.306317329406738281e+01 0.000000000000000000e+00 -9.546766057610511780e-03 0.000000000000000000e+00 4.700000000000000000e+01 0.000000000000000000e+00
4.224524497985839844e-01 3.749289512634277344e-01 -1.386304944753646851e-01 -1.124943122267723083e-01 -2.306317329406738281e+01 0.000000000000000000e+00 -9.546766057610511780e-03 0.000000000000000000e+00 4.700000000000000000e+01 0.000000000000000000e+00
4.224524497985839844e-01 3.749289512634277344e-01 -1.386304944753646851e-01 -1.124943122267723083e-01 -2.306317329406738281e+01 0.000000000000000000e+00 -9.546766057610511780e-03 0.000000000000000000e+00 4.700000000000000000e+01 0.000000000000000000e+00
4.224524497985839844e-01 3.749289512634277344e-01 -1.386304944753646851e-01 -1.124943122267723083e-01 -2.306317329406738281e+01 0.000000000000000000e+00 -9.546766057610511780e-03 0.000000000000000000e+00 4.700000000000000000e+01 0.000000000000000000e+00
4.224524497985839844e-01 3.749289512634277344e-01 -1.386304944753646851e-01 -1.124943122267723083e-01 -2.306317329406738281e+01 0.000000000000000000e+00 -9.546766057610511780e-03 0.000000000000000000e+00 4.700000000000000000e+01 0.000000000000000000e+00
4.224524497985839844e-01 3.749289512634277344e-01 -1.386304944753646851e-01 -1.124943122267723083e-01 -2.306317329406738281e+01 0.000000000000000000e+00 -9.546766057610511780e-03 0.000000000000000000e+00 4.700000000000000000e+01 0.000000000000000000e+00
4.224524497985839844e-01 3.749289512634277344e-01 -1.386304944753646851e-01 -1.124943122267723083e-01 -2.306317329406738281e+01 0.000000000000000000e+00 -9.546766057610511780e-03 0.000000000000000000e+00 4.700000000000000000e+01 0.000000000000000000e+00
4.224524497985839844e-01 3.749289512634277344e-01 -1.386304944753646851e-01 -1.124943122267723083e-01 -2.306317329406738281e+01 0.000000000000000000e+00 -9.546766057610511780e-03 0.000000000000000000e+00 4.700000000000000000e+01 0.000000000000000000e+00
4.224524497985839844e-01 3.749289512634277344e-01 -1.386304944753646851e-01 -1.124943122267723083e-01 -2.306317329406738281e+01 0.000000000000000000e+00 -9.546766057610511780e-03 0.000000000000000000e+00 4.700000000000000000e+01 0.000000000000000000e+00
4.224524497985839844e-01 3.749289512634277344e-01 -1.386304944753646851e-01 -1.124943122267723083e-01 -2.306317329406738281e+01 0.000000000000000000e+00 -9.546766057610511780e-03 0.000000000000000000e+00 4.700000000000000000e+01 0.000000000000000000e+00
4.224524497985839844e-01 3.749289512634277344e-01 -1.386304944753646851e-01 -1.124943122267723083e-01 -2.306317329406738281e+01 0.000000000000000000e+00 -9.546766057610511780e-03 0.000000000000000000e+00 4.700000000000000000e+01 0.000000000000000000e+00
4.224524497985839844e-01 3.749289512634277344e-01 -1.386304944753646851e-01 -1.124943122267723083e-01 -2.306317329406738281e+01 0.000000000000000000e+00 -9.546766057610511780e-03 0.000000000000000000e+00 4.700000000000000000e+01 0.000000000000000000e+00
4.224524497985839844e-01 3.749289512634277344e-01 -1.386304944753646851e-01 -1.124943122267723083e-01 -2.306317329406738281e+01 0.000000000000000000e+00 -9.546766057610511780e-03 0.000000000000000000e+00 4.700000000000000000e+01 0.000000000000000000e+00
4.224524497985839844e-01 3.749289512634277344e-01 -1.386304944753646851e-01 -1.124943122267723083e-01 -2.306317329406738281e+01 0.000000000000000000e+00 -9.546766057610511780e-03 0.000000000000000000e+00 4.700000000000000000e+01 0.000000000000000000e+00
4.224524497985839844e-01 3.749289512634277344e-01 -1.386304944753646851e-01 -1.124943122267723083e-01 -2.306317329406738281e+01 0.000000000000000000e+00 -9.546766057610511780e-03 0.000000000000000000e+00 4.700000000000000000e+01 0.000000000000000000e+00
4.224524497985839844e-01 3.749289512634277344e-01 -1.386304944753646851e-01 -1.124943122267723083e-01 -2.306317329406738281e+01 0.000000000000000000e+00 -9.546766057610511780e-03 0.000000000000000000e+00 4.700000000000000000e+01 0.000000000000000000e+00
4.224524497985839844e-01 3.749289512634277344e-01 -1.386304944753646851e-01 -1.124943122267723083e-01 -2.306317329406738281e+01 0.000000000000000000e+00 -9.546766057610511780e-03 0.000000000000000000e+00 4.700000000000000000e+01 0.000000000000000000e+00
