4.413337707519531250e-01 2.662759721279144287e-01 -4.092291891574859619e-01 -3.966562449932098389e-01 -9.066641235351562500e+01 -5.467778778076171875e+01 -3.753044083714485168e-02 -5.789044126868247986e-02 1.740000000000000000e+02 1.240000000000000000e+02
4.413337707519531250e-01 2.770583629608154297e-01 -3.856636583805084229e-01 -3.722248673439025879e-01 -6.540824127197265625e+01 -2.941962051391601562e+01 -2.707507647573947906e-02 -3.114820271730422974e-02 1.200000000000000000e+02 7.000000000000000000e+01
4.413337707519531250e-01 2.766227424144744873e-01 -3.859657943248748779e-01 -3.732119202613830566e-01 -6.059951782226562500e+01 -2.461089706420898438e+01 -2.508455328643321991e-02 -2.605693787336349487e-02 1.080000000000000000e+02 5.800000000000000000e+01
4.413337707519531250e-01 2.813324332237243652e-01 -3.756219148635864258e-01 -3.625404238700866699e-01 -5.678939056396484375e+01 -2.080076980590820312e+01 -2.350739017128944397e-02 -2.202294208109378815e-02 9.800000000000000000e+01 4.800000000000000000e+01
4.413337707519531250e-01 2.900766730308532715e-01 -3.559980690479278564e-01 -3.427272140979766846e-01 -5.288970947265625000e+01 -1.690108680725097656e+01 -2.189315669238567352e-02 -1.789412833750247955e-02 9.200000000000000000e+01 4.200000000000000000e+01
4.413337707519531250e-01 2.936030626296997070e-01 -3.476840257644653320e-01 -3.347369134426116943e-01 -5.002692413330078125e+01 -1.403830337524414062e+01 -2.070813626050949097e-02 -1.486313994973897934e-02 8.600000000000000000e+01 3.600000000000000000e+01
4.413337707519531250e-01 2.943603694438934326e-01 -3.458855748176574707e-01 -3.330209851264953613e-01 -4.928845596313476562e+01 -1.329983520507812500e+01 -2.040245570242404938e-02 -1.408128160983324051e-02 8.400000000000000000e+01 3.400000000000000000e+01
4.413337707519531250e-01 2.964216768741607666e-01 -3.410319387912750244e-01 -3.283503353595733643e-01 -4.842864990234375000e+01 -1.244003105163574219e+01 -2.004654705524444580e-02 -1.317095942795276642e-02 8.200000000000000000e+01 3.200000000000000000e+01
4.413337707519531250e-01 3.019201159477233887e-01 -3.270810544490814209e-01 -3.158916532993316650e-01 -4.726387405395507812e+01 -1.127525329589843750e+01 -1.956439949572086334e-02 -1.193774305284023285e-02 7.900000000000000000e+01 2.900000000000000000e+01
4.413337707519531250e-01 3.096280097961425781e-01 -3.082742691040039062e-01 -2.984266579151153564e-01 -4.551826095581054688e+01 -9.529642105102539062e+00 -1.884182170033454895e-02 -1.008956693112850189e-02 7.500000000000000000e+01 2.500000000000000000e+01
4.413337707519531250e-01 3.235397338867187500e-01 -2.747218012809753418e-01 -2.669046521186828613e-01 -4.359615325927734375e+01 -7.607533454895019531e+00 -1.804618351161479950e-02 -8.054522797465324402e-03 7.100000000000000000e+01 2.100000000000000000e+01
4.413337707519531250e-01 3.410332500934600830e-01 -2.338378727436065674e-01 -2.272668182849884033e-01 -3.878171157836914062e+01 -2.793089628219604492e+00 -1.605329476296901703e-02 -2.957200631499290466e-03 6.000000000000000000e+01 1.000000000000000000e+01
4.413337707519531250e-01 3.505495488643646240e-01 -2.111928761005401611e-01 -2.057042270898818970e-01 -3.779383087158203125e+01 -1.805212736129760742e+00 -1.564437150955200195e-02 -1.911279978230595589e-03 5.700000000000000000e+01 7.000000000000000000e+00
4.413337707519531250e-01 3.585785627365112305e-01 -1.904641091823577881e-01 -1.875116080045700073e-01 -3.698549652099609375e+01 -9.968778491020202637e-01 -1.530976966023445129e-02 -1.055450527928769588e-03 5.500000000000000000e+01 5.000000000000000000e+00
4.413337707519531250e-01 3.565272390842437744e-01 -1.957752257585525513e-01 -1.921596229076385498e-01 -3.686177444458007812e+01 -8.731523752212524414e-01 -1.525855623185634613e-02 -9.244554094038903713e-04 5.400000000000000000e+01 4.000000000000000000e+00
4.413337707519531250e-01 3.589495718479156494e-01 -1.901730746030807495e-01 -1.866709589958190918e-01 -3.666481399536132812e+01 -6.761919260025024414e-01 -1.517702639102935791e-02 -7.159223314374685287e-04 5.300000000000000000e+01 3.000000000000000000e+00
4.413337707519531250e-01 3.589495718479156494e-01 -1.901730746030807495e-01 -1.866709589958190918e-01 -3.666481399536132812e+01 -6.761919260025024414e-01 -1.517702639102935791e-02 -7.159223314374685287e-04 5.300000000000000000e+01 3.000000000000000000e+00
4.413337707519531250e-01 3.589495718479156494e-01 -1.901730746030807495e-01 -1.866709589958190918e-01 -3.666481399536132812e+01 -6.761919260025024414e-01 -1.517702639102935791e-02 -7.159223314374685287e-04 5.300000000000000000e+01 3.000000000000000000e+00
4.413337707519531250e-01 3.589495718479156494e-01 -1.901730746030807495e-01 -1.866709589958190918e-01 -3.666481399536132812e+01 -6.761919260025024414e-01 -1.517702639102935791e-02 -7.159223314374685287e-04 5.300000000000000000e+01 3.000000000000000000e+00
4.413337707519531250e-01 3.589495718479156494e-01 -1.901730746030807495e-01 -1.866709589958190918e-01 -3.666481399536132812e+01 -6.761919260025024414e-01 -1.517702639102935791e-02 -7.159223314374685287e-04 5.300000000000000000e+01 3.000000000000000000e+00
4.413337707519531250e-01 3.656553328037261963e-01 -1.751942783594131470e-01 -1.714766472578048706e-01 -3.636241912841796875e+01 -3.737991452217102051e-01 -1.505185384303331375e-02 -3.957621229346841574e-04 5.200000000000000000e+01 2.000000000000000000e+00
4.413337707519531250e-01 3.732544183731079102e-01 -1.589846312999725342e-01 -1.542581915855407715e-01 -3.599259567260742188e+01 -3.974318504333496094e-03 -1.489876862615346909e-02 -4.207834081171313301e-06 5.100000000000000000e+01 1.000000000000000000e+00
4.413337707519531250e-01 3.732544183731079102e-01 -1.589846312999725342e-01 -1.542581915855407715e-01 -3.599259567260742188e+01 -3.974318504333496094e-03 -1.489876862615346909e-02 -4.207834081171313301e-06 5.100000000000000000e+01 1.000000000000000000e+00
4.413337707519531250e-01 3.732544183731079102e-01 -1.589846312999725342e-01 -1.542581915855407715e-01 -3.599259567260742188e+01 -3.974318504333496094e-03 -1.489876862615346909e-02 -4.207834081171313301e-06 5.100000000000000000e+01 1.000000000000000000e+00
4.413337707519531250e-01 3.732544183731079102e-01 -1.589846312999725342e-01 -1.542581915855407715e-01 -3.599259567260742188e+01 -3.974318504333496094e-03 -1.489876862615346909e-02 -4.207834081171313301e-06 5.100000000000000000e+01 1.000000000000000000e+00
4.413337707519531250e-01 3.732544183731079102e-01 -1.589846312999725342e-01 -1.542581915855407715e-01 -3.599259567260742188e+01 -3.974318504333496094e-03 -1.489876862615346909e-02 -4.207834081171313301e-06 5.100000000000000000e+01 1.000000000000000000e+00
4.413337707519531250e-01 3.732544183731079102e-01 -1.589846312999725342e-01 -1.542581915855407715e-01 -3.599259567260742188e+01 -3.974318504333496094e-03 -1.489876862615346909e-02 -4.207834081171313301e-06 5.100000000000000000e+01 1.000000000000000000e+00
4.413337707519531250e-01 3.732544183731079102e-01 -1.589846312999725342e-01 -1.542581915855407715e-01 -3.599259567260742188e+01 -3.974318504333496094e-03 -1.489876862615346909e-02 -4.207834081171313301e-06 5.100000000000000000e+01 1.000000000000000000e+00
4.413337707519531250e-01 3.732544183731079102e-01 -1.589846312999725342e-01 -1.542581915855407715e-01 -3.599259567260742188e+01 -3.974318504333496094e-03 -1.489876862615346909e-02 -4.207834081171313301e-06 5.100000000000000000e+01 1.000000000000000000e+00
4.413337707519531250e-01 3.771828413009643555e-01 -1.498993337154388428e-01 -1.453569531440734863e-01 -3.598862457275390625e+01 0.000000000000000000e+00 -1.489712484180927277e-02 0.000000000000000000e+00 5.000000000000000000e+01 0.000000000000000000e+00
4.413337707519531250e-01 3.771828413009643555e-01 -1.498993337154388428e-01 -1.453569531440734863e-01 -3.598862457275390625e+01 0.000000000000000000e+00 -1.489712484180927277e-02 0.000000000000000000e+00 5.000000000000000000e+01 0.000000000000000000e+00
4.413337707519531250e-01 3.771828413009643555e-01 -1.498993337154388428e-01 -1.453569531440734863e-01 -3.598862457275390625e+01 0.000000000000000000e+00 -1.489712484180927277e-02 0.000000000000000000e+00 5.000000000000000000e+01 0.000000000000000000e+00
4.413337707519531250e-01 3.771828413009643555e-01 -1.498993337154388428e-01 -1.453569531440734863e-01 -3.598862457275390625e+01 0.000000000000000000e+00 -1.489712484180927277e-02 0.000000000000000000e+00 5.000000000000000000e+01 0.000000000000000000e+00
4.413337707519531250e-01 3.771828413009643555e-01 -1.498993337154388428e-01 -1.453569531440734863e-01 -3.598862457275390625e+01 0.000000000000000000e+00 -1.489712484180927277e-02 0.000000000000000000e+00 5.000000000000000000e+01 0.000000000000000000e+00
4.413337707519531250e-01 3.771828413009643555e-01 -1.498993337154388428e-01 -1.453569531440734863e-01 -3.598862457275390625e+01 0.000000000000000000e+00 -1.489712484180927277e-02 0.000000000000000000e+00 5.000000000000000000e+01 0.000000000000000000e+00
4.413337707519531250e-01 3.771828413009643555e-01 -1.498993337154388428e-01 -1.453569531440734863e-01 -3.598862457275390625e+01 0.000000000000000000e+00 -1.489712484180927277e-02 0.000000000000000000e+00 5.000000000000000000e+01 0.000000000000000000e+00
4.413337707519531250e-01 3.771828413009643555e-01 -1.498993337154388428e-01 -1.453569531440734863e-01 -3.598862457275390625e+01 0.000000000000000000e+00 -1.489712484180927277e-02 0.000000000000000000e+00 5.000000000000000000e+01 0.000000000000000000e+00
4.413337707519531250e-01 3.771828413009643555e-01 -1.498993337154388428e-01 -1.453569531440734863e-01 -3.598862457275390625e+01 0.000000000000000000e+00 -1.489712484180927277e-02 0.000000000000000000e+00 5.000000000000000000e+01 0.000000000000000000e+00
4.413337707519531250e-01 3.771828413009643555e-01 -1.498993337154388428e-01 -1.453569531440734863e-01 -3.598862457275390625e+01 0.000000000000000000e+00 -1.489712484180927277e-02 0.000000000000000000e+00 5.000000000000000000e+01 0.000000000000000000e+00
4.413337707519531250e-01 3.771828413009643555e-01 -1.498993337154388428e-01 -1.453569531440734863e-01 -3.598862457275390625e+01 0.000000000000000000e+00 -1.489712484180927277e-02 0.000000000000000000e+00 5.000000000000000000e+01 0.000000000000000000e+00
4.413337707519531250e-01 3.771828413009643555e-01 -1.498993337154388428e-01 -1.453569531440734863e-01 -3.598862457275390625e+01 0.000000000000000000e+00 -1.489712484180927277e-02 0.000000000000000000e+00 5.000000000000000000e+01 0.000000000000000000e+00
4.413337707519531250e-01 3.771828413009643555e-01 -1.498993337154388428e-01 -1.453569531440734863e-01 -3.598862457275390625e+01 0.000000000000000000e+00 -1.489712484180927277e-02 0.000000000000000000e+00 5.000000000000000000e+01 0.000000000000000000e+00
4.413337707519531250e-01 3.771828413009643555e-01 -1.498993337154388428e-01 -1.453569531440734863e-01 -3.598862457275390625e+01 0.000000000000000000e+00 -1.489712484180927277e-02 0.000000000000000000e+00 5.000000000000000000e+01 0.000000000000000000e+00
4.413337707519531250e-01 3.771828413009643555e-01 -1.498993337154388428e-01 -1.453569531440734863e-01 -3.598862457275390625e+01 0.000000000000000000e+00 -1.489712484180927277e-02 0.000000000000000000e+00 5.000000000000000000e+01 0.000000000000000000e+00
4.413337707519531250e-01 3.771828413009643555e-01 -1.498993337154388428e-01 -1.453569531440734863e-01 -3.598862457275390625e+01 0.000000000000000000e+00 -1.489712484180927277e-02 0.000000000000000000e+00 5.000000000000000000e+01 0.000000000000000000e+00
4.413337707519531250e-01 3.771828413009643555e-01 -1.498993337154388428e-01 -1.453569531440734863e-01 -3.598862457275390625e+01 0.000000000000000000e+00 -1.489712484180927277e-02 0.000000000000000000e+00 5.000000000000000000e+01 0.000000000000000000e+00
4.413337707519531250e-01 3.771828413009643555e-01 -1.498993337154388428e-01 -1.453569531440734863e-01 -3.598862457275390625e+01 0.000000000000000000e+00 -1.489712484180927277e-02 0.000000000000000000e+00 5.000000000000000000e+01 0.000000000000000000e+00
4.413337707519531250e-01 3.771828413009643555e-01 -1.498993337154388428e-01 -1.453569531440734863e-01 -3.598862457275390625e+01 0.000000000000000000e+00 -1.489712484180927277e-02 0.000000000000000000e+00 5.000000000000000000e+01 0.000000000000000000e+00
4.413337707519531250e-01 3.771828413009643555e-01 -1.498993337154388428e-01 -1.453569531440734863e-01 -3.598862457275390625e+01 0.000000000000000000e+00 -1.489712484180927277e-02 0.000000000000000000e+00 5.000000000000000000e+01 0.000000000000000000e+00
4.413337707519531250e-01 3.771828413009643555e-01 -1.498993337154388428e-01 -1.453569531440734863e-01 -3.598862457275390625e+01 0.000000000000000000e+00 -1.489712484180927277e-02 0.000000000000000000e+00 5.000000000000000000e+01 0.000000000000000000e+00
4.413337707519531250e-01 3.771828413009643555e-01 -1.498993337154388428e-01 -1.453569531440734863e-01 -3.598862457275390625e+01 0.000000000000000000e+00 -1.489712484180927277e-02 0.000000000000000000e+00 5.000000000000000000e+01 0.000000000000000000e+00
4.413337707519531250e-01 3.771828413009643555e-01 -1.498993337154388428e-01 -1.453569531440734863e-01 -3.598862457275390625e+01 0.000000000000000000e+00 -1.489712484180927277e-02 0.000000000000000000e+00 5.000000000000000000e+01 0.000000000000000000e+00
4.413337707519531250e-01 3.771828413009643555e-01 -1.498993337154388428e-01 -1.453569531440734863e-01 -3.598862457275390625e+01 0.000000000000000000e+00 -1.489712484180927277e-02 0.000000000000000000e+00 5.000000000000000000e+01 0.000000000000000000e+00
4.413337707519531250e-01 3.771828413009643555e-01 -1.498993337154388428e-01 -1.453569531440734863e-01 -3.598862457275390625e+01 0.000000000000000000e+00 -1.489712484180927277e-02 0.000000000000000000e+00 5.000000000000000000e+01 0.000000000000000000e+00
4.413337707519531250e-01 3.771828413009643555e-01 -1.498993337154388428e-01 -1.453569531440734863e-01 -3.598862457275390625e+01 0.000000000000000000e+00 -1.489712484180927277e-02 0.000000000000000000e+00 5.000000000000000000e+01 0.000000000000000000e+00
4.413337707519531250e-01 3.771828413009643555e-01 -1.498993337154388428e-01 -1.453569531440734863e-01 -3.598862457275390625e+01 0.000000000000000000e+00 -1.489712484180927277e-02 0.000000000000000000e+00 5.000000000000000000e+01 0.000000000000000000e+00
4.413337707519531250e-01 3.771828413009643555e-01 -1.498993337154388428e-01 -1.453569531440734863e-01 -3.598862457275390625e+01 0.000000000000000000e+00 -1.489712484180927277e-02 0.000000000000000000e+00 5.000000000000000000e+01 0.000000000000000000e+00
4.413337707519531250e-01 3.771828413009643555e-01 -1.498993337154388428e-01 -1.453569531440734863e-01 -3.598862457275390625e+01 0.000000000000000000e+00 -1.489712484180927277e-02 0.000000000000000000e+00 5.000000000000000000e+01 0.000000000000000000e+00
4.413337707519531250e-01 3.771828413009643555e-01 -1.498993337154388428e-01 -1.453569531440734863e-01 -3.598862457275390625e+01 0.000000000000000000e+00 -1.489712484180927277e-02 0.000000000000000000e+00 5.000000000000000000e+01 0.000000000000000000e+00
4.413337707519531250e-01 3.771828413009643555e-01 -1.498993337154388428e-01 -1.453569531440734863e-01 -3.598862457275390625e+01 0.000000000000000000e+00 -1.489712484180927277e-02 0.000000000000000000e+00 5.000000000000000000e+01 0.000000000000000000e+00
4.413337707519531250e-01 3.771828413009643555e-01 -1.498993337154388428e-01 -1.453569531440734863e-01 -3.598862457275390625e+01 0.000000000000000000e+00 -1.489712484180927277e-02 0.000000000000000000e+00 5.000000000000000000e+01 0.000000000000000000e+00
4.413337707519531250e-01 3.771828413009643555e-01 -1.498993337154388428e-01 -1.453569531440734863e-01 -3.598862457275390625e+01 0.000000000000000000e+00 -1.489712484180927277e-02 0.000000000000000000e+00 5.000000000000000000e+01 0.000000000000000000e+00
4.413337707519531250e-01 3.771828413009643555e-01 -1.498993337154388428e-01 -1.453569531440734863e-01 -3.598862457275390625e+01 0.000000000000000000e+00 -1.489712484180927277e-02 0.000000000000000000e+00 5.000000000000000000e+01 0.000000000000000000e+00
4.413337707519531250e-01 3.771828413009643555e-01 -1.498993337154388428e-01 -1.453569531440734863e-01 -3.598862457275390625e+01 0.000000000000000000e+00 -1.489712484180927277e-02 0.000000000000000000e+00 5.000000000000000000e+01 0.000000000000000000e+00
4.413337707519531250e-01 3.771828413009643555e-01 -1.498993337154388428e-01 -1.453569531440734863e-01 -3.598862457275390625e+01 0.000000000000000000e+00 -1.489712484180927277e-02 0.000000000000000000e+00 5.000000000000000000e+01 0.000000000000000000e+00
4.413337707519531250e-01 3.771828413009643555e-01 -1.498993337154388428e-01 -1.453569531440734863e-01 -3.598862457275390625e+01 0.000000000000000000e+00 -1.489712484180927277e-02 0.000000000000000000e+00 5.000000000000000000e+01 0.000000000000000000e+00
4.413337707519531250e-01 3.771828413009643555e-01 -1.498993337154388428e-01 -1.453569531440734863e-01 -3.598862457275390625e+01 0.000000000000000000e+00 -1.489712484180927277e-02 0.000000000000000000e+00 5.000000000000000000e+01 0.000000000000000000e+00
4.413337707519531250e-01 3.771828413009643555e-01 -1.498993337154388428e-01 -1.453569531440734863e-01 -3.598862457275390625e+01 0.000000000000000000e+00 -1.489712484180927277e-02 0.000000000000000000e+00 5.000000000000000000e+01 0.000000000000000000e+00
4.413337707519531250e-01 3.771828413009643555e-01 -1.498993337154388428e-01 -1.453569531440734863e-01 -3.598862457275390625e+01 0.000000000000000000e+00 -1.489712484180927277e-02 0.000000000000000000e+00 5.000000000000000000e+01 0.000000000000000000e+00
4.413337707519531250e-01 3.771828413009643555e-01 -1.498993337154388428e-01 -1.453569531440734863e-01 -3.598862457275390625e+01 0.000000000000000000e+00 -1.489712484180927277e-02 0.000000000000000000e+00 5.000000000000000000e+01 0.000000000000000000e+00
4.413337707519531250e-01 3.771828413009643555e-01 -1.498993337154388428e-01 -1.453569531440734863e-01 -3.598862457275390625e+01 0.000000000000000000e+00 -1.489712484180927277e-02 0.000000000000000000e+00 5.000000000000000000e+01 0.000000000000000000e+00
4.413337707519531250e-01 3.771828413009643555e-01 -1.498993337154388428e-01 -1.453569531440734863e-01 -3.598862457275390625e+01 0.000000000000000000e+00 -1.489712484180927277e-02 0.000000000000000000e+00 5.000000000000000000e+01 0.000000000000000000e+00
4.413337707519531250e-01 3.771828413009643555e-01 -1.498993337154388428e-01 -1.453569531440734863e-01 -3.598862457275390625e+01 0.000000000000000000e+00 -1.489712484180927277e-02 0.000000000000000000e+00 5.000000000000000000e+01 0.000000000000000000e+00
4.413337707519531250e-01 3.771828413009643555e-01 -1.498993337154388428e-01 -1.453569531440734863e-01 -3.598862457275390625e+01 0.000000000000000000e+00 -1.489712484180927277e-02 0.000000000000000000e+00 5.000000000000000000e+01 0.000000000000000000e+00
4.413337707519531250e-01 3.771828413009643555e-01 -1.498993337154388428e-01 -1.453569531440734863e-01 -3.598862457275390625e+01 0.000000000000000000e+00 -1.489712484180927277e-02 0.000000000000000000e+00 5.000000000000000000e+01 0.000000000000000000e+00
4.413337707519531250e-01 3.771828413009643555e-01 -1.498993337154388428e-01 -1.453569531440734863e-01 -3.598862457275390625e+01 0.000000000000000000e+00 -1.489712484180927277e-02 0.000000000000000000e+00 5.000000000000000000e+01 0.000000000000000000e+00
4.413337707519531250e-01 3.771828413009643555e-01 -1.498993337154388428e-01 -1.453569531440734863e-01 -3.598862457275390625e+01 0.000000000000000000e+00 -1.489712484180927277e-02 0.000000000000000000e+00 5.000000000000000000e+01 0.000000000000000000e+00
4.413337707519531250e-01 3.771828413009643555e-01 -1.498993337154388428e-01 -1.453569531440734863e-01 -3.598862457275390625e+01 0.000000000000000000e+00 -1.489712484180927277e-02 0.000000000000000000e+00 5.000000000000000000e+01 0.000000000000000000e+00
4.413337707519531250e-01 3.771828413009643555e-01 -1.498993337154388428e-01 -1.453569531440734863e-01 -3.598862457275390625e+01 0.000000000000000000e+00 -1.489712484180927277e-02 0.000000000000000000e+00 5.000000000000000000e+01 0.000000000000000000e+00
4.413337707519531250e-01 3.771828413009643555e-01 -1.498993337154388428e-01 -1.453569531440734863e-01 -3.598862457275390625e+01 0.000000000000000000e+00 -1.489712484180927277e-02 0.000000000000000000e+00 5.000000000000000000e+01 0.000000000000000000e+00
4.413337707519531250e-01 3.771828413009643555e-01 -1.498993337154388428e-01 -1.453569531440734863e-01 -3.598862457275390625e+01 0.000000000000000000e+00 -1.489712484180927277e-02 0.000000000000000000e+00 5.000000000000000000e+01 0.000000000000000000e+00
4.413337707519531250e-01 3.771828413009643555e-01 -1.498993337154388428e-01 -1.453569531440734863e-01 -3.598862457275390625e+01 0.000000000000000000e+00 -1.489712484180927277e-02 0.000000000000000000e+00 5.000000000000000000e+01 0.000000000000000000e+00
4.413337707519531250e-01 3.771828413009643555e-01 -1.498993337154388428e-01 -1.453569531440734863e-01 -3.598862457275390625e+01 0.000000000000000000e+00 -1.489712484180927277e-02 0.000000000000000000e+00 5.000000000000000000e+01 0.000000000000000000e+00
4.413337707519531250e-01 3.771828413009643555e-01 -1.498993337154388428e-01 -1.453569531440734863e-01 -3.598862457275390625e+01 0.000000000000000000e+00 -1.489712484180927277e-02 0.000000000000000000e+00 5.000000000000000000e+01 0.000000000000000000e+00
4.413337707519531250e-01 3.771828413009643555e-01 -1.498993337154388428e-01 -1.453569531440734863e-01 -3.598862457275390625e+01 0.000000000000000000e+00 -1.489712484180927277e-02 0.000000000000000000e+00 5.000000000000000000e+01 0.000000000000000000e+00
4.413337707519531250e-01 3.771828413009643555e-01 -1.498993337154388428e-01 -1.453569531440734863e-01 -3.598862457275390625e+01 0.000000000000000000e+00 -1.489712484180927277e-02 0.000000000000000000e+00 5.000000000000000000e+01 0.000000000000000000e+00
4.413337707519531250e-01 3.771828413009643555e-01 -1.498993337154388428e-01 -1.453569531440734863e-01 -3.598862457275390625e+01 0.000000000000000000e+00 -1.489712484180927277e-02 0.000000000000000000e+00 5.000000000000000000e+01 0.000000000000000000e+00
4.413337707519531250e-01 3.771828413009643555e-01 -1.498993337154388428e-01 -1.453569531440734863e-01 -3.598862457275390625e+01 0.000000000000000000e+00 -1.489712484180927277e-02 0.000000000000000000e+00 5.000000000000000000e+01 0.000000000000000000e+00
4.413337707519531250e-01 3.771828413009643555e-01 -1.498993337154388428e-01 -1.453569531440734863e-01 -3.598862457275390625e+01 0.000000000000000000e+00 -1.489712484180927277e-02 0.000000000000000000e+00 5.000000000000000000e+01 0.000000000000000000e+00
4.413337707519531250e-01 3.771828413009643555e-01 -1.498993337154388428e-01 -1.453569531440734863e-01 -3.598862457275390625e+01 0.000000000000000000e+00 -1.489712484180927277e-02 0.000000000000000000e+00 5.000000000000000000e+01 0.000000000000000000e+00
4.413337707519531250e-01 3.771828413009643555e-01 -1.498993337154388428e-01 -1.453569531440734863e-01 -3.598862457275390625e+01 0.000000000000000000e+00 -1.489712484180927277e-02 0.000000000000000000e+00 5.000000000000000000e+01 0.000000000000000000e+00
