4.625309705734252930e-01 3.495480716228485107e-01 -2.731880247592926025e-01 -2.442709952592849731e-01 -6.784815216064453125e+01 -3.137108230590820312e+01 -2.808505296707153320e-02 -3.793341666460037231e-02 1.230000000000000000e+02 7.300000000000000000e+01
4.625309705734252930e-01 3.665045499801635742e-01 -2.356209307909011841e-01 -2.076107859611511230e-01 -5.552604675292968750e+01 -1.904897689819335938e+01 -2.298444136977195740e-02 -2.303372137248516083e-02 1.040000000000000000e+02 5.400000000000000000e+01
4.625309705734252930e-01 3.612673878669738770e-01 -2.474398612976074219e-01 -2.189336270093917847e-01 -5.191755294799804688e+01 -1.544048690795898438e+01 -2.149074338376522064e-02 -1.867039129137992859e-02 9.600000000000000000e+01 4.600000000000000000e+01
4.625309705734252930e-01 3.570077419281005859e-01 -2.530980110168457031e-01 -2.281430512666702271e-01 -4.944295501708984375e+01 -1.296588516235351562e+01 -2.046640776097774506e-02 -1.567814312875270844e-02 8.800000000000000000e+01 3.800000000000000000e+01
4.625309705734252930e-01 3.594172894954681396e-01 -2.485034465789794922e-01 -2.229335755109786987e-01 -4.826685333251953125e+01 -1.178978729248046875e+01 -1.997957378625869751e-02 -1.425602380186319351e-02 8.400000000000000000e+01 3.400000000000000000e+01
4.625309705734252930e-01 3.628384172916412354e-01 -2.416751086711883545e-01 -2.155370265245437622e-01 -4.665741729736328125e+01 -1.018034744262695312e+01 -1.931336335837841034e-02 -1.230991445481777191e-02 8.100000000000000000e+01 3.100000000000000000e+01
4.625309705734252930e-01 3.653286695480346680e-01 -2.312875539064407349e-01 -2.101530581712722778e-01 -4.440836334228515625e+01 -7.931293964385986328e+00 -1.838239096105098724e-02 -9.590394794940948486e-03 7.600000000000000000e+01 2.600000000000000000e+01
4.625309705734252930e-01 3.733813464641571045e-01 -2.115612030029296875e-01 -1.927430331707000732e-01 -4.261687469482421875e+01 -6.139804840087890625e+00 -1.764082163572311401e-02 -7.424154784530401230e-03 7.300000000000000000e+01 2.300000000000000000e+01
4.625309705734252930e-01 3.809238374233245850e-01 -1.947724819183349609e-01 -1.764360368251800537e-01 -4.114629364013671875e+01 -4.669227123260498047e+00 -1.703209057450294495e-02 -5.645955447107553482e-03 7.100000000000000000e+01 2.100000000000000000e+01
4.625309705734252930e-01 3.776335418224334717e-01 -2.015002965927124023e-01 -1.835497170686721802e-01 -4.109876251220703125e+01 -4.621691703796386719e+00 -1.701241545379161835e-02 -5.588476080447435379e-03 7.000000000000000000e+01 2.000000000000000000e+01
4.625309705734252930e-01 3.776335418224334717e-01 -2.015002965927124023e-01 -1.835497170686721802e-01 -4.109876251220703125e+01 -4.621691703796386719e+00 -1.701241545379161835e-02 -5.588476080447435379e-03 7.000000000000000000e+01 2.000000000000000000e+01
4.625309705734252930e-01 3.864226341247558594e-01 -1.848139911890029907e-01 -1.645475476980209351e-01 -3.962874603271484375e+01 -3.151679515838623047e+00 -1.640391722321510315e-02 -3.810960799455642700e-03 6.500000000000000000e+01 1.500000000000000000e+01
4.625309705734252930e-01 3.842215538024902344e-01 -1.888440996408462524e-01 -1.693063229322433472e-01 -3.819871520996093750e+01 -1.721647024154663086e+00 -1.581197045743465424e-02 -2.081788145005702972e-03 6.000000000000000000e+01 1.000000000000000000e+01
4.625309705734252930e-01 3.852738738059997559e-01 -1.867289692163467407e-01 -1.670311838388442993e-01 -3.801717376708984375e+01 -1.540102243423461914e+00 -1.573682203888893127e-02 -1.862267148680984974e-03 5.800000000000000000e+01 8.000000000000000000e+00
4.625309705734252930e-01 3.852738738059997559e-01 -1.867289692163467407e-01 -1.670311838388442993e-01 -3.801717376708984375e+01 -1.540102243423461914e+00 -1.573682203888893127e-02 -1.862267148680984974e-03 5.800000000000000000e+01 8.000000000000000000e+00
4.625309705734252930e-01 3.880110979080200195e-01 -1.813928782939910889e-01 -1.611132621765136719e-01 -3.787897109985351562e+01 -1.401901721954345703e+00 -1.567961461842060089e-02 -1.695157261565327644e-03 5.700000000000000000e+01 7.000000000000000000e+00
4.625309705734252930e-01 3.830539286136627197e-01 -1.891931295394897461e-01 -1.718307435512542725e-01 -3.674731445312500000e+01 -2.702459096908569336e-01 -1.521117705851793289e-02 -3.267770516686141491e-04 5.500000000000000000e+01 5.000000000000000000e+00
4.625309705734252930e-01 3.830539286136627197e-01 -1.891931295394897461e-01 -1.718307435512542725e-01 -3.674731445312500000e+01 -2.702459096908569336e-01 -1.521117705851793289e-02 -3.267770516686141491e-04 5.500000000000000000e+01 5.000000000000000000e+00
4.625309705734252930e-01 3.812370598316192627e-01 -1.929081529378890991e-01 -1.757588535547256470e-01 -3.672244644165039062e+01 -2.453777790069580078e-01 -1.520088315010070801e-02 -2.967069158330559731e-04 5.400000000000000000e+01 4.000000000000000000e+00
4.625309705734252930e-01 3.812370598316192627e-01 -1.929081529378890991e-01 -1.757588535547256470e-01 -3.672244644165039062e+01 -2.453777790069580078e-01 -1.520088315010070801e-02 -2.967069158330559731e-04 5.400000000000000000e+01 4.000000000000000000e+00
4.625309705734252930e-01 3.753109574317932129e-01 -2.034515142440795898e-01 -1.885711848735809326e-01 -3.652355957031250000e+01 -4.649096727371215820e-02 -1.511855609714984894e-02 -5.621614036499522626e-05 5.300000000000000000e+01 3.000000000000000000e+00
4.625309705734252930e-01 3.780331611633300781e-01 -1.982737928628921509e-01 -1.826857328414916992e-01 -3.650920104980468750e+01 -3.213310241699218750e-02 -1.511261239647865295e-02 -3.885483602061867714e-05 5.200000000000000000e+01 2.000000000000000000e+00
4.625309705734252930e-01 3.780331611633300781e-01 -1.982737928628921509e-01 -1.826857328414916992e-01 -3.650920104980468750e+01 -3.213310241699218750e-02 -1.511261239647865295e-02 -3.885483602061867714e-05 5.200000000000000000e+01 2.000000000000000000e+00
4.625309705734252930e-01 3.780331611633300781e-01 -1.982737928628921509e-01 -1.826857328414916992e-01 -3.650920104980468750e+01 -3.213310241699218750e-02 -1.511261239647865295e-02 -3.885483602061867714e-05 5.200000000000000000e+01 2.000000000000000000e+00
4.625309705734252930e-01 3.780331611633300781e-01 -1.982737928628921509e-01 -1.826857328414916992e-01 -3.650920104980468750e+01 -3.213310241699218750e-02 -1.511261239647865295e-02 -3.885483602061867714e-05 5.200000000000000000e+01 2.000000000000000000e+00
4.625309705734252930e-01 3.780331611633300781e-01 -1.982737928628921509e-01 -1.826857328414916992e-01 -3.650920104980468750e+01 -3.213310241699218750e-02 -1.511261239647865295e-02 -3.885483602061867714e-05 5.200000000000000000e+01 2.000000000000000000e+00
4.625309705734252930e-01 3.823710978031158447e-01 -1.905274540185928345e-01 -1.733070313930511475e-01 -3.647796630859375000e+01 -8.973479270935058594e-04 -1.509968284517526627e-02 -1.085058897842827719e-06 5.100000000000000000e+01 1.000000000000000000e+00
4.625309705734252930e-01 3.823710978031158447e-01 -1.905274540185928345e-01 -1.733070313930511475e-01 -3.647796630859375000e+01 -8.973479270935058594e-04 -1.509968284517526627e-02 -1.085058897842827719e-06 5.100000000000000000e+01 1.000000000000000000e+00
4.625309705734252930e-01 3.823710978031158447e-01 -1.905274540185928345e-01 -1.733070313930511475e-01 -3.647796630859375000e+01 -8.973479270935058594e-04 -1.509968284517526627e-02 -1.085058897842827719e-06 5.100000000000000000e+01 1.000000000000000000e+00
4.625309705734252930e-01 3.823710978031158447e-01 -1.905274540185928345e-01 -1.733070313930511475e-01 -3.647796630859375000e+01 -8.973479270935058594e-04 -1.509968284517526627e-02 -1.085058897842827719e-06 5.100000000000000000e+01 1.000000000000000000e+00
4.625309705734252930e-01 3.823710978031158447e-01 -1.905274540185928345e-01 -1.733070313930511475e-01 -3.647796630859375000e+01 -8.973479270935058594e-04 -1.509968284517526627e-02 -1.085058897842827719e-06 5.100000000000000000e+01 1.000000000000000000e+00
4.625309705734252930e-01 3.823710978031158447e-01 -1.905274540185928345e-01 -1.733070313930511475e-01 -3.647796630859375000e+01 -8.973479270935058594e-04 -1.509968284517526627e-02 -1.085058897842827719e-06 5.100000000000000000e+01 1.000000000000000000e+00
4.625309705734252930e-01 3.823710978031158447e-01 -1.905274540185928345e-01 -1.733070313930511475e-01 -3.647796630859375000e+01 -8.973479270935058594e-04 -1.509968284517526627e-02 -1.085058897842827719e-06 5.100000000000000000e+01 1.000000000000000000e+00
4.625309705734252930e-01 3.823710978031158447e-01 -1.905274540185928345e-01 -1.733070313930511475e-01 -3.647796630859375000e+01 -8.973479270935058594e-04 -1.509968284517526627e-02 -1.085058897842827719e-06 5.100000000000000000e+01 1.000000000000000000e+00
4.625309705734252930e-01 3.817483186721801758e-01 -1.920795738697052002e-01 -1.746535003185272217e-01 -3.647706985473632812e+01 0.000000000000000000e+00 -1.509931217879056931e-02 0.000000000000000000e+00 5.000000000000000000e+01 0.000000000000000000e+00
4.625309705734252930e-01 3.817483186721801758e-01 -1.920795738697052002e-01 -1.746535003185272217e-01 -3.647706985473632812e+01 0.000000000000000000e+00 -1.509931217879056931e-02 0.000000000000000000e+00 5.000000000000000000e+01 0.000000000000000000e+00
4.625309705734252930e-01 3.817483186721801758e-01 -1.920795738697052002e-01 -1.746535003185272217e-01 -3.647706985473632812e+01 0.000000000000000000e+00 -1.509931217879056931e-02 0.000000000000000000e+00 5.000000000000000000e+01 0.000000000000000000e+00
4.625309705734252930e-01 3.817483186721801758e-01 -1.920795738697052002e-01 -1.746535003185272217e-01 -3.647706985473632812e+01 0.000000000000000000e+00 -1.509931217879056931e-02 0.000000000000000000e+00 5.000000000000000000e+01 0.000000000000000000e+00
4.625309705734252930e-01 3.817483186721801758e-01 -1.920795738697052002e-01 -1.746535003185272217e-01 -3.647706985473632812e+01 0.000000000000000000e+00 -1.509931217879056931e-02 0.000000000000000000e+00 5.000000000000000000e+01 0.000000000000000000e+00
4.625309705734252930e-01 3.817483186721801758e-01 -1.920795738697052002e-01 -1.746535003185272217e-01 -3.647706985473632812e+01 0.000000000000000000e+00 -1.509931217879056931e-02 0.000000000000000000e+00 5.000000000000000000e+01 0.000000000000000000e+00
4.625309705734252930e-01 3.817483186721801758e-01 -1.920795738697052002e-01 -1.746535003185272217e-01 -3.647706985473632812e+01 0.000000000000000000e+00 -1.509931217879056931e-02 0.000000000000000000e+00 5.000000000000000000e+01 0.000000000000000000e+00
4.625309705734252930e-01 3.817483186721801758e-01 -1.920795738697052002e-01 -1.746535003185272217e-01 -3.647706985473632812e+01 0.000000000000000000e+00 -1.509931217879056931e-02 0.000000000000000000e+00 5.000000000000000000e+01 0.000000000000000000e+00
4.625309705734252930e-01 3.817483186721801758e-01 -1.920795738697052002e-01 -1.746535003185272217e-01 -3.647706985473632812e+01 0.000000000000000000e+00 -1.509931217879056931e-02 0.000000000000000000e+00 5.000000000000000000e+01 0.000000000000000000e+00
4.625309705734252930e-01 3.817483186721801758e-01 -1.920795738697052002e-01 -1.746535003185272217e-01 -3.647706985473632812e+01 0.000000000000000000e+00 -1.509931217879056931e-02 0.000000000000000000e+00 5.000000000000000000e+01 0.000000000000000000e+00
4.625309705734252930e-01 3.817483186721801758e-01 -1.920795738697052002e-01 -1.746535003185272217e-01 -3.647706985473632812e+01 0.000000000000000000e+00 -1.509931217879056931e-02 0.000000000000000000e+00 5.000000000000000000e+01 0.000000000000000000e+00
4.625309705734252930e-01 3.817483186721801758e-01 -1.920795738697052002e-01 -1.746535003185272217e-01 -3.647706985473632812e+01 0.000000000000000000e+00 -1.509931217879056931e-02 0.000000000000000000e+00 5.000000000000000000e+01 0.000000000000000000e+00
4.625309705734252930e-01 3.817483186721801758e-01 -1.920795738697052002e-01 -1.746535003185272217e-01 -3.647706985473632812e+01 0.000000000000000000e+00 -1.509931217879056931e-02 0.000000000000000000e+00 5.000000000000000000e+01 0.000000000000000000e+00
4.625309705734252930e-01 3.817483186721801758e-01 -1.920795738697052002e-01 -1.746535003185272217e-01 -3.647706985473632812e+01 0.000000000000000000e+00 -1.509931217879056931e-02 0.000000000000000000e+00 5.000000000000000000e+01 0.000000000000000000e+00
4.625309705734252930e-01 3.817483186721801758e-01 -1.920795738697052002e-01 -1.746535003185272217e-01 -3.647706985473632812e+01 0.000000000000000000e+00 -1.509931217879056931e-02 0.000000000000000000e+00 5.000000000000000000e+01 0.000000000000000000e+00
4.625309705734252930e-01 3.817483186721801758e-01 -1.920795738697052002e-01 -1.746535003185272217e-01 -3.647706985473632812e+01 0.000000000000000000e+00 -1.509931217879056931e-02 0.000000000000000000e+00 5.000000000000000000e+01 0.000000000000000000e+00
4.625309705734252930e-01 3.817483186721801758e-01 -1.920795738697052002e-01 -1.746535003185272217e-01 -3.647706985473632812e+01 0.000000000000000000e+00 -1.509931217879056931e-02 0.000000000000000000e+00 5.000000000000000000e+01 0.000000000000000000e+00
4.625309705734252930e-01 3.817483186721801758e-01 -1.920795738697052002e-01 -1.746535003185272217e-01 -3.647706985473632812e+01 0.000000000000000000e+00 -1.509931217879056931e-02 0.000000000000000000e+00 5.000000000000000000e+01 0.000000000000000000e+00
4.625309705734252930e-01 3.817483186721801758e-01 -1.920795738697052002e-01 -1.746535003185272217e-01 -3.647706985473632812e+01 0.000000000000000000e+00 -1.509931217879056931e-02 0.000000000000000000e+00 5.000000000000000000e+01 0.000000000000000000e+00
4.625309705734252930e-01 3.817483186721801758e-01 -1.920795738697052002e-01 -1.746535003185272217e-01 -3.647706985473632812e+01 0.000000000000000000e+00 -1.509931217879056931e-02 0.000000000000000000e+00 5.000000000000000000e+01 0.000000000000000000e+00
4.625309705734252930e-01 3.817483186721801758e-01 -1.920795738697052002e-01 -1.746535003185272217e-01 -3.647706985473632812e+01 0.000000000000000000e+00 -1.509931217879056931e-02 0.000000000000000000e+00 5.000000000000000000e+01 0.000000000000000000e+00
4.625309705734252930e-01 3.817483186721801758e-01 -1.920795738697052002e-01 -1.746535003185272217e-01 -3.647706985473632812e+01 0.000000000000000000e+00 -1.509931217879056931e-02 0.000000000000000000e+00 5.000000000000000000e+01 0.000000000000000000e+00
4.625309705734252930e-01 3.817483186721801758e-01 -1.920795738697052002e-01 -1.746535003185272217e-01 -3.647706985473632812e+01 0.000000000000000000e+00 -1.509931217879056931e-02 0.000000000000000000e+00 5.000000000000000000e+01 0.000000000000000000e+00
4.625309705734252930e-01 3.817483186721801758e-01 -1.920795738697052002e-01 -1.746535003185272217e-01 -3.647706985473632812e+01 0.000000000000000000e+00 -1.509931217879056931e-02 0.000000000000000000e+00 5.000000000000000000e+01 0.000000000000000000e+00
4.625309705734252930e-01 3.817483186721801758e-01 -1.920795738697052002e-01 -1.746535003185272217e-01 -3.647706985473632812e+01 0.000000000000000000e+00 -1.509931217879056931e-02 0.000000000000000000e+00 5.000000000000000000e+01 0.000000000000000000e+00
4.625309705734252930e-01 3.817483186721801758e-01 -1.920795738697052002e-01 -1.746535003185272217e-01 -3.647706985473632812e+01 0.000000000000000000e+00 -1.509931217879056931e-02 0.000000000000000000e+00 5.000000000000000000e+01 0.000000000000000000e+00
4.625309705734252930e-01 3.817483186721801758e-01 -1.920795738697052002e-01 -1.746535003185272217e-01 -3.647706985473632812e+01 0.000000000000000000e+00 -1.509931217879056931e-02 0.000000000000000000e+00 5.000000000000000000e+01 0.000000000000000000e+00
4.625309705734252930e-01 3.817483186721801758e-01 -1.920795738697052002e-01 -1.746535003185272217e-01 -3.647706985473632812e+01 0.000000000000000000e+00 -1.509931217879056931e-02 0.000000000000000000e+00 5.000000000000000000e+01 0.000000000000000000e+00
4.625309705734252930e-01 3.817483186721801758e-01 -1.920795738697052002e-01 -1.746535003185272217e-01 -3.647706985473632812e+01 0.000000000000000000e+00 -1.509931217879056931e-02 0.000000000000000000e+00 5.000000000000000000e+01 0.000000000000000000e+00
4.625309705734252930e-01 3.817483186721801758e-01 -1.920795738697052002e-01 -1.746535003185272217e-01 -3.647706985473632812e+01 0.000000000000000000e+00 -1.509931217879056931e-02 0.000000000000000000e+00 5.000000000000000000e+01 0.000000000000000000e+00
4.625309705734252930e-01 3.817483186721801758e-01 -1.920795738697052002e-01 -1.746535003185272217e-01 -3.647706985473632812e+01 0.000000000000000000e+00 -1.509931217879056931e-02 0.000000000000000000e+00 5.000000000000000000e+01 0.000000000000000000e+00
4.625309705734252930e-01 3.817483186721801758e-01 -1.920795738697052002e-01 -1.746535003185272217e-01 -3.647706985473632812e+01 0.000000000000000000e+00 -1.509931217879056931e-02 0.000000000000000000e+00 5.000000000000000000e+01 0.000000000000000000e+00
4.625309705734252930e-01 3.817483186721801758e-01 -1.920795738697052002e-01 -1.746535003185272217e-01 -3.647706985473632812e+01 0.000000000000000000e+00 -1.509931217879056931e-02 0.000000000000000000e+00 5.000000000000000000e+01 0.000000000000000000e+00
4.625309705734252930e-01 3.817483186721801758e-01 -1.920795738697052002e-01 -1.746535003185272217e-01 -3.647706985473632812e+01 0.000000000000000000e+00 -1.509931217879056931e-02 0.000000000000000000e+00 5.000000000000000000e+01 0.000000000000000000e+00
4.625309705734252930e-01 3.817483186721801758e-01 -1.920795738697052002e-01 -1.746535003185272217e-01 -3.647706985473632812e+01 0.000000000000000000e+00 -1.509931217879056931e-02 0.000000000000000000e+00 5.000000000000000000e+01 0.000000000000000000e+00
4.625309705734252930e-01 3.817483186721801758e-01 -1.920795738697052002e-01 -1.746535003185272217e-01 -3.647706985473632812e+01 0.000000000000000000e+00 -1.509931217879056931e-02 0.000000000000000000e+00 5.000000000000000000e+01 0.000000000000000000e+00
4.625309705734252930e-01 3.817483186721801758e-01 -1.920795738697052002e-01 -1.746535003185272217e-01 -3.647706985473632812e+01 0.000000000000000000e+00 -1.509931217879056931e-02 0.000000000000000000e+00 5.000000000000000000e+01 0.000000000000000000e+00
4.625309705734252930e-01 3.817483186721801758e-01 -1.920795738697052002e-01 -1.746535003185272217e-01 -3.647706985473632812e+01 0.000000000000000000e+00 -1.509931217879056931e-02 0.000000000000000000e+00 5.000000000000000000e+01 0.000000000000000000e+00
4.625309705734252930e-01 3.817483186721801758e-01 -1.920795738697052002e-01 -1.746535003185272217e-01 -3.647706985473632812e+01 0.000000000000000000e+00 -1.509931217879056931e-02 0.000000000000000000e+00 5.000000000000000000e+01 0.000000000000000000e+00
4.625309705734252930e-01 3.817483186721801758e-01 -1.920795738697052002e-01 -1.746535003185272217e-01 -3.647706985473632812e+01 0.000000000000000000e+00 -1.509931217879056931e-02 0.000000000000000000e+00 5.000000000000000000e+01 0.000000000000000000e+00
4.625309705734252930e-01 3.817483186721801758e-01 -1.920795738697052002e-01 -1.746535003185272217e-01 -3.647706985473632812e+01 0.000000000000000000e+00 -1.509931217879056931e-02 0.000000000000000000e+00 5.000000000000000000e+01 0.000000000000000000e+00
4.625309705734252930e-01 3.817483186721801758e-01 -1.920795738697052002e-01 -1.746535003185272217e-01 -3.647706985473632812e+01 0.000000000000000000e+00 -1.509931217879056931e-02 0.000000000000000000e+00 5.000000000000000000e+01 0.000000000000000000e+00
4.625309705734252930e-01 3.817483186721801758e-01 -1.920795738697052002e-01 -1.746535003185272217e-01 -3.647706985473632812e+01 0.000000000000000000e+00 -1.509931217879056931e-02 0.000000000000000000e+00 5.000000000000000000e+01 0.000000000000000000e+00
4.625309705734252930e-01 3.817483186721801758e-01 -1.920795738697052002e-01 -1.746535003185272217e-01 -3.647706985473632812e+01 0.000000000000000000e+00 -1.509931217879056931e-02 0.000000000000000000e+00 5.000000000000000000e+01 0.000000000000000000e+00
4.625309705734252930e-01 3.817483186721801758e-01 -1.920795738697052002e-01 -1.746535003185272217e-01 -3.647706985473632812e+01 0.000000000000000000e+00 -1.509931217879056931e-02 0.000000000000000000e+00 5.000000000000000000e+01 0.000000000000000000e+00
4.625309705734252930e-01 3.817483186721801758e-01 -1.920795738697052002e-01 -1.746535003185272217e-01 -3.647706985473632812e+01 0.000000000000000000e+00 -1.509931217879056931e-02 0.000000000000000000e+00 5.000000000000000000e+01 0.000000000000000000e+00
4.625309705734252930e-01 3.817483186721801758e-01 -1.920795738697052002e-01 -1.746535003185272217e-01 -3.647706985473632812e+01 0.000000000000000000e+00 -1.509931217879056931e-02 0.000000000000000000e+00 5.000000000000000000e+01 0.000000000000000000e+00
4.625309705734252930e-01 3.817483186721801758e-01 -1.920795738697052002e-01 -1.746535003185272217e-01 -3.647706985473632812e+01 0.000000000000000000e+00 -1.509931217879056931e-02 0.000000000000000000e+00 5.000000000000000000e+01 0.000000000000000000e+00
4.625309705734252930e-01 3.817483186721801758e-01 -1.920795738697052002e-01 -1.746535003185272217e-01 -3.647706985473632812e+01 0.000000000000000000e+00 -1.509931217879056931e-02 0.000000000000000000e+00 5.000000000000000000e+01 0.000000000000000000e+00
4.625309705734252930e-01 3.817483186721801758e-01 -1.920795738697052002e-01 -1.746535003185272217e-01 -3.647706985473632812e+01 0.000000000000000000e+00 -1.509931217879056931e-02 0.000000000000000000e+00 5.000000000000000000e+01 0.000000000000000000e+00
4.625309705734252930e-01 3.817483186721801758e-01 -1.920795738697052002e-01 -1.746535003185272217e-01 -3.647706985473632812e+01 0.000000000000000000e+00 -1.509931217879056931e-02 0.000000000000000000e+00 5.000000000000000000e+01 0.000000000000000000e+00
4.625309705734252930e-01 3.817483186721801758e-01 -1.920795738697052002e-01 -1.746535003185272217e-01 -3.647706985473632812e+01 0.000000000000000000e+00 -1.509931217879056931e-02 0.000000000000000000e+00 5.000000000000000000e+01 0.000000000000000000e+00
4.625309705734252930e-01 3.817483186721801758e-01 -1.920795738697052002e-01 -1.746535003185272217e-01 -3.647706985473632812e+01 0.000000000000000000e+00 -1.509931217879056931e-02 0.000000000000000000e+00 5.000000000000000000e+01 0.000000000000000000e+00
4.625309705734252930e-01 3.817483186721801758e-01 -1.920795738697052002e-01 -1.746535003185272217e-01 -3.647706985473632812e+01 0.000000000000000000e+00 -1.509931217879056931e-02 0.000000000000000000e+00 5.000000000000000000e+01 0.000000000000000000e+00
4.625309705734252930e-01 3.817483186721801758e-01 -1.920795738697052002e-01 -1.746535003185272217e-01 -3.647706985473632812e+01 0.000000000000000000e+00 -1.509931217879056931e-02 0.000000000000000000e+00 5.000000000000000000e+01 0.000000000000000000e+00
4.625309705734252930e-01 3.817483186721801758e-01 -1.920795738697052002e-01 -1.746535003185272217e-01 -3.647706985473632812e+01 0.000000000000000000e+00 -1.509931217879056931e-02 0.000000000000000000e+00 5.000000000000000000e+01 0.000000000000000000e+00
4.625309705734252930e-01 3.817483186721801758e-01 -1.920795738697052002e-01 -1.746535003185272217e-01 -3.647706985473632812e+01 0.000000000000000000e+00 -1.509931217879056931e-02 0.000000000000000000e+00 5.000000000000000000e+01 0.000000000000000000e+00
