4.698832631111145020e-01 4.991813600063323975e-01 4.521882906556129456e-02 6.235186383128166199e-02 -1.471594238281250000e+02 -1.338722229003906250e+02 -6.091514602303504944e-02 -1.769927591085433960e-01 6.460000000000000000e+02 5.960000000000000000e+02
4.698832631111145020e-01 5.003346204757690430e-01 4.766989499330520630e-02 6.480621546506881714e-02 -1.302178955078125000e+02 -1.169307098388671875e+02 -5.390237271785736084e-02 -1.545943468809127808e-01 6.170000000000000000e+02 5.670000000000000000e+02
4.698832631111145020e-01 5.001807808876037598e-01 4.750783368945121765e-02 6.447882205247879028e-02 -1.217261810302734375e+02 -1.084389801025390625e+02 -5.038731545209884644e-02 -1.433674097061157227e-01 5.970000000000000000e+02 5.470000000000000000e+02
4.698832631111145020e-01 5.029541850090026855e-01 5.320391058921813965e-02 7.038114219903945923e-02 -1.173116073608398438e+02 -1.040244140625000000e+02 -4.855994507670402527e-02 -1.375308930873870850e-01 5.870000000000000000e+02 5.370000000000000000e+02
4.698832631111145020e-01 5.056813955307006836e-01 5.902007967233657837e-02 7.618515938520431519e-02 -1.139428024291992188e+02 -1.006556091308593750e+02 -4.716546460986137390e-02 -1.330769956111907959e-01 5.770000000000000000e+02 5.270000000000000000e+02
4.698832631111145020e-01 5.167822837829589844e-01 8.530753850936889648e-02 9.980993717908859253e-02 -1.080619049072265625e+02 -9.477471160888671875e+01 -4.473112523555755615e-02 -1.253018528223037720e-01 5.640000000000000000e+02 5.140000000000000000e+02
4.698832631111145020e-01 5.164722204208374023e-01 8.620939403772354126e-02 9.915006905794143677e-02 -1.011750183105468750e+02 -8.788781738281250000e+01 -4.188036918640136719e-02 -1.161966696381568909e-01 5.510000000000000000e+02 5.010000000000000000e+02
4.698832631111145020e-01 5.168898105621337891e-01 8.716628700494766235e-02 1.000387743115425110e-01 -9.877443695068359375e+01 -8.548724365234375000e+01 -4.088667407631874084e-02 -1.130228638648986816e-01 5.440000000000000000e+02 4.940000000000000000e+02
4.698832631111145020e-01 5.316397547721862793e-01 1.193062961101531982e-01 1.314294338226318359e-01 -9.642607116699218750e+01 -8.313887786865234375e+01 -3.991459310054779053e-02 -1.099180877208709717e-01 5.360000000000000000e+02 4.860000000000000000e+02
4.698832631111145020e-01 5.325174331665039062e-01 1.199031323194503784e-01 1.332972943782806396e-01 -9.402455139160156250e+01 -8.073736572265625000e+01 -3.892050683498382568e-02 -1.067430451512336731e-01 5.290000000000000000e+02 4.790000000000000000e+02
4.698832631111145020e-01 5.334308743476867676e-01 1.217774972319602966e-01 1.352412700653076172e-01 -9.370272827148437500e+01 -8.041554260253906250e+01 -3.878729045391082764e-02 -1.063175573945045471e-01 5.270000000000000000e+02 4.770000000000000000e+02
4.698832631111145020e-01 5.634479522705078125e-01 1.852286309003829956e-01 1.991232633590698242e-01 -6.909381103515625000e+01 -5.580662536621093750e+01 -2.860067971050739288e-02 -7.378205657005310059e-02 4.530000000000000000e+02 4.030000000000000000e+02
4.698832631111145020e-01 5.785329937934875488e-01 2.217787951231002808e-01 2.312270700931549072e-01 -5.779442596435546875e+01 -4.450723266601562500e+01 -2.392341382801532745e-02 -5.884310603141784668e-02 4.090000000000000000e+02 3.590000000000000000e+02
4.698832631111145020e-01 5.824290513992309570e-01 2.356936186552047729e-01 2.395186126232147217e-01 -5.085706329345703125e+01 -3.756986999511718750e+01 -2.105176448822021484e-02 -4.967120662331581116e-02 3.730000000000000000e+02 3.230000000000000000e+02
4.698832631111145020e-01 5.867055654525756836e-01 2.445028126239776611e-01 2.486198395490646362e-01 -4.532757568359375000e+01 -3.204038238525390625e+01 -1.876288838684558868e-02 -4.236065968871116638e-02 3.460000000000000000e+02 2.960000000000000000e+02
4.698832631111145020e-01 5.736268758773803711e-01 2.136458158493041992e-01 2.207859307527542114e-01 -4.205248641967773438e+01 -2.876529312133789062e+01 -1.740719936788082123e-02 -3.803065419197082520e-02 3.280000000000000000e+02 2.780000000000000000e+02
4.698832631111145020e-01 5.732168555259704590e-01 2.137537151575088501e-01 2.199133336544036865e-01 -4.005574035644531250e+01 -2.676855087280273438e+01 -1.658066548407077789e-02 -3.539075702428817749e-02 3.140000000000000000e+02 2.640000000000000000e+02
4.698832631111145020e-01 5.647396445274353027e-01 1.964805126190185547e-01 2.018722295761108398e-01 -3.793772125244140625e+01 -2.465052413940429688e+01 -1.570393331348896027e-02 -3.259051218628883362e-02 2.990000000000000000e+02 2.490000000000000000e+02
4.698832631111145020e-01 5.625600814819335938e-01 1.928580403327941895e-01 1.972337067127227783e-01 -3.695542144775390625e+01 -2.366823005676269531e+01 -1.529732067137956619e-02 -3.129181638360023499e-02 2.900000000000000000e+02 2.400000000000000000e+02
4.698832631111145020e-01 5.474085211753845215e-01 1.633033454418182373e-01 1.649883389472961426e-01 -3.484814834594726562e+01 -2.156095504760742188e+01 -1.442503649741411209e-02 -2.850578539073467255e-02 2.750000000000000000e+02 2.250000000000000000e+02
4.698832631111145020e-01 5.331444144248962402e-01 1.311710029840469360e-01 1.346316337585449219e-01 -2.470148658752441406e+01 -1.141429138183593750e+01 -1.022492907941341400e-02 -1.509085856378078461e-02 1.800000000000000000e+02 1.300000000000000000e+02
4.698832631111145020e-01 5.473363995552062988e-01 1.620367765426635742e-01 1.648348420858383179e-01 -2.033842086791992188e+01 -7.051226615905761719e+00 -8.418882265686988831e-03 -9.322442114353179932e-03 1.390000000000000000e+02 8.900000000000000000e+01
4.698832631111145020e-01 5.111749768257141113e-01 8.104269206523895264e-02 8.787653595209121704e-02 -1.758426666259765625e+01 -4.297073364257812500e+00 -7.278828416019678116e-03 -5.681169684976339340e-03 1.100000000000000000e+02 6.000000000000000000e+01
4.698832631111145020e-01 5.114352107048034668e-01 8.294435590505599976e-02 8.843035995960235596e-02 -1.636825180053710938e+01 -3.081057548522949219e+00 -6.775471381843090057e-03 -4.073472693562507629e-03 9.400000000000000000e+01 4.400000000000000000e+01
4.698832631111145020e-01 5.091461539268493652e-01 7.889486104249954224e-02 8.355882018804550171e-02 -1.572019004821777344e+01 -2.432995796203613281e+00 -6.507212761789560318e-03 -3.216668963432312012e-03 8.700000000000000000e+01 3.700000000000000000e+01
4.698832631111145020e-01 4.947173297405242920e-01 4.878106340765953064e-02 5.285156518220901489e-02 -1.533621406555175781e+01 -2.049020290374755859e+00 -6.348269991576671600e-03 -2.709014108404517174e-03 8.100000000000000000e+01 3.100000000000000000e+01
4.698832631111145020e-01 4.834239184856414795e-01 2.541730739176273346e-02 2.881706319749355316e-02 -1.480562877655029297e+01 -1.518434882164001465e+00 -6.128639448434114456e-03 -2.007526112720370293e-03 7.300000000000000000e+01 2.300000000000000000e+01
4.698832631111145020e-01 4.978924095630645752e-01 5.590106546878814697e-02 5.960873514413833618e-02 -1.424478435516357422e+01 -9.575904607772827148e-01 -5.896483547985553741e-03 -1.266032340936362743e-03 6.400000000000000000e+01 1.400000000000000000e+01
4.698832631111145020e-01 5.047253966331481934e-01 7.217292487621307373e-02 7.415061444044113159e-02 -1.386440849304199219e+01 -5.772154927253723145e-01 -5.739030893892049789e-03 -7.631378248333930969e-04 6.000000000000000000e+01 1.000000000000000000e+01
4.698832631111145020e-01 4.620133936405181885e-01 -1.786891557276248932e-02 -1.674856245517730713e-02 -1.343633270263671875e+01 -1.491393446922302246e-01 -5.561833269894123077e-03 -1.971774472622200847e-04 5.300000000000000000e+01 3.000000000000000000e+00
4.698832631111145020e-01 4.657937884330749512e-01 -9.143168106675148010e-03 -8.703171275556087494e-03 -1.334942436218261719e+01 -6.223082542419433594e-02 -5.525858607143163681e-03 -8.227551006712019444e-05 5.100000000000000000e+01 1.000000000000000000e+00
4.698832631111145020e-01 4.566400349140167236e-01 -2.733019925653934479e-02 -2.818408235907554626e-02 -1.328719329833984375e+01 0.000000000000000000e+00 -5.500098690390586853e-03 0.000000000000000000e+00 5.000000000000000000e+01 0.000000000000000000e+00
4.698832631111145020e-01 4.566400349140167236e-01 -2.733019925653934479e-02 -2.818408235907554626e-02 -1.328719329833984375e+01 0.000000000000000000e+00 -5.500098690390586853e-03 0.000000000000000000e+00 5.000000000000000000e+01 0.000000000000000000e+00
4.698832631111145020e-01 4.566400349140167236e-01 -2.733019925653934479e-02 -2.818408235907554626e-02 -1.328719329833984375e+01 0.000000000000000000e+00 -5.500098690390586853e-03 0.000000000000000000e+00 5.000000000000000000e+01 0.000000000000000000e+00
4.698832631111145020e-01 4.566400349140167236e-01 -2.733019925653934479e-02 -2.818408235907554626e-02 -1.328719329833984375e+01 0.000000000000000000e+00 -5.500098690390586853e-03 0.000000000000000000e+00 5.000000000000000000e+01 0.000000000000000000e+00
4.698832631111145020e-01 4.566400349140167236e-01 -2.733019925653934479e-02 -2.818408235907554626e-02 -1.328719329833984375e+01 0.000000000000000000e+00 -5.500098690390586853e-03 0.000000000000000000e+00 5.000000000000000000e+01 0.000000000000000000e+00
4.698832631111145020e-01 4.566400349140167236e-01 -2.733019925653934479e-02 -2.818408235907554626e-02 -1.328719329833984375e+01 0.000000000000000000e+00 -5.500098690390586853e-03 0.000000000000000000e+00 5.000000000000000000e+01 0.000000000000000000e+00
4.698832631111145020e-01 4.566400349140167236e-01 -2.733019925653934479e-02 -2.818408235907554626e-02 -1.328719329833984375e+01 0.000000000000000000e+00 -5.500098690390586853e-03 0.000000000000000000e+00 5.000000000000000000e+01 0.000000000000000000e+00
4.698832631111145020e-01 4.566400349140167236e-01 -2.733019925653934479e-02 -2.818408235907554626e-02 -1.328719329833984375e+01 0.000000000000000000e+00 -5.500098690390586853e-03 0.000000000000000000e+00 5.000000000000000000e+01 0.000000000000000000e+00
4.698832631111145020e-01 4.566400349140167236e-01 -2.733019925653934479e-02 -2.818408235907554626e-02 -1.328719329833984375e+01 0.000000000000000000e+00 -5.500098690390586853e-03 0.000000000000000000e+00 5.000000000000000000e+01 0.000000000000000000e+00
4.698832631111145020e-01 4.566400349140167236e-01 -2.733019925653934479e-02 -2.818408235907554626e-02 -1.328719329833984375e+01 0.000000000000000000e+00 -5.500098690390586853e-03 0.000000000000000000e+00 5.000000000000000000e+01 0.000000000000000000e+00
4.698832631111145020e-01 4.566400349140167236e-01 -2.733019925653934479e-02 -2.818408235907554626e-02 -1.328719329833984375e+01 0.000000000000000000e+00 -5.500098690390586853e-03 0.000000000000000000e+00 5.000000000000000000e+01 0.000000000000000000e+00
4.698832631111145020e-01 4.566400349140167236e-01 -2.733019925653934479e-02 -2.818408235907554626e-02 -1.328719329833984375e+01 0.000000000000000000e+00 -5.500098690390586853e-03 0.000000000000000000e+00 5.000000000000000000e+01 0.000000000000000000e+00
4.698832631111145020e-01 4.566400349140167236e-01 -2.733019925653934479e-02 -2.818408235907554626e-02 -1.328719329833984375e+01 0.000000000000000000e+00 -5.500098690390586853e-03 0.000000000000000000e+00 5.000000000000000000e+01 0.000000000000000000e+00
4.698832631111145020e-01 4.566400349140167236e-01 -2.733019925653934479e-02 -2.818408235907554626e-02 -1.328719329833984375e+01 0.000000000000000000e+00 -5.500098690390586853e-03 0.000000000000000000e+00 5.000000000000000000e+01 0.000000000000000000e+00
4.698832631111145020e-01 4.566400349140167236e-01 -2.733019925653934479e-02 -2.818408235907554626e-02 -1.328719329833984375e+01 0.000000000000000000e+00 -5.500098690390586853e-03 0.000000000000000000e+00 5.000000000000000000e+01 0.000000000000000000e+00
4.698832631111145020e-01 4.566400349140167236e-01 -2.733019925653934479e-02 -2.818408235907554626e-02 -1.328719329833984375e+01 0.000000000000000000e+00 -5.500098690390586853e-03 0.000000000000000000e+00 5.000000000000000000e+01 0.000000000000000000e+00
4.698832631111145020e-01 4.566400349140167236e-01 -2.733019925653934479e-02 -2.818408235907554626e-02 -1.328719329833984375e+01 0.000000000000000000e+00 -5.500098690390586853e-03 0.000000000000000000e+00 5.000000000000000000e+01 0.000000000000000000e+00
4.698832631111145020e-01 4.566400349140167236e-01 -2.733019925653934479e-02 -2.818408235907554626e-02 -1.328719329833984375e+01 0.000000000000000000e+00 -5.500098690390586853e-03 0.000000000000000000e+00 5.000000000000000000e+01 0.000000000000000000e+00
4.698832631111145020e-01 4.566400349140167236e-01 -2.733019925653934479e-02 -2.818408235907554626e-02 -1.328719329833984375e+01 0.000000000000000000e+00 -5.500098690390586853e-03 0.000000000000000000e+00 5.000000000000000000e+01 0.000000000000000000e+00
4.698832631111145020e-01 4.566400349140167236e-01 -2.733019925653934479e-02 -2.818408235907554626e-02 -1.328719329833984375e+01 0.000000000000000000e+00 -5.500098690390586853e-03 0.000000000000000000e+00 5.000000000000000000e+01 0.000000000000000000e+00
4.698832631111145020e-01 4.566400349140167236e-01 -2.733019925653934479e-02 -2.818408235907554626e-02 -1.328719329833984375e+01 0.000000000000000000e+00 -5.500098690390586853e-03 0.000000000000000000e+00 5.000000000000000000e+01 0.000000000000000000e+00
4.698832631111145020e-01 4.566400349140167236e-01 -2.733019925653934479e-02 -2.818408235907554626e-02 -1.328719329833984375e+01 0.000000000000000000e+00 -5.500098690390586853e-03 0.000000000000000000e+00 5.000000000000000000e+01 0.000000000000000000e+00
4.698832631111145020e-01 4.566400349140167236e-01 -2.733019925653934479e-02 -2.818408235907554626e-02 -1.328719329833984375e+01 0.000000000000000000e+00 -5.500098690390586853e-03 0.000000000000000000e+00 5.000000000000000000e+01 0.000000000000000000e+00
4.698832631111145020e-01 4.566400349140167236e-01 -2.733019925653934479e-02 -2.818408235907554626e-02 -1.328719329833984375e+01 0.000000000000000000e+00 -5.500098690390586853e-03 0.000000000000000000e+00 5.000000000000000000e+01 0.000000000000000000e+00
4.698832631111145020e-01 4.566400349140167236e-01 -2.733019925653934479e-02 -2.818408235907554626e-02 -1.328719329833984375e+01 0.000000000000000000e+00 -5.500098690390586853e-03 0.000000000000000000e+00 5.000000000000000000e+01 0.000000000000000000e+00
4.698832631111145020e-01 4.566400349140167236e-01 -2.733019925653934479e-02 -2.818408235907554626e-02 -1.328719329833984375e+01 0.000000000000000000e+00 -5.500098690390586853e-03 0.000000000000000000e+00 5.000000000000000000e+01 0.000000000000000000e+00
4.698832631111145020e-01 4.566400349140167236e-01 -2.733019925653934479e-02 -2.818408235907554626e-02 -1.328719329833984375e+01 0.000000000000000000e+00 -5.500098690390586853e-03 0.000000000000000000e+00 5.000000000000000000e+01 0.000000000000000000e+00
4.698832631111145020e-01 4.566400349140167236e-01 -2.733019925653934479e-02 -2.818408235907554626e-02 -1.328719329833984375e+01 0.000000000000000000e+00 -5.500098690390586853e-03 0.000000000000000000e+00 5.000000000000000000e+01 0.000000000000000000e+00
4.698832631111145020e-01 4.566400349140167236e-01 -2.733019925653934479e-02 -2.818408235907554626e-02 -1.328719329833984375e+01 0.000000000000000000e+00 -5.500098690390586853e-03 0.000000000000000000e+00 5.000000000000000000e+01 0.000000000000000000e+00
4.698832631111145020e-01 4.566400349140167236e-01 -2.733019925653934479e-02 -2.818408235907554626e-02 -1.328719329833984375e+01 0.000000000000000000e+00 -5.500098690390586853e-03 0.000000000000000000e+00 5.000000000000000000e+01 0.000000000000000000e+00
4.698832631111145020e-01 4.566400349140167236e-01 -2.733019925653934479e-02 -2.818408235907554626e-02 -1.328719329833984375e+01 0.000000000000000000e+00 -5.500098690390586853e-03 0.000000000000000000e+00 5.000000000000000000e+01 0.000000000000000000e+00
4.698832631111145020e-01 4.566400349140167236e-01 -2.733019925653934479e-02 -2.818408235907554626e-02 -1.328719329833984375e+01 0.000000000000000000e+00 -5.500098690390586853e-03 0.000000000000000000e+00 5.000000000000000000e+01 0.000000000000000000e+00
4.698832631111145020e-01 4.566400349140167236e-01 -2.733019925653934479e-02 -2.818408235907554626e-02 -1.328719329833984375e+01 0.000000000000000000e+00 -5.500098690390586853e-03 0.000000000000000000e+00 5.000000000000000000e+01 0.000000000000000000e+00
4.698832631111145020e-01 4.566400349140167236e-01 -2.733019925653934479e-02 -2.818408235907554626e-02 -1.328719329833984375e+01 0.000000000000000000e+00 -5.500098690390586853e-03 0.000000000000000000e+00 5.000000000000000000e+01 0.000000000000000000e+00
4.698832631111145020e-01 4.566400349140167236e-01 -2.733019925653934479e-02 -2.818408235907554626e-02 -1.328719329833984375e+01 0.000000000000000000e+00 -5.500098690390586853e-03 0.000000000000000000e+00 5.000000000000000000e+01 0.000000000000000000e+00
4.698832631111145020e-01 4.566400349140167236e-01 -2.733019925653934479e-02 -2.818408235907554626e-02 -1.328719329833984375e+01 0.000000000000000000e+00 -5.500098690390586853e-03 0.000000000000000000e+00 5.000000000000000000e+01 0.000000000000000000e+00
4.698832631111145020e-01 4.566400349140167236e-01 -2.733019925653934479e-02 -2.818408235907554626e-02 -1.328719329833984375e+01 0.000000000000000000e+00 -5.500098690390586853e-03 0.000000000000000000e+00 5.000000000000000000e+01 0.000000000000000000e+00
4.698832631111145020e-01 4.566400349140167236e-01 -2.733019925653934479e-02 -2.818408235907554626e-02 -1.328719329833984375e+01 0.000000000000000000e+00 -5.500098690390586853e-03 0.000000000000000000e+00 5.000000000000000000e+01 0.000000000000000000e+00
4.698832631111145020e-01 4.566400349140167236e-01 -2.733019925653934479e-02 -2.818408235907554626e-02 -1.328719329833984375e+01 0.000000000000000000e+00 -5.500098690390586853e-03 0.000000000000000000e+00 5.000000000000000000e+01 0.000000000000000000e+00
4.698832631111145020e-01 4.566400349140167236e-01 -2.733019925653934479e-02 -2.818408235907554626e-02 -1.328719329833984375e+01 0.000000000000000000e+00 -5.500098690390586853e-03 0.000000000000000000e+00 5.000000000000000000e+01 0.000000000000000000e+00
4.698832631111145020e-01 4.566400349140167236e-01 -2.733019925653934479e-02 -2.818408235907554626e-02 -1.328719329833984375e+01 0.000000000000000000e+00 -5.500098690390586853e-03 0.000000000000000000e+00 5.000000000000000000e+01 0.000000000000000000e+00
4.698832631111145020e-01 4.566400349140167236e-01 -2.733019925653934479e-02 -2.818408235907554626e-02 -1.328719329833984375e+01 0.000000000000000000e+00 -5.500098690390586853e-03 0.000000000000000000e+00 5.000000000000000000e+01 0.000000000000000000e+00
4.698832631111145020e-01 4.566400349140167236e-01 -2.733019925653934479e-02 -2.818408235907554626e-02 -1.328719329833984375e+01 0.000000000000000000e+00 -5.500098690390586853e-03 0.000000000000000000e+00 5.000000000000000000e+01 0.000000000000000000e+00
4.698832631111145020e-01 4.566400349140167236e-01 -2.733019925653934479e-02 -2.818408235907554626e-02 -1.328719329833984375e+01 0.000000000000000000e+00 -5.500098690390586853e-03 0.000000000000000000e+00 5.000000000000000000e+01 0.000000000000000000e+00
4.698832631111145020e-01 4.566400349140167236e-01 -2.733019925653934479e-02 -2.818408235907554626e-02 -1.328719329833984375e+01 0.000000000000000000e+00 -5.500098690390586853e-03 0.000000000000000000e+00 5.000000000000000000e+01 0.000000000000000000e+00
4.698832631111145020e-01 4.566400349140167236e-01 -2.733019925653934479e-02 -2.818408235907554626e-02 -1.328719329833984375e+01 0.000000000000000000e+00 -5.500098690390586853e-03 0.000000000000000000e+00 5.000000000000000000e+01 0.000000000000000000e+00
4.698832631111145020e-01 4.566400349140167236e-01 -2.733019925653934479e-02 -2.818408235907554626e-02 -1.328719329833984375e+01 0.000000000000000000e+00 -5.500098690390586853e-03 0.000000000000000000e+00 5.000000000000000000e+01 0.000000000000000000e+00
4.698832631111145020e-01 4.566400349140167236e-01 -2.733019925653934479e-02 -2.818408235907554626e-02 -1.328719329833984375e+01 0.000000000000000000e+00 -5.500098690390586853e-03 0.000000000000000000e+00 5.000000000000000000e+01 0.000000000000000000e+00
4.698832631111145020e-01 4.566400349140167236e-01 -2.733019925653934479e-02 -2.818408235907554626e-02 -1.328719329833984375e+01 0.000000000000000000e+00 -5.500098690390586853e-03 0.000000000000000000e+00 5.000000000000000000e+01 0.000000000000000000e+00
4.698832631111145020e-01 4.566400349140167236e-01 -2.733019925653934479e-02 -2.818408235907554626e-02 -1.328719329833984375e+01 0.000000000000000000e+00 -5.500098690390586853e-03 0.000000000000000000e+00 5.000000000000000000e+01 0.000000000000000000e+00
4.698832631111145020e-01 4.566400349140167236e-01 -2.733019925653934479e-02 -2.818408235907554626e-02 -1.328719329833984375e+01 0.000000000000000000e+00 -5.500098690390586853e-03 0.000000000000000000e+00 5.000000000000000000e+01 0.000000000000000000e+00
4.698832631111145020e-01 4.566400349140167236e-01 -2.733019925653934479e-02 -2.818408235907554626e-02 -1.328719329833984375e+01 0.000000000000000000e+00 -5.500098690390586853e-03 0.000000000000000000e+00 5.000000000000000000e+01 0.000000000000000000e+00
4.698832631111145020e-01 4.566400349140167236e-01 -2.733019925653934479e-02 -2.818408235907554626e-02 -1.328719329833984375e+01 0.000000000000000000e+00 -5.500098690390586853e-03 0.000000000000000000e+00 5.000000000000000000e+01 0.000000000000000000e+00
4.698832631111145020e-01 4.566400349140167236e-01 -2.733019925653934479e-02 -2.818408235907554626e-02 -1.328719329833984375e+01 0.000000000000000000e+00 -5.500098690390586853e-03 0.000000000000000000e+00 5.000000000000000000e+01 0.000000000000000000e+00
4.698832631111145020e-01 4.566400349140167236e-01 -2.733019925653934479e-02 -2.818408235907554626e-02 -1.328719329833984375e+01 0.000000000000000000e+00 -5.500098690390586853e-03 0.000000000000000000e+00 5.000000000000000000e+01 0.000000000000000000e+00
4.698832631111145020e-01 4.566400349140167236e-01 -2.733019925653934479e-02 -2.818408235907554626e-02 -1.328719329833984375e+01 0.000000000000000000e+00 -5.500098690390586853e-03 0.000000000000000000e+00 5.000000000000000000e+01 0.000000000000000000e+00
4.698832631111145020e-01 4.566400349140167236e-01 -2.733019925653934479e-02 -2.818408235907554626e-02 -1.328719329833984375e+01 0.000000000000000000e+00 -5.500098690390586853e-03 0.000000000000000000e+00 5.000000000000000000e+01 0.000000000000000000e+00
4.698832631111145020e-01 4.566400349140167236e-01 -2.733019925653934479e-02 -2.818408235907554626e-02 -1.328719329833984375e+01 0.000000000000000000e+00 -5.500098690390586853e-03 0.000000000000000000e+00 5.000000000000000000e+01 0.000000000000000000e+00
4.698832631111145020e-01 4.566400349140167236e-01 -2.733019925653934479e-02 -2.818408235907554626e-02 -1.328719329833984375e+01 0.000000000000000000e+00 -5.500098690390586853e-03 0.000000000000000000e+00 5.000000000000000000e+01 0.000000000000000000e+00
4.698832631111145020e-01 4.566400349140167236e-01 -2.733019925653934479e-02 -2.818408235907554626e-02 -1.328719329833984375e+01 0.000000000000000000e+00 -5.500098690390586853e-03 0.000000000000000000e+00 5.000000000000000000e+01 0.000000000000000000e+00
