4.513880014419555664e-01 3.316715657711029053e-01 -3.361104428768157959e-01 -2.652184665203094482e-01 -1.564821472167968750e+02 -1.281730041503906250e+02 -6.477419286966323853e-02 -1.295551061630249023e-01 4.640000000000000000e+02 4.140000000000000000e+02
4.513880014419555664e-01 3.502055406570434570e-01 -2.959307432174682617e-01 -2.241585105657577515e-01 -1.243444671630859375e+02 -9.603531646728515625e+01 -5.147112905979156494e-02 -9.707088023424148560e-02 3.990000000000000000e+02 3.490000000000000000e+02
4.513880014419555664e-01 3.565534651279449463e-01 -2.820412516593933105e-01 -2.100953906774520874e-01 -1.106148071289062500e+02 -8.230566406250000000e+01 -4.578787460923194885e-02 -8.319317549467086792e-02 3.620000000000000000e+02 3.120000000000000000e+02
4.513880014419555664e-01 3.735536634922027588e-01 -2.415916770696640015e-01 -1.724333316087722778e-01 -1.039339599609375000e+02 -7.562480163574218750e+01 -4.302240535616874695e-02 -7.644027471542358398e-02 3.410000000000000000e+02 2.910000000000000000e+02
4.513880014419555664e-01 3.824524581432342529e-01 -2.186624407768249512e-01 -1.527190357446670532e-01 -9.569633483886718750e+01 -6.738719177246093750e+01 -3.961252421140670776e-02 -6.811383366584777832e-02 3.180000000000000000e+02 2.680000000000000000e+02
4.513880014419555664e-01 3.878728151321411133e-01 -2.061226665973663330e-01 -1.407108455896377563e-01 -9.068249511718750000e+01 -6.237334823608398438e+01 -3.753709793090820312e-02 -6.304592639207839966e-02 3.060000000000000000e+02 2.560000000000000000e+02
4.513880014419555664e-01 3.985232114791870117e-01 -1.794683784246444702e-01 -1.171160712838172913e-01 -8.448612976074218750e+01 -5.617698669433593750e+01 -3.497217223048210144e-02 -5.678274855017662048e-02 2.920000000000000000e+02 2.420000000000000000e+02
4.513880014419555664e-01 4.202052354812622070e-01 -1.255780309438705444e-01 -6.908195465803146362e-02 -7.757368469238281250e+01 -4.926453018188476562e+01 -3.211083635687828064e-02 -4.979575425386428833e-02 2.750000000000000000e+02 2.250000000000000000e+02
4.513880014419555664e-01 4.247570633888244629e-01 -1.140549853444099426e-01 -5.899788811802864075e-02 -7.467101287841796875e+01 -4.636186218261718750e+01 -3.090930543839931488e-02 -4.686178639531135559e-02 2.690000000000000000e+02 2.190000000000000000e+02
4.513880014419555664e-01 4.302741885185241699e-01 -1.013963967561721802e-01 -4.677530750632286072e-02 -7.065155029296875000e+01 -4.234240341186523438e+01 -2.924549020826816559e-02 -4.279898852109909058e-02 2.560000000000000000e+02 2.060000000000000000e+02
4.513880014419555664e-01 4.373004734516143799e-01 -8.349783718585968018e-02 -3.120935335755348206e-02 -6.815585327148437500e+01 -3.984670257568359375e+01 -2.821242250502109528e-02 -4.027637466788291931e-02 2.500000000000000000e+02 2.000000000000000000e+02
4.513880014419555664e-01 4.776986539363861084e-01 1.620541140437126160e-02 5.828832834959030151e-02 -5.152287292480468750e+01 -2.321372413635253906e+01 -2.132736891508102417e-02 -2.346404083073139191e-02 1.950000000000000000e+02 1.450000000000000000e+02
4.513880014419555664e-01 4.803007543087005615e-01 2.747749350965023041e-02 6.405299156904220581e-02 -4.527002334594726562e+01 -1.696087455749511719e+01 -1.873906515538692474e-02 -1.714376546442508698e-02 1.680000000000000000e+02 1.180000000000000000e+02
4.513880014419555664e-01 4.831078946590423584e-01 3.553712368011474609e-02 7.027190178632736206e-02 -4.147449493408203125e+01 -1.316534805297851562e+01 -1.716794446110725403e-02 -1.330731157213449478e-02 1.470000000000000000e+02 9.700000000000000000e+01
4.513880014419555664e-01 4.884997308254241943e-01 4.473682865500450134e-02 8.221691846847534180e-02 -4.004563140869140625e+01 -1.173648071289062500e+01 -1.657648198306560516e-02 -1.186303701251745224e-02 1.390000000000000000e+02 8.900000000000000000e+01
4.513880014419555664e-01 4.917465746402740479e-01 5.265625938773155212e-02 8.940993994474411011e-02 -3.886486816406250000e+01 -1.055571937561035156e+01 -1.608771644532680511e-02 -1.066954340785741806e-02 1.300000000000000000e+02 8.000000000000000000e+01
4.513880014419555664e-01 4.860846996307373047e-01 3.705889359116554260e-02 7.686667889356613159e-02 -3.752211380004882812e+01 -9.212964057922363281e+00 -1.553189754486083984e-02 -9.312308393418788910e-03 1.200000000000000000e+02 7.000000000000000000e+01
4.513880014419555664e-01 4.919029772281646729e-01 5.223808065056800842e-02 8.975642919540405273e-02 -3.682089996337890625e+01 -8.511753082275390625e+00 -1.524163689464330673e-02 -8.603536523878574371e-03 1.170000000000000000e+02 6.700000000000000000e+01
4.513880014419555664e-01 4.943291842937469482e-01 5.888815596699714661e-02 9.513141959905624390e-02 -3.586964035034179688e+01 -7.560492038726806641e+00 -1.484787277877330780e-02 -7.642017677426338196e-03 1.110000000000000000e+02 6.100000000000000000e+01
4.513880014419555664e-01 4.916535913944244385e-01 5.390837416052818298e-02 8.920394629240036011e-02 -3.543190002441406250e+01 -7.122750759124755859e+00 -1.466667465865612030e-02 -7.199556101113557816e-03 1.070000000000000000e+02 5.700000000000000000e+01
4.513880014419555664e-01 4.672607183456420898e-01 3.069972852244973183e-03 3.516424074769020081e-02 -3.154804229736328125e+01 -3.238892316818237305e+00 -1.305899117141962051e-02 -3.273817710578441620e-03 8.300000000000000000e+01 3.300000000000000000e+01
4.513880014419555664e-01 4.458759129047393799e-01 -3.798579797148704529e-02 -1.221142057329416275e-02 -3.022607612609863281e+01 -1.916926622390747070e+00 -1.251177676022052765e-02 -1.937597058713436127e-03 7.200000000000000000e+01 2.200000000000000000e+01
4.513880014419555664e-01 4.335308372974395752e-01 -6.207421049475669861e-02 -3.956056386232376099e-02 -2.952348327636718750e+01 -1.214333295822143555e+00 -1.222094520926475525e-02 -1.227427623234689236e-03 6.300000000000000000e+01 1.300000000000000000e+01
4.513880014419555664e-01 4.322281479835510254e-01 -6.369528174400329590e-02 -4.244652763009071350e-02 -2.932208061218261719e+01 -1.012930631637573242e+00 -1.213757693767547607e-02 -1.023853197693824768e-03 6.100000000000000000e+01 1.100000000000000000e+01
4.513880014419555664e-01 4.288941025733947754e-01 -7.015186548233032227e-02 -4.983273521065711975e-02 -2.869085311889648438e+01 -3.817036151885986328e-01 -1.187628693878650665e-02 -3.858195850625634193e-04 5.600000000000000000e+01 6.000000000000000000e+00
4.513880014419555664e-01 4.185739457607269287e-01 -8.973500877618789673e-02 -7.269589602947235107e-02 -2.856019401550292969e+01 -2.510446310043334961e-01 -1.182220224291086197e-02 -2.537516702432185411e-04 5.400000000000000000e+01 4.000000000000000000e+00
4.513880014419555664e-01 4.103462994098663330e-01 -1.051243543624877930e-01 -9.092333167791366577e-02 -2.845917320251464844e+01 -1.500235199928283691e-01 -1.178038492798805237e-02 -1.516412448836490512e-04 5.300000000000000000e+01 3.000000000000000000e+00
4.513880014419555664e-01 4.103462994098663330e-01 -1.051243543624877930e-01 -9.092333167791366577e-02 -2.845917320251464844e+01 -1.500235199928283691e-01 -1.178038492798805237e-02 -1.516412448836490512e-04 5.300000000000000000e+01 3.000000000000000000e+00
4.513880014419555664e-01 4.103462994098663330e-01 -1.051243543624877930e-01 -9.092333167791366577e-02 -2.845917320251464844e+01 -1.500235199928283691e-01 -1.178038492798805237e-02 -1.516412448836490512e-04 5.300000000000000000e+01 3.000000000000000000e+00
4.513880014419555664e-01 4.234651923179626465e-01 -7.514747232198715210e-02 -6.185988336801528931e-02 -2.836905288696289062e+01 -5.990284681320190430e-02 -1.174308080226182938e-02 -6.054878758732229471e-05 5.200000000000000000e+01 2.000000000000000000e+00
4.513880014419555664e-01 4.051178693771362305e-01 -1.106712147593498230e-01 -1.025063395500183105e-01 -2.830914878845214844e+01 0.000000000000000000e+00 -1.171828433871269226e-02 0.000000000000000000e+00 5.000000000000000000e+01 0.000000000000000000e+00
4.513880014419555664e-01 4.051178693771362305e-01 -1.106712147593498230e-01 -1.025063395500183105e-01 -2.830914878845214844e+01 0.000000000000000000e+00 -1.171828433871269226e-02 0.000000000000000000e+00 5.000000000000000000e+01 0.000000000000000000e+00
4.513880014419555664e-01 4.051178693771362305e-01 -1.106712147593498230e-01 -1.025063395500183105e-01 -2.830914878845214844e+01 0.000000000000000000e+00 -1.171828433871269226e-02 0.000000000000000000e+00 5.000000000000000000e+01 0.000000000000000000e+00
4.513880014419555664e-01 4.051178693771362305e-01 -1.106712147593498230e-01 -1.025063395500183105e-01 -2.830914878845214844e+01 0.000000000000000000e+00 -1.171828433871269226e-02 0.000000000000000000e+00 5.000000000000000000e+01 0.000000000000000000e+00
4.513880014419555664e-01 4.051178693771362305e-01 -1.106712147593498230e-01 -1.025063395500183105e-01 -2.830914878845214844e+01 0.000000000000000000e+00 -1.171828433871269226e-02 0.000000000000000000e+00 5.000000000000000000e+01 0.000000000000000000e+00
4.513880014419555664e-01 4.051178693771362305e-01 -1.106712147593498230e-01 -1.025063395500183105e-01 -2.830914878845214844e+01 0.000000000000000000e+00 -1.171828433871269226e-02 0.000000000000000000e+00 5.000000000000000000e+01 0.000000000000000000e+00
4.513880014419555664e-01 4.051178693771362305e-01 -1.106712147593498230e-01 -1.025063395500183105e-01 -2.830914878845214844e+01 0.000000000000000000e+00 -1.171828433871269226e-02 0.000000000000000000e+00 5.000000000000000000e+01 0.000000000000000000e+00
4.513880014419555664e-01 4.051178693771362305e-01 -1.106712147593498230e-01 -1.025063395500183105e-01 -2.830914878845214844e+01 0.000000000000000000e+00 -1.171828433871269226e-02 0.000000000000000000e+00 5.000000000000000000e+01 0.000000000000000000e+00
4.513880014419555664e-01 4.051178693771362305e-01 -1.106712147593498230e-01 -1.025063395500183105e-01 -2.830914878845214844e+01 0.000000000000000000e+00 -1.171828433871269226e-02 0.000000000000000000e+00 5.000000000000000000e+01 0.000000000000000000e+00
4.513880014419555664e-01 4.051178693771362305e-01 -1.106712147593498230e-01 -1.025063395500183105e-01 -2.830914878845214844e+01 0.000000000000000000e+00 -1.171828433871269226e-02 0.000000000000000000e+00 5.000000000000000000e+01 0.000000000000000000e+00
4.513880014419555664e-01 4.051178693771362305e-01 -1.106712147593498230e-01 -1.025063395500183105e-01 -2.830914878845214844e+01 0.000000000000000000e+00 -1.171828433871269226e-02 0.000000000000000000e+00 5.000000000000000000e+01 0.000000000000000000e+00
4.513880014419555664e-01 4.051178693771362305e-01 -1.106712147593498230e-01 -1.025063395500183105e-01 -2.830914878845214844e+01 0.000000000000000000e+00 -1.171828433871269226e-02 0.000000000000000000e+00 5.000000000000000000e+01 0.000000000000000000e+00
4.513880014419555664e-01 4.051178693771362305e-01 -1.106712147593498230e-01 -1.025063395500183105e-01 -2.830914878845214844e+01 0.000000000000000000e+00 -1.171828433871269226e-02 0.000000000000000000e+00 5.000000000000000000e+01 0.000000000000000000e+00
4.513880014419555664e-01 4.051178693771362305e-01 -1.106712147593498230e-01 -1.025063395500183105e-01 -2.830914878845214844e+01 0.000000000000000000e+00 -1.171828433871269226e-02 0.000000000000000000e+00 5.000000000000000000e+01 0.000000000000000000e+00
4.513880014419555664e-01 4.051178693771362305e-01 -1.106712147593498230e-01 -1.025063395500183105e-01 -2.830914878845214844e+01 0.000000000000000000e+00 -1.171828433871269226e-02 0.000000000000000000e+00 5.000000000000000000e+01 0.000000000000000000e+00
4.513880014419555664e-01 4.051178693771362305e-01 -1.106712147593498230e-01 -1.025063395500183105e-01 -2.830914878845214844e+01 0.000000000000000000e+00 -1.171828433871269226e-02 0.000000000000000000e+00 5.000000000000000000e+01 0.000000000000000000e+00
4.513880014419555664e-01 4.051178693771362305e-01 -1.106712147593498230e-01 -1.025063395500183105e-01 -2.830914878845214844e+01 0.000000000000000000e+00 -1.171828433871269226e-02 0.000000000000000000e+00 5.000000000000000000e+01 0.000000000000000000e+00
4.513880014419555664e-01 4.051178693771362305e-01 -1.106712147593498230e-01 -1.025063395500183105e-01 -2.830914878845214844e+01 0.000000000000000000e+00 -1.171828433871269226e-02 0.000000000000000000e+00 5.000000000000000000e+01 0.000000000000000000e+00
4.513880014419555664e-01 4.051178693771362305e-01 -1.106712147593498230e-01 -1.025063395500183105e-01 -2.830914878845214844e+01 0.000000000000000000e+00 -1.171828433871269226e-02 0.000000000000000000e+00 5.000000000000000000e+01 0.000000000000000000e+00
4.513880014419555664e-01 4.051178693771362305e-01 -1.106712147593498230e-01 -1.025063395500183105e-01 -2.830914878845214844e+01 0.000000000000000000e+00 -1.171828433871269226e-02 0.000000000000000000e+00 5.000000000000000000e+01 0.000000000000000000e+00
4.513880014419555664e-01 4.051178693771362305e-01 -1.106712147593498230e-01 -1.025063395500183105e-01 -2.830914878845214844e+01 0.000000000000000000e+00 -1.171828433871269226e-02 0.000000000000000000e+00 5.000000000000000000e+01 0.000000000000000000e+00
4.513880014419555664e-01 4.051178693771362305e-01 -1.106712147593498230e-01 -1.025063395500183105e-01 -2.830914878845214844e+01 0.000000000000000000e+00 -1.171828433871269226e-02 0.000000000000000000e+00 5.000000000000000000e+01 0.000000000000000000e+00
4.513880014419555664e-01 4.051178693771362305e-01 -1.106712147593498230e-01 -1.025063395500183105e-01 -2.830914878845214844e+01 0.000000000000000000e+00 -1.171828433871269226e-02 0.000000000000000000e+00 5.000000000000000000e+01 0.000000000000000000e+00
4.513880014419555664e-01 4.051178693771362305e-01 -1.106712147593498230e-01 -1.025063395500183105e-01 -2.830914878845214844e+01 0.000000000000000000e+00 -1.171828433871269226e-02 0.000000000000000000e+00 5.000000000000000000e+01 0.000000000000000000e+00
4.513880014419555664e-01 4.051178693771362305e-01 -1.106712147593498230e-01 -1.025063395500183105e-01 -2.830914878845214844e+01 0.000000000000000000e+00 -1.171828433871269226e-02 0.000000000000000000e+00 5.000000000000000000e+01 0.000000000000000000e+00
4.513880014419555664e-01 4.051178693771362305e-01 -1.106712147593498230e-01 -1.025063395500183105e-01 -2.830914878845214844e+01 0.000000000000000000e+00 -1.171828433871269226e-02 0.000000000000000000e+00 5.000000000000000000e+01 0.000000000000000000e+00
4.513880014419555664e-01 4.051178693771362305e-01 -1.106712147593498230e-01 -1.025063395500183105e-01 -2.830914878845214844e+01 0.000000000000000000e+00 -1.171828433871269226e-02 0.000000000000000000e+00 5.000000000000000000e+01 0.000000000000000000e+00
4.513880014419555664e-01 4.051178693771362305e-01 -1.106712147593498230e-01 -1.025063395500183105e-01 -2.830914878845214844e+01 0.000000000000000000e+00 -1.171828433871269226e-02 0.000000000000000000e+00 5.000000000000000000e+01 0.000000000000000000e+00
4.513880014419555664e-01 4.051178693771362305e-01 -1.106712147593498230e-01 -1.025063395500183105e-01 -2.830914878845214844e+01 0.000000000000000000e+00 -1.171828433871269226e-02 0.000000000000000000e+00 5.000000000000000000e+01 0.000000000000000000e+00
4.513880014419555664e-01 4.051178693771362305e-01 -1.106712147593498230e-01 -1.025063395500183105e-01 -2.830914878845214844e+01 0.000000000000000000e+00 -1.171828433871269226e-02 0.000000000000000000e+00 5.000000000000000000e+01 0.000000000000000000e+00
4.513880014419555664e-01 4.051178693771362305e-01 -1.106712147593498230e-01 -1.025063395500183105e-01 -2.830914878845214844e+01 0.000000000000000000e+00 -1.171828433871269226e-02 0.000000000000000000e+00 5.000000000000000000e+01 0.000000000000000000e+00
4.513880014419555664e-01 4.051178693771362305e-01 -1.106712147593498230e-01 -1.025063395500183105e-01 -2.830914878845214844e+01 0.000000000000000000e+00 -1.171828433871269226e-02 0.000000000000000000e+00 5.000000000000000000e+01 0.000000000000000000e+00
4.513880014419555664e-01 4.051178693771362305e-01 -1.106712147593498230e-01 -1.025063395500183105e-01 -2.830914878845214844e+01 0.000000000000000000e+00 -1.171828433871269226e-02 0.000000000000000000e+00 5.000000000000000000e+01 0.000000000000000000e+00
4.513880014419555664e-01 4.051178693771362305e-01 -1.106712147593498230e-01 -1.025063395500183105e-01 -2.830914878845214844e+01 0.000000000000000000e+00 -1.171828433871269226e-02 0.000000000000000000e+00 5.000000000000000000e+01 0.000000000000000000e+00
4.513880014419555664e-01 4.051178693771362305e-01 -1.106712147593498230e-01 -1.025063395500183105e-01 -2.830914878845214844e+01 0.000000000000000000e+00 -1.171828433871269226e-02 0.000000000000000000e+00 5.000000000000000000e+01 0.000000000000000000e+00
4.513880014419555664e-01 4.051178693771362305e-01 -1.106712147593498230e-01 -1.025063395500183105e-01 -2.830914878845214844e+01 0.000000000000000000e+00 -1.171828433871269226e-02 0.000000000000000000e+00 5.000000000000000000e+01 0.000000000000000000e+00
4.513880014419555664e-01 4.051178693771362305e-01 -1.106712147593498230e-01 -1.025063395500183105e-01 -2.830914878845214844e+01 0.000000000000000000e+00 -1.171828433871269226e-02 0.000000000000000000e+00 5.000000000000000000e+01 0.000000000000000000e+00
4.513880014419555664e-01 4.051178693771362305e-01 -1.106712147593498230e-01 -1.025063395500183105e-01 -2.830914878845214844e+01 0.000000000000000000e+00 -1.171828433871269226e-02 0.000000000000000000e+00 5.000000000000000000e+01 0.000000000000000000e+00
4.513880014419555664e-01 4.051178693771362305e-01 -1.106712147593498230e-01 -1.025063395500183105e-01 -2.830914878845214844e+01 0.000000000000000000e+00 -1.171828433871269226e-02 0.000000000000000000e+00 5.000000000000000000e+01 0.000000000000000000e+00
4.513880014419555664e-01 4.051178693771362305e-01 -1.106712147593498230e-01 -1.025063395500183105e-01 -2.830914878845214844e+01 0.000000000000000000e+00 -1.171828433871269226e-02 0.000000000000000000e+00 5.000000000000000000e+01 0.000000000000000000e+00
4.513880014419555664e-01 4.051178693771362305e-01 -1.106712147593498230e-01 -1.025063395500183105e-01 -2.830914878845214844e+01 0.000000000000000000e+00 -1.171828433871269226e-02 0.000000000000000000e+00 5.000000000000000000e+01 0.000000000000000000e+00
4.513880014419555664e-01 4.051178693771362305e-01 -1.106712147593498230e-01 -1.025063395500183105e-01 -2.830914878845214844e+01 0.000000000000000000e+00 -1.171828433871269226e-02 0.000000000000000000e+00 5.000000000000000000e+01 0.000000000000000000e+00
4.513880014419555664e-01 4.051178693771362305e-01 -1.106712147593498230e-01 -1.025063395500183105e-01 -2.830914878845214844e+01 0.000000000000000000e+00 -1.171828433871269226e-02 0.000000000000000000e+00 5.000000000000000000e+01 0.000000000000000000e+00
4.513880014419555664e-01 4.051178693771362305e-01 -1.106712147593498230e-01 -1.025063395500183105e-01 -2.830914878845214844e+01 0.000000000000000000e+00 -1.171828433871269226e-02 0.000000000000000000e+00 5.000000000000000000e+01 0.000000000000000000e+00
4.513880014419555664e-01 4.051178693771362305e-01 -1.106712147593498230e-01 -1.025063395500183105e-01 -2.830914878845214844e+01 0.000000000000000000e+00 -1.171828433871269226e-02 0.000000000000000000e+00 5.000000000000000000e+01 0.000000000000000000e+00
4.513880014419555664e-01 4.051178693771362305e-01 -1.106712147593498230e-01 -1.025063395500183105e-01 -2.830914878845214844e+01 0.000000000000000000e+00 -1.171828433871269226e-02 0.000000000000000000e+00 5.000000000000000000e+01 0.000000000000000000e+00
4.513880014419555664e-01 4.051178693771362305e-01 -1.106712147593498230e-01 -1.025063395500183105e-01 -2.830914878845214844e+01 0.000000000000000000e+00 -1.171828433871269226e-02 0.000000000000000000e+00 5.000000000000000000e+01 0.000000000000000000e+00
4.513880014419555664e-01 4.051178693771362305e-01 -1.106712147593498230e-01 -1.025063395500183105e-01 -2.830914878845214844e+01 0.000000000000000000e+00 -1.171828433871269226e-02 0.000000000000000000e+00 5.000000000000000000e+01 0.000000000000000000e+00
4.513880014419555664e-01 4.051178693771362305e-01 -1.106712147593498230e-01 -1.025063395500183105e-01 -2.830914878845214844e+01 0.000000000000000000e+00 -1.171828433871269226e-02 0.000000000000000000e+00 5.000000000000000000e+01 0.000000000000000000e+00
4.513880014419555664e-01 4.051178693771362305e-01 -1.106712147593498230e-01 -1.025063395500183105e-01 -2.830914878845214844e+01 0.000000000000000000e+00 -1.171828433871269226e-02 0.000000000000000000e+00 5.000000000000000000e+01 0.000000000000000000e+00
4.513880014419555664e-01 4.051178693771362305e-01 -1.106712147593498230e-01 -1.025063395500183105e-01 -2.830914878845214844e+01 0.000000000000000000e+00 -1.171828433871269226e-02 0.000000000000000000e+00 5.000000000000000000e+01 0.000000000000000000e+00
4.513880014419555664e-01 4.051178693771362305e-01 -1.106712147593498230e-01 -1.025063395500183105e-01 -2.830914878845214844e+01 0.000000000000000000e+00 -1.171828433871269226e-02 0.000000000000000000e+00 5.000000000000000000e+01 0.000000000000000000e+00
4.513880014419555664e-01 4.051178693771362305e-01 -1.106712147593498230e-01 -1.025063395500183105e-01 -2.830914878845214844e+01 0.000000000000000000e+00 -1.171828433871269226e-02 0.000000000000000000e+00 5.000000000000000000e+01 0.000000000000000000e+00
4.513880014419555664e-01 4.051178693771362305e-01 -1.106712147593498230e-01 -1.025063395500183105e-01 -2.830914878845214844e+01 0.000000000000000000e+00 -1.171828433871269226e-02 0.000000000000000000e+00 5.000000000000000000e+01 0.000000000000000000e+00
4.513880014419555664e-01 4.051178693771362305e-01 -1.106712147593498230e-01 -1.025063395500183105e-01 -2.830914878845214844e+01 0.000000000000000000e+00 -1.171828433871269226e-02 0.000000000000000000e+00 5.000000000000000000e+01 0.000000000000000000e+00
4.513880014419555664e-01 4.051178693771362305e-01 -1.106712147593498230e-01 -1.025063395500183105e-01 -2.830914878845214844e+01 0.000000000000000000e+00 -1.171828433871269226e-02 0.000000000000000000e+00 5.000000000000000000e+01 0.000000000000000000e+00
4.513880014419555664e-01 4.051178693771362305e-01 -1.106712147593498230e-01 -1.025063395500183105e-01 -2.830914878845214844e+01 0.000000000000000000e+00 -1.171828433871269226e-02 0.000000000000000000e+00 5.000000000000000000e+01 0.000000000000000000e+00
4.513880014419555664e-01 4.051178693771362305e-01 -1.106712147593498230e-01 -1.025063395500183105e-01 -2.830914878845214844e+01 0.000000000000000000e+00 -1.171828433871269226e-02 0.000000000000000000e+00 5.000000000000000000e+01 0.000000000000000000e+00
4.513880014419555664e-01 4.051178693771362305e-01 -1.106712147593498230e-01 -1.025063395500183105e-01 -2.830914878845214844e+01 0.000000000000000000e+00 -1.171828433871269226e-02 0.000000000000000000e+00 5.000000000000000000e+01 0.000000000000000000e+00
4.513880014419555664e-01 4.051178693771362305e-01 -1.106712147593498230e-01 -1.025063395500183105e-01 -2.830914878845214844e+01 0.000000000000000000e+00 -1.171828433871269226e-02 0.000000000000000000e+00 5.000000000000000000e+01 0.000000000000000000e+00
4.513880014419555664e-01 4.051178693771362305e-01 -1.106712147593498230e-01 -1.025063395500183105e-01 -2.830914878845214844e+01 0.000000000000000000e+00 -1.171828433871269226e-02 0.000000000000000000e+00 5.000000000000000000e+01 0.000000000000000000e+00
