4.459087252616882324e-01 3.026525974273681641e-01 -3.364126980304718018e-01 -3.212678432464599609e-01 -6.875074768066406250e+01 -3.167755699157714844e+01 -2.845867350697517395e-02 -3.421946614980697632e-02 1.170000000000000000e+02 6.700000000000000000e+01
4.459087252616882324e-01 3.078079819679260254e-01 -3.245276510715484619e-01 -3.097063004970550537e-01 -6.030624771118164062e+01 -2.323305511474609375e+01 -2.496315725147724152e-02 -2.509735152125358582e-02 1.010000000000000000e+02 5.100000000000000000e+01
4.459087252616882324e-01 3.147676289081573486e-01 -3.085506260395050049e-01 -2.940985262393951416e-01 -5.508510208129882812e+01 -1.801191139221191406e+01 -2.280191704630851746e-02 -1.945724524557590485e-02 9.100000000000000000e+01 4.100000000000000000e+01
4.459087252616882324e-01 3.152933120727539062e-01 -3.072933554649353027e-01 -2.929196059703826904e-01 -5.297696685791015625e+01 -1.590377426147460938e+01 -2.192927710711956024e-02 -1.717994548380374908e-02 8.700000000000000000e+01 3.700000000000000000e+01
4.459087252616882324e-01 3.220472633838653564e-01 -2.920521199703216553e-01 -2.777731418609619141e-01 -4.927141952514648438e+01 -1.219823074340820312e+01 -2.039540372788906097e-02 -1.317705679684877396e-02 7.900000000000000000e+01 2.900000000000000000e+01
4.459087252616882324e-01 3.249580562114715576e-01 -2.854429185390472412e-01 -2.712453603744506836e-01 -4.859665679931640625e+01 -1.152346611022949219e+01 -2.011609263718128204e-02 -1.244814693927764893e-02 7.800000000000000000e+01 2.800000000000000000e+01
4.459087252616882324e-01 3.266760110855102539e-01 -2.809477746486663818e-01 -2.673926353454589844e-01 -4.841176223754882812e+01 -1.133857154846191406e+01 -2.003955654799938202e-02 -1.224841549992561340e-02 7.700000000000000000e+01 2.700000000000000000e+01
4.459087252616882324e-01 3.286499679088592529e-01 -2.759726345539093018e-01 -2.629658281803131104e-01 -4.670500183105468750e+01 -9.631811141967773438e+00 -1.933306083083152771e-02 -1.040469948202371597e-02 7.400000000000000000e+01 2.400000000000000000e+01
4.459087252616882324e-01 3.286499679088592529e-01 -2.759726345539093018e-01 -2.629658281803131104e-01 -4.670500183105468750e+01 -9.631811141967773438e+00 -1.933306083083152771e-02 -1.040469948202371597e-02 7.400000000000000000e+01 2.400000000000000000e+01
4.459087252616882324e-01 3.383967876434326172e-01 -2.511708736419677734e-01 -2.411074936389923096e-01 -4.489523315429687500e+01 -7.822041511535644531e+00 -1.858392544090747833e-02 -8.449708111584186554e-03 7.000000000000000000e+01 2.000000000000000000e+01
4.459087252616882324e-01 3.393950462341308594e-01 -2.488116919994354248e-01 -2.388687878847122192e-01 -4.335711288452148438e+01 -6.283922195434570312e+00 -1.794723607599735260e-02 -6.788164842873811722e-03 6.700000000000000000e+01 1.700000000000000000e+01
4.459087252616882324e-01 3.550775945186614990e-01 -2.080016732215881348e-01 -2.036989331245422363e-01 -3.958216857910156250e+01 -2.508977413177490234e+00 -1.638463512063026428e-02 -2.710305852815508842e-03 5.700000000000000000e+01 7.000000000000000000e+00
4.459087252616882324e-01 3.554138541221618652e-01 -2.086217105388641357e-01 -2.029448300600051880e-01 -3.862616348266601562e+01 -1.552972316741943359e+00 -1.598890684545040131e-02 -1.677587861195206642e-03 5.500000000000000000e+01 5.000000000000000000e+00
4.459087252616882324e-01 3.592734336853027344e-01 -1.982845216989517212e-01 -1.942892968654632568e-01 -3.812462615966796875e+01 -1.051431536674499512e+00 -1.578130200505256653e-02 -1.135801896452903748e-03 5.300000000000000000e+01 3.000000000000000000e+00
4.459087252616882324e-01 3.647964298725128174e-01 -1.858398020267486572e-01 -1.819033622741699219e-01 -3.768812942504882812e+01 -6.149378418922424316e-01 -1.560061797499656677e-02 -6.642824737355113029e-04 5.200000000000000000e+01 2.000000000000000000e+00
4.459087252616882324e-01 3.647964298725128174e-01 -1.858398020267486572e-01 -1.819033622741699219e-01 -3.768812942504882812e+01 -6.149378418922424316e-01 -1.560061797499656677e-02 -6.642824737355113029e-04 5.200000000000000000e+01 2.000000000000000000e+00
4.459087252616882324e-01 3.757079541683197021e-01 -1.644365638494491577e-01 -1.574330478906631470e-01 -3.741957092285156250e+01 -3.463803529739379883e-01 -1.548945065587759018e-02 -3.741750551853328943e-04 5.100000000000000000e+01 1.000000000000000000e+00
4.459087252616882324e-01 3.757079541683197021e-01 -1.644365638494491577e-01 -1.574330478906631470e-01 -3.741957092285156250e+01 -3.463803529739379883e-01 -1.548945065587759018e-02 -3.741750551853328943e-04 5.100000000000000000e+01 1.000000000000000000e+00
4.459087252616882324e-01 3.757079541683197021e-01 -1.644365638494491577e-01 -1.574330478906631470e-01 -3.741957092285156250e+01 -3.463803529739379883e-01 -1.548945065587759018e-02 -3.741750551853328943e-04 5.100000000000000000e+01 1.000000000000000000e+00
4.459087252616882324e-01 3.757079541683197021e-01 -1.644365638494491577e-01 -1.574330478906631470e-01 -3.741957092285156250e+01 -3.463803529739379883e-01 -1.548945065587759018e-02 -3.741750551853328943e-04 5.100000000000000000e+01 1.000000000000000000e+00
4.459087252616882324e-01 3.757079541683197021e-01 -1.644365638494491577e-01 -1.574330478906631470e-01 -3.741957092285156250e+01 -3.463803529739379883e-01 -1.548945065587759018e-02 -3.741750551853328943e-04 5.100000000000000000e+01 1.000000000000000000e+00
4.459087252616882324e-01 3.814710080623626709e-01 -1.490645110607147217e-01 -1.445087641477584839e-01 -3.707319259643554688e+01 0.000000000000000000e+00 -1.534607075154781342e-02 0.000000000000000000e+00 5.000000000000000000e+01 0.000000000000000000e+00
4.459087252616882324e-01 3.814710080623626709e-01 -1.490645110607147217e-01 -1.445087641477584839e-01 -3.707319259643554688e+01 0.000000000000000000e+00 -1.534607075154781342e-02 0.000000000000000000e+00 5.000000000000000000e+01 0.000000000000000000e+00
4.459087252616882324e-01 3.814710080623626709e-01 -1.490645110607147217e-01 -1.445087641477584839e-01 -3.707319259643554688e+01 0.000000000000000000e+00 -1.534607075154781342e-02 0.000000000000000000e+00 5.000000000000000000e+01 0.000000000000000000e+00
4.459087252616882324e-01 3.814710080623626709e-01 -1.490645110607147217e-01 -1.445087641477584839e-01 -3.707319259643554688e+01 0.000000000000000000e+00 -1.534607075154781342e-02 0.000000000000000000e+00 5.000000000000000000e+01 0.000000000000000000e+00
4.459087252616882324e-01 3.814710080623626709e-01 -1.490645110607147217e-01 -1.445087641477584839e-01 -3.707319259643554688e+01 0.000000000000000000e+00 -1.534607075154781342e-02 0.000000000000000000e+00 5.000000000000000000e+01 0.000000000000000000e+00
4.459087252616882324e-01 3.814710080623626709e-01 -1.490645110607147217e-01 -1.445087641477584839e-01 -3.707319259643554688e+01 0.000000000000000000e+00 -1.534607075154781342e-02 0.000000000000000000e+00 5.000000000000000000e+01 0.000000000000000000e+00
4.459087252616882324e-01 3.814710080623626709e-01 -1.490645110607147217e-01 -1.445087641477584839e-01 -3.707319259643554688e+01 0.000000000000000000e+00 -1.534607075154781342e-02 0.000000000000000000e+00 5.000000000000000000e+01 0.000000000000000000e+00
4.459087252616882324e-01 3.814710080623626709e-01 -1.490645110607147217e-01 -1.445087641477584839e-01 -3.707319259643554688e+01 0.000000000000000000e+00 -1.534607075154781342e-02 0.000000000000000000e+00 5.000000000000000000e+01 0.000000000000000000e+00
4.459087252616882324e-01 3.814710080623626709e-01 -1.490645110607147217e-01 -1.445087641477584839e-01 -3.707319259643554688e+01 0.000000000000000000e+00 -1.534607075154781342e-02 0.000000000000000000e+00 5.000000000000000000e+01 0.000000000000000000e+00
4.459087252616882324e-01 3.814710080623626709e-01 -1.490645110607147217e-01 -1.445087641477584839e-01 -3.707319259643554688e+01 0.000000000000000000e+00 -1.534607075154781342e-02 0.000000000000000000e+00 5.000000000000000000e+01 0.000000000000000000e+00
4.459087252616882324e-01 3.814710080623626709e-01 -1.490645110607147217e-01 -1.445087641477584839e-01 -3.707319259643554688e+01 0.000000000000000000e+00 -1.534607075154781342e-02 0.000000000000000000e+00 5.000000000000000000e+01 0.000000000000000000e+00
4.459087252616882324e-01 3.814710080623626709e-01 -1.490645110607147217e-01 -1.445087641477584839e-01 -3.707319259643554688e+01 0.000000000000000000e+00 -1.534607075154781342e-02 0.000000000000000000e+00 5.000000000000000000e+01 0.000000000000000000e+00
4.459087252616882324e-01 3.814710080623626709e-01 -1.490645110607147217e-01 -1.445087641477584839e-01 -3.707319259643554688e+01 0.000000000000000000e+00 -1.534607075154781342e-02 0.000000000000000000e+00 5.000000000000000000e+01 0.000000000000000000e+00
4.459087252616882324e-01 3.814710080623626709e-01 -1.490645110607147217e-01 -1.445087641477584839e-01 -3.707319259643554688e+01 0.000000000000000000e+00 -1.534607075154781342e-02 0.000000000000000000e+00 5.000000000000000000e+01 0.000000000000000000e+00
4.459087252616882324e-01 3.814710080623626709e-01 -1.490645110607147217e-01 -1.445087641477584839e-01 -3.707319259643554688e+01 0.000000000000000000e+00 -1.534607075154781342e-02 0.000000000000000000e+00 5.000000000000000000e+01 0.000000000000000000e+00
4.459087252616882324e-01 3.814710080623626709e-01 -1.490645110607147217e-01 -1.445087641477584839e-01 -3.707319259643554688e+01 0.000000000000000000e+00 -1.534607075154781342e-02 0.000000000000000000e+00 5.000000000000000000e+01 0.000000000000000000e+00
4.459087252616882324e-01 3.814710080623626709e-01 -1.490645110607147217e-01 -1.445087641477584839e-01 -3.707319259643554688e+01 0.000000000000000000e+00 -1.534607075154781342e-02 0.000000000000000000e+00 5.000000000000000000e+01 0.000000000000000000e+00
4.459087252616882324e-01 3.814710080623626709e-01 -1.490645110607147217e-01 -1.445087641477584839e-01 -3.707319259643554688e+01 0.000000000000000000e+00 -1.534607075154781342e-02 0.000000000000000000e+00 5.000000000000000000e+01 0.000000000000000000e+00
4.459087252616882324e-01 3.814710080623626709e-01 -1.490645110607147217e-01 -1.445087641477584839e-01 -3.707319259643554688e+01 0.000000000000000000e+00 -1.534607075154781342e-02 0.000000000000000000e+00 5.000000000000000000e+01 0.000000000000000000e+00
4.459087252616882324e-01 3.814710080623626709e-01 -1.490645110607147217e-01 -1.445087641477584839e-01 -3.707319259643554688e+01 0.000000000000000000e+00 -1.534607075154781342e-02 0.000000000000000000e+00 5.000000000000000000e+01 0.000000000000000000e+00
4.459087252616882324e-01 3.814710080623626709e-01 -1.490645110607147217e-01 -1.445087641477584839e-01 -3.707319259643554688e+01 0.000000000000000000e+00 -1.534607075154781342e-02 0.000000000000000000e+00 5.000000000000000000e+01 0.000000000000000000e+00
4.459087252616882324e-01 3.814710080623626709e-01 -1.490645110607147217e-01 -1.445087641477584839e-01 -3.707319259643554688e+01 0.000000000000000000e+00 -1.534607075154781342e-02 0.000000000000000000e+00 5.000000000000000000e+01 0.000000000000000000e+00
4.459087252616882324e-01 3.814710080623626709e-01 -1.490645110607147217e-01 -1.445087641477584839e-01 -3.707319259643554688e+01 0.000000000000000000e+00 -1.534607075154781342e-02 0.000000000000000000e+00 5.000000000000000000e+01 0.000000000000000000e+00
4.459087252616882324e-01 3.814710080623626709e-01 -1.490645110607147217e-01 -1.445087641477584839e-01 -3.707319259643554688e+01 0.000000000000000000e+00 -1.534607075154781342e-02 0.000000000000000000e+00 5.000000000000000000e+01 0.000000000000000000e+00
4.459087252616882324e-01 3.814710080623626709e-01 -1.490645110607147217e-01 -1.445087641477584839e-01 -3.707319259643554688e+01 0.000000000000000000e+00 -1.534607075154781342e-02 0.000000000000000000e+00 5.000000000000000000e+01 0.000000000000000000e+00
4.459087252616882324e-01 3.814710080623626709e-01 -1.490645110607147217e-01 -1.445087641477584839e-01 -3.707319259643554688e+01 0.000000000000000000e+00 -1.534607075154781342e-02 0.000000000000000000e+00 5.000000000000000000e+01 0.000000000000000000e+00
4.459087252616882324e-01 3.814710080623626709e-01 -1.490645110607147217e-01 -1.445087641477584839e-01 -3.707319259643554688e+01 0.000000000000000000e+00 -1.534607075154781342e-02 0.000000000000000000e+00 5.000000000000000000e+01 0.000000000000000000e+00
4.459087252616882324e-01 3.814710080623626709e-01 -1.490645110607147217e-01 -1.445087641477584839e-01 -3.707319259643554688e+01 0.000000000000000000e+00 -1.534607075154781342e-02 0.000000000000000000e+00 5.000000000000000000e+01 0.000000000000000000e+00
4.459087252616882324e-01 3.814710080623626709e-01 -1.490645110607147217e-01 -1.445087641477584839e-01 -3.707319259643554688e+01 0.000000000000000000e+00 -1.534607075154781342e-02 0.000000000000000000e+00 5.000000000000000000e+01 0.000000000000000000e+00
4.459087252616882324e-01 3.814710080623626709e-01 -1.490645110607147217e-01 -1.445087641477584839e-01 -3.707319259643554688e+01 0.000000000000000000e+00 -1.534607075154781342e-02 0.000000000000000000e+00 5.000000000000000000e+01 0.000000000000000000e+00
4.459087252616882324e-01 3.814710080623626709e-01 -1.490645110607147217e-01 -1.445087641477584839e-01 -3.707319259643554688e+01 0.000000000000000000e+00 -1.534607075154781342e-02 0.000000000000000000e+00 5.000000000000000000e+01 0.000000000000000000e+00
4.459087252616882324e-01 3.814710080623626709e-01 -1.490645110607147217e-01 -1.445087641477584839e-01 -3.707319259643554688e+01 0.000000000000000000e+00 -1.534607075154781342e-02 0.000000000000000000e+00 5.000000000000000000e+01 0.000000000000000000e+00
4.459087252616882324e-01 3.814710080623626709e-01 -1.490645110607147217e-01 -1.445087641477584839e-01 -3.707319259643554688e+01 0.000000000000000000e+00 -1.534607075154781342e-02 0.000000000000000000e+00 5.000000000000000000e+01 0.000000000000000000e+00
4.459087252616882324e-01 3.814710080623626709e-01 -1.490645110607147217e-01 -1.445087641477584839e-01 -3.707319259643554688e+01 0.000000000000000000e+00 -1.534607075154781342e-02 0.000000000000000000e+00 5.000000000000000000e+01 0.000000000000000000e+00
4.459087252616882324e-01 3.814710080623626709e-01 -1.490645110607147217e-01 -1.445087641477584839e-01 -3.707319259643554688e+01 0.000000000000000000e+00 -1.534607075154781342e-02 0.000000000000000000e+00 5.000000000000000000e+01 0.000000000000000000e+00
4.459087252616882324e-01 3.814710080623626709e-01 -1.490645110607147217e-01 -1.445087641477584839e-01 -3.707319259643554688e+01 0.000000000000000000e+00 -1.534607075154781342e-02 0.000000000000000000e+00 5.000000000000000000e+01 0.000000000000000000e+00
4.459087252616882324e-01 3.814710080623626709e-01 -1.490645110607147217e-01 -1.445087641477584839e-01 -3.707319259643554688e+01 0.000000000000000000e+00 -1.534607075154781342e-02 0.000000000000000000e+00 5.000000000000000000e+01 0.000000000000000000e+00
4.459087252616882324e-01 3.814710080623626709e-01 -1.490645110607147217e-01 -1.445087641477584839e-01 -3.707319259643554688e+01 0.000000000000000000e+00 -1.534607075154781342e-02 0.000000000000000000e+00 5.000000000000000000e+01 0.000000000000000000e+00
4.459087252616882324e-01 3.814710080623626709e-01 -1.490645110607147217e-01 -1.445087641477584839e-01 -3.707319259643554688e+01 0.000000000000000000e+00 -1.534607075154781342e-02 0.000000000000000000e+00 5.000000000000000000e+01 0.000000000000000000e+00
4.459087252616882324e-01 3.814710080623626709e-01 -1.490645110607147217e-01 -1.445087641477584839e-01 -3.707319259643554688e+01 0.000000000000000000e+00 -1.534607075154781342e-02 0.000000000000000000e+00 5.000000000000000000e+01 0.000000000000000000e+00
4.459087252616882324e-01 3.814710080623626709e-01 -1.490645110607147217e-01 -1.445087641477584839e-01 -3.707319259643554688e+01 0.000000000000000000e+00 -1.534607075154781342e-02 0.000000000000000000e+00 5.000000000000000000e+01 0.000000000000000000e+00
4.459087252616882324e-01 3.814710080623626709e-01 -1.490645110607147217e-01 -1.445087641477584839e-01 -3.707319259643554688e+01 0.000000000000000000e+00 -1.534607075154781342e-02 0.000000000000000000e+00 5.000000000000000000e+01 0.000000000000000000e+00
4.459087252616882324e-01 3.814710080623626709e-01 -1.490645110607147217e-01 -1.445087641477584839e-01 -3.707319259643554688e+01 0.000000000000000000e+00 -1.534607075154781342e-02 0.000000000000000000e+00 5.000000000000000000e+01 0.000000000000000000e+00
4.459087252616882324e-01 3.814710080623626709e-01 -1.490645110607147217e-01 -1.445087641477584839e-01 -3.707319259643554688e+01 0.000000000000000000e+00 -1.534607075154781342e-02 0.000000000000000000e+00 5.000000000000000000e+01 0.000000000000000000e+00
4.459087252616882324e-01 3.814710080623626709e-01 -1.490645110607147217e-01 -1.445087641477584839e-01 -3.707319259643554688e+01 0.000000000000000000e+00 -1.534607075154781342e-02 0.000000000000000000e+00 5.000000000000000000e+01 0.000000000000000000e+00
4.459087252616882324e-01 3.814710080623626709e-01 -1.490645110607147217e-01 -1.445087641477584839e-01 -3.707319259643554688e+01 0.000000000000000000e+00 -1.534607075154781342e-02 0.000000000000000000e+00 5.000000000000000000e+01 0.000000000000000000e+00
4.459087252616882324e-01 3.814710080623626709e-01 -1.490645110607147217e-01 -1.445087641477584839e-01 -3.707319259643554688e+01 0.000000000000000000e+00 -1.534607075154781342e-02 0.000000000000000000e+00 5.000000000000000000e+01 0.000000000000000000e+00
4.459087252616882324e-01 3.814710080623626709e-01 -1.490645110607147217e-01 -1.445087641477584839e-01 -3.707319259643554688e+01 0.000000000000000000e+00 -1.534607075154781342e-02 0.000000000000000000e+00 5.000000000000000000e+01 0.000000000000000000e+00
4.459087252616882324e-01 3.814710080623626709e-01 -1.490645110607147217e-01 -1.445087641477584839e-01 -3.707319259643554688e+01 0.000000000000000000e+00 -1.534607075154781342e-02 0.000000000000000000e+00 5.000000000000000000e+01 0.000000000000000000e+00
4.459087252616882324e-01 3.814710080623626709e-01 -1.490645110607147217e-01 -1.445087641477584839e-01 -3.707319259643554688e+01 0.000000000000000000e+00 -1.534607075154781342e-02 0.000000000000000000e+00 5.000000000000000000e+01 0.000000000000000000e+00
4.459087252616882324e-01 3.814710080623626709e-01 -1.490645110607147217e-01 -1.445087641477584839e-01 -3.707319259643554688e+01 0.000000000000000000e+00 -1.534607075154781342e-02 0.000000000000000000e+00 5.000000000000000000e+01 0.000000000000000000e+00
4.459087252616882324e-01 3.814710080623626709e-01 -1.490645110607147217e-01 -1.445087641477584839e-01 -3.707319259643554688e+01 0.000000000000000000e+00 -1.534607075154781342e-02 0.000000000000000000e+00 5.000000000000000000e+01 0.000000000000000000e+00
4.459087252616882324e-01 3.814710080623626709e-01 -1.490645110607147217e-01 -1.445087641477584839e-01 -3.707319259643554688e+01 0.000000000000000000e+00 -1.534607075154781342e-02 0.000000000000000000e+00 5.000000000000000000e+01 0.000000000000000000e+00
4.459087252616882324e-01 3.814710080623626709e-01 -1.490645110607147217e-01 -1.445087641477584839e-01 -3.707319259643554688e+01 0.000000000000000000e+00 -1.534607075154781342e-02 0.000000000000000000e+00 5.000000000000000000e+01 0.000000000000000000e+00
4.459087252616882324e-01 3.814710080623626709e-01 -1.490645110607147217e-01 -1.445087641477584839e-01 -3.707319259643554688e+01 0.000000000000000000e+00 -1.534607075154781342e-02 0.000000000000000000e+00 5.000000000000000000e+01 0.000000000000000000e+00
4.459087252616882324e-01 3.814710080623626709e-01 -1.490645110607147217e-01 -1.445087641477584839e-01 -3.707319259643554688e+01 0.000000000000000000e+00 -1.534607075154781342e-02 0.000000000000000000e+00 5.000000000000000000e+01 0.000000000000000000e+00
4.459087252616882324e-01 3.814710080623626709e-01 -1.490645110607147217e-01 -1.445087641477584839e-01 -3.707319259643554688e+01 0.000000000000000000e+00 -1.534607075154781342e-02 0.000000000000000000e+00 5.000000000000000000e+01 0.000000000000000000e+00
4.459087252616882324e-01 3.814710080623626709e-01 -1.490645110607147217e-01 -1.445087641477584839e-01 -3.707319259643554688e+01 0.000000000000000000e+00 -1.534607075154781342e-02 0.000000000000000000e+00 5.000000000000000000e+01 0.000000000000000000e+00
4.459087252616882324e-01 3.814710080623626709e-01 -1.490645110607147217e-01 -1.445087641477584839e-01 -3.707319259643554688e+01 0.000000000000000000e+00 -1.534607075154781342e-02 0.000000000000000000e+00 5.000000000000000000e+01 0.000000000000000000e+00
4.459087252616882324e-01 3.814710080623626709e-01 -1.490645110607147217e-01 -1.445087641477584839e-01 -3.707319259643554688e+01 0.000000000000000000e+00 -1.534607075154781342e-02 0.000000000000000000e+00 5.000000000000000000e+01 0.000000000000000000e+00
4.459087252616882324e-01 3.814710080623626709e-01 -1.490645110607147217e-01 -1.445087641477584839e-01 -3.707319259643554688e+01 0.000000000000000000e+00 -1.534607075154781342e-02 0.000000000000000000e+00 5.000000000000000000e+01 0.000000000000000000e+00
4.459087252616882324e-01 3.814710080623626709e-01 -1.490645110607147217e-01 -1.445087641477584839e-01 -3.707319259643554688e+01 0.000000000000000000e+00 -1.534607075154781342e-02 0.000000000000000000e+00 5.000000000000000000e+01 0.000000000000000000e+00
4.459087252616882324e-01 3.814710080623626709e-01 -1.490645110607147217e-01 -1.445087641477584839e-01 -3.707319259643554688e+01 0.000000000000000000e+00 -1.534607075154781342e-02 0.000000000000000000e+00 5.000000000000000000e+01 0.000000000000000000e+00
4.459087252616882324e-01 3.814710080623626709e-01 -1.490645110607147217e-01 -1.445087641477584839e-01 -3.707319259643554688e+01 0.000000000000000000e+00 -1.534607075154781342e-02 0.000000000000000000e+00 5.000000000000000000e+01 0.000000000000000000e+00
4.459087252616882324e-01 3.814710080623626709e-01 -1.490645110607147217e-01 -1.445087641477584839e-01 -3.707319259643554688e+01 0.000000000000000000e+00 -1.534607075154781342e-02 0.000000000000000000e+00 5.000000000000000000e+01 0.000000000000000000e+00
4.459087252616882324e-01 3.814710080623626709e-01 -1.490645110607147217e-01 -1.445087641477584839e-01 -3.707319259643554688e+01 0.000000000000000000e+00 -1.534607075154781342e-02 0.000000000000000000e+00 5.000000000000000000e+01 0.000000000000000000e+00
4.459087252616882324e-01 3.814710080623626709e-01 -1.490645110607147217e-01 -1.445087641477584839e-01 -3.707319259643554688e+01 0.000000000000000000e+00 -1.534607075154781342e-02 0.000000000000000000e+00 5.000000000000000000e+01 0.000000000000000000e+00
4.459087252616882324e-01 3.814710080623626709e-01 -1.490645110607147217e-01 -1.445087641477584839e-01 -3.707319259643554688e+01 0.000000000000000000e+00 -1.534607075154781342e-02 0.000000000000000000e+00 5.000000000000000000e+01 0.000000000000000000e+00
4.459087252616882324e-01 3.814710080623626709e-01 -1.490645110607147217e-01 -1.445087641477584839e-01 -3.707319259643554688e+01 0.000000000000000000e+00 -1.534607075154781342e-02 0.000000000000000000e+00 5.000000000000000000e+01 0.000000000000000000e+00
4.459087252616882324e-01 3.814710080623626709e-01 -1.490645110607147217e-01 -1.445087641477584839e-01 -3.707319259643554688e+01 0.000000000000000000e+00 -1.534607075154781342e-02 0.000000000000000000e+00 5.000000000000000000e+01 0.000000000000000000e+00
