4.011607766151428223e-01 7.342815399169921875e-02 -8.116809129714965820e-01 -8.169608116149902344e-01 -8.003118896484375000e+01 -3.729094314575195312e+01 -3.312809765338897705e-02 -2.917283400893211365e-02 1.540000000000000000e+02 1.040000000000000000e+02
4.011607766151428223e-01 8.083245158195495605e-02 -7.924584746360778809e-01 -7.985035777091979980e-01 -6.114918899536132812e+01 -1.840894317626953125e+01 -2.531208470463752747e-02 -1.440137997269630432e-02 1.090000000000000000e+02 5.900000000000000000e+01
4.011607766151428223e-01 8.607762306928634644e-02 -7.793287634849548340e-01 -7.854285836219787598e-01 -5.676235580444335938e+01 -1.402210807800292969e+01 -2.349619939923286438e-02 -1.096954382956027985e-02 9.300000000000000000e+01 4.300000000000000000e+01
4.011607766151428223e-01 8.919724076986312866e-02 -7.714816331863403320e-01 -7.776521444320678711e-01 -5.527870178222656250e+01 -1.253845596313476562e+01 -2.288205549120903015e-02 -9.808877483010292053e-03 8.900000000000000000e+01 3.900000000000000000e+01
4.011607766151428223e-01 9.077351540327072144e-02 -7.675874233245849609e-01 -7.737228274345397949e-01 -5.359810638427734375e+01 -1.085785579681396484e+01 -2.218639105558395386e-02 -8.494137786328792572e-03 8.400000000000000000e+01 3.400000000000000000e+01
4.011607766151428223e-01 9.762927889823913574e-02 -7.505415081977844238e-01 -7.566330432891845703e-01 -4.953103256225585938e+01 -6.790785789489746094e+00 -2.050286717712879181e-02 -5.312454886734485626e-03 7.400000000000000000e+01 2.400000000000000000e+01
4.011607766151428223e-01 1.029451712965965271e-01 -7.374516129493713379e-01 -7.433817386627197266e-01 -4.869870758056640625e+01 -5.958458423614501953e+00 -2.015833556652069092e-02 -4.661322571337223053e-03 7.100000000000000000e+01 2.100000000000000000e+01
4.011607766151428223e-01 1.050327494740486145e-01 -7.321639657020568848e-01 -7.381779551506042480e-01 -4.760410308837890625e+01 -4.863853454589843750e+00 -1.970523409545421600e-02 -3.805009182542562485e-03 6.700000000000000000e+01 1.700000000000000000e+01
4.011607766151428223e-01 1.052606999874114990e-01 -7.319498062133789062e-01 -7.376096844673156738e-01 -4.662284851074218750e+01 -3.882599592208862305e+00 -1.929905451834201813e-02 -3.037370974197983742e-03 6.500000000000000000e+01 1.500000000000000000e+01
4.011607766151428223e-01 1.052607148885726929e-01 -7.319498062133789062e-01 -7.376096248626708984e-01 -4.662284851074218750e+01 -3.882599592208862305e+00 -1.929905451834201813e-02 -3.037370974197983742e-03 6.500000000000000000e+01 1.500000000000000000e+01
4.011607766151428223e-01 1.093121692538261414e-01 -7.221995592117309570e-01 -7.275103330612182617e-01 -4.604529571533203125e+01 -3.305048227310180664e+00 -1.905998215079307556e-02 -2.585550537332892418e-03 6.300000000000000000e+01 1.300000000000000000e+01
4.011607766151428223e-01 1.253858506679534912e-01 -6.841382980346679688e-01 -6.874424219131469727e-01 -4.349802780151367188e+01 -7.577765583992004395e-01 -1.800556667149066925e-02 -5.928112077526748180e-04 5.500000000000000000e+01 5.000000000000000000e+00
4.011607766151428223e-01 1.277998387813568115e-01 -6.787513494491577148e-01 -6.814249157905578613e-01 -4.331935882568359375e+01 -5.791068673133850098e-01 -1.793160848319530487e-02 -4.530372971203178167e-04 5.300000000000000000e+01 3.000000000000000000e+00
4.011607766151428223e-01 1.355334222316741943e-01 -6.586154103279113770e-01 -6.621468663215637207e-01 -4.282746887207031250e+01 -8.721762895584106445e-02 -1.772799529135227203e-02 -6.823064904892817140e-05 5.100000000000000000e+01 1.000000000000000000e+00
4.011607766151428223e-01 1.381238400936126709e-01 -6.522241830825805664e-01 -6.556895971298217773e-01 -4.274024963378906250e+01 0.000000000000000000e+00 -1.769189164042472839e-02 0.000000000000000000e+00 5.000000000000000000e+01 0.000000000000000000e+00
4.011607766151428223e-01 1.381238400936126709e-01 -6.522241830825805664e-01 -6.556895971298217773e-01 -4.274024963378906250e+01 0.000000000000000000e+00 -1.769189164042472839e-02 0.000000000000000000e+00 5.000000000000000000e+01 0.000000000000000000e+00
4.011607766151428223e-01 1.381238400936126709e-01 -6.522241830825805664e-01 -6.556895971298217773e-01 -4.274024963378906250e+01 0.000000000000000000e+00 -1.769189164042472839e-02 0.000000000000000000e+00 5.000000000000000000e+01 0.000000000000000000e+00
4.011607766151428223e-01 1.381238400936126709e-01 -6.522241830825805664e-01 -6.556895971298217773e-01 -4.274024963378906250e+01 0.000000000000000000e+00 -1.769189164042472839e-02 0.000000000000000000e+00 5.000000000000000000e+01 0.000000000000000000e+00
4.011607766151428223e-01 1.381238400936126709e-01 -6.522241830825805664e-01 -6.556895971298217773e-01 -4.274024963378906250e+01 0.000000000000000000e+00 -1.769189164042472839e-02 0.000000000000000000e+00 5.000000000000000000e+01 0.000000000000000000e+00
4.011607766151428223e-01 1.381238400936126709e-01 -6.522241830825805664e-01 -6.556895971298217773e-01 -4.274024963378906250e+01 0.000000000000000000e+00 -1.769189164042472839e-02 0.000000000000000000e+00 5.000000000000000000e+01 0.000000000000000000e+00
4.011607766151428223e-01 1.381238400936126709e-01 -6.522241830825805664e-01 -6.556895971298217773e-01 -4.274024963378906250e+01 0.000000000000000000e+00 -1.769189164042472839e-02 0.000000000000000000e+00 5.000000000000000000e+01 0.000000000000000000e+00
4.011607766151428223e-01 1.381238400936126709e-01 -6.522241830825805664e-01 -6.556895971298217773e-01 -4.274024963378906250e+01 0.000000000000000000e+00 -1.769189164042472839e-02 0.000000000000000000e+00 5.000000000000000000e+01 0.000000000000000000e+00
4.011607766151428223e-01 1.381238251924514771e-01 -6.522241830825805664e-01 -6.556896567344665527e-01 -4.274024963378906250e+01 0.000000000000000000e+00 -1.769189164042472839e-02 0.000000000000000000e+00 5.000000000000000000e+01 0.000000000000000000e+00
4.011607766151428223e-01 1.381238400936126709e-01 -6.522241830825805664e-01 -6.556895971298217773e-01 -4.274024963378906250e+01 0.000000000000000000e+00 -1.769189164042472839e-02 0.000000000000000000e+00 5.000000000000000000e+01 0.000000000000000000e+00
4.011607766151428223e-01 1.381238400936126709e-01 -6.522241830825805664e-01 -6.556895971298217773e-01 -4.274024963378906250e+01 0.000000000000000000e+00 -1.769189164042472839e-02 0.000000000000000000e+00 5.000000000000000000e+01 0.000000000000000000e+00
4.011607766151428223e-01 1.381238400936126709e-01 -6.522241830825805664e-01 -6.556895971298217773e-01 -4.274024963378906250e+01 0.000000000000000000e+00 -1.769189164042472839e-02 0.000000000000000000e+00 5.000000000000000000e+01 0.000000000000000000e+00
4.011607766151428223e-01 1.381238400936126709e-01 -6.522241830825805664e-01 -6.556895971298217773e-01 -4.274024963378906250e+01 0.000000000000000000e+00 -1.769189164042472839e-02 0.000000000000000000e+00 5.000000000000000000e+01 0.000000000000000000e+00
4.011607766151428223e-01 1.381238400936126709e-01 -6.522241830825805664e-01 -6.556895971298217773e-01 -4.274024963378906250e+01 0.000000000000000000e+00 -1.769189164042472839e-02 0.000000000000000000e+00 5.000000000000000000e+01 0.000000000000000000e+00
4.011607766151428223e-01 1.381238400936126709e-01 -6.522241830825805664e-01 -6.556895971298217773e-01 -4.274024963378906250e+01 0.000000000000000000e+00 -1.769189164042472839e-02 0.000000000000000000e+00 5.000000000000000000e+01 0.000000000000000000e+00
4.011607766151428223e-01 1.381238400936126709e-01 -6.522241830825805664e-01 -6.556895971298217773e-01 -4.274024963378906250e+01 0.000000000000000000e+00 -1.769189164042472839e-02 0.000000000000000000e+00 5.000000000000000000e+01 0.000000000000000000e+00
4.011607766151428223e-01 1.381238400936126709e-01 -6.522241830825805664e-01 -6.556895971298217773e-01 -4.274024963378906250e+01 0.000000000000000000e+00 -1.769189164042472839e-02 0.000000000000000000e+00 5.000000000000000000e+01 0.000000000000000000e+00
4.011607766151428223e-01 1.381238400936126709e-01 -6.522241830825805664e-01 -6.556895971298217773e-01 -4.274024963378906250e+01 0.000000000000000000e+00 -1.769189164042472839e-02 0.000000000000000000e+00 5.000000000000000000e+01 0.000000000000000000e+00
4.011607766151428223e-01 1.381238400936126709e-01 -6.522241830825805664e-01 -6.556895971298217773e-01 -4.274024963378906250e+01 0.000000000000000000e+00 -1.769189164042472839e-02 0.000000000000000000e+00 5.000000000000000000e+01 0.000000000000000000e+00
4.011607766151428223e-01 1.381238400936126709e-01 -6.522241830825805664e-01 -6.556895971298217773e-01 -4.274024963378906250e+01 0.000000000000000000e+00 -1.769189164042472839e-02 0.000000000000000000e+00 5.000000000000000000e+01 0.000000000000000000e+00
4.011607766151428223e-01 1.381238400936126709e-01 -6.522241830825805664e-01 -6.556895971298217773e-01 -4.274024963378906250e+01 0.000000000000000000e+00 -1.769189164042472839e-02 0.000000000000000000e+00 5.000000000000000000e+01 0.000000000000000000e+00
4.011607766151428223e-01 1.381238400936126709e-01 -6.522241830825805664e-01 -6.556895971298217773e-01 -4.274024963378906250e+01 0.000000000000000000e+00 -1.769189164042472839e-02 0.000000000000000000e+00 5.000000000000000000e+01 0.000000000000000000e+00
4.011607766151428223e-01 1.381238400936126709e-01 -6.522241830825805664e-01 -6.556895971298217773e-01 -4.274024963378906250e+01 0.000000000000000000e+00 -1.769189164042472839e-02 0.000000000000000000e+00 5.000000000000000000e+01 0.000000000000000000e+00
4.011607766151428223e-01 1.381238400936126709e-01 -6.522241830825805664e-01 -6.556895971298217773e-01 -4.274024963378906250e+01 0.000000000000000000e+00 -1.769189164042472839e-02 0.000000000000000000e+00 5.000000000000000000e+01 0.000000000000000000e+00
4.011607766151428223e-01 1.381238400936126709e-01 -6.522241830825805664e-01 -6.556895971298217773e-01 -4.274024963378906250e+01 0.000000000000000000e+00 -1.769189164042472839e-02 0.000000000000000000e+00 5.000000000000000000e+01 0.000000000000000000e+00
4.011607766151428223e-01 1.381238400936126709e-01 -6.522241830825805664e-01 -6.556895971298217773e-01 -4.274024963378906250e+01 0.000000000000000000e+00 -1.769189164042472839e-02 0.000000000000000000e+00 5.000000000000000000e+01 0.000000000000000000e+00
4.011607766151428223e-01 1.381238400936126709e-01 -6.522241830825805664e-01 -6.556895971298217773e-01 -4.274024963378906250e+01 0.000000000000000000e+00 -1.769189164042472839e-02 0.000000000000000000e+00 5.000000000000000000e+01 0.000000000000000000e+00
4.011607766151428223e-01 1.381238400936126709e-01 -6.522241830825805664e-01 -6.556895971298217773e-01 -4.274024963378906250e+01 0.000000000000000000e+00 -1.769189164042472839e-02 0.000000000000000000e+00 5.000000000000000000e+01 0.000000000000000000e+00
4.011607766151428223e-01 1.381238251924514771e-01 -6.522241830825805664e-01 -6.556896567344665527e-01 -4.274024963378906250e+01 0.000000000000000000e+00 -1.769189164042472839e-02 0.000000000000000000e+00 5.000000000000000000e+01 0.000000000000000000e+00
4.011607766151428223e-01 1.381238400936126709e-01 -6.522241830825805664e-01 -6.556895971298217773e-01 -4.274024963378906250e+01 0.000000000000000000e+00 -1.769189164042472839e-02 0.000000000000000000e+00 5.000000000000000000e+01 0.000000000000000000e+00
4.011607766151428223e-01 1.381238400936126709e-01 -6.522241830825805664e-01 -6.556895971298217773e-01 -4.274024963378906250e+01 0.000000000000000000e+00 -1.769189164042472839e-02 0.000000000000000000e+00 5.000000000000000000e+01 0.000000000000000000e+00
4.011607766151428223e-01 1.381238251924514771e-01 -6.522241830825805664e-01 -6.556896567344665527e-01 -4.274024963378906250e+01 0.000000000000000000e+00 -1.769189164042472839e-02 0.000000000000000000e+00 5.000000000000000000e+01 0.000000000000000000e+00
4.011607766151428223e-01 1.381238400936126709e-01 -6.522241830825805664e-01 -6.556895971298217773e-01 -4.274024963378906250e+01 0.000000000000000000e+00 -1.769189164042472839e-02 0.000000000000000000e+00 5.000000000000000000e+01 0.000000000000000000e+00
4.011607766151428223e-01 1.381238400936126709e-01 -6.522241830825805664e-01 -6.556895971298217773e-01 -4.274024963378906250e+01 0.000000000000000000e+00 -1.769189164042472839e-02 0.000000000000000000e+00 5.000000000000000000e+01 0.000000000000000000e+00
4.011607766151428223e-01 1.381238400936126709e-01 -6.522241830825805664e-01 -6.556895971298217773e-01 -4.274024963378906250e+01 0.000000000000000000e+00 -1.769189164042472839e-02 0.000000000000000000e+00 5.000000000000000000e+01 0.000000000000000000e+00
4.011607766151428223e-01 1.381238400936126709e-01 -6.522241830825805664e-01 -6.556895971298217773e-01 -4.274024963378906250e+01 0.000000000000000000e+00 -1.769189164042472839e-02 0.000000000000000000e+00 5.000000000000000000e+01 0.000000000000000000e+00
4.011607766151428223e-01 1.381238400936126709e-01 -6.522241830825805664e-01 -6.556895971298217773e-01 -4.274024963378906250e+01 0.000000000000000000e+00 -1.769189164042472839e-02 0.000000000000000000e+00 5.000000000000000000e+01 0.000000000000000000e+00
4.011607766151428223e-01 1.381238400936126709e-01 -6.522241830825805664e-01 -6.556895971298217773e-01 -4.274024963378906250e+01 0.000000000000000000e+00 -1.769189164042472839e-02 0.000000000000000000e+00 5.000000000000000000e+01 0.000000000000000000e+00
4.011607766151428223e-01 1.381238400936126709e-01 -6.522241830825805664e-01 -6.556895971298217773e-01 -4.274024963378906250e+01 0.000000000000000000e+00 -1.769189164042472839e-02 0.000000000000000000e+00 5.000000000000000000e+01 0.000000000000000000e+00
4.011607766151428223e-01 1.381238400936126709e-01 -6.522241830825805664e-01 -6.556895971298217773e-01 -4.274024963378906250e+01 0.000000000000000000e+00 -1.769189164042472839e-02 0.000000000000000000e+00 5.000000000000000000e+01 0.000000000000000000e+00
4.011607766151428223e-01 1.381238251924514771e-01 -6.522241830825805664e-01 -6.556896567344665527e-01 -4.274024963378906250e+01 0.000000000000000000e+00 -1.769189164042472839e-02 0.000000000000000000e+00 5.000000000000000000e+01 0.000000000000000000e+00
4.011607766151428223e-01 1.381238400936126709e-01 -6.522241830825805664e-01 -6.556895971298217773e-01 -4.274024963378906250e+01 0.000000000000000000e+00 -1.769189164042472839e-02 0.000000000000000000e+00 5.000000000000000000e+01 0.000000000000000000e+00
4.011607766151428223e-01 1.381238400936126709e-01 -6.522241830825805664e-01 -6.556895971298217773e-01 -4.274024963378906250e+01 0.000000000000000000e+00 -1.769189164042472839e-02 0.000000000000000000e+00 5.000000000000000000e+01 0.000000000000000000e+00
4.011607766151428223e-01 1.381238400936126709e-01 -6.522241830825805664e-01 -6.556895971298217773e-01 -4.274024963378906250e+01 0.000000000000000000e+00 -1.769189164042472839e-02 0.000000000000000000e+00 5.000000000000000000e+01 0.000000000000000000e+00
4.011607766151428223e-01 1.381238400936126709e-01 -6.522241830825805664e-01 -6.556895971298217773e-01 -4.274024963378906250e+01 0.000000000000000000e+00 -1.769189164042472839e-02 0.000000000000000000e+00 5.000000000000000000e+01 0.000000000000000000e+00
4.011607766151428223e-01 1.381238400936126709e-01 -6.522241830825805664e-01 -6.556895971298217773e-01 -4.274024963378906250e+01 0.000000000000000000e+00 -1.769189164042472839e-02 0.000000000000000000e+00 5.000000000000000000e+01 0.000000000000000000e+00
4.011607766151428223e-01 1.381238400936126709e-01 -6.522241830825805664e-01 -6.556895971298217773e-01 -4.274024963378906250e+01 0.000000000000000000e+00 -1.769189164042472839e-02 0.000000000000000000e+00 5.000000000000000000e+01 0.000000000000000000e+00
4.011607766151428223e-01 1.381238400936126709e-01 -6.522241830825805664e-01 -6.556895971298217773e-01 -4.274024963378906250e+01 0.000000000000000000e+00 -1.769189164042472839e-02 0.000000000000000000e+00 5.000000000000000000e+01 0.000000000000000000e+00
4.011607766151428223e-01 1.381238400936126709e-01 -6.522241830825805664e-01 -6.556895971298217773e-01 -4.274024963378906250e+01 0.000000000000000000e+00 -1.769189164042472839e-02 0.000000000000000000e+00 5.000000000000000000e+01 0.000000000000000000e+00
4.011607766151428223e-01 1.381238400936126709e-01 -6.522241830825805664e-01 -6.556895971298217773e-01 -4.274024963378906250e+01 0.000000000000000000e+00 -1.769189164042472839e-02 0.000000000000000000e+00 5.000000000000000000e+01 0.000000000000000000e+00
4.011607766151428223e-01 1.381238400936126709e-01 -6.522241830825805664e-01 -6.556895971298217773e-01 -4.274024963378906250e+01 0.000000000000000000e+00 -1.769189164042472839e-02 0.000000000000000000e+00 5.000000000000000000e+01 0.000000000000000000e+00
4.011607766151428223e-01 1.381238400936126709e-01 -6.522241830825805664e-01 -6.556895971298217773e-01 -4.274024963378906250e+01 0.000000000000000000e+00 -1.769189164042472839e-02 0.000000000000000000e+00 5.000000000000000000e+01 0.000000000000000000e+00
4.011607766151428223e-01 1.381238400936126709e-01 -6.522241830825805664e-01 -6.556895971298217773e-01 -4.274024963378906250e+01 0.000000000000000000e+00 -1.769189164042472839e-02 0.000000000000000000e+00 5.000000000000000000e+01 0.000000000000000000e+00
4.011607766151428223e-01 1.381238400936126709e-01 -6.522241830825805664e-01 -6.556895971298217773e-01 -4.274024963378906250e+01 0.000000000000000000e+00 -1.769189164042472839e-02 0.000000000000000000e+00 5.000000000000000000e+01 0.000000000000000000e+00
4.011607766151428223e-01 1.381238400936126709e-01 -6.522241830825805664e-01 -6.556895971298217773e-01 -4.274024963378906250e+01 0.000000000000000000e+00 -1.769189164042472839e-02 0.000000000000000000e+00 5.000000000000000000e+01 0.000000000000000000e+00
4.011607766151428223e-01 1.381238400936126709e-01 -6.522241830825805664e-01 -6.556895971298217773e-01 -4.274024963378906250e+01 0.000000000000000000e+00 -1.769189164042472839e-02 0.000000000000000000e+00 5.000000000000000000e+01 0.000000000000000000e+00
4.011607766151428223e-01 1.381238400936126709e-01 -6.522241830825805664e-01 -6.556895971298217773e-01 -4.274024963378906250e+01 0.000000000000000000e+00 -1.769189164042472839e-02 0.000000000000000000e+00 5.000000000000000000e+01 0.000000000000000000e+00
4.011607766151428223e-01 1.381238400936126709e-01 -6.522241830825805664e-01 -6.556895971298217773e-01 -4.274024963378906250e+01 0.000000000000000000e+00 -1.769189164042472839e-02 0.000000000000000000e+00 5.000000000000000000e+01 0.000000000000000000e+00
4.011607766151428223e-01 1.381238400936126709e-01 -6.522241830825805664e-01 -6.556895971298217773e-01 -4.274024963378906250e+01 0.000000000000000000e+00 -1.769189164042472839e-02 0.000000000000000000e+00 5.000000000000000000e+01 0.000000000000000000e+00
4.011607766151428223e-01 1.381238400936126709e-01 -6.522241830825805664e-01 -6.556895971298217773e-01 -4.274024963378906250e+01 0.000000000000000000e+00 -1.769189164042472839e-02 0.000000000000000000e+00 5.000000000000000000e+01 0.000000000000000000e+00
4.011607766151428223e-01 1.381238251924514771e-01 -6.522241830825805664e-01 -6.556896567344665527e-01 -4.274024963378906250e+01 0.000000000000000000e+00 -1.769189164042472839e-02 0.000000000000000000e+00 5.000000000000000000e+01 0.000000000000000000e+00
4.011607766151428223e-01 1.381238400936126709e-01 -6.522241830825805664e-01 -6.556895971298217773e-01 -4.274024963378906250e+01 0.000000000000000000e+00 -1.769189164042472839e-02 0.000000000000000000e+00 5.000000000000000000e+01 0.000000000000000000e+00
4.011607766151428223e-01 1.381238400936126709e-01 -6.522241830825805664e-01 -6.556895971298217773e-01 -4.274024963378906250e+01 0.000000000000000000e+00 -1.769189164042472839e-02 0.000000000000000000e+00 5.000000000000000000e+01 0.000000000000000000e+00
4.011607766151428223e-01 1.381238400936126709e-01 -6.522241830825805664e-01 -6.556895971298217773e-01 -4.274024963378906250e+01 0.000000000000000000e+00 -1.769189164042472839e-02 0.000000000000000000e+00 5.000000000000000000e+01 0.000000000000000000e+00
4.011607766151428223e-01 1.381238400936126709e-01 -6.522241830825805664e-01 -6.556895971298217773e-01 -4.274024963378906250e+01 0.000000000000000000e+00 -1.769189164042472839e-02 0.000000000000000000e+00 5.000000000000000000e+01 0.000000000000000000e+00
4.011607766151428223e-01 1.381238400936126709e-01 -6.522241830825805664e-01 -6.556895971298217773e-01 -4.274024963378906250e+01 0.000000000000000000e+00 -1.769189164042472839e-02 0.000000000000000000e+00 5.000000000000000000e+01 0.000000000000000000e+00
4.011607766151428223e-01 1.381238400936126709e-01 -6.522241830825805664e-01 -6.556895971298217773e-01 -4.274024963378906250e+01 0.000000000000000000e+00 -1.769189164042472839e-02 0.000000000000000000e+00 5.000000000000000000e+01 0.000000000000000000e+00
4.011607766151428223e-01 1.381238400936126709e-01 -6.522241830825805664e-01 -6.556895971298217773e-01 -4.274024963378906250e+01 0.000000000000000000e+00 -1.769189164042472839e-02 0.000000000000000000e+00 5.000000000000000000e+01 0.000000000000000000e+00
4.011607766151428223e-01 1.381238400936126709e-01 -6.522241830825805664e-01 -6.556895971298217773e-01 -4.274024963378906250e+01 0.000000000000000000e+00 -1.769189164042472839e-02 0.000000000000000000e+00 5.000000000000000000e+01 0.000000000000000000e+00
4.011607766151428223e-01 1.381238400936126709e-01 -6.522241830825805664e-01 -6.556895971298217773e-01 -4.274024963378906250e+01 0.000000000000000000e+00 -1.769189164042472839e-02 0.000000000000000000e+00 5.000000000000000000e+01 0.000000000000000000e+00
4.011607766151428223e-01 1.381238400936126709e-01 -6.522241830825805664e-01 -6.556895971298217773e-01 -4.274024963378906250e+01 0.000000000000000000e+00 -1.769189164042472839e-02 0.000000000000000000e+00 5.000000000000000000e+01 0.000000000000000000e+00
4.011607766151428223e-01 1.381238400936126709e-01 -6.522241830825805664e-01 -6.556895971298217773e-01 -4.274024963378906250e+01 0.000000000000000000e+00 -1.769189164042472839e-02 0.000000000000000000e+00 5.000000000000000000e+01 0.000000000000000000e+00
4.011607766151428223e-01 1.381238400936126709e-01 -6.522241830825805664e-01 -6.556895971298217773e-01 -4.274024963378906250e+01 0.000000000000000000e+00 -1.769189164042472839e-02 0.000000000000000000e+00 5.000000000000000000e+01 0.000000000000000000e+00
4.011607766151428223e-01 1.381238400936126709e-01 -6.522241830825805664e-01 -6.556895971298217773e-01 -4.274024963378906250e+01 0.000000000000000000e+00 -1.769189164042472839e-02 0.000000000000000000e+00 5.000000000000000000e+01 0.000000000000000000e+00
4.011607766151428223e-01 1.381238400936126709e-01 -6.522241830825805664e-01 -6.556895971298217773e-01 -4.274024963378906250e+01 0.000000000000000000e+00 -1.769189164042472839e-02 0.000000000000000000e+00 5.000000000000000000e+01 0.000000000000000000e+00
4.011607766151428223e-01 1.381238400936126709e-01 -6.522241830825805664e-01 -6.556895971298217773e-01 -4.274024963378906250e+01 0.000000000000000000e+00 -1.769189164042472839e-02 0.000000000000000000e+00 5.000000000000000000e+01 0.000000000000000000e+00
4.011607766151428223e-01 1.381238400936126709e-01 -6.522241830825805664e-01 -6.556895971298217773e-01 -4.274024963378906250e+01 0.000000000000000000e+00 -1.769189164042472839e-02 0.000000000000000000e+00 5.000000000000000000e+01 0.000000000000000000e+00
