4.474073052406311035e-01 2.738597393035888672e-01 -3.901106417179107666e-01 -3.878961503505706787e-01 -8.054559326171875000e+01 -4.247341537475585938e+01 -3.334102779626846313e-02 -3.715592622756958008e-02 1.470000000000000000e+02 9.700000000000000000e+01
4.474073052406311035e-01 2.873189747333526611e-01 -3.617470860481262207e-01 -3.578134179115295410e-01 -6.790542602539062500e+01 -2.983325195312500000e+01 -2.810876071453094482e-02 -2.609825693070888519e-02 1.240000000000000000e+02 7.400000000000000000e+01
4.474073052406311035e-01 2.901205420494079590e-01 -3.547234237194061279e-01 -3.515516221523284912e-01 -5.800495910644531250e+01 -1.993277740478515625e+01 -2.401056326925754547e-02 -1.743727922439575195e-02 1.030000000000000000e+02 5.300000000000000000e+01
4.474073052406311035e-01 2.958510816097259521e-01 -3.413768410682678223e-01 -3.387432992458343506e-01 -5.525586700439453125e+01 -1.718369293212890625e+01 -2.287260442972183228e-02 -1.503236871212720871e-02 9.700000000000000000e+01 4.700000000000000000e+01
4.474073052406311035e-01 3.035451769828796387e-01 -3.228988647460937500e-01 -3.215462267398834229e-01 -5.042922592163085938e+01 -1.235704994201660156e+01 -2.087466418743133545e-02 -1.081000082194805145e-02 8.600000000000000000e+01 3.600000000000000000e+01
4.474073052406311035e-01 3.117704987525939941e-01 -3.039070367813110352e-01 -3.031617999076843262e-01 -4.791726303100585938e+01 -9.845088005065917969e+00 -1.983486302196979523e-02 -8.612525649368762970e-03 8.000000000000000000e+01 3.000000000000000000e+01
4.474073052406311035e-01 3.244837522506713867e-01 -2.768820524215698242e-01 -2.747464179992675781e-01 -4.520642852783203125e+01 -7.134254932403564453e+00 -1.871274039149284363e-02 -6.241077091544866562e-03 7.400000000000000000e+01 2.400000000000000000e+01
4.474073052406311035e-01 3.293438553810119629e-01 -2.660674750804901123e-01 -2.638835906982421875e-01 -4.471507263183593750e+01 -6.642899036407470703e+00 -1.850934885442256927e-02 -5.811236798763275146e-03 7.100000000000000000e+01 2.100000000000000000e+01
4.474073052406311035e-01 3.377537131309509277e-01 -2.475273460149765015e-01 -2.450867295265197754e-01 -4.396471786499023438e+01 -5.892541885375976562e+00 -1.819874718785285950e-02 -5.154821090400218964e-03 7.000000000000000000e+01 2.000000000000000000e+01
4.474073052406311035e-01 3.461088538169860840e-01 -2.286311835050582886e-01 -2.264121472835540771e-01 -4.264848327636718750e+01 -4.576307296752929688e+00 -1.765390671789646149e-02 -4.003373440355062485e-03 6.700000000000000000e+01 1.700000000000000000e+01
4.474073052406311035e-01 3.479909300804138184e-01 -2.238903939723968506e-01 -2.222055196762084961e-01 -4.242990875244140625e+01 -4.357736110687255859e+00 -1.756342872977256775e-02 -3.812166396528482437e-03 6.600000000000000000e+01 1.600000000000000000e+01
4.474073052406311035e-01 3.645234107971191406e-01 -1.872084587812423706e-01 -1.852537840604782104e-01 -3.999744415283203125e+01 -1.925269842147827148e+00 -1.655653491616249084e-02 -1.684234361164271832e-03 6.000000000000000000e+01 1.000000000000000000e+01
4.474073052406311035e-01 3.682932257652282715e-01 -1.778805255889892578e-01 -1.768278628587722778e-01 -3.950492477416992188e+01 -1.432749509811401367e+00 -1.635266095399856567e-02 -1.253375434316694736e-03 5.800000000000000000e+01 8.000000000000000000e+00
4.474073052406311035e-01 3.816419839859008789e-01 -1.464424133300781250e-01 -1.469920575618743896e-01 -3.915039443969726562e+01 -1.078219294548034668e+00 -1.620590686798095703e-02 -9.432308725081384182e-04 5.600000000000000000e+01 6.000000000000000000e+00
4.474073052406311035e-01 3.695840835571289062e-01 -1.735827624797821045e-01 -1.739426702260971069e-01 -3.829095077514648438e+01 -2.187760472297668457e-01 -1.585014909505844116e-02 -1.913862361107021570e-04 5.400000000000000000e+01 4.000000000000000000e+00
4.474073052406311035e-01 3.711751103401184082e-01 -1.693149209022521973e-01 -1.703865677118301392e-01 -3.824408721923828125e+01 -1.719146370887756348e-01 -1.583075150847434998e-02 -1.503916719229891896e-04 5.300000000000000000e+01 3.000000000000000000e+00
4.474073052406311035e-01 3.711751103401184082e-01 -1.693149209022521973e-01 -1.703865677118301392e-01 -3.824408721923828125e+01 -1.719146370887756348e-01 -1.583075150847434998e-02 -1.503916719229891896e-04 5.300000000000000000e+01 3.000000000000000000e+00
4.474073052406311035e-01 3.711751103401184082e-01 -1.693149209022521973e-01 -1.703865677118301392e-01 -3.824408721923828125e+01 -1.719146370887756348e-01 -1.583075150847434998e-02 -1.503916719229891896e-04 5.300000000000000000e+01 3.000000000000000000e+00
4.474073052406311035e-01 3.711751103401184082e-01 -1.693149358034133911e-01 -1.703865677118301392e-01 -3.824408721923828125e+01 -1.719146370887756348e-01 -1.583075150847434998e-02 -1.503916719229891896e-04 5.300000000000000000e+01 3.000000000000000000e+00
4.474073052406311035e-01 3.711751103401184082e-01 -1.693149209022521973e-01 -1.703865677118301392e-01 -3.824408721923828125e+01 -1.719146370887756348e-01 -1.583075150847434998e-02 -1.503916719229891896e-04 5.300000000000000000e+01 3.000000000000000000e+00
4.474073052406311035e-01 3.711751103401184082e-01 -1.693149209022521973e-01 -1.703865677118301392e-01 -3.824408721923828125e+01 -1.719146370887756348e-01 -1.583075150847434998e-02 -1.503916719229891896e-04 5.300000000000000000e+01 3.000000000000000000e+00
4.474073052406311035e-01 3.755658566951751709e-01 -1.581915020942687988e-01 -1.605728119611740112e-01 -3.808766937255859375e+01 -1.549571752548217773e-02 -1.576600410044193268e-02 -1.355572021566331387e-05 5.100000000000000000e+01 1.000000000000000000e+00
4.474073052406311035e-01 3.725725114345550537e-01 -1.656524389982223511e-01 -1.672632396221160889e-01 -3.807217407226562500e+01 0.000000000000000000e+00 -1.575958915054798126e-02 0.000000000000000000e+00 5.000000000000000000e+01 0.000000000000000000e+00
4.474073052406311035e-01 3.725725114345550537e-01 -1.656524389982223511e-01 -1.672632396221160889e-01 -3.807217407226562500e+01 0.000000000000000000e+00 -1.575958915054798126e-02 0.000000000000000000e+00 5.000000000000000000e+01 0.000000000000000000e+00
4.474073052406311035e-01 3.725725114345550537e-01 -1.656524389982223511e-01 -1.672632396221160889e-01 -3.807217407226562500e+01 0.000000000000000000e+00 -1.575958915054798126e-02 0.000000000000000000e+00 5.000000000000000000e+01 0.000000000000000000e+00
4.474073052406311035e-01 3.725725114345550537e-01 -1.656524389982223511e-01 -1.672632396221160889e-01 -3.807217407226562500e+01 0.000000000000000000e+00 -1.575958915054798126e-02 0.000000000000000000e+00 5.000000000000000000e+01 0.000000000000000000e+00
4.474073052406311035e-01 3.725725114345550537e-01 -1.656524389982223511e-01 -1.672632396221160889e-01 -3.807217407226562500e+01 0.000000000000000000e+00 -1.575958915054798126e-02 0.000000000000000000e+00 5.000000000000000000e+01 0.000000000000000000e+00
4.474073052406311035e-01 3.725725114345550537e-01 -1.656524389982223511e-01 -1.672632396221160889e-01 -3.807217407226562500e+01 0.000000000000000000e+00 -1.575958915054798126e-02 0.000000000000000000e+00 5.000000000000000000e+01 0.000000000000000000e+00
4.474073052406311035e-01 3.725725114345550537e-01 -1.656524389982223511e-01 -1.672632396221160889e-01 -3.807217407226562500e+01 0.000000000000000000e+00 -1.575958915054798126e-02 0.000000000000000000e+00 5.000000000000000000e+01 0.000000000000000000e+00
4.474073052406311035e-01 3.725725114345550537e-01 -1.656524389982223511e-01 -1.672632396221160889e-01 -3.807217407226562500e+01 0.000000000000000000e+00 -1.575958915054798126e-02 0.000000000000000000e+00 5.000000000000000000e+01 0.000000000000000000e+00
4.474073052406311035e-01 3.725725114345550537e-01 -1.656524389982223511e-01 -1.672632396221160889e-01 -3.807217407226562500e+01 0.000000000000000000e+00 -1.575958915054798126e-02 0.000000000000000000e+00 5.000000000000000000e+01 0.000000000000000000e+00
4.474073052406311035e-01 3.725725114345550537e-01 -1.656524389982223511e-01 -1.672632396221160889e-01 -3.807217407226562500e+01 0.000000000000000000e+00 -1.575958915054798126e-02 0.000000000000000000e+00 5.000000000000000000e+01 0.000000000000000000e+00
4.474073052406311035e-01 3.725725114345550537e-01 -1.656524389982223511e-01 -1.672632396221160889e-01 -3.807217407226562500e+01 0.000000000000000000e+00 -1.575958915054798126e-02 0.000000000000000000e+00 5.000000000000000000e+01 0.000000000000000000e+00
4.474073052406311035e-01 3.725725114345550537e-01 -1.656524389982223511e-01 -1.672632396221160889e-01 -3.807217407226562500e+01 0.000000000000000000e+00 -1.575958915054798126e-02 0.000000000000000000e+00 5.000000000000000000e+01 0.000000000000000000e+00
4.474073052406311035e-01 3.725725114345550537e-01 -1.656524389982223511e-01 -1.672632396221160889e-01 -3.807217407226562500e+01 0.000000000000000000e+00 -1.575958915054798126e-02 0.000000000000000000e+00 5.000000000000000000e+01 0.000000000000000000e+00
4.474073052406311035e-01 3.725725114345550537e-01 -1.656524389982223511e-01 -1.672632396221160889e-01 -3.807217407226562500e+01 0.000000000000000000e+00 -1.575958915054798126e-02 0.000000000000000000e+00 5.000000000000000000e+01 0.000000000000000000e+00
4.474073052406311035e-01 3.725725114345550537e-01 -1.656524389982223511e-01 -1.672632396221160889e-01 -3.807217407226562500e+01 0.000000000000000000e+00 -1.575958915054798126e-02 0.000000000000000000e+00 5.000000000000000000e+01 0.000000000000000000e+00
4.474073052406311035e-01 3.725725114345550537e-01 -1.656524389982223511e-01 -1.672632396221160889e-01 -3.807217407226562500e+01 0.000000000000000000e+00 -1.575958915054798126e-02 0.000000000000000000e+00 5.000000000000000000e+01 0.000000000000000000e+00
4.474073052406311035e-01 3.725725114345550537e-01 -1.656524389982223511e-01 -1.672632396221160889e-01 -3.807217407226562500e+01 0.000000000000000000e+00 -1.575958915054798126e-02 0.000000000000000000e+00 5.000000000000000000e+01 0.000000000000000000e+00
4.474073052406311035e-01 3.725725114345550537e-01 -1.656524389982223511e-01 -1.672632396221160889e-01 -3.807217407226562500e+01 0.000000000000000000e+00 -1.575958915054798126e-02 0.000000000000000000e+00 5.000000000000000000e+01 0.000000000000000000e+00
4.474073052406311035e-01 3.725725114345550537e-01 -1.656524389982223511e-01 -1.672632396221160889e-01 -3.807217407226562500e+01 0.000000000000000000e+00 -1.575958915054798126e-02 0.000000000000000000e+00 5.000000000000000000e+01 0.000000000000000000e+00
4.474073052406311035e-01 3.725725114345550537e-01 -1.656524389982223511e-01 -1.672632396221160889e-01 -3.807217407226562500e+01 0.000000000000000000e+00 -1.575958915054798126e-02 0.000000000000000000e+00 5.000000000000000000e+01 0.000000000000000000e+00
4.474073052406311035e-01 3.725725114345550537e-01 -1.656524389982223511e-01 -1.672632396221160889e-01 -3.807217407226562500e+01 0.000000000000000000e+00 -1.575958915054798126e-02 0.000000000000000000e+00 5.000000000000000000e+01 0.000000000000000000e+00
4.474073052406311035e-01 3.725725114345550537e-01 -1.656524389982223511e-01 -1.672632396221160889e-01 -3.807217407226562500e+01 0.000000000000000000e+00 -1.575958915054798126e-02 0.000000000000000000e+00 5.000000000000000000e+01 0.000000000000000000e+00
4.474073052406311035e-01 3.725725114345550537e-01 -1.656524389982223511e-01 -1.672632396221160889e-01 -3.807217407226562500e+01 0.000000000000000000e+00 -1.575958915054798126e-02 0.000000000000000000e+00 5.000000000000000000e+01 0.000000000000000000e+00
4.474073052406311035e-01 3.725725114345550537e-01 -1.656524389982223511e-01 -1.672632396221160889e-01 -3.807217407226562500e+01 0.000000000000000000e+00 -1.575958915054798126e-02 0.000000000000000000e+00 5.000000000000000000e+01 0.000000000000000000e+00
4.474073052406311035e-01 3.725725114345550537e-01 -1.656524389982223511e-01 -1.672632396221160889e-01 -3.807217407226562500e+01 0.000000000000000000e+00 -1.575958915054798126e-02 0.000000000000000000e+00 5.000000000000000000e+01 0.000000000000000000e+00
4.474073052406311035e-01 3.725725114345550537e-01 -1.656524389982223511e-01 -1.672632396221160889e-01 -3.807217407226562500e+01 0.000000000000000000e+00 -1.575958915054798126e-02 0.000000000000000000e+00 5.000000000000000000e+01 0.000000000000000000e+00
4.474073052406311035e-01 3.725725114345550537e-01 -1.656524389982223511e-01 -1.672632396221160889e-01 -3.807217407226562500e+01 0.000000000000000000e+00 -1.575958915054798126e-02 0.000000000000000000e+00 5.000000000000000000e+01 0.000000000000000000e+00
4.474073052406311035e-01 3.725725114345550537e-01 -1.656524389982223511e-01 -1.672632396221160889e-01 -3.807217407226562500e+01 0.000000000000000000e+00 -1.575958915054798126e-02 0.000000000000000000e+00 5.000000000000000000e+01 0.000000000000000000e+00
4.474073052406311035e-01 3.725725114345550537e-01 -1.656524389982223511e-01 -1.672632396221160889e-01 -3.807217407226562500e+01 0.000000000000000000e+00 -1.575958915054798126e-02 0.000000000000000000e+00 5.000000000000000000e+01 0.000000000000000000e+00
4.474073052406311035e-01 3.725725114345550537e-01 -1.656524389982223511e-01 -1.672632396221160889e-01 -3.807217407226562500e+01 0.000000000000000000e+00 -1.575958915054798126e-02 0.000000000000000000e+00 5.000000000000000000e+01 0.000000000000000000e+00
4.474073052406311035e-01 3.725725114345550537e-01 -1.656524389982223511e-01 -1.672632396221160889e-01 -3.807217407226562500e+01 0.000000000000000000e+00 -1.575958915054798126e-02 0.000000000000000000e+00 5.000000000000000000e+01 0.000000000000000000e+00
4.474073052406311035e-01 3.725725114345550537e-01 -1.656524389982223511e-01 -1.672632396221160889e-01 -3.807217407226562500e+01 0.000000000000000000e+00 -1.575958915054798126e-02 0.000000000000000000e+00 5.000000000000000000e+01 0.000000000000000000e+00
4.474073052406311035e-01 3.725725114345550537e-01 -1.656524389982223511e-01 -1.672632396221160889e-01 -3.807217407226562500e+01 0.000000000000000000e+00 -1.575958915054798126e-02 0.000000000000000000e+00 5.000000000000000000e+01 0.000000000000000000e+00
4.474073052406311035e-01 3.725725114345550537e-01 -1.656524389982223511e-01 -1.672632396221160889e-01 -3.807217407226562500e+01 0.000000000000000000e+00 -1.575958915054798126e-02 0.000000000000000000e+00 5.000000000000000000e+01 0.000000000000000000e+00
4.474073052406311035e-01 3.725725114345550537e-01 -1.656524389982223511e-01 -1.672632396221160889e-01 -3.807217407226562500e+01 0.000000000000000000e+00 -1.575958915054798126e-02 0.000000000000000000e+00 5.000000000000000000e+01 0.000000000000000000e+00
4.474073052406311035e-01 3.725725114345550537e-01 -1.656524389982223511e-01 -1.672632396221160889e-01 -3.807217407226562500e+01 0.000000000000000000e+00 -1.575958915054798126e-02 0.000000000000000000e+00 5.000000000000000000e+01 0.000000000000000000e+00
4.474073052406311035e-01 3.725725114345550537e-01 -1.656524389982223511e-01 -1.672632396221160889e-01 -3.807217407226562500e+01 0.000000000000000000e+00 -1.575958915054798126e-02 0.000000000000000000e+00 5.000000000000000000e+01 0.000000000000000000e+00
4.474073052406311035e-01 3.725725114345550537e-01 -1.656524389982223511e-01 -1.672632396221160889e-01 -3.807217407226562500e+01 0.000000000000000000e+00 -1.575958915054798126e-02 0.000000000000000000e+00 5.000000000000000000e+01 0.000000000000000000e+00
4.474073052406311035e-01 3.725725114345550537e-01 -1.656524389982223511e-01 -1.672632396221160889e-01 -3.807217407226562500e+01 0.000000000000000000e+00 -1.575958915054798126e-02 0.000000000000000000e+00 5.000000000000000000e+01 0.000000000000000000e+00
4.474073052406311035e-01 3.725725114345550537e-01 -1.656524389982223511e-01 -1.672632396221160889e-01 -3.807217407226562500e+01 0.000000000000000000e+00 -1.575958915054798126e-02 0.000000000000000000e+00 5.000000000000000000e+01 0.000000000000000000e+00
4.474073052406311035e-01 3.725725114345550537e-01 -1.656524389982223511e-01 -1.672632396221160889e-01 -3.807217407226562500e+01 0.000000000000000000e+00 -1.575958915054798126e-02 0.000000000000000000e+00 5.000000000000000000e+01 0.000000000000000000e+00
4.474073052406311035e-01 3.725725114345550537e-01 -1.656524389982223511e-01 -1.672632396221160889e-01 -3.807217407226562500e+01 0.000000000000000000e+00 -1.575958915054798126e-02 0.000000000000000000e+00 5.000000000000000000e+01 0.000000000000000000e+00
4.474073052406311035e-01 3.725725114345550537e-01 -1.656524389982223511e-01 -1.672632396221160889e-01 -3.807217407226562500e+01 0.000000000000000000e+00 -1.575958915054798126e-02 0.000000000000000000e+00 5.000000000000000000e+01 0.000000000000000000e+00
4.474073052406311035e-01 3.725725114345550537e-01 -1.656524389982223511e-01 -1.672632396221160889e-01 -3.807217407226562500e+01 0.000000000000000000e+00 -1.575958915054798126e-02 0.000000000000000000e+00 5.000000000000000000e+01 0.000000000000000000e+00
4.474073052406311035e-01 3.725725114345550537e-01 -1.656524389982223511e-01 -1.672632396221160889e-01 -3.807217407226562500e+01 0.000000000000000000e+00 -1.575958915054798126e-02 0.000000000000000000e+00 5.000000000000000000e+01 0.000000000000000000e+00
4.474073052406311035e-01 3.725724816322326660e-01 -1.656524389982223511e-01 -1.672632992267608643e-01 -3.807217407226562500e+01 0.000000000000000000e+00 -1.575958915054798126e-02 0.000000000000000000e+00 5.000000000000000000e+01 0.000000000000000000e+00
4.474073052406311035e-01 3.725725114345550537e-01 -1.656524389982223511e-01 -1.672632396221160889e-01 -3.807217407226562500e+01 0.000000000000000000e+00 -1.575958915054798126e-02 0.000000000000000000e+00 5.000000000000000000e+01 0.000000000000000000e+00
4.474073052406311035e-01 3.725725114345550537e-01 -1.656524389982223511e-01 -1.672632396221160889e-01 -3.807217407226562500e+01 0.000000000000000000e+00 -1.575958915054798126e-02 0.000000000000000000e+00 5.000000000000000000e+01 0.000000000000000000e+00
4.474073052406311035e-01 3.725725114345550537e-01 -1.656524389982223511e-01 -1.672632396221160889e-01 -3.807217407226562500e+01 0.000000000000000000e+00 -1.575958915054798126e-02 0.000000000000000000e+00 5.000000000000000000e+01 0.000000000000000000e+00
4.474073052406311035e-01 3.725725114345550537e-01 -1.656524389982223511e-01 -1.672632396221160889e-01 -3.807217407226562500e+01 0.000000000000000000e+00 -1.575958915054798126e-02 0.000000000000000000e+00 5.000000000000000000e+01 0.000000000000000000e+00
4.474073052406311035e-01 3.725725114345550537e-01 -1.656524389982223511e-01 -1.672632396221160889e-01 -3.807217407226562500e+01 0.000000000000000000e+00 -1.575958915054798126e-02 0.000000000000000000e+00 5.000000000000000000e+01 0.000000000000000000e+00
4.474073052406311035e-01 3.725724816322326660e-01 -1.656524389982223511e-01 -1.672632992267608643e-01 -3.807217407226562500e+01 0.000000000000000000e+00 -1.575958915054798126e-02 0.000000000000000000e+00 5.000000000000000000e+01 0.000000000000000000e+00
4.474073052406311035e-01 3.725725114345550537e-01 -1.656524389982223511e-01 -1.672632396221160889e-01 -3.807217407226562500e+01 0.000000000000000000e+00 -1.575958915054798126e-02 0.000000000000000000e+00 5.000000000000000000e+01 0.000000000000000000e+00
4.474073052406311035e-01 3.725725114345550537e-01 -1.656524389982223511e-01 -1.672632396221160889e-01 -3.807217407226562500e+01 0.000000000000000000e+00 -1.575958915054798126e-02 0.000000000000000000e+00 5.000000000000000000e+01 0.000000000000000000e+00
4.474073052406311035e-01 3.725725114345550537e-01 -1.656524389982223511e-01 -1.672632396221160889e-01 -3.807217407226562500e+01 0.000000000000000000e+00 -1.575958915054798126e-02 0.000000000000000000e+00 5.000000000000000000e+01 0.000000000000000000e+00
4.474073052406311035e-01 3.725725114345550537e-01 -1.656524389982223511e-01 -1.672632396221160889e-01 -3.807217407226562500e+01 0.000000000000000000e+00 -1.575958915054798126e-02 0.000000000000000000e+00 5.000000000000000000e+01 0.000000000000000000e+00
4.474073052406311035e-01 3.725725114345550537e-01 -1.656524389982223511e-01 -1.672632396221160889e-01 -3.807217407226562500e+01 0.000000000000000000e+00 -1.575958915054798126e-02 0.000000000000000000e+00 5.000000000000000000e+01 0.000000000000000000e+00
4.474073052406311035e-01 3.725725114345550537e-01 -1.656524389982223511e-01 -1.672632396221160889e-01 -3.807217407226562500e+01 0.000000000000000000e+00 -1.575958915054798126e-02 0.000000000000000000e+00 5.000000000000000000e+01 0.000000000000000000e+00
4.474073052406311035e-01 3.725725114345550537e-01 -1.656524389982223511e-01 -1.672632396221160889e-01 -3.807217407226562500e+01 0.000000000000000000e+00 -1.575958915054798126e-02 0.000000000000000000e+00 5.000000000000000000e+01 0.000000000000000000e+00
4.474073052406311035e-01 3.725725114345550537e-01 -1.656524389982223511e-01 -1.672632396221160889e-01 -3.807217407226562500e+01 0.000000000000000000e+00 -1.575958915054798126e-02 0.000000000000000000e+00 5.000000000000000000e+01 0.000000000000000000e+00
4.474073052406311035e-01 3.725725114345550537e-01 -1.656524389982223511e-01 -1.672632396221160889e-01 -3.807217407226562500e+01 0.000000000000000000e+00 -1.575958915054798126e-02 0.000000000000000000e+00 5.000000000000000000e+01 0.000000000000000000e+00
4.474073052406311035e-01 3.725725114345550537e-01 -1.656524389982223511e-01 -1.672632396221160889e-01 -3.807217407226562500e+01 0.000000000000000000e+00 -1.575958915054798126e-02 0.000000000000000000e+00 5.000000000000000000e+01 0.000000000000000000e+00
4.474073052406311035e-01 3.725725114345550537e-01 -1.656524389982223511e-01 -1.672632396221160889e-01 -3.807217407226562500e+01 0.000000000000000000e+00 -1.575958915054798126e-02 0.000000000000000000e+00 5.000000000000000000e+01 0.000000000000000000e+00
4.474073052406311035e-01 3.725725114345550537e-01 -1.656524389982223511e-01 -1.672632396221160889e-01 -3.807217407226562500e+01 0.000000000000000000e+00 -1.575958915054798126e-02 0.000000000000000000e+00 5.000000000000000000e+01 0.000000000000000000e+00
4.474073052406311035e-01 3.725725114345550537e-01 -1.656524389982223511e-01 -1.672632396221160889e-01 -3.807217407226562500e+01 0.000000000000000000e+00 -1.575958915054798126e-02 0.000000000000000000e+00 5.000000000000000000e+01 0.000000000000000000e+00
4.474073052406311035e-01 3.725725114345550537e-01 -1.656524389982223511e-01 -1.672632396221160889e-01 -3.807217407226562500e+01 0.000000000000000000e+00 -1.575958915054798126e-02 0.000000000000000000e+00 5.000000000000000000e+01 0.000000000000000000e+00
4.474073052406311035e-01 3.725725114345550537e-01 -1.656524389982223511e-01 -1.672632396221160889e-01 -3.807217407226562500e+01 0.000000000000000000e+00 -1.575958915054798126e-02 0.000000000000000000e+00 5.000000000000000000e+01 0.000000000000000000e+00
4.474073052406311035e-01 3.725725114345550537e-01 -1.656524389982223511e-01 -1.672632396221160889e-01 -3.807217407226562500e+01 0.000000000000000000e+00 -1.575958915054798126e-02 0.000000000000000000e+00 5.000000000000000000e+01 0.000000000000000000e+00
4.474073052406311035e-01 3.725725114345550537e-01 -1.656524389982223511e-01 -1.672632396221160889e-01 -3.807217407226562500e+01 0.000000000000000000e+00 -1.575958915054798126e-02 0.000000000000000000e+00 5.000000000000000000e+01 0.000000000000000000e+00
