4.763777554035186768e-01 6.738047003746032715e-01 4.024666547775268555e-01 4.144335985183715820e-01 -1.122158584594726562e+02 -9.739393615722656250e+01 -4.645061492919921875e-02 -1.439375579357147217e-01 6.290000000000000000e+02 5.810000000000000000e+02
4.763777554035186768e-01 6.772175431251525879e-01 4.078131914138793945e-01 4.215977489948272705e-01 -1.012982635498046875e+02 -8.647633361816406250e+01 -4.193138703703880310e-02 -1.278025358915328979e-01 6.130000000000000000e+02 5.650000000000000000e+02
4.763777554035186768e-01 6.840548515319824219e-01 4.241952896118164062e-01 4.359504580497741699e-01 -9.627927398681640625e+01 -8.145735168457031250e+01 -3.985382616519927979e-02 -1.203850284218788147e-01 6.060000000000000000e+02 5.580000000000000000e+02
4.763777554035186768e-01 7.024011015892028809e-01 4.623143970966339111e-01 4.744624197483062744e-01 -8.858081054687500000e+01 -7.375888824462890625e+01 -3.666712716221809387e-02 -1.090075448155403137e-01 5.950000000000000000e+02 5.470000000000000000e+02
4.763777554035186768e-01 7.069043517112731934e-01 4.718565642833709717e-01 4.839155375957489014e-01 -8.519544219970703125e+01 -7.037351989746093750e+01 -3.526578843593597412e-02 -1.040043458342552185e-01 5.900000000000000000e+02 5.420000000000000000e+02
4.763777554035186768e-01 7.105696797370910645e-01 4.794357120990753174e-01 4.916096925735473633e-01 -8.308869934082031250e+01 -6.826676940917968750e+01 -3.439372032880783081e-02 -1.008908003568649292e-01 5.870000000000000000e+02 5.390000000000000000e+02
4.763777554035186768e-01 7.092580795288085938e-01 4.768772125244140625e-01 4.888564348220825195e-01 -8.047273254394531250e+01 -6.565080261230468750e+01 -3.331086784601211548e-02 -9.702468663454055786e-02 5.830000000000000000e+02 5.350000000000000000e+02
4.763777554035186768e-01 7.149603366851806641e-01 4.901277124881744385e-01 5.008264780044555664e-01 -7.573727416992187500e+01 -6.091535186767578125e+01 -3.135067597031593323e-02 -9.002620726823806763e-02 5.750000000000000000e+02 5.270000000000000000e+02
4.763777554035186768e-01 7.156122922897338867e-01 4.913852512836456299e-01 5.021950006484985352e-01 -7.279988861083984375e+01 -5.797797012329101562e+01 -3.013477288186550140e-02 -8.568508177995681763e-02 5.690000000000000000e+02 5.210000000000000000e+02
4.763777554035186768e-01 7.156250476837158203e-01 4.914114177227020264e-01 5.022218227386474609e-01 -7.192922973632812500e+01 -5.710730743408203125e+01 -2.977437339723110199e-02 -8.439833670854568481e-02 5.660000000000000000e+02 5.180000000000000000e+02
4.763777554035186768e-01 7.276853919029235840e-01 5.208660960197448730e-01 5.275385379791259766e-01 -6.954306793212890625e+01 -5.472114562988281250e+01 -2.878664620220661163e-02 -8.087185025215148926e-02 5.610000000000000000e+02 5.130000000000000000e+02
4.763777554035186768e-01 7.432467341423034668e-01 5.575850009918212891e-01 5.602045059204101562e-01 -5.292408752441406250e+01 -3.810216140747070312e+01 -2.190738730132579803e-02 -5.631081387400627136e-02 5.290000000000000000e+02 4.810000000000000000e+02
4.763777554035186768e-01 7.560278177261352539e-01 5.829176306724548340e-01 5.870342850685119629e-01 -4.866775131225585938e+01 -3.384582901000976562e+01 -2.014552056789398193e-02 -5.002042278647422791e-02 5.080000000000000000e+02 4.600000000000000000e+02
4.763777554035186768e-01 7.844434976577758789e-01 6.497901082038879395e-01 6.466837525367736816e-01 -4.303343582153320312e+01 -2.821150970458984375e+01 -1.781325228512287140e-02 -4.169351607561111450e-02 4.860000000000000000e+02 4.380000000000000000e+02
4.763777554035186768e-01 7.824454307556152344e-01 6.456297636032104492e-01 6.424894332885742188e-01 -3.916499328613281250e+01 -2.434307098388671875e+01 -1.621195115149021149e-02 -3.597638756036758423e-02 4.710000000000000000e+02 4.230000000000000000e+02
4.763777554035186768e-01 7.847987413406372070e-01 6.508023142814636230e-01 6.474294662475585938e-01 -3.758185577392578125e+01 -2.275992774963378906e+01 -1.555662695318460464e-02 -3.363667801022529602e-02 4.560000000000000000e+02 4.080000000000000000e+02
4.763777554035186768e-01 7.898609638214111328e-01 6.606467962265014648e-01 6.580559611320495605e-01 -3.595635986328125000e+01 -2.113443565368652344e+01 -1.488376967608928680e-02 -3.123437799513339996e-02 4.410000000000000000e+02 3.930000000000000000e+02
4.763777554035186768e-01 7.965865731239318848e-01 6.753137111663818359e-01 6.721741557121276855e-01 -3.470106124877929688e+01 -1.987913703918457031e+01 -1.436415128409862518e-02 -2.937918342649936676e-02 4.270000000000000000e+02 3.790000000000000000e+02
4.763777554035186768e-01 7.945294976234436035e-01 6.710406541824340820e-01 6.678559780120849609e-01 -3.356381225585937500e+01 -1.874188613891601562e+01 -1.389339845627546310e-02 -2.769845165312290192e-02 4.160000000000000000e+02 3.680000000000000000e+02
4.763777554035186768e-01 7.886216044425964355e-01 6.561514139175415039e-01 6.554542779922485352e-01 -3.184058189392089844e+01 -1.701865577697753906e+01 -1.318008452653884888e-02 -2.515170723199844360e-02 4.060000000000000000e+02 3.580000000000000000e+02
4.763777554035186768e-01 7.910398840904235840e-01 6.582170128822326660e-01 6.605306863784790039e-01 -2.617209625244140625e+01 -1.135017108917236328e+01 -1.083367317914962769e-02 -1.677430793642997742e-02 3.440000000000000000e+02 2.960000000000000000e+02
4.763777554035186768e-01 7.968534827232360840e-01 6.705642342567443848e-01 6.727344393730163574e-01 -2.311480140686035156e+01 -8.292876243591308594e+00 -9.568137116730213165e-03 -1.225596200674772263e-02 3.050000000000000000e+02 2.570000000000000000e+02
4.763777554035186768e-01 7.976616024971008301e-01 6.726625561714172363e-01 6.744308471679687500e-01 -2.075634765625000000e+01 -5.934423923492431641e+00 -8.591879159212112427e-03 -8.770427666604518890e-03 2.710000000000000000e+02 2.230000000000000000e+02
4.763777554035186768e-01 7.953416109085083008e-01 6.667106747627258301e-01 6.695607900619506836e-01 -1.972988128662109375e+01 -4.907955169677734375e+00 -8.166983723640441895e-03 -7.253419607877731323e-03 2.490000000000000000e+02 2.010000000000000000e+02
4.763777554035186768e-01 7.858216762542724609e-01 6.463673114776611328e-01 6.495767831802368164e-01 -1.889224624633789062e+01 -4.070320129394531250e+00 -7.820253260433673859e-03 -6.015486549586057663e-03 2.270000000000000000e+02 1.790000000000000000e+02
4.763777554035186768e-01 7.822148799896240234e-01 6.376089453697204590e-01 6.420054435729980469e-01 -1.867472648620605469e+01 -3.852801561355590820e+00 -7.730212993919849396e-03 -5.694018211215734482e-03 2.160000000000000000e+02 1.680000000000000000e+02
4.763777554035186768e-01 7.814236283302307129e-01 6.361597776412963867e-01 6.403445005416870117e-01 -1.842168426513671875e+01 -3.599757909774780273e+00 -7.625469006597995758e-03 -5.320047494024038315e-03 2.050000000000000000e+02 1.570000000000000000e+02
4.763777554035186768e-01 7.784771323204040527e-01 6.313949227333068848e-01 6.341592669486999512e-01 -1.780704498291015625e+01 -2.985121250152587891e+00 -7.371045183390378952e-03 -4.411682020872831345e-03 1.880000000000000000e+02 1.400000000000000000e+02
4.763777554035186768e-01 7.655506730079650879e-01 6.020622849464416504e-01 6.070243716239929199e-01 -1.735245323181152344e+01 -2.530529499053955078e+00 -7.182871457189321518e-03 -3.739845007658004761e-03 1.750000000000000000e+02 1.270000000000000000e+02
4.763777554035186768e-01 7.131243944168090820e-01 4.906409978866577148e-01 4.969725012779235840e-01 -1.593137359619140625e+01 -1.109447956085205078e+00 -6.594629958271980286e-03 -1.639642403461039066e-03 1.170000000000000000e+02 6.900000000000000000e+01
4.763777554035186768e-01 6.592355966567993164e-01 3.800203204154968262e-01 3.838505148887634277e-01 -1.536397457122802734e+01 -5.420498251914978027e-01 -6.359761115163564682e-03 -8.010902092792093754e-04 8.800000000000000000e+01 4.000000000000000000e+01
4.763777554035186768e-01 6.079093217849731445e-01 2.721940577030181885e-01 2.761076986789703369e-01 -1.507935810089111328e+01 -2.574337720870971680e-01 -6.241946946829557419e-03 -3.804588923230767250e-04 7.200000000000000000e+01 2.400000000000000000e+01
4.763777554035186768e-01 5.900166630744934082e-01 2.348304241895675659e-01 2.385478913784027100e-01 -1.502355670928955078e+01 -2.016313672065734863e-01 -6.218848284333944321e-03 -2.979890559799969196e-04 6.800000000000000000e+01 2.000000000000000000e+01
4.763777554035186768e-01 5.731983184814453125e-01 2.010825276374816895e-01 2.032432556152343750e-01 -1.497099018096923828e+01 -1.490651369094848633e-01 -6.197089329361915588e-03 -2.203019248554483056e-04 6.500000000000000000e+01 1.700000000000000000e+01
4.763777554035186768e-01 5.661386251449584961e-01 1.863643825054168701e-01 1.884237229824066162e-01 -1.495489120483398438e+01 -1.329667568206787109e-01 -6.190425250679254532e-03 -1.965102856047451496e-04 6.300000000000000000e+01 1.500000000000000000e+01
4.763777554035186768e-01 5.497771501541137695e-01 1.519151628017425537e-01 1.540781259536743164e-01 -1.492394542694091797e+01 -1.020210385322570801e-01 -6.177615374326705933e-03 -1.507759006926789880e-04 5.900000000000000000e+01 1.100000000000000000e+01
4.763777554035186768e-01 5.469748973846435547e-01 1.466034501791000366e-01 1.481957137584686279e-01 -1.491722011566162109e+01 -9.529596567153930664e-02 -6.174831651151180267e-03 -1.408369862474501133e-04 5.800000000000000000e+01 1.000000000000000000e+01
4.763777554035186768e-01 5.360670685768127441e-01 1.236231550574302673e-01 1.252982765436172485e-01 -1.490674304962158203e+01 -8.481794595718383789e-02 -6.170494481921195984e-03 -1.253516238648444414e-04 5.700000000000000000e+01 9.000000000000000000e+00
4.763777554035186768e-01 5.079549551010131836e-01 6.891168653964996338e-02 6.628604978322982788e-02 -1.482232666015625000e+01 -4.025101661682128906e-04 -6.135551258921623230e-03 -5.948658667875861283e-07 4.900000000000000000e+01 1.000000000000000000e+00
4.763777554035186768e-01 5.079549551010131836e-01 6.891168653964996338e-02 6.628604978322982788e-02 -1.482232666015625000e+01 -4.025101661682128906e-04 -6.135551258921623230e-03 -5.948658667875861283e-07 4.900000000000000000e+01 1.000000000000000000e+00
4.763777554035186768e-01 5.079549551010131836e-01 6.891168653964996338e-02 6.628604978322982788e-02 -1.482232666015625000e+01 -4.025101661682128906e-04 -6.135551258921623230e-03 -5.948658667875861283e-07 4.900000000000000000e+01 1.000000000000000000e+00
4.763777554035186768e-01 5.079549551010131836e-01 6.891168653964996338e-02 6.628604978322982788e-02 -1.482232666015625000e+01 -4.025101661682128906e-04 -6.135551258921623230e-03 -5.948658667875861283e-07 4.900000000000000000e+01 1.000000000000000000e+00
4.763777554035186768e-01 5.079549551010131836e-01 6.891168653964996338e-02 6.628604978322982788e-02 -1.482232666015625000e+01 -4.025101661682128906e-04 -6.135551258921623230e-03 -5.948658667875861283e-07 4.900000000000000000e+01 1.000000000000000000e+00
4.763777554035186768e-01 5.079549551010131836e-01 6.891168653964996338e-02 6.628604978322982788e-02 -1.482232666015625000e+01 -4.025101661682128906e-04 -6.135551258921623230e-03 -5.948658667875861283e-07 4.900000000000000000e+01 1.000000000000000000e+00
4.763777554035186768e-01 5.079549551010131836e-01 6.891168653964996338e-02 6.628604978322982788e-02 -1.482232666015625000e+01 -4.025101661682128906e-04 -6.135551258921623230e-03 -5.948658667875861283e-07 4.900000000000000000e+01 1.000000000000000000e+00
4.763777554035186768e-01 5.079549551010131836e-01 6.891168653964996338e-02 6.628604978322982788e-02 -1.482232666015625000e+01 -4.025101661682128906e-04 -6.135551258921623230e-03 -5.948658667875861283e-07 4.900000000000000000e+01 1.000000000000000000e+00
4.763777554035186768e-01 5.079549551010131836e-01 6.891168653964996338e-02 6.628604978322982788e-02 -1.482232666015625000e+01 -4.025101661682128906e-04 -6.135551258921623230e-03 -5.948658667875861283e-07 4.900000000000000000e+01 1.000000000000000000e+00
4.763777554035186768e-01 5.081013441085815430e-01 6.920553743839263916e-02 6.659334897994995117e-02 -1.482192420959472656e+01 0.000000000000000000e+00 -6.135384552180767059e-03 0.000000000000000000e+00 4.800000000000000000e+01 0.000000000000000000e+00
4.763777554035186768e-01 5.081013441085815430e-01 6.920553743839263916e-02 6.659334897994995117e-02 -1.482192420959472656e+01 0.000000000000000000e+00 -6.135384552180767059e-03 0.000000000000000000e+00 4.800000000000000000e+01 0.000000000000000000e+00
4.763777554035186768e-01 5.081013441085815430e-01 6.920553743839263916e-02 6.659334897994995117e-02 -1.482192420959472656e+01 0.000000000000000000e+00 -6.135384552180767059e-03 0.000000000000000000e+00 4.800000000000000000e+01 0.000000000000000000e+00
4.763777554035186768e-01 5.081013441085815430e-01 6.920553743839263916e-02 6.659334897994995117e-02 -1.482192420959472656e+01 0.000000000000000000e+00 -6.135384552180767059e-03 0.000000000000000000e+00 4.800000000000000000e+01 0.000000000000000000e+00
4.763777554035186768e-01 5.081013441085815430e-01 6.920553743839263916e-02 6.659334897994995117e-02 -1.482192420959472656e+01 0.000000000000000000e+00 -6.135384552180767059e-03 0.000000000000000000e+00 4.800000000000000000e+01 0.000000000000000000e+00
4.763777554035186768e-01 5.081013441085815430e-01 6.920553743839263916e-02 6.659334897994995117e-02 -1.482192420959472656e+01 0.000000000000000000e+00 -6.135384552180767059e-03 0.000000000000000000e+00 4.800000000000000000e+01 0.000000000000000000e+00
4.763777554035186768e-01 5.081013441085815430e-01 6.920553743839263916e-02 6.659334897994995117e-02 -1.482192420959472656e+01 0.000000000000000000e+00 -6.135384552180767059e-03 0.000000000000000000e+00 4.800000000000000000e+01 0.000000000000000000e+00
4.763777554035186768e-01 5.081013441085815430e-01 6.920553743839263916e-02 6.659334897994995117e-02 -1.482192420959472656e+01 0.000000000000000000e+00 -6.135384552180767059e-03 0.000000000000000000e+00 4.800000000000000000e+01 0.000000000000000000e+00
4.763777554035186768e-01 5.081013441085815430e-01 6.920553743839263916e-02 6.659334897994995117e-02 -1.482192420959472656e+01 0.000000000000000000e+00 -6.135384552180767059e-03 0.000000000000000000e+00 4.800000000000000000e+01 0.000000000000000000e+00
4.763777554035186768e-01 5.081013441085815430e-01 6.920553743839263916e-02 6.659334897994995117e-02 -1.482192420959472656e+01 0.000000000000000000e+00 -6.135384552180767059e-03 0.000000000000000000e+00 4.800000000000000000e+01 0.000000000000000000e+00
4.763777554035186768e-01 5.081013441085815430e-01 6.920553743839263916e-02 6.659334897994995117e-02 -1.482192420959472656e+01 0.000000000000000000e+00 -6.135384552180767059e-03 0.000000000000000000e+00 4.800000000000000000e+01 0.000000000000000000e+00
4.763777554035186768e-01 5.081013441085815430e-01 6.920553743839263916e-02 6.659334897994995117e-02 -1.482192420959472656e+01 0.000000000000000000e+00 -6.135384552180767059e-03 0.000000000000000000e+00 4.800000000000000000e+01 0.000000000000000000e+00
4.763777554035186768e-01 5.081013441085815430e-01 6.920553743839263916e-02 6.659334897994995117e-02 -1.482192420959472656e+01 0.000000000000000000e+00 -6.135384552180767059e-03 0.000000000000000000e+00 4.800000000000000000e+01 0.000000000000000000e+00
4.763777554035186768e-01 5.081013441085815430e-01 6.920553743839263916e-02 6.659334897994995117e-02 -1.482192420959472656e+01 0.000000000000000000e+00 -6.135384552180767059e-03 0.000000000000000000e+00 4.800000000000000000e+01 0.000000000000000000e+00
4.763777554035186768e-01 5.081013441085815430e-01 6.920553743839263916e-02 6.659334897994995117e-02 -1.482192420959472656e+01 0.000000000000000000e+00 -6.135384552180767059e-03 0.000000000000000000e+00 4.800000000000000000e+01 0.000000000000000000e+00
4.763777554035186768e-01 5.081013441085815430e-01 6.920553743839263916e-02 6.659334897994995117e-02 -1.482192420959472656e+01 0.000000000000000000e+00 -6.135384552180767059e-03 0.000000000000000000e+00 4.800000000000000000e+01 0.000000000000000000e+00
4.763777554035186768e-01 5.081013441085815430e-01 6.920553743839263916e-02 6.659334897994995117e-02 -1.482192420959472656e+01 0.000000000000000000e+00 -6.135384552180767059e-03 0.000000000000000000e+00 4.800000000000000000e+01 0.000000000000000000e+00
4.763777554035186768e-01 5.081013441085815430e-01 6.920553743839263916e-02 6.659334897994995117e-02 -1.482192420959472656e+01 0.000000000000000000e+00 -6.135384552180767059e-03 0.000000000000000000e+00 4.800000000000000000e+01 0.000000000000000000e+00
4.763777554035186768e-01 5.081013441085815430e-01 6.920553743839263916e-02 6.659334897994995117e-02 -1.482192420959472656e+01 0.000000000000000000e+00 -6.135384552180767059e-03 0.000000000000000000e+00 4.800000000000000000e+01 0.000000000000000000e+00
4.763777554035186768e-01 5.081013441085815430e-01 6.920553743839263916e-02 6.659334897994995117e-02 -1.482192420959472656e+01 0.000000000000000000e+00 -6.135384552180767059e-03 0.000000000000000000e+00 4.800000000000000000e+01 0.000000000000000000e+00
4.763777554035186768e-01 5.081013441085815430e-01 6.920553743839263916e-02 6.659334897994995117e-02 -1.482192420959472656e+01 0.000000000000000000e+00 -6.135384552180767059e-03 0.000000000000000000e+00 4.800000000000000000e+01 0.000000000000000000e+00
4.763777554035186768e-01 5.081013441085815430e-01 6.920553743839263916e-02 6.659334897994995117e-02 -1.482192420959472656e+01 0.000000000000000000e+00 -6.135384552180767059e-03 0.000000000000000000e+00 4.800000000000000000e+01 0.000000000000000000e+00
4.763777554035186768e-01 5.081013441085815430e-01 6.920553743839263916e-02 6.659334897994995117e-02 -1.482192420959472656e+01 0.000000000000000000e+00 -6.135384552180767059e-03 0.000000000000000000e+00 4.800000000000000000e+01 0.000000000000000000e+00
4.763777554035186768e-01 5.081013441085815430e-01 6.920553743839263916e-02 6.659334897994995117e-02 -1.482192420959472656e+01 0.000000000000000000e+00 -6.135384552180767059e-03 0.000000000000000000e+00 4.800000000000000000e+01 0.000000000000000000e+00
4.763777554035186768e-01 5.081013441085815430e-01 6.920553743839263916e-02 6.659334897994995117e-02 -1.482192420959472656e+01 0.000000000000000000e+00 -6.135384552180767059e-03 0.000000000000000000e+00 4.800000000000000000e+01 0.000000000000000000e+00
4.763777554035186768e-01 5.081013441085815430e-01 6.920553743839263916e-02 6.659334897994995117e-02 -1.482192420959472656e+01 0.000000000000000000e+00 -6.135384552180767059e-03 0.000000000000000000e+00 4.800000000000000000e+01 0.000000000000000000e+00
4.763777554035186768e-01 5.081013441085815430e-01 6.920553743839263916e-02 6.659334897994995117e-02 -1.482192420959472656e+01 0.000000000000000000e+00 -6.135384552180767059e-03 0.000000000000000000e+00 4.800000000000000000e+01 0.000000000000000000e+00
4.763777554035186768e-01 5.081013441085815430e-01 6.920553743839263916e-02 6.659334897994995117e-02 -1.482192420959472656e+01 0.000000000000000000e+00 -6.135384552180767059e-03 0.000000000000000000e+00 4.800000000000000000e+01 0.000000000000000000e+00
4.763777554035186768e-01 5.081013441085815430e-01 6.920553743839263916e-02 6.659334897994995117e-02 -1.482192420959472656e+01 0.000000000000000000e+00 -6.135384552180767059e-03 0.000000000000000000e+00 4.800000000000000000e+01 0.000000000000000000e+00
4.763777554035186768e-01 5.081013441085815430e-01 6.920553743839263916e-02 6.659334897994995117e-02 -1.482192420959472656e+01 0.000000000000000000e+00 -6.135384552180767059e-03 0.000000000000000000e+00 4.800000000000000000e+01 0.000000000000000000e+00
4.763777554035186768e-01 5.081013441085815430e-01 6.920553743839263916e-02 6.659334897994995117e-02 -1.482192420959472656e+01 0.000000000000000000e+00 -6.135384552180767059e-03 0.000000000000000000e+00 4.800000000000000000e+01 0.000000000000000000e+00
4.763777554035186768e-01 5.081013441085815430e-01 6.920553743839263916e-02 6.659334897994995117e-02 -1.482192420959472656e+01 0.000000000000000000e+00 -6.135384552180767059e-03 0.000000000000000000e+00 4.800000000000000000e+01 0.000000000000000000e+00
4.763777554035186768e-01 5.081013441085815430e-01 6.920553743839263916e-02 6.659334897994995117e-02 -1.482192420959472656e+01 0.000000000000000000e+00 -6.135384552180767059e-03 0.000000000000000000e+00 4.800000000000000000e+01 0.000000000000000000e+00
4.763777554035186768e-01 5.081013441085815430e-01 6.920553743839263916e-02 6.659334897994995117e-02 -1.482192420959472656e+01 0.000000000000000000e+00 -6.135384552180767059e-03 0.000000000000000000e+00 4.800000000000000000e+01 0.000000000000000000e+00
4.763777554035186768e-01 5.081013441085815430e-01 6.920553743839263916e-02 6.659334897994995117e-02 -1.482192420959472656e+01 0.000000000000000000e+00 -6.135384552180767059e-03 0.000000000000000000e+00 4.800000000000000000e+01 0.000000000000000000e+00
4.763777554035186768e-01 5.081013441085815430e-01 6.920553743839263916e-02 6.659334897994995117e-02 -1.482192420959472656e+01 0.000000000000000000e+00 -6.135384552180767059e-03 0.000000000000000000e+00 4.800000000000000000e+01 0.000000000000000000e+00
4.763777554035186768e-01 5.081013441085815430e-01 6.920553743839263916e-02 6.659334897994995117e-02 -1.482192420959472656e+01 0.000000000000000000e+00 -6.135384552180767059e-03 0.000000000000000000e+00 4.800000000000000000e+01 0.000000000000000000e+00
4.763777554035186768e-01 5.081013441085815430e-01 6.920553743839263916e-02 6.659334897994995117e-02 -1.482192420959472656e+01 0.000000000000000000e+00 -6.135384552180767059e-03 0.000000000000000000e+00 4.800000000000000000e+01 0.000000000000000000e+00
4.763777554035186768e-01 5.081013441085815430e-01 6.920553743839263916e-02 6.659334897994995117e-02 -1.482192420959472656e+01 0.000000000000000000e+00 -6.135384552180767059e-03 0.000000000000000000e+00 4.800000000000000000e+01 0.000000000000000000e+00
4.763777554035186768e-01 5.081013441085815430e-01 6.920553743839263916e-02 6.659334897994995117e-02 -1.482192420959472656e+01 0.000000000000000000e+00 -6.135384552180767059e-03 0.000000000000000000e+00 4.800000000000000000e+01 0.000000000000000000e+00
4.763777554035186768e-01 5.081013441085815430e-01 6.920553743839263916e-02 6.659334897994995117e-02 -1.482192420959472656e+01 0.000000000000000000e+00 -6.135384552180767059e-03 0.000000000000000000e+00 4.800000000000000000e+01 0.000000000000000000e+00
4.763777554035186768e-01 5.081013441085815430e-01 6.920553743839263916e-02 6.659334897994995117e-02 -1.482192420959472656e+01 0.000000000000000000e+00 -6.135384552180767059e-03 0.000000000000000000e+00 4.800000000000000000e+01 0.000000000000000000e+00
4.763777554035186768e-01 5.081013441085815430e-01 6.920553743839263916e-02 6.659334897994995117e-02 -1.482192420959472656e+01 0.000000000000000000e+00 -6.135384552180767059e-03 0.000000000000000000e+00 4.800000000000000000e+01 0.000000000000000000e+00
4.763777554035186768e-01 5.081013441085815430e-01 6.920553743839263916e-02 6.659334897994995117e-02 -1.482192420959472656e+01 0.000000000000000000e+00 -6.135384552180767059e-03 0.000000000000000000e+00 4.800000000000000000e+01 0.000000000000000000e+00
