4.572635889053344727e-01 3.463962376117706299e-01 -2.361593395471572876e-01 -2.424582988023757935e-01 -5.875225448608398438e+01 -2.086874008178710938e+01 -2.431989833712577820e-02 -3.424620255827903748e-02 1.000000000000000000e+02 5.000000000000000000e+01
4.572635889053344727e-01 3.427374064922332764e-01 -2.443599700927734375e-01 -2.504598796367645264e-01 -5.577951812744140625e+01 -1.789600944519042969e+01 -2.308936417102813721e-02 -2.936786599457263947e-02 9.500000000000000000e+01 4.500000000000000000e+01
4.572635889053344727e-01 3.479227125644683838e-01 -2.338223606348037720e-01 -2.391200214624404907e-01 -5.301445388793945312e+01 -1.513094329833984375e+01 -2.194479480385780334e-02 -2.483031339943408966e-02 8.900000000000000000e+01 3.900000000000000000e+01
4.572635889053344727e-01 3.534273505210876465e-01 -2.224313169717788696e-01 -2.270818054676055908e-01 -5.147301483154296875e+01 -1.358950614929199219e+01 -2.130673080682754517e-02 -2.230077050626277924e-02 8.500000000000000000e+01 3.500000000000000000e+01
4.572635889053344727e-01 3.570596873760223389e-01 -2.149822562932968140e-01 -2.191381603479385376e-01 -5.062844085693359375e+01 -1.274493217468261719e+01 -2.095712721347808838e-02 -2.091480046510696411e-02 8.300000000000000000e+01 3.300000000000000000e+01
4.572635889053344727e-01 3.579461872577667236e-01 -2.130226790904998779e-01 -2.171994596719741821e-01 -4.913877487182617188e+01 -1.125526428222656250e+01 -2.034049667418003082e-02 -1.847021281719207764e-02 8.000000000000000000e+01 3.000000000000000000e+01
4.572635889053344727e-01 3.579461872577667236e-01 -2.130226790904998779e-01 -2.171994596719741821e-01 -4.913877487182617188e+01 -1.125526428222656250e+01 -2.034049667418003082e-02 -1.847021281719207764e-02 8.000000000000000000e+01 3.000000000000000000e+01
4.572635889053344727e-01 3.579461872577667236e-01 -2.130226790904998779e-01 -2.171994596719741821e-01 -4.913877487182617188e+01 -1.125526428222656250e+01 -2.034049667418003082e-02 -1.847021281719207764e-02 8.000000000000000000e+01 3.000000000000000000e+01
4.572635889053344727e-01 3.593694865703582764e-01 -2.101055830717086792e-01 -2.140868157148361206e-01 -4.787690734863281250e+01 -9.993396759033203125e+00 -1.981815882027149200e-02 -1.639945060014724731e-02 7.800000000000000000e+01 2.800000000000000000e+01
4.572635889053344727e-01 3.593694865703582764e-01 -2.101055830717086792e-01 -2.140868157148361206e-01 -4.787690734863281250e+01 -9.993396759033203125e+00 -1.981815882027149200e-02 -1.639945060014724731e-02 7.800000000000000000e+01 2.800000000000000000e+01
4.572635889053344727e-01 3.593694865703582764e-01 -2.101055830717086792e-01 -2.140868157148361206e-01 -4.787690734863281250e+01 -9.993396759033203125e+00 -1.981815882027149200e-02 -1.639945060014724731e-02 7.800000000000000000e+01 2.800000000000000000e+01
4.572635889053344727e-01 3.694815635681152344e-01 -1.896120458841323853e-01 -1.919724792242050171e-01 -4.387702560424804688e+01 -5.993513584136962891e+00 -1.816244795918464661e-02 -9.835528209805488586e-03 6.900000000000000000e+01 1.900000000000000000e+01
4.572635889053344727e-01 3.782151639461517334e-01 -1.711526811122894287e-01 -1.728727668523788452e-01 -4.117581176757812500e+01 -3.292301654815673828e+00 -1.704430766403675079e-02 -5.402761511504650116e-03 6.200000000000000000e+01 1.200000000000000000e+01
4.572635889053344727e-01 3.850350975990295410e-01 -1.573443412780761719e-01 -1.579581052064895630e-01 -4.065719604492187500e+01 -2.773686885833740234e+00 -1.682963222265243530e-02 -4.551699850708246231e-03 6.000000000000000000e+01 1.000000000000000000e+01
4.572635889053344727e-01 3.887619376182556152e-01 -1.481068581342697144e-01 -1.498077958822250366e-01 -3.995964050292968750e+01 -2.076129913330078125e+00 -1.654088683426380157e-02 -3.406988922506570816e-03 5.800000000000000000e+01 8.000000000000000000e+00
4.572635889053344727e-01 3.977483808994293213e-01 -1.293039768934249878e-01 -1.301551461219787598e-01 -3.952375793457031250e+01 -1.640249967575073242e+00 -1.636045798659324646e-02 -2.691697329282760620e-03 5.600000000000000000e+01 6.000000000000000000e+00
4.572635889053344727e-01 4.067173004150390625e-01 -1.093018129467964172e-01 -1.105408146977424622e-01 -3.819837951660156250e+01 -3.148685693740844727e-01 -1.581183075904846191e-02 -5.167083581909537315e-04 5.300000000000000000e+01 3.000000000000000000e+00
4.572635889053344727e-01 4.067173004150390625e-01 -1.093018129467964172e-01 -1.105408146977424622e-01 -3.819837951660156250e+01 -3.148685693740844727e-01 -1.581183075904846191e-02 -5.167083581909537315e-04 5.300000000000000000e+01 3.000000000000000000e+00
4.572635889053344727e-01 4.111211597919464111e-01 -9.939149767160415649e-02 -1.009099110960960388e-01 -3.798338317871093750e+01 -9.987115859985351562e-02 -1.572283543646335602e-02 -1.638914400245994329e-04 5.200000000000000000e+01 2.000000000000000000e+00
4.572635889053344727e-01 4.111211597919464111e-01 -9.939149767160415649e-02 -1.009099110960960388e-01 -3.798338317871093750e+01 -9.987115859985351562e-02 -1.572283543646335602e-02 -1.638914400245994329e-04 5.200000000000000000e+01 2.000000000000000000e+00
4.572635889053344727e-01 4.160887897014617920e-01 -8.866897225379943848e-02 -9.004609286785125732e-02 -3.788350677490234375e+01 0.000000000000000000e+00 -1.568149216473102570e-02 0.000000000000000000e+00 5.000000000000000000e+01 0.000000000000000000e+00
4.572635889053344727e-01 4.160887897014617920e-01 -8.866897225379943848e-02 -9.004609286785125732e-02 -3.788350677490234375e+01 0.000000000000000000e+00 -1.568149216473102570e-02 0.000000000000000000e+00 5.000000000000000000e+01 0.000000000000000000e+00
4.572635889053344727e-01 4.160887897014617920e-01 -8.866897225379943848e-02 -9.004609286785125732e-02 -3.788350677490234375e+01 0.000000000000000000e+00 -1.568149216473102570e-02 0.000000000000000000e+00 5.000000000000000000e+01 0.000000000000000000e+00
4.572635889053344727e-01 4.160887897014617920e-01 -8.866897225379943848e-02 -9.004609286785125732e-02 -3.788350677490234375e+01 0.000000000000000000e+00 -1.568149216473102570e-02 0.000000000000000000e+00 5.000000000000000000e+01 0.000000000000000000e+00
4.572635889053344727e-01 4.160887897014617920e-01 -8.866897225379943848e-02 -9.004609286785125732e-02 -3.788350677490234375e+01 0.000000000000000000e+00 -1.568149216473102570e-02 0.000000000000000000e+00 5.000000000000000000e+01 0.000000000000000000e+00
4.572635889053344727e-01 4.160887897014617920e-01 -8.866897225379943848e-02 -9.004609286785125732e-02 -3.788350677490234375e+01 0.000000000000000000e+00 -1.568149216473102570e-02 0.000000000000000000e+00 5.000000000000000000e+01 0.000000000000000000e+00
4.572635889053344727e-01 4.160887897014617920e-01 -8.866897225379943848e-02 -9.004609286785125732e-02 -3.788350677490234375e+01 0.000000000000000000e+00 -1.568149216473102570e-02 0.000000000000000000e+00 5.000000000000000000e+01 0.000000000000000000e+00
4.572635889053344727e-01 4.160887897014617920e-01 -8.866897225379943848e-02 -9.004609286785125732e-02 -3.788350677490234375e+01 0.000000000000000000e+00 -1.568149216473102570e-02 0.000000000000000000e+00 5.000000000000000000e+01 0.000000000000000000e+00
4.572635889053344727e-01 4.160887897014617920e-01 -8.866897225379943848e-02 -9.004609286785125732e-02 -3.788350677490234375e+01 0.000000000000000000e+00 -1.568149216473102570e-02 0.000000000000000000e+00 5.000000000000000000e+01 0.000000000000000000e+00
4.572635889053344727e-01 4.160887897014617920e-01 -8.866897225379943848e-02 -9.004609286785125732e-02 -3.788350677490234375e+01 0.000000000000000000e+00 -1.568149216473102570e-02 0.000000000000000000e+00 5.000000000000000000e+01 0.000000000000000000e+00
4.572635889053344727e-01 4.160887897014617920e-01 -8.866897225379943848e-02 -9.004609286785125732e-02 -3.788350677490234375e+01 0.000000000000000000e+00 -1.568149216473102570e-02 0.000000000000000000e+00 5.000000000000000000e+01 0.000000000000000000e+00
4.572635889053344727e-01 4.160887897014617920e-01 -8.866897225379943848e-02 -9.004609286785125732e-02 -3.788350677490234375e+01 0.000000000000000000e+00 -1.568149216473102570e-02 0.000000000000000000e+00 5.000000000000000000e+01 0.000000000000000000e+00
4.572635889053344727e-01 4.160887897014617920e-01 -8.866897225379943848e-02 -9.004609286785125732e-02 -3.788350677490234375e+01 0.000000000000000000e+00 -1.568149216473102570e-02 0.000000000000000000e+00 5.000000000000000000e+01 0.000000000000000000e+00
4.572635889053344727e-01 4.160887897014617920e-01 -8.866897225379943848e-02 -9.004609286785125732e-02 -3.788350677490234375e+01 0.000000000000000000e+00 -1.568149216473102570e-02 0.000000000000000000e+00 5.000000000000000000e+01 0.000000000000000000e+00
4.572635889053344727e-01 4.160887897014617920e-01 -8.866897225379943848e-02 -9.004609286785125732e-02 -3.788350677490234375e+01 0.000000000000000000e+00 -1.568149216473102570e-02 0.000000000000000000e+00 5.000000000000000000e+01 0.000000000000000000e+00
4.572635889053344727e-01 4.160887897014617920e-01 -8.866897225379943848e-02 -9.004609286785125732e-02 -3.788350677490234375e+01 0.000000000000000000e+00 -1.568149216473102570e-02 0.000000000000000000e+00 5.000000000000000000e+01 0.000000000000000000e+00
4.572635889053344727e-01 4.160887897014617920e-01 -8.866897225379943848e-02 -9.004609286785125732e-02 -3.788350677490234375e+01 0.000000000000000000e+00 -1.568149216473102570e-02 0.000000000000000000e+00 5.000000000000000000e+01 0.000000000000000000e+00
4.572635889053344727e-01 4.160887897014617920e-01 -8.866897225379943848e-02 -9.004609286785125732e-02 -3.788350677490234375e+01 0.000000000000000000e+00 -1.568149216473102570e-02 0.000000000000000000e+00 5.000000000000000000e+01 0.000000000000000000e+00
4.572635889053344727e-01 4.160887897014617920e-01 -8.866897225379943848e-02 -9.004609286785125732e-02 -3.788350677490234375e+01 0.000000000000000000e+00 -1.568149216473102570e-02 0.000000000000000000e+00 5.000000000000000000e+01 0.000000000000000000e+00
4.572635889053344727e-01 4.160887897014617920e-01 -8.866897225379943848e-02 -9.004609286785125732e-02 -3.788350677490234375e+01 0.000000000000000000e+00 -1.568149216473102570e-02 0.000000000000000000e+00 5.000000000000000000e+01 0.000000000000000000e+00
4.572635889053344727e-01 4.160887897014617920e-01 -8.866897225379943848e-02 -9.004609286785125732e-02 -3.788350677490234375e+01 0.000000000000000000e+00 -1.568149216473102570e-02 0.000000000000000000e+00 5.000000000000000000e+01 0.000000000000000000e+00
4.572635889053344727e-01 4.160887897014617920e-01 -8.866897225379943848e-02 -9.004609286785125732e-02 -3.788350677490234375e+01 0.000000000000000000e+00 -1.568149216473102570e-02 0.000000000000000000e+00 5.000000000000000000e+01 0.000000000000000000e+00
4.572635889053344727e-01 4.160887897014617920e-01 -8.866897225379943848e-02 -9.004609286785125732e-02 -3.788350677490234375e+01 0.000000000000000000e+00 -1.568149216473102570e-02 0.000000000000000000e+00 5.000000000000000000e+01 0.000000000000000000e+00
4.572635889053344727e-01 4.160887897014617920e-01 -8.866897225379943848e-02 -9.004609286785125732e-02 -3.788350677490234375e+01 0.000000000000000000e+00 -1.568149216473102570e-02 0.000000000000000000e+00 5.000000000000000000e+01 0.000000000000000000e+00
4.572635889053344727e-01 4.160887897014617920e-01 -8.866897225379943848e-02 -9.004609286785125732e-02 -3.788350677490234375e+01 0.000000000000000000e+00 -1.568149216473102570e-02 0.000000000000000000e+00 5.000000000000000000e+01 0.000000000000000000e+00
4.572635889053344727e-01 4.160887897014617920e-01 -8.866897225379943848e-02 -9.004609286785125732e-02 -3.788350677490234375e+01 0.000000000000000000e+00 -1.568149216473102570e-02 0.000000000000000000e+00 5.000000000000000000e+01 0.000000000000000000e+00
4.572635889053344727e-01 4.160887897014617920e-01 -8.866897225379943848e-02 -9.004609286785125732e-02 -3.788350677490234375e+01 0.000000000000000000e+00 -1.568149216473102570e-02 0.000000000000000000e+00 5.000000000000000000e+01 0.000000000000000000e+00
4.572635889053344727e-01 4.160887897014617920e-01 -8.866897225379943848e-02 -9.004609286785125732e-02 -3.788350677490234375e+01 0.000000000000000000e+00 -1.568149216473102570e-02 0.000000000000000000e+00 5.000000000000000000e+01 0.000000000000000000e+00
4.572635889053344727e-01 4.160887897014617920e-01 -8.866897225379943848e-02 -9.004609286785125732e-02 -3.788350677490234375e+01 0.000000000000000000e+00 -1.568149216473102570e-02 0.000000000000000000e+00 5.000000000000000000e+01 0.000000000000000000e+00
4.572635889053344727e-01 4.160887897014617920e-01 -8.866897225379943848e-02 -9.004609286785125732e-02 -3.788350677490234375e+01 0.000000000000000000e+00 -1.568149216473102570e-02 0.000000000000000000e+00 5.000000000000000000e+01 0.000000000000000000e+00
4.572635889053344727e-01 4.160887897014617920e-01 -8.866897225379943848e-02 -9.004609286785125732e-02 -3.788350677490234375e+01 0.000000000000000000e+00 -1.568149216473102570e-02 0.000000000000000000e+00 5.000000000000000000e+01 0.000000000000000000e+00
4.572635889053344727e-01 4.160887897014617920e-01 -8.866897225379943848e-02 -9.004609286785125732e-02 -3.788350677490234375e+01 0.000000000000000000e+00 -1.568149216473102570e-02 0.000000000000000000e+00 5.000000000000000000e+01 0.000000000000000000e+00
4.572635889053344727e-01 4.160887897014617920e-01 -8.866897225379943848e-02 -9.004609286785125732e-02 -3.788350677490234375e+01 0.000000000000000000e+00 -1.568149216473102570e-02 0.000000000000000000e+00 5.000000000000000000e+01 0.000000000000000000e+00
4.572635889053344727e-01 4.160887897014617920e-01 -8.866897225379943848e-02 -9.004609286785125732e-02 -3.788350677490234375e+01 0.000000000000000000e+00 -1.568149216473102570e-02 0.000000000000000000e+00 5.000000000000000000e+01 0.000000000000000000e+00
4.572635889053344727e-01 4.160887897014617920e-01 -8.866897225379943848e-02 -9.004609286785125732e-02 -3.788350677490234375e+01 0.000000000000000000e+00 -1.568149216473102570e-02 0.000000000000000000e+00 5.000000000000000000e+01 0.000000000000000000e+00
4.572635889053344727e-01 4.160887897014617920e-01 -8.866897225379943848e-02 -9.004609286785125732e-02 -3.788350677490234375e+01 0.000000000000000000e+00 -1.568149216473102570e-02 0.000000000000000000e+00 5.000000000000000000e+01 0.000000000000000000e+00
4.572635889053344727e-01 4.160887897014617920e-01 -8.866897225379943848e-02 -9.004609286785125732e-02 -3.788350677490234375e+01 0.000000000000000000e+00 -1.568149216473102570e-02 0.000000000000000000e+00 5.000000000000000000e+01 0.000000000000000000e+00
4.572635889053344727e-01 4.160887897014617920e-01 -8.866897225379943848e-02 -9.004609286785125732e-02 -3.788350677490234375e+01 0.000000000000000000e+00 -1.568149216473102570e-02 0.000000000000000000e+00 5.000000000000000000e+01 0.000000000000000000e+00
4.572635889053344727e-01 4.160887897014617920e-01 -8.866897225379943848e-02 -9.004609286785125732e-02 -3.788350677490234375e+01 0.000000000000000000e+00 -1.568149216473102570e-02 0.000000000000000000e+00 5.000000000000000000e+01 0.000000000000000000e+00
4.572635889053344727e-01 4.160887897014617920e-01 -8.866897225379943848e-02 -9.004609286785125732e-02 -3.788350677490234375e+01 0.000000000000000000e+00 -1.568149216473102570e-02 0.000000000000000000e+00 5.000000000000000000e+01 0.000000000000000000e+00
4.572635889053344727e-01 4.160887897014617920e-01 -8.866897225379943848e-02 -9.004609286785125732e-02 -3.788350677490234375e+01 0.000000000000000000e+00 -1.568149216473102570e-02 0.000000000000000000e+00 5.000000000000000000e+01 0.000000000000000000e+00
4.572635889053344727e-01 4.160887897014617920e-01 -8.866897225379943848e-02 -9.004609286785125732e-02 -3.788350677490234375e+01 0.000000000000000000e+00 -1.568149216473102570e-02 0.000000000000000000e+00 5.000000000000000000e+01 0.000000000000000000e+00
4.572635889053344727e-01 4.160887897014617920e-01 -8.866897225379943848e-02 -9.004609286785125732e-02 -3.788350677490234375e+01 0.000000000000000000e+00 -1.568149216473102570e-02 0.000000000000000000e+00 5.000000000000000000e+01 0.000000000000000000e+00
4.572635889053344727e-01 4.160887897014617920e-01 -8.866897225379943848e-02 -9.004609286785125732e-02 -3.788350677490234375e+01 0.000000000000000000e+00 -1.568149216473102570e-02 0.000000000000000000e+00 5.000000000000000000e+01 0.000000000000000000e+00
4.572635889053344727e-01 4.160887897014617920e-01 -8.866897225379943848e-02 -9.004609286785125732e-02 -3.788350677490234375e+01 0.000000000000000000e+00 -1.568149216473102570e-02 0.000000000000000000e+00 5.000000000000000000e+01 0.000000000000000000e+00
4.572635889053344727e-01 4.160887897014617920e-01 -8.866897225379943848e-02 -9.004609286785125732e-02 -3.788350677490234375e+01 0.000000000000000000e+00 -1.568149216473102570e-02 0.000000000000000000e+00 5.000000000000000000e+01 0.000000000000000000e+00
4.572635889053344727e-01 4.160887897014617920e-01 -8.866897225379943848e-02 -9.004609286785125732e-02 -3.788350677490234375e+01 0.000000000000000000e+00 -1.568149216473102570e-02 0.000000000000000000e+00 5.000000000000000000e+01 0.000000000000000000e+00
4.572635889053344727e-01 4.160887897014617920e-01 -8.866897225379943848e-02 -9.004609286785125732e-02 -3.788350677490234375e+01 0.000000000000000000e+00 -1.568149216473102570e-02 0.000000000000000000e+00 5.000000000000000000e+01 0.000000000000000000e+00
4.572635889053344727e-01 4.160887897014617920e-01 -8.866897225379943848e-02 -9.004609286785125732e-02 -3.788350677490234375e+01 0.000000000000000000e+00 -1.568149216473102570e-02 0.000000000000000000e+00 5.000000000000000000e+01 0.000000000000000000e+00
4.572635889053344727e-01 4.160887897014617920e-01 -8.866897225379943848e-02 -9.004609286785125732e-02 -3.788350677490234375e+01 0.000000000000000000e+00 -1.568149216473102570e-02 0.000000000000000000e+00 5.000000000000000000e+01 0.000000000000000000e+00
4.572635889053344727e-01 4.160887897014617920e-01 -8.866897225379943848e-02 -9.004609286785125732e-02 -3.788350677490234375e+01 0.000000000000000000e+00 -1.568149216473102570e-02 0.000000000000000000e+00 5.000000000000000000e+01 0.000000000000000000e+00
4.572635889053344727e-01 4.160887897014617920e-01 -8.866897225379943848e-02 -9.004609286785125732e-02 -3.788350677490234375e+01 0.000000000000000000e+00 -1.568149216473102570e-02 0.000000000000000000e+00 5.000000000000000000e+01 0.000000000000000000e+00
4.572635889053344727e-01 4.160887897014617920e-01 -8.866897225379943848e-02 -9.004609286785125732e-02 -3.788350677490234375e+01 0.000000000000000000e+00 -1.568149216473102570e-02 0.000000000000000000e+00 5.000000000000000000e+01 0.000000000000000000e+00
4.572635889053344727e-01 4.160887897014617920e-01 -8.866897225379943848e-02 -9.004609286785125732e-02 -3.788350677490234375e+01 0.000000000000000000e+00 -1.568149216473102570e-02 0.000000000000000000e+00 5.000000000000000000e+01 0.000000000000000000e+00
4.572635889053344727e-01 4.160887897014617920e-01 -8.866897225379943848e-02 -9.004609286785125732e-02 -3.788350677490234375e+01 0.000000000000000000e+00 -1.568149216473102570e-02 0.000000000000000000e+00 5.000000000000000000e+01 0.000000000000000000e+00
4.572635889053344727e-01 4.160887897014617920e-01 -8.866897225379943848e-02 -9.004609286785125732e-02 -3.788350677490234375e+01 0.000000000000000000e+00 -1.568149216473102570e-02 0.000000000000000000e+00 5.000000000000000000e+01 0.000000000000000000e+00
4.572635889053344727e-01 4.160887897014617920e-01 -8.866897225379943848e-02 -9.004609286785125732e-02 -3.788350677490234375e+01 0.000000000000000000e+00 -1.568149216473102570e-02 0.000000000000000000e+00 5.000000000000000000e+01 0.000000000000000000e+00
4.572635889053344727e-01 4.160887897014617920e-01 -8.866897225379943848e-02 -9.004609286785125732e-02 -3.788350677490234375e+01 0.000000000000000000e+00 -1.568149216473102570e-02 0.000000000000000000e+00 5.000000000000000000e+01 0.000000000000000000e+00
4.572635889053344727e-01 4.160887897014617920e-01 -8.866897225379943848e-02 -9.004609286785125732e-02 -3.788350677490234375e+01 0.000000000000000000e+00 -1.568149216473102570e-02 0.000000000000000000e+00 5.000000000000000000e+01 0.000000000000000000e+00
4.572635889053344727e-01 4.160887897014617920e-01 -8.866897225379943848e-02 -9.004609286785125732e-02 -3.788350677490234375e+01 0.000000000000000000e+00 -1.568149216473102570e-02 0.000000000000000000e+00 5.000000000000000000e+01 0.000000000000000000e+00
4.572635889053344727e-01 4.160887897014617920e-01 -8.866897225379943848e-02 -9.004609286785125732e-02 -3.788350677490234375e+01 0.000000000000000000e+00 -1.568149216473102570e-02 0.000000000000000000e+00 5.000000000000000000e+01 0.000000000000000000e+00
4.572635889053344727e-01 4.160887897014617920e-01 -8.866897225379943848e-02 -9.004609286785125732e-02 -3.788350677490234375e+01 0.000000000000000000e+00 -1.568149216473102570e-02 0.000000000000000000e+00 5.000000000000000000e+01 0.000000000000000000e+00
4.572635889053344727e-01 4.160887897014617920e-01 -8.866897225379943848e-02 -9.004609286785125732e-02 -3.788350677490234375e+01 0.000000000000000000e+00 -1.568149216473102570e-02 0.000000000000000000e+00 5.000000000000000000e+01 0.000000000000000000e+00
4.572635889053344727e-01 4.160887897014617920e-01 -8.866897225379943848e-02 -9.004609286785125732e-02 -3.788350677490234375e+01 0.000000000000000000e+00 -1.568149216473102570e-02 0.000000000000000000e+00 5.000000000000000000e+01 0.000000000000000000e+00
4.572635889053344727e-01 4.160887897014617920e-01 -8.866897225379943848e-02 -9.004609286785125732e-02 -3.788350677490234375e+01 0.000000000000000000e+00 -1.568149216473102570e-02 0.000000000000000000e+00 5.000000000000000000e+01 0.000000000000000000e+00
4.572635889053344727e-01 4.160887897014617920e-01 -8.866897225379943848e-02 -9.004609286785125732e-02 -3.788350677490234375e+01 0.000000000000000000e+00 -1.568149216473102570e-02 0.000000000000000000e+00 5.000000000000000000e+01 0.000000000000000000e+00
4.572635889053344727e-01 4.160887897014617920e-01 -8.866897225379943848e-02 -9.004609286785125732e-02 -3.788350677490234375e+01 0.000000000000000000e+00 -1.568149216473102570e-02 0.000000000000000000e+00 5.000000000000000000e+01 0.000000000000000000e+00
4.572635889053344727e-01 4.160887897014617920e-01 -8.866897225379943848e-02 -9.004609286785125732e-02 -3.788350677490234375e+01 0.000000000000000000e+00 -1.568149216473102570e-02 0.000000000000000000e+00 5.000000000000000000e+01 0.000000000000000000e+00
4.572635889053344727e-01 4.160887897014617920e-01 -8.866897225379943848e-02 -9.004609286785125732e-02 -3.788350677490234375e+01 0.000000000000000000e+00 -1.568149216473102570e-02 0.000000000000000000e+00 5.000000000000000000e+01 0.000000000000000000e+00
4.572635889053344727e-01 4.160887897014617920e-01 -8.866897225379943848e-02 -9.004609286785125732e-02 -3.788350677490234375e+01 0.000000000000000000e+00 -1.568149216473102570e-02 0.000000000000000000e+00 5.000000000000000000e+01 0.000000000000000000e+00
4.572635889053344727e-01 4.160887897014617920e-01 -8.866897225379943848e-02 -9.004609286785125732e-02 -3.788350677490234375e+01 0.000000000000000000e+00 -1.568149216473102570e-02 0.000000000000000000e+00 5.000000000000000000e+01 0.000000000000000000e+00
