4.428631961345672607e-01 2.287557870149612427e-01 -4.983064830303192139e-01 -4.834617376327514648e-01 -9.294062042236328125e+01 -7.316931152343750000e+01 -3.847182542085647583e-02 -1.013320237398147583e-01 2.680000000000000000e+02 2.180000000000000000e+02
4.428631961345672607e-01 2.355225831270217896e-01 -4.847423732280731201e-01 -4.681820869445800781e-01 -8.477986145019531250e+01 -6.500855255126953125e+01 -3.509376198053359985e-02 -9.003020823001861572e-02 2.480000000000000000e+02 1.980000000000000000e+02
4.428631961345672607e-01 2.387703210115432739e-01 -4.778026342391967773e-01 -4.608485698699951172e-01 -7.825968170166015625e+01 -5.848836898803710938e+01 -3.239480033516883850e-02 -8.100041747093200684e-02 2.300000000000000000e+02 1.800000000000000000e+02
4.428631961345672607e-01 2.497241944074630737e-01 -4.532832503318786621e-01 -4.361143708229064941e-01 -7.109880065917968750e+01 -5.132749176025390625e+01 -2.943062596023082733e-02 -7.108333706855773926e-02 2.100000000000000000e+02 1.600000000000000000e+02
4.428631961345672607e-01 2.593975067138671875e-01 -4.340834319591522217e-01 -4.142717123031616211e-01 -6.643445587158203125e+01 -4.666314315795898438e+01 -2.749986760318279266e-02 -6.462369114160537720e-02 1.990000000000000000e+02 1.490000000000000000e+02
4.428631961345672607e-01 2.604997456073760986e-01 -4.314015805721282959e-01 -4.117828011512756348e-01 -6.214083862304687500e+01 -4.236952209472656250e+01 -2.572256885468959808e-02 -5.867746099829673767e-02 1.860000000000000000e+02 1.360000000000000000e+02
4.428631961345672607e-01 2.627241909503936768e-01 -4.269694387912750244e-01 -4.067599475383758545e-01 -5.816373062133789062e+01 -3.839241790771484375e+01 -2.407628484070301056e-02 -5.316957831382751465e-02 1.730000000000000000e+02 1.230000000000000000e+02
4.428631961345672607e-01 2.634126543998718262e-01 -4.253804981708526611e-01 -4.052053689956665039e-01 -5.410098266601562500e+01 -3.432966995239257812e+01 -2.239455096423625946e-02 -4.754308611154556274e-02 1.600000000000000000e+02 1.100000000000000000e+02
4.428631961345672607e-01 2.583729624748229980e-01 -4.352532029151916504e-01 -4.165851473808288574e-01 -5.201700592041015625e+01 -3.224568939208984375e+01 -2.153190970420837402e-02 -4.465698823332786560e-02 1.540000000000000000e+02 1.040000000000000000e+02
4.428631961345672607e-01 2.653025984764099121e-01 -4.198695421218872070e-01 -4.009377956390380859e-01 -5.043614959716796875e+01 -3.066484069824218750e+01 -2.087753079831600189e-02 -4.246767237782478333e-02 1.500000000000000000e+02 1.000000000000000000e+02
4.428631961345672607e-01 2.654893696308135986e-01 -4.193890988826751709e-01 -4.005160629749298096e-01 -4.846772766113281250e+01 -2.869641876220703125e+01 -2.006272226572036743e-02 -3.974160924553871155e-02 1.440000000000000000e+02 9.400000000000000000e+01
4.428631961345672607e-01 2.867800891399383545e-01 -3.724207580089569092e-01 -3.524408936500549316e-01 -3.445341491699218750e+01 -1.468210315704345703e+01 -1.426164060831069946e-02 -2.033321373164653778e-02 1.020000000000000000e+02 5.200000000000000000e+01
4.428631961345672607e-01 3.054084777832031250e-01 -3.277722001075744629e-01 -3.103773891925811768e-01 -2.975202941894531250e+01 -9.980718612670898438e+00 -1.231554988771677017e-02 -1.382227614521980286e-02 8.700000000000000000e+01 3.700000000000000000e+01
4.428631961345672607e-01 3.172796666622161865e-01 -2.984687089920043945e-01 -2.835718393325805664e-01 -2.706122970581054688e+01 -7.289917945861816406e+00 -1.120172068476676941e-02 -1.009579189121723175e-02 7.800000000000000000e+01 2.800000000000000000e+01
4.428631961345672607e-01 3.368763625621795654e-01 -2.562327980995178223e-01 -2.393218427896499634e-01 -2.503597259521484375e+01 -5.264661312103271484e+00 -1.036338601261377335e-02 -7.291018497198820114e-03 7.100000000000000000e+01 2.100000000000000000e+01
4.428631961345672607e-01 3.664825260639190674e-01 -1.886831223964691162e-01 -1.724701225757598877e-01 -2.373893165588378906e+01 -3.967618942260742188e+00 -9.826489724218845367e-03 -5.494747310876846313e-03 6.600000000000000000e+01 1.600000000000000000e+01
4.428631961345672607e-01 3.704424202442169189e-01 -1.786812394857406616e-01 -1.635285466909408569e-01 -2.321817779541015625e+01 -3.446865081787109375e+00 -9.610928595066070557e-03 -4.773556254804134369e-03 6.400000000000000000e+01 1.400000000000000000e+01
4.428631961345672607e-01 3.949822187423706055e-01 -1.160584390163421631e-01 -1.081168577075004578e-01 -2.190053939819335938e+01 -2.129225492477416992e+00 -9.065505117177963257e-03 -2.948759822174906731e-03 5.900000000000000000e+01 9.000000000000000000e+00
4.428631961345672607e-01 3.949822187423706055e-01 -1.160584390163421631e-01 -1.081168577075004578e-01 -2.190053939819335938e+01 -2.129225492477416992e+00 -9.065505117177963257e-03 -2.948759822174906731e-03 5.900000000000000000e+01 9.000000000000000000e+00
4.428631961345672607e-01 3.998676240444183350e-01 -1.041992008686065674e-01 -9.708544611930847168e-02 -2.156841278076171875e+01 -1.797099113464355469e+00 -8.928025141358375549e-03 -2.488798694685101509e-03 5.800000000000000000e+01 8.000000000000000000e+00
4.428631961345672607e-01 4.087922275066375732e-01 -8.069768548011779785e-02 -7.693339139223098755e-02 -1.998350143432617188e+01 -2.121896147727966309e-01 -8.271967060863971710e-03 -2.938609395641833544e-04 5.100000000000000000e+01 1.000000000000000000e+00
4.428631961345672607e-01 4.111990630626678467e-01 -7.472234219312667847e-02 -7.149867713451385498e-02 -1.977131271362304688e+01 0.000000000000000000e+00 -8.184134028851985931e-03 0.000000000000000000e+00 5.000000000000000000e+01 0.000000000000000000e+00
4.428631961345672607e-01 4.111990630626678467e-01 -7.472234219312667847e-02 -7.149867713451385498e-02 -1.977131271362304688e+01 0.000000000000000000e+00 -8.184134028851985931e-03 0.000000000000000000e+00 5.000000000000000000e+01 0.000000000000000000e+00
4.428631961345672607e-01 4.111990630626678467e-01 -7.472234219312667847e-02 -7.149867713451385498e-02 -1.977131271362304688e+01 0.000000000000000000e+00 -8.184134028851985931e-03 0.000000000000000000e+00 5.000000000000000000e+01 0.000000000000000000e+00
4.428631961345672607e-01 4.111990630626678467e-01 -7.472234219312667847e-02 -7.149867713451385498e-02 -1.977131271362304688e+01 0.000000000000000000e+00 -8.184134028851985931e-03 0.000000000000000000e+00 5.000000000000000000e+01 0.000000000000000000e+00
4.428631961345672607e-01 4.111990630626678467e-01 -7.472234219312667847e-02 -7.149867713451385498e-02 -1.977131271362304688e+01 0.000000000000000000e+00 -8.184134028851985931e-03 0.000000000000000000e+00 5.000000000000000000e+01 0.000000000000000000e+00
4.428631961345672607e-01 4.111990630626678467e-01 -7.472234219312667847e-02 -7.149867713451385498e-02 -1.977131271362304688e+01 0.000000000000000000e+00 -8.184134028851985931e-03 0.000000000000000000e+00 5.000000000000000000e+01 0.000000000000000000e+00
4.428631961345672607e-01 4.111990630626678467e-01 -7.472234219312667847e-02 -7.149867713451385498e-02 -1.977131271362304688e+01 0.000000000000000000e+00 -8.184134028851985931e-03 0.000000000000000000e+00 5.000000000000000000e+01 0.000000000000000000e+00
4.428631961345672607e-01 4.111990630626678467e-01 -7.472234219312667847e-02 -7.149867713451385498e-02 -1.977131271362304688e+01 0.000000000000000000e+00 -8.184134028851985931e-03 0.000000000000000000e+00 5.000000000000000000e+01 0.000000000000000000e+00
4.428631961345672607e-01 4.111990630626678467e-01 -7.472234219312667847e-02 -7.149867713451385498e-02 -1.977131271362304688e+01 0.000000000000000000e+00 -8.184134028851985931e-03 0.000000000000000000e+00 5.000000000000000000e+01 0.000000000000000000e+00
4.428631961345672607e-01 4.111990630626678467e-01 -7.472234219312667847e-02 -7.149867713451385498e-02 -1.977131271362304688e+01 0.000000000000000000e+00 -8.184134028851985931e-03 0.000000000000000000e+00 5.000000000000000000e+01 0.000000000000000000e+00
4.428631961345672607e-01 4.111990630626678467e-01 -7.472234219312667847e-02 -7.149867713451385498e-02 -1.977131271362304688e+01 0.000000000000000000e+00 -8.184134028851985931e-03 0.000000000000000000e+00 5.000000000000000000e+01 0.000000000000000000e+00
4.428631961345672607e-01 4.111990630626678467e-01 -7.472234219312667847e-02 -7.149867713451385498e-02 -1.977131271362304688e+01 0.000000000000000000e+00 -8.184134028851985931e-03 0.000000000000000000e+00 5.000000000000000000e+01 0.000000000000000000e+00
4.428631961345672607e-01 4.111990630626678467e-01 -7.472234219312667847e-02 -7.149867713451385498e-02 -1.977131271362304688e+01 0.000000000000000000e+00 -8.184134028851985931e-03 0.000000000000000000e+00 5.000000000000000000e+01 0.000000000000000000e+00
4.428631961345672607e-01 4.111990630626678467e-01 -7.472234219312667847e-02 -7.149867713451385498e-02 -1.977131271362304688e+01 0.000000000000000000e+00 -8.184134028851985931e-03 0.000000000000000000e+00 5.000000000000000000e+01 0.000000000000000000e+00
4.428631961345672607e-01 4.111990630626678467e-01 -7.472234219312667847e-02 -7.149867713451385498e-02 -1.977131271362304688e+01 0.000000000000000000e+00 -8.184134028851985931e-03 0.000000000000000000e+00 5.000000000000000000e+01 0.000000000000000000e+00
4.428631961345672607e-01 4.111990630626678467e-01 -7.472234219312667847e-02 -7.149867713451385498e-02 -1.977131271362304688e+01 0.000000000000000000e+00 -8.184134028851985931e-03 0.000000000000000000e+00 5.000000000000000000e+01 0.000000000000000000e+00
4.428631961345672607e-01 4.111990630626678467e-01 -7.472234219312667847e-02 -7.149867713451385498e-02 -1.977131271362304688e+01 0.000000000000000000e+00 -8.184134028851985931e-03 0.000000000000000000e+00 5.000000000000000000e+01 0.000000000000000000e+00
4.428631961345672607e-01 4.111990630626678467e-01 -7.472234219312667847e-02 -7.149867713451385498e-02 -1.977131271362304688e+01 0.000000000000000000e+00 -8.184134028851985931e-03 0.000000000000000000e+00 5.000000000000000000e+01 0.000000000000000000e+00
4.428631961345672607e-01 4.111990630626678467e-01 -7.472234219312667847e-02 -7.149867713451385498e-02 -1.977131271362304688e+01 0.000000000000000000e+00 -8.184134028851985931e-03 0.000000000000000000e+00 5.000000000000000000e+01 0.000000000000000000e+00
4.428631961345672607e-01 4.111990630626678467e-01 -7.472234219312667847e-02 -7.149867713451385498e-02 -1.977131271362304688e+01 0.000000000000000000e+00 -8.184134028851985931e-03 0.000000000000000000e+00 5.000000000000000000e+01 0.000000000000000000e+00
4.428631961345672607e-01 4.111990630626678467e-01 -7.472234219312667847e-02 -7.149867713451385498e-02 -1.977131271362304688e+01 0.000000000000000000e+00 -8.184134028851985931e-03 0.000000000000000000e+00 5.000000000000000000e+01 0.000000000000000000e+00
4.428631961345672607e-01 4.111990630626678467e-01 -7.472234219312667847e-02 -7.149867713451385498e-02 -1.977131271362304688e+01 0.000000000000000000e+00 -8.184134028851985931e-03 0.000000000000000000e+00 5.000000000000000000e+01 0.000000000000000000e+00
4.428631961345672607e-01 4.111990630626678467e-01 -7.472234219312667847e-02 -7.149867713451385498e-02 -1.977131271362304688e+01 0.000000000000000000e+00 -8.184134028851985931e-03 0.000000000000000000e+00 5.000000000000000000e+01 0.000000000000000000e+00
4.428631961345672607e-01 4.111990630626678467e-01 -7.472234219312667847e-02 -7.149867713451385498e-02 -1.977131271362304688e+01 0.000000000000000000e+00 -8.184134028851985931e-03 0.000000000000000000e+00 5.000000000000000000e+01 0.000000000000000000e+00
4.428631961345672607e-01 4.111990630626678467e-01 -7.472234219312667847e-02 -7.149867713451385498e-02 -1.977131271362304688e+01 0.000000000000000000e+00 -8.184134028851985931e-03 0.000000000000000000e+00 5.000000000000000000e+01 0.000000000000000000e+00
4.428631961345672607e-01 4.111990630626678467e-01 -7.472234219312667847e-02 -7.149867713451385498e-02 -1.977131271362304688e+01 0.000000000000000000e+00 -8.184134028851985931e-03 0.000000000000000000e+00 5.000000000000000000e+01 0.000000000000000000e+00
4.428631961345672607e-01 4.111990630626678467e-01 -7.472234219312667847e-02 -7.149867713451385498e-02 -1.977131271362304688e+01 0.000000000000000000e+00 -8.184134028851985931e-03 0.000000000000000000e+00 5.000000000000000000e+01 0.000000000000000000e+00
4.428631961345672607e-01 4.111990630626678467e-01 -7.472234219312667847e-02 -7.149867713451385498e-02 -1.977131271362304688e+01 0.000000000000000000e+00 -8.184134028851985931e-03 0.000000000000000000e+00 5.000000000000000000e+01 0.000000000000000000e+00
4.428631961345672607e-01 4.111990630626678467e-01 -7.472234219312667847e-02 -7.149867713451385498e-02 -1.977131271362304688e+01 0.000000000000000000e+00 -8.184134028851985931e-03 0.000000000000000000e+00 5.000000000000000000e+01 0.000000000000000000e+00
4.428631961345672607e-01 4.111990630626678467e-01 -7.472234219312667847e-02 -7.149867713451385498e-02 -1.977131271362304688e+01 0.000000000000000000e+00 -8.184134028851985931e-03 0.000000000000000000e+00 5.000000000000000000e+01 0.000000000000000000e+00
4.428631961345672607e-01 4.111990630626678467e-01 -7.472234219312667847e-02 -7.149867713451385498e-02 -1.977131271362304688e+01 0.000000000000000000e+00 -8.184134028851985931e-03 0.000000000000000000e+00 5.000000000000000000e+01 0.000000000000000000e+00
4.428631961345672607e-01 4.111990630626678467e-01 -7.472234219312667847e-02 -7.149867713451385498e-02 -1.977131271362304688e+01 0.000000000000000000e+00 -8.184134028851985931e-03 0.000000000000000000e+00 5.000000000000000000e+01 0.000000000000000000e+00
4.428631961345672607e-01 4.111990630626678467e-01 -7.472234219312667847e-02 -7.149867713451385498e-02 -1.977131271362304688e+01 0.000000000000000000e+00 -8.184134028851985931e-03 0.000000000000000000e+00 5.000000000000000000e+01 0.000000000000000000e+00
4.428631961345672607e-01 4.111990630626678467e-01 -7.472234219312667847e-02 -7.149867713451385498e-02 -1.977131271362304688e+01 0.000000000000000000e+00 -8.184134028851985931e-03 0.000000000000000000e+00 5.000000000000000000e+01 0.000000000000000000e+00
4.428631961345672607e-01 4.111990630626678467e-01 -7.472234219312667847e-02 -7.149867713451385498e-02 -1.977131271362304688e+01 0.000000000000000000e+00 -8.184134028851985931e-03 0.000000000000000000e+00 5.000000000000000000e+01 0.000000000000000000e+00
4.428631961345672607e-01 4.111990630626678467e-01 -7.472234219312667847e-02 -7.149867713451385498e-02 -1.977131271362304688e+01 0.000000000000000000e+00 -8.184134028851985931e-03 0.000000000000000000e+00 5.000000000000000000e+01 0.000000000000000000e+00
4.428631961345672607e-01 4.111990630626678467e-01 -7.472234219312667847e-02 -7.149867713451385498e-02 -1.977131271362304688e+01 0.000000000000000000e+00 -8.184134028851985931e-03 0.000000000000000000e+00 5.000000000000000000e+01 0.000000000000000000e+00
4.428631961345672607e-01 4.111990630626678467e-01 -7.472234219312667847e-02 -7.149867713451385498e-02 -1.977131271362304688e+01 0.000000000000000000e+00 -8.184134028851985931e-03 0.000000000000000000e+00 5.000000000000000000e+01 0.000000000000000000e+00
4.428631961345672607e-01 4.111990630626678467e-01 -7.472234219312667847e-02 -7.149867713451385498e-02 -1.977131271362304688e+01 0.000000000000000000e+00 -8.184134028851985931e-03 0.000000000000000000e+00 5.000000000000000000e+01 0.000000000000000000e+00
4.428631961345672607e-01 4.111990630626678467e-01 -7.472234219312667847e-02 -7.149867713451385498e-02 -1.977131271362304688e+01 0.000000000000000000e+00 -8.184134028851985931e-03 0.000000000000000000e+00 5.000000000000000000e+01 0.000000000000000000e+00
4.428631961345672607e-01 4.111990630626678467e-01 -7.472234219312667847e-02 -7.149867713451385498e-02 -1.977131271362304688e+01 0.000000000000000000e+00 -8.184134028851985931e-03 0.000000000000000000e+00 5.000000000000000000e+01 0.000000000000000000e+00
4.428631961345672607e-01 4.111990630626678467e-01 -7.472234219312667847e-02 -7.149867713451385498e-02 -1.977131271362304688e+01 0.000000000000000000e+00 -8.184134028851985931e-03 0.000000000000000000e+00 5.000000000000000000e+01 0.000000000000000000e+00
4.428631961345672607e-01 4.111990630626678467e-01 -7.472234219312667847e-02 -7.149867713451385498e-02 -1.977131271362304688e+01 0.000000000000000000e+00 -8.184134028851985931e-03 0.000000000000000000e+00 5.000000000000000000e+01 0.000000000000000000e+00
4.428631961345672607e-01 4.111990630626678467e-01 -7.472234219312667847e-02 -7.149867713451385498e-02 -1.977131271362304688e+01 0.000000000000000000e+00 -8.184134028851985931e-03 0.000000000000000000e+00 5.000000000000000000e+01 0.000000000000000000e+00
4.428631961345672607e-01 4.111990630626678467e-01 -7.472234219312667847e-02 -7.149867713451385498e-02 -1.977131271362304688e+01 0.000000000000000000e+00 -8.184134028851985931e-03 0.000000000000000000e+00 5.000000000000000000e+01 0.000000000000000000e+00
4.428631961345672607e-01 4.111990630626678467e-01 -7.472234219312667847e-02 -7.149867713451385498e-02 -1.977131271362304688e+01 0.000000000000000000e+00 -8.184134028851985931e-03 0.000000000000000000e+00 5.000000000000000000e+01 0.000000000000000000e+00
4.428631961345672607e-01 4.111990630626678467e-01 -7.472234219312667847e-02 -7.149867713451385498e-02 -1.977131271362304688e+01 0.000000000000000000e+00 -8.184134028851985931e-03 0.000000000000000000e+00 5.000000000000000000e+01 0.000000000000000000e+00
4.428631961345672607e-01 4.111990630626678467e-01 -7.472234219312667847e-02 -7.149867713451385498e-02 -1.977131271362304688e+01 0.000000000000000000e+00 -8.184134028851985931e-03 0.000000000000000000e+00 5.000000000000000000e+01 0.000000000000000000e+00
4.428631961345672607e-01 4.111990630626678467e-01 -7.472234219312667847e-02 -7.149867713451385498e-02 -1.977131271362304688e+01 0.000000000000000000e+00 -8.184134028851985931e-03 0.000000000000000000e+00 5.000000000000000000e+01 0.000000000000000000e+00
4.428631961345672607e-01 4.111990630626678467e-01 -7.472234219312667847e-02 -7.149867713451385498e-02 -1.977131271362304688e+01 0.000000000000000000e+00 -8.184134028851985931e-03 0.000000000000000000e+00 5.000000000000000000e+01 0.000000000000000000e+00
4.428631961345672607e-01 4.111990630626678467e-01 -7.472234219312667847e-02 -7.149867713451385498e-02 -1.977131271362304688e+01 0.000000000000000000e+00 -8.184134028851985931e-03 0.000000000000000000e+00 5.000000000000000000e+01 0.000000000000000000e+00
4.428631961345672607e-01 4.111990630626678467e-01 -7.472234219312667847e-02 -7.149867713451385498e-02 -1.977131271362304688e+01 0.000000000000000000e+00 -8.184134028851985931e-03 0.000000000000000000e+00 5.000000000000000000e+01 0.000000000000000000e+00
4.428631961345672607e-01 4.111990630626678467e-01 -7.472234219312667847e-02 -7.149867713451385498e-02 -1.977131271362304688e+01 0.000000000000000000e+00 -8.184134028851985931e-03 0.000000000000000000e+00 5.000000000000000000e+01 0.000000000000000000e+00
4.428631961345672607e-01 4.111990630626678467e-01 -7.472234219312667847e-02 -7.149867713451385498e-02 -1.977131271362304688e+01 0.000000000000000000e+00 -8.184134028851985931e-03 0.000000000000000000e+00 5.000000000000000000e+01 0.000000000000000000e+00
4.428631961345672607e-01 4.111990630626678467e-01 -7.472234219312667847e-02 -7.149867713451385498e-02 -1.977131271362304688e+01 0.000000000000000000e+00 -8.184134028851985931e-03 0.000000000000000000e+00 5.000000000000000000e+01 0.000000000000000000e+00
4.428631961345672607e-01 4.111990630626678467e-01 -7.472234219312667847e-02 -7.149867713451385498e-02 -1.977131271362304688e+01 0.000000000000000000e+00 -8.184134028851985931e-03 0.000000000000000000e+00 5.000000000000000000e+01 0.000000000000000000e+00
4.428631961345672607e-01 4.111990630626678467e-01 -7.472234219312667847e-02 -7.149867713451385498e-02 -1.977131271362304688e+01 0.000000000000000000e+00 -8.184134028851985931e-03 0.000000000000000000e+00 5.000000000000000000e+01 0.000000000000000000e+00
4.428631961345672607e-01 4.111990630626678467e-01 -7.472234219312667847e-02 -7.149867713451385498e-02 -1.977131271362304688e+01 0.000000000000000000e+00 -8.184134028851985931e-03 0.000000000000000000e+00 5.000000000000000000e+01 0.000000000000000000e+00
4.428631961345672607e-01 4.111990630626678467e-01 -7.472234219312667847e-02 -7.149867713451385498e-02 -1.977131271362304688e+01 0.000000000000000000e+00 -8.184134028851985931e-03 0.000000000000000000e+00 5.000000000000000000e+01 0.000000000000000000e+00
4.428631961345672607e-01 4.111990630626678467e-01 -7.472234219312667847e-02 -7.149867713451385498e-02 -1.977131271362304688e+01 0.000000000000000000e+00 -8.184134028851985931e-03 0.000000000000000000e+00 5.000000000000000000e+01 0.000000000000000000e+00
4.428631961345672607e-01 4.111990630626678467e-01 -7.472234219312667847e-02 -7.149867713451385498e-02 -1.977131271362304688e+01 0.000000000000000000e+00 -8.184134028851985931e-03 0.000000000000000000e+00 5.000000000000000000e+01 0.000000000000000000e+00
4.428631961345672607e-01 4.111990630626678467e-01 -7.472234219312667847e-02 -7.149867713451385498e-02 -1.977131271362304688e+01 0.000000000000000000e+00 -8.184134028851985931e-03 0.000000000000000000e+00 5.000000000000000000e+01 0.000000000000000000e+00
4.428631961345672607e-01 4.111990630626678467e-01 -7.472234219312667847e-02 -7.149867713451385498e-02 -1.977131271362304688e+01 0.000000000000000000e+00 -8.184134028851985931e-03 0.000000000000000000e+00 5.000000000000000000e+01 0.000000000000000000e+00
4.428631961345672607e-01 4.111990630626678467e-01 -7.472234219312667847e-02 -7.149867713451385498e-02 -1.977131271362304688e+01 0.000000000000000000e+00 -8.184134028851985931e-03 0.000000000000000000e+00 5.000000000000000000e+01 0.000000000000000000e+00
4.428631961345672607e-01 4.111990630626678467e-01 -7.472234219312667847e-02 -7.149867713451385498e-02 -1.977131271362304688e+01 0.000000000000000000e+00 -8.184134028851985931e-03 0.000000000000000000e+00 5.000000000000000000e+01 0.000000000000000000e+00
4.428631961345672607e-01 4.111990630626678467e-01 -7.472234219312667847e-02 -7.149867713451385498e-02 -1.977131271362304688e+01 0.000000000000000000e+00 -8.184134028851985931e-03 0.000000000000000000e+00 5.000000000000000000e+01 0.000000000000000000e+00
4.428631961345672607e-01 4.111990630626678467e-01 -7.472234219312667847e-02 -7.149867713451385498e-02 -1.977131271362304688e+01 0.000000000000000000e+00 -8.184134028851985931e-03 0.000000000000000000e+00 5.000000000000000000e+01 0.000000000000000000e+00
4.428631961345672607e-01 4.111990630626678467e-01 -7.472234219312667847e-02 -7.149867713451385498e-02 -1.977131271362304688e+01 0.000000000000000000e+00 -8.184134028851985931e-03 0.000000000000000000e+00 5.000000000000000000e+01 0.000000000000000000e+00
4.428631961345672607e-01 4.111990630626678467e-01 -7.472234219312667847e-02 -7.149867713451385498e-02 -1.977131271362304688e+01 0.000000000000000000e+00 -8.184134028851985931e-03 0.000000000000000000e+00 5.000000000000000000e+01 0.000000000000000000e+00
4.428631961345672607e-01 4.111990630626678467e-01 -7.472234219312667847e-02 -7.149867713451385498e-02 -1.977131271362304688e+01 0.000000000000000000e+00 -8.184134028851985931e-03 0.000000000000000000e+00 5.000000000000000000e+01 0.000000000000000000e+00
