4.200528264045715332e-01 1.859417706727981567e-01 -5.494760274887084961e-01 -5.573371648788452148e-01 -7.289048767089843750e+01 -4.172608947753906250e+01 -3.017227537930011749e-02 -3.977736830711364746e-02 1.910000000000000000e+02 1.410000000000000000e+02
4.200528264045715332e-01 1.943095773458480835e-01 -5.279552936553955078e-01 -5.374163389205932617e-01 -6.647279357910156250e+01 -3.530839920043945312e+01 -2.751573733985424042e-02 -3.365940228104591370e-02 1.730000000000000000e+02 1.230000000000000000e+02
4.200528264045715332e-01 1.973240822553634644e-01 -5.204057693481445312e-01 -5.302398204803466797e-01 -6.112363433837890625e+01 -2.995924568176269531e+01 -2.530150674283504486e-02 -2.856006659567356110e-02 1.590000000000000000e+02 1.090000000000000000e+02
4.200528264045715332e-01 1.976523101329803467e-01 -5.195991992950439453e-01 -5.294584631919860840e-01 -5.851498413085937500e+01 -2.735059165954589844e+01 -2.422168292105197906e-02 -2.607324533164501190e-02 1.520000000000000000e+02 1.020000000000000000e+02
4.200528264045715332e-01 1.985087543725967407e-01 -5.175986886024475098e-01 -5.274195671081542969e-01 -5.670860290527343750e+01 -2.554421043395996094e+01 -2.347395010292530060e-02 -2.435122616589069366e-02 1.470000000000000000e+02 9.700000000000000000e+01
4.200528264045715332e-01 1.992450654506683350e-01 -5.158776640892028809e-01 -5.256666541099548340e-01 -5.526751708984375000e+01 -2.410312652587890625e+01 -2.287742681801319122e-02 -2.297744527459144592e-02 1.430000000000000000e+02 9.300000000000000000e+01
4.200528264045715332e-01 2.005897164344787598e-01 -5.122830271720886230e-01 -5.224655270576477051e-01 -5.518004608154296875e+01 -2.401565742492675781e+01 -2.284121885895729065e-02 -2.289406023919582367e-02 1.420000000000000000e+02 9.200000000000000000e+01
4.200528264045715332e-01 2.042681127786636353e-01 -5.033542513847351074e-01 -5.137085318565368652e-01 -5.290593719482421875e+01 -2.174154663085937500e+01 -2.189987525343894958e-02 -2.072615735232830048e-02 1.340000000000000000e+02 8.400000000000000000e+01
4.200528264045715332e-01 2.067903727293014526e-01 -4.971643984317779541e-01 -5.077039003372192383e-01 -5.111619949340820312e+01 -1.995180892944335938e+01 -2.115903049707412720e-02 -1.902000606060028076e-02 1.280000000000000000e+02 7.800000000000000000e+01
4.200528264045715332e-01 2.068427652120590210e-01 -4.970364272594451904e-01 -5.075791478157043457e-01 -5.087413024902343750e+01 -1.970974159240722656e+01 -2.105882950127124786e-02 -1.878924295306205750e-02 1.270000000000000000e+02 7.700000000000000000e+01
4.200528264045715332e-01 2.063933759927749634e-01 -4.981067180633544922e-01 -5.086489915847778320e-01 -5.010785675048828125e+01 -1.894347000122070312e+01 -2.074163779616355896e-02 -1.805875822901725769e-02 1.240000000000000000e+02 7.400000000000000000e+01
4.200528264045715332e-01 2.299137115478515625e-01 -4.425599575042724609e-01 -4.526552557945251465e-01 -4.465322875976562500e+01 -1.348883533477783203e+01 -1.848375052213668823e-02 -1.285887043923139572e-02 1.090000000000000000e+02 5.900000000000000000e+01
4.200528264045715332e-01 2.391094118356704712e-01 -4.212144315242767334e-01 -4.307634830474853516e-01 -4.195397949218750000e+01 -1.078958988189697266e+01 -1.736642234027385712e-02 -1.028568670153617859e-02 9.700000000000000000e+01 4.700000000000000000e+01
4.200528264045715332e-01 2.542728483676910400e-01 -3.856214880943298340e-01 -3.946645855903625488e-01 -4.048767471313476562e+01 -9.323282241821289062e+00 -1.675946079194545746e-02 -8.887859992682933807e-03 9.200000000000000000e+01 4.200000000000000000e+01
4.200528264045715332e-01 2.652297019958496094e-01 -3.615429103374481201e-01 -3.685801327228546143e-01 -3.801142120361328125e+01 -6.847029685974121094e+00 -1.573444157838821411e-02 -6.527254823595285416e-03 8.200000000000000000e+01 3.200000000000000000e+01
4.200528264045715332e-01 2.683485448360443115e-01 -3.542561531066894531e-01 -3.611552417278289795e-01 -3.670148468017578125e+01 -5.537094116210937500e+00 -1.519220601767301559e-02 -5.278496537357568741e-03 7.500000000000000000e+01 2.500000000000000000e+01
4.200528264045715332e-01 2.705626487731933594e-01 -3.492922782897949219e-01 -3.558842241764068604e-01 -3.659484863281250000e+01 -5.430455207824707031e+00 -1.514806505292654037e-02 -5.176838021725416183e-03 7.400000000000000000e+01 2.400000000000000000e+01
4.200528264045715332e-01 2.824003696441650391e-01 -3.208427727222442627e-01 -3.277027308940887451e-01 -3.567713165283203125e+01 -4.512739658355712891e+00 -1.476818602532148361e-02 -4.301982466131448746e-03 7.100000000000000000e+01 2.100000000000000000e+01
4.200528264045715332e-01 2.993330061435699463e-01 -2.825897634029388428e-01 -2.873919904232025146e-01 -3.487891769409179688e+01 -3.714527845382690430e+00 -1.443777326494455338e-02 -3.541049314662814140e-03 6.800000000000000000e+01 1.800000000000000000e+01
4.200528264045715332e-01 3.016857504844665527e-01 -2.769263386726379395e-01 -2.817909419536590576e-01 -3.457770156860351562e+01 -3.413308858871459961e+00 -1.431308779865503311e-02 -3.253898117691278458e-03 6.600000000000000000e+01 1.600000000000000000e+01
4.200528264045715332e-01 3.148602247238159180e-01 -2.488506287336349487e-01 -2.504270672798156738e-01 -3.239534378051757812e+01 -1.230952143669128418e+00 -1.340972259640693665e-02 -1.173463300801813602e-03 5.700000000000000000e+01 7.000000000000000000e+00
4.200528264045715332e-01 3.309962451457977295e-01 -2.087624371051788330e-01 -2.120128124952316284e-01 -3.170302581787109375e+01 -5.386350750923156738e-01 -1.312314532697200775e-02 -5.134793464094400406e-04 5.300000000000000000e+01 3.000000000000000000e+00
4.200528264045715332e-01 3.372046351432800293e-01 -1.942286044359207153e-01 -1.972327977418899536e-01 -3.145934677124023438e+01 -2.949572801589965820e-01 -1.302227657288312912e-02 -2.811819722410291433e-04 5.200000000000000000e+01 2.000000000000000000e+00
4.200528264045715332e-01 3.369130492210388184e-01 -1.948954015970230103e-01 -1.979269534349441528e-01 -3.132526016235351562e+01 -1.608698368072509766e-01 -1.296677254140377045e-02 -1.533567847218364477e-04 5.100000000000000000e+01 1.000000000000000000e+00
4.200528264045715332e-01 3.369130492210388184e-01 -1.948954015970230103e-01 -1.979269534349441528e-01 -3.132526016235351562e+01 -1.608698368072509766e-01 -1.296677254140377045e-02 -1.533567847218364477e-04 5.100000000000000000e+01 1.000000000000000000e+00
4.200528264045715332e-01 3.369130492210388184e-01 -1.948954015970230103e-01 -1.979269534349441528e-01 -3.132526016235351562e+01 -1.608698368072509766e-01 -1.296677254140377045e-02 -1.533567847218364477e-04 5.100000000000000000e+01 1.000000000000000000e+00
4.200528264045715332e-01 3.369130492210388184e-01 -1.948954015970230103e-01 -1.979269534349441528e-01 -3.132526016235351562e+01 -1.608698368072509766e-01 -1.296677254140377045e-02 -1.533567847218364477e-04 5.100000000000000000e+01 1.000000000000000000e+00
4.200528264045715332e-01 3.369130492210388184e-01 -1.948954015970230103e-01 -1.979269534349441528e-01 -3.132526016235351562e+01 -1.608698368072509766e-01 -1.296677254140377045e-02 -1.533567847218364477e-04 5.100000000000000000e+01 1.000000000000000000e+00
4.200528264045715332e-01 3.361697196960449219e-01 -1.964735239744186401e-01 -1.996965706348419189e-01 -3.116439056396484375e+01 0.000000000000000000e+00 -1.290018204599618912e-02 0.000000000000000000e+00 5.000000000000000000e+01 0.000000000000000000e+00
4.200528264045715332e-01 3.361697196960449219e-01 -1.964735239744186401e-01 -1.996965706348419189e-01 -3.116439056396484375e+01 0.000000000000000000e+00 -1.290018204599618912e-02 0.000000000000000000e+00 5.000000000000000000e+01 0.000000000000000000e+00
4.200528264045715332e-01 3.361697196960449219e-01 -1.964735239744186401e-01 -1.996965706348419189e-01 -3.116439056396484375e+01 0.000000000000000000e+00 -1.290018204599618912e-02 0.000000000000000000e+00 5.000000000000000000e+01 0.000000000000000000e+00
4.200528264045715332e-01 3.361697196960449219e-01 -1.964735239744186401e-01 -1.996965706348419189e-01 -3.116439056396484375e+01 0.000000000000000000e+00 -1.290018204599618912e-02 0.000000000000000000e+00 5.000000000000000000e+01 0.000000000000000000e+00
4.200528264045715332e-01 3.361697196960449219e-01 -1.964735239744186401e-01 -1.996965706348419189e-01 -3.116439056396484375e+01 0.000000000000000000e+00 -1.290018204599618912e-02 0.000000000000000000e+00 5.000000000000000000e+01 0.000000000000000000e+00
4.200528264045715332e-01 3.361697196960449219e-01 -1.964735239744186401e-01 -1.996965706348419189e-01 -3.116439056396484375e+01 0.000000000000000000e+00 -1.290018204599618912e-02 0.000000000000000000e+00 5.000000000000000000e+01 0.000000000000000000e+00
4.200528264045715332e-01 3.361697196960449219e-01 -1.964735239744186401e-01 -1.996965706348419189e-01 -3.116439056396484375e+01 0.000000000000000000e+00 -1.290018204599618912e-02 0.000000000000000000e+00 5.000000000000000000e+01 0.000000000000000000e+00
4.200528264045715332e-01 3.361697196960449219e-01 -1.964735239744186401e-01 -1.996965706348419189e-01 -3.116439056396484375e+01 0.000000000000000000e+00 -1.290018204599618912e-02 0.000000000000000000e+00 5.000000000000000000e+01 0.000000000000000000e+00
4.200528264045715332e-01 3.361697196960449219e-01 -1.964735239744186401e-01 -1.996965706348419189e-01 -3.116439056396484375e+01 0.000000000000000000e+00 -1.290018204599618912e-02 0.000000000000000000e+00 5.000000000000000000e+01 0.000000000000000000e+00
4.200528264045715332e-01 3.361697196960449219e-01 -1.964735239744186401e-01 -1.996965706348419189e-01 -3.116439056396484375e+01 0.000000000000000000e+00 -1.290018204599618912e-02 0.000000000000000000e+00 5.000000000000000000e+01 0.000000000000000000e+00
4.200528264045715332e-01 3.361697196960449219e-01 -1.964735239744186401e-01 -1.996965706348419189e-01 -3.116439056396484375e+01 0.000000000000000000e+00 -1.290018204599618912e-02 0.000000000000000000e+00 5.000000000000000000e+01 0.000000000000000000e+00
4.200528264045715332e-01 3.361697196960449219e-01 -1.964735239744186401e-01 -1.996965706348419189e-01 -3.116439056396484375e+01 0.000000000000000000e+00 -1.290018204599618912e-02 0.000000000000000000e+00 5.000000000000000000e+01 0.000000000000000000e+00
4.200528264045715332e-01 3.361697196960449219e-01 -1.964735239744186401e-01 -1.996965706348419189e-01 -3.116439056396484375e+01 0.000000000000000000e+00 -1.290018204599618912e-02 0.000000000000000000e+00 5.000000000000000000e+01 0.000000000000000000e+00
4.200528264045715332e-01 3.361697196960449219e-01 -1.964735239744186401e-01 -1.996965706348419189e-01 -3.116439056396484375e+01 0.000000000000000000e+00 -1.290018204599618912e-02 0.000000000000000000e+00 5.000000000000000000e+01 0.000000000000000000e+00
4.200528264045715332e-01 3.361697196960449219e-01 -1.964735239744186401e-01 -1.996965706348419189e-01 -3.116439056396484375e+01 0.000000000000000000e+00 -1.290018204599618912e-02 0.000000000000000000e+00 5.000000000000000000e+01 0.000000000000000000e+00
4.200528264045715332e-01 3.361697196960449219e-01 -1.964735239744186401e-01 -1.996965706348419189e-01 -3.116439056396484375e+01 0.000000000000000000e+00 -1.290018204599618912e-02 0.000000000000000000e+00 5.000000000000000000e+01 0.000000000000000000e+00
4.200528264045715332e-01 3.361697196960449219e-01 -1.964735239744186401e-01 -1.996965706348419189e-01 -3.116439056396484375e+01 0.000000000000000000e+00 -1.290018204599618912e-02 0.000000000000000000e+00 5.000000000000000000e+01 0.000000000000000000e+00
4.200528264045715332e-01 3.361697196960449219e-01 -1.964735239744186401e-01 -1.996965706348419189e-01 -3.116439056396484375e+01 0.000000000000000000e+00 -1.290018204599618912e-02 0.000000000000000000e+00 5.000000000000000000e+01 0.000000000000000000e+00
4.200528264045715332e-01 3.361697196960449219e-01 -1.964735239744186401e-01 -1.996965706348419189e-01 -3.116439056396484375e+01 0.000000000000000000e+00 -1.290018204599618912e-02 0.000000000000000000e+00 5.000000000000000000e+01 0.000000000000000000e+00
4.200528264045715332e-01 3.361697196960449219e-01 -1.964735239744186401e-01 -1.996965706348419189e-01 -3.116439056396484375e+01 0.000000000000000000e+00 -1.290018204599618912e-02 0.000000000000000000e+00 5.000000000000000000e+01 0.000000000000000000e+00
4.200528264045715332e-01 3.361697196960449219e-01 -1.964735239744186401e-01 -1.996965706348419189e-01 -3.116439056396484375e+01 0.000000000000000000e+00 -1.290018204599618912e-02 0.000000000000000000e+00 5.000000000000000000e+01 0.000000000000000000e+00
4.200528264045715332e-01 3.361697196960449219e-01 -1.964735239744186401e-01 -1.996965706348419189e-01 -3.116439056396484375e+01 0.000000000000000000e+00 -1.290018204599618912e-02 0.000000000000000000e+00 5.000000000000000000e+01 0.000000000000000000e+00
4.200528264045715332e-01 3.361697196960449219e-01 -1.964735239744186401e-01 -1.996965706348419189e-01 -3.116439056396484375e+01 0.000000000000000000e+00 -1.290018204599618912e-02 0.000000000000000000e+00 5.000000000000000000e+01 0.000000000000000000e+00
4.200528264045715332e-01 3.361697196960449219e-01 -1.964735239744186401e-01 -1.996965706348419189e-01 -3.116439056396484375e+01 0.000000000000000000e+00 -1.290018204599618912e-02 0.000000000000000000e+00 5.000000000000000000e+01 0.000000000000000000e+00
4.200528264045715332e-01 3.361697196960449219e-01 -1.964735239744186401e-01 -1.996965706348419189e-01 -3.116439056396484375e+01 0.000000000000000000e+00 -1.290018204599618912e-02 0.000000000000000000e+00 5.000000000000000000e+01 0.000000000000000000e+00
4.200528264045715332e-01 3.361697196960449219e-01 -1.964735239744186401e-01 -1.996965706348419189e-01 -3.116439056396484375e+01 0.000000000000000000e+00 -1.290018204599618912e-02 0.000000000000000000e+00 5.000000000000000000e+01 0.000000000000000000e+00
4.200528264045715332e-01 3.361697196960449219e-01 -1.964735239744186401e-01 -1.996965706348419189e-01 -3.116439056396484375e+01 0.000000000000000000e+00 -1.290018204599618912e-02 0.000000000000000000e+00 5.000000000000000000e+01 0.000000000000000000e+00
4.200528264045715332e-01 3.361697196960449219e-01 -1.964735239744186401e-01 -1.996965706348419189e-01 -3.116439056396484375e+01 0.000000000000000000e+00 -1.290018204599618912e-02 0.000000000000000000e+00 5.000000000000000000e+01 0.000000000000000000e+00
4.200528264045715332e-01 3.361697196960449219e-01 -1.964735239744186401e-01 -1.996965706348419189e-01 -3.116439056396484375e+01 0.000000000000000000e+00 -1.290018204599618912e-02 0.000000000000000000e+00 5.000000000000000000e+01 0.000000000000000000e+00
4.200528264045715332e-01 3.361697196960449219e-01 -1.964735239744186401e-01 -1.996965706348419189e-01 -3.116439056396484375e+01 0.000000000000000000e+00 -1.290018204599618912e-02 0.000000000000000000e+00 5.000000000000000000e+01 0.000000000000000000e+00
4.200528264045715332e-01 3.361697196960449219e-01 -1.964735239744186401e-01 -1.996965706348419189e-01 -3.116439056396484375e+01 0.000000000000000000e+00 -1.290018204599618912e-02 0.000000000000000000e+00 5.000000000000000000e+01 0.000000000000000000e+00
4.200528264045715332e-01 3.361697196960449219e-01 -1.964735239744186401e-01 -1.996965706348419189e-01 -3.116439056396484375e+01 0.000000000000000000e+00 -1.290018204599618912e-02 0.000000000000000000e+00 5.000000000000000000e+01 0.000000000000000000e+00
4.200528264045715332e-01 3.361697196960449219e-01 -1.964735239744186401e-01 -1.996965706348419189e-01 -3.116439056396484375e+01 0.000000000000000000e+00 -1.290018204599618912e-02 0.000000000000000000e+00 5.000000000000000000e+01 0.000000000000000000e+00
4.200528264045715332e-01 3.361697196960449219e-01 -1.964735239744186401e-01 -1.996965706348419189e-01 -3.116439056396484375e+01 0.000000000000000000e+00 -1.290018204599618912e-02 0.000000000000000000e+00 5.000000000000000000e+01 0.000000000000000000e+00
4.200528264045715332e-01 3.361697196960449219e-01 -1.964735239744186401e-01 -1.996965706348419189e-01 -3.116439056396484375e+01 0.000000000000000000e+00 -1.290018204599618912e-02 0.000000000000000000e+00 5.000000000000000000e+01 0.000000000000000000e+00
4.200528264045715332e-01 3.361697196960449219e-01 -1.964735239744186401e-01 -1.996965706348419189e-01 -3.116439056396484375e+01 0.000000000000000000e+00 -1.290018204599618912e-02 0.000000000000000000e+00 5.000000000000000000e+01 0.000000000000000000e+00
4.200528264045715332e-01 3.361697196960449219e-01 -1.964735239744186401e-01 -1.996965706348419189e-01 -3.116439056396484375e+01 0.000000000000000000e+00 -1.290018204599618912e-02 0.000000000000000000e+00 5.000000000000000000e+01 0.000000000000000000e+00
4.200528264045715332e-01 3.361697196960449219e-01 -1.964735239744186401e-01 -1.996965706348419189e-01 -3.116439056396484375e+01 0.000000000000000000e+00 -1.290018204599618912e-02 0.000000000000000000e+00 5.000000000000000000e+01 0.000000000000000000e+00
4.200528264045715332e-01 3.361697196960449219e-01 -1.964735239744186401e-01 -1.996965706348419189e-01 -3.116439056396484375e+01 0.000000000000000000e+00 -1.290018204599618912e-02 0.000000000000000000e+00 5.000000000000000000e+01 0.000000000000000000e+00
4.200528264045715332e-01 3.361697196960449219e-01 -1.964735239744186401e-01 -1.996965706348419189e-01 -3.116439056396484375e+01 0.000000000000000000e+00 -1.290018204599618912e-02 0.000000000000000000e+00 5.000000000000000000e+01 0.000000000000000000e+00
4.200528264045715332e-01 3.361697196960449219e-01 -1.964735239744186401e-01 -1.996965706348419189e-01 -3.116439056396484375e+01 0.000000000000000000e+00 -1.290018204599618912e-02 0.000000000000000000e+00 5.000000000000000000e+01 0.000000000000000000e+00
4.200528264045715332e-01 3.361697196960449219e-01 -1.964735239744186401e-01 -1.996965706348419189e-01 -3.116439056396484375e+01 0.000000000000000000e+00 -1.290018204599618912e-02 0.000000000000000000e+00 5.000000000000000000e+01 0.000000000000000000e+00
4.200528264045715332e-01 3.361697196960449219e-01 -1.964735239744186401e-01 -1.996965706348419189e-01 -3.116439056396484375e+01 0.000000000000000000e+00 -1.290018204599618912e-02 0.000000000000000000e+00 5.000000000000000000e+01 0.000000000000000000e+00
4.200528264045715332e-01 3.361697196960449219e-01 -1.964735239744186401e-01 -1.996965706348419189e-01 -3.116439056396484375e+01 0.000000000000000000e+00 -1.290018204599618912e-02 0.000000000000000000e+00 5.000000000000000000e+01 0.000000000000000000e+00
4.200528264045715332e-01 3.361697196960449219e-01 -1.964735239744186401e-01 -1.996965706348419189e-01 -3.116439056396484375e+01 0.000000000000000000e+00 -1.290018204599618912e-02 0.000000000000000000e+00 5.000000000000000000e+01 0.000000000000000000e+00
4.200528264045715332e-01 3.361697196960449219e-01 -1.964735239744186401e-01 -1.996965706348419189e-01 -3.116439056396484375e+01 0.000000000000000000e+00 -1.290018204599618912e-02 0.000000000000000000e+00 5.000000000000000000e+01 0.000000000000000000e+00
4.200528264045715332e-01 3.361697196960449219e-01 -1.964735239744186401e-01 -1.996965706348419189e-01 -3.116439056396484375e+01 0.000000000000000000e+00 -1.290018204599618912e-02 0.000000000000000000e+00 5.000000000000000000e+01 0.000000000000000000e+00
4.200528264045715332e-01 3.361697196960449219e-01 -1.964735239744186401e-01 -1.996965706348419189e-01 -3.116439056396484375e+01 0.000000000000000000e+00 -1.290018204599618912e-02 0.000000000000000000e+00 5.000000000000000000e+01 0.000000000000000000e+00
4.200528264045715332e-01 3.361697196960449219e-01 -1.964735239744186401e-01 -1.996965706348419189e-01 -3.116439056396484375e+01 0.000000000000000000e+00 -1.290018204599618912e-02 0.000000000000000000e+00 5.000000000000000000e+01 0.000000000000000000e+00
4.200528264045715332e-01 3.361697196960449219e-01 -1.964735239744186401e-01 -1.996965706348419189e-01 -3.116439056396484375e+01 0.000000000000000000e+00 -1.290018204599618912e-02 0.000000000000000000e+00 5.000000000000000000e+01 0.000000000000000000e+00
4.200528264045715332e-01 3.361697196960449219e-01 -1.964735239744186401e-01 -1.996965706348419189e-01 -3.116439056396484375e+01 0.000000000000000000e+00 -1.290018204599618912e-02 0.000000000000000000e+00 5.000000000000000000e+01 0.000000000000000000e+00
4.200528264045715332e-01 3.361697196960449219e-01 -1.964735239744186401e-01 -1.996965706348419189e-01 -3.116439056396484375e+01 0.000000000000000000e+00 -1.290018204599618912e-02 0.000000000000000000e+00 5.000000000000000000e+01 0.000000000000000000e+00
4.200528264045715332e-01 3.361697196960449219e-01 -1.964735239744186401e-01 -1.996965706348419189e-01 -3.116439056396484375e+01 0.000000000000000000e+00 -1.290018204599618912e-02 0.000000000000000000e+00 5.000000000000000000e+01 0.000000000000000000e+00
4.200528264045715332e-01 3.361697196960449219e-01 -1.964735239744186401e-01 -1.996965706348419189e-01 -3.116439056396484375e+01 0.000000000000000000e+00 -1.290018204599618912e-02 0.000000000000000000e+00 5.000000000000000000e+01 0.000000000000000000e+00
4.200528264045715332e-01 3.361697196960449219e-01 -1.964735239744186401e-01 -1.996965706348419189e-01 -3.116439056396484375e+01 0.000000000000000000e+00 -1.290018204599618912e-02 0.000000000000000000e+00 5.000000000000000000e+01 0.000000000000000000e+00
4.200528264045715332e-01 3.361697196960449219e-01 -1.964735239744186401e-01 -1.996965706348419189e-01 -3.116439056396484375e+01 0.000000000000000000e+00 -1.290018204599618912e-02 0.000000000000000000e+00 5.000000000000000000e+01 0.000000000000000000e+00
4.200528264045715332e-01 3.361697196960449219e-01 -1.964735239744186401e-01 -1.996965706348419189e-01 -3.116439056396484375e+01 0.000000000000000000e+00 -1.290018204599618912e-02 0.000000000000000000e+00 5.000000000000000000e+01 0.000000000000000000e+00
4.200528264045715332e-01 3.361697196960449219e-01 -1.964735239744186401e-01 -1.996965706348419189e-01 -3.116439056396484375e+01 0.000000000000000000e+00 -1.290018204599618912e-02 0.000000000000000000e+00 5.000000000000000000e+01 0.000000000000000000e+00
4.200528264045715332e-01 3.361697196960449219e-01 -1.964735239744186401e-01 -1.996965706348419189e-01 -3.116439056396484375e+01 0.000000000000000000e+00 -1.290018204599618912e-02 0.000000000000000000e+00 5.000000000000000000e+01 0.000000000000000000e+00
4.200528264045715332e-01 3.361697196960449219e-01 -1.964735239744186401e-01 -1.996965706348419189e-01 -3.116439056396484375e+01 0.000000000000000000e+00 -1.290018204599618912e-02 0.000000000000000000e+00 5.000000000000000000e+01 0.000000000000000000e+00
4.200528264045715332e-01 3.361697196960449219e-01 -1.964735239744186401e-01 -1.996965706348419189e-01 -3.116439056396484375e+01 0.000000000000000000e+00 -1.290018204599618912e-02 0.000000000000000000e+00 5.000000000000000000e+01 0.000000000000000000e+00
4.200528264045715332e-01 3.361697196960449219e-01 -1.964735239744186401e-01 -1.996965706348419189e-01 -3.116439056396484375e+01 0.000000000000000000e+00 -1.290018204599618912e-02 0.000000000000000000e+00 5.000000000000000000e+01 0.000000000000000000e+00
4.200528264045715332e-01 3.361697196960449219e-01 -1.964735239744186401e-01 -1.996965706348419189e-01 -3.116439056396484375e+01 0.000000000000000000e+00 -1.290018204599618912e-02 0.000000000000000000e+00 5.000000000000000000e+01 0.000000000000000000e+00
