4.445952773094177246e-01 1.955617815256118774e-01 -5.599799752235412598e-01 -5.601352453231811523e-01 -1.000195922851562500e+02 -6.605035400390625000e+01 -4.140209406614303589e-02 -7.749518752098083496e-02 1.720000000000000000e+02 1.220000000000000000e+02
4.445952773094177246e-01 2.059140801429748535e-01 -5.382464528083801270e-01 -5.368505120277404785e-01 -8.190859985351562500e+01 -4.793936920166015625e+01 -3.390523046255111694e-02 -5.624603480100631714e-02 1.430000000000000000e+02 9.300000000000000000e+01
4.445952773094177246e-01 2.222291380167007446e-01 -5.001786947250366211e-01 -5.001540780067443848e-01 -6.902318572998046875e+01 -3.505395126342773438e+01 -2.857144549489021301e-02 -4.112790152430534363e-02 1.190000000000000000e+02 6.900000000000000000e+01
4.445952773094177246e-01 2.432223409414291382e-01 -4.514617025852203369e-01 -4.529353976249694824e-01 -6.160324096679687500e+01 -2.763400840759277344e+01 -2.550003491342067719e-02 -3.242227435111999512e-02 1.060000000000000000e+02 5.600000000000000000e+01
4.445952773094177246e-01 2.548212110996246338e-01 -4.272381067276000977e-01 -4.268468022346496582e-01 -5.605681610107421875e+01 -2.208758735656738281e+01 -2.320414967834949493e-02 -2.591479942202568054e-02 9.600000000000000000e+01 4.600000000000000000e+01
4.445952773094177246e-01 2.598016560077667236e-01 -4.164693653583526611e-01 -4.156445860862731934e-01 -5.190743637084960938e+01 -1.793820190429687500e+01 -2.148655615746974945e-02 -2.104643359780311584e-02 9.000000000000000000e+01 4.000000000000000000e+01
4.445952773094177246e-01 2.679939866065979004e-01 -3.994514048099517822e-01 -3.972181081771850586e-01 -4.933872222900390625e+01 -1.536948585510253906e+01 -2.042326144874095917e-02 -1.803262345492839813e-02 8.400000000000000000e+01 3.400000000000000000e+01
4.445952773094177246e-01 2.724256217479705811e-01 -3.892151117324829102e-01 -3.872503042221069336e-01 -4.827568054199218750e+01 -1.430644607543945312e+01 -1.998322643339633942e-02 -1.678538694977760315e-02 8.200000000000000000e+01 3.200000000000000000e+01
4.445952773094177246e-01 2.781739830970764160e-01 -3.747355043888092041e-01 -3.743208646774291992e-01 -4.704131317138671875e+01 -1.307207679748535156e+01 -1.947227306663990021e-02 -1.533713284879922867e-02 8.000000000000000000e+01 3.000000000000000000e+01
4.445952773094177246e-01 2.785359621047973633e-01 -3.737573623657226562e-01 -3.735066950321197510e-01 -4.675064849853515625e+01 -1.278141212463378906e+01 -1.935195550322532654e-02 -1.499610301107168198e-02 7.900000000000000000e+01 2.900000000000000000e+01
4.445952773094177246e-01 2.795214354991912842e-01 -3.710945844650268555e-01 -3.712901473045349121e-01 -4.641909790039062500e+01 -1.244986343383789062e+01 -1.921471394598484039e-02 -1.460710540413856506e-02 7.800000000000000000e+01 2.800000000000000000e+01
4.445952773094177246e-01 3.191064894199371338e-01 -2.760769426822662354e-01 -2.822539806365966797e-01 -3.903251647949218750e+01 -5.063284873962402344e+00 -1.615711301565170288e-02 -5.940622650086879730e-03 6.300000000000000000e+01 1.300000000000000000e+01
4.445952773094177246e-01 3.448562026023864746e-01 -2.152644991874694824e-01 -2.243367880582809448e-01 -3.696584320068359375e+01 -2.996613264083862305e+00 -1.530163455754518509e-02 -3.515849588438868523e-03 5.800000000000000000e+01 8.000000000000000000e+00
4.445952773094177246e-01 3.620448112487792969e-01 -1.783525049686431885e-01 -1.856755316257476807e-01 -3.551383972167968750e+01 -1.544607639312744141e+00 -1.470059249550104141e-02 -1.812248607166111469e-03 5.400000000000000000e+01 4.000000000000000000e+00
4.445952773094177246e-01 3.755963742733001709e-01 -1.484682261943817139e-01 -1.551948636770248413e-01 -3.434655761718750000e+01 -3.773231506347656250e-01 -1.421740837395191193e-02 -4.427035746630281210e-04 5.200000000000000000e+01 2.000000000000000000e+00
4.445952773094177246e-01 3.837723433971405029e-01 -1.303566396236419678e-01 -1.368051767349243164e-01 -3.396923065185546875e+01 0.000000000000000000e+00 -1.406121719628572464e-02 0.000000000000000000e+00 5.000000000000000000e+01 0.000000000000000000e+00
4.445952773094177246e-01 3.837723433971405029e-01 -1.303566396236419678e-01 -1.368051767349243164e-01 -3.396923065185546875e+01 0.000000000000000000e+00 -1.406121719628572464e-02 0.000000000000000000e+00 5.000000000000000000e+01 0.000000000000000000e+00
4.445952773094177246e-01 3.837723433971405029e-01 -1.303566396236419678e-01 -1.368051767349243164e-01 -3.396923065185546875e+01 0.000000000000000000e+00 -1.406121719628572464e-02 0.000000000000000000e+00 5.000000000000000000e+01 0.000000000000000000e+00
4.445952773094177246e-01 3.837723433971405029e-01 -1.303566396236419678e-01 -1.368051767349243164e-01 -3.396923065185546875e+01 0.000000000000000000e+00 -1.406121719628572464e-02 0.000000000000000000e+00 5.000000000000000000e+01 0.000000000000000000e+00
4.445952773094177246e-01 3.837723433971405029e-01 -1.303566396236419678e-01 -1.368051767349243164e-01 -3.396923065185546875e+01 0.000000000000000000e+00 -1.406121719628572464e-02 0.000000000000000000e+00 5.000000000000000000e+01 0.000000000000000000e+00
4.445952773094177246e-01 3.837723433971405029e-01 -1.303566396236419678e-01 -1.368051767349243164e-01 -3.396923065185546875e+01 0.000000000000000000e+00 -1.406121719628572464e-02 0.000000000000000000e+00 5.000000000000000000e+01 0.000000000000000000e+00
4.445952773094177246e-01 3.837723433971405029e-01 -1.303566396236419678e-01 -1.368051767349243164e-01 -3.396923065185546875e+01 0.000000000000000000e+00 -1.406121719628572464e-02 0.000000000000000000e+00 5.000000000000000000e+01 0.000000000000000000e+00
4.445952773094177246e-01 3.837723433971405029e-01 -1.303566396236419678e-01 -1.368051767349243164e-01 -3.396923065185546875e+01 0.000000000000000000e+00 -1.406121719628572464e-02 0.000000000000000000e+00 5.000000000000000000e+01 0.000000000000000000e+00
4.445952773094177246e-01 3.837723433971405029e-01 -1.303566396236419678e-01 -1.368051767349243164e-01 -3.396923065185546875e+01 0.000000000000000000e+00 -1.406121719628572464e-02 0.000000000000000000e+00 5.000000000000000000e+01 0.000000000000000000e+00
4.445952773094177246e-01 3.837723433971405029e-01 -1.303566396236419678e-01 -1.368051767349243164e-01 -3.396923065185546875e+01 0.000000000000000000e+00 -1.406121719628572464e-02 0.000000000000000000e+00 5.000000000000000000e+01 0.000000000000000000e+00
4.445952773094177246e-01 3.837723433971405029e-01 -1.303566396236419678e-01 -1.368051767349243164e-01 -3.396923065185546875e+01 0.000000000000000000e+00 -1.406121719628572464e-02 0.000000000000000000e+00 5.000000000000000000e+01 0.000000000000000000e+00
4.445952773094177246e-01 3.837723433971405029e-01 -1.303566396236419678e-01 -1.368051767349243164e-01 -3.396923065185546875e+01 0.000000000000000000e+00 -1.406121719628572464e-02 0.000000000000000000e+00 5.000000000000000000e+01 0.000000000000000000e+00
4.445952773094177246e-01 3.837723433971405029e-01 -1.303566396236419678e-01 -1.368051767349243164e-01 -3.396923065185546875e+01 0.000000000000000000e+00 -1.406121719628572464e-02 0.000000000000000000e+00 5.000000000000000000e+01 0.000000000000000000e+00
4.445952773094177246e-01 3.837723433971405029e-01 -1.303566396236419678e-01 -1.368051767349243164e-01 -3.396923065185546875e+01 0.000000000000000000e+00 -1.406121719628572464e-02 0.000000000000000000e+00 5.000000000000000000e+01 0.000000000000000000e+00
4.445952773094177246e-01 3.837723433971405029e-01 -1.303566396236419678e-01 -1.368051767349243164e-01 -3.396923065185546875e+01 0.000000000000000000e+00 -1.406121719628572464e-02 0.000000000000000000e+00 5.000000000000000000e+01 0.000000000000000000e+00
4.445952773094177246e-01 3.837723433971405029e-01 -1.303566396236419678e-01 -1.368051767349243164e-01 -3.396923065185546875e+01 0.000000000000000000e+00 -1.406121719628572464e-02 0.000000000000000000e+00 5.000000000000000000e+01 0.000000000000000000e+00
4.445952773094177246e-01 3.837723433971405029e-01 -1.303566396236419678e-01 -1.368051767349243164e-01 -3.396923065185546875e+01 0.000000000000000000e+00 -1.406121719628572464e-02 0.000000000000000000e+00 5.000000000000000000e+01 0.000000000000000000e+00
4.445952773094177246e-01 3.837723433971405029e-01 -1.303566396236419678e-01 -1.368051767349243164e-01 -3.396923065185546875e+01 0.000000000000000000e+00 -1.406121719628572464e-02 0.000000000000000000e+00 5.000000000000000000e+01 0.000000000000000000e+00
4.445952773094177246e-01 3.837723433971405029e-01 -1.303566396236419678e-01 -1.368051767349243164e-01 -3.396923065185546875e+01 0.000000000000000000e+00 -1.406121719628572464e-02 0.000000000000000000e+00 5.000000000000000000e+01 0.000000000000000000e+00
4.445952773094177246e-01 3.837723433971405029e-01 -1.303566396236419678e-01 -1.368051767349243164e-01 -3.396923065185546875e+01 0.000000000000000000e+00 -1.406121719628572464e-02 0.000000000000000000e+00 5.000000000000000000e+01 0.000000000000000000e+00
4.445952773094177246e-01 3.837723433971405029e-01 -1.303566396236419678e-01 -1.368051767349243164e-01 -3.396923065185546875e+01 0.000000000000000000e+00 -1.406121719628572464e-02 0.000000000000000000e+00 5.000000000000000000e+01 0.000000000000000000e+00
4.445952773094177246e-01 3.837723433971405029e-01 -1.303566396236419678e-01 -1.368051767349243164e-01 -3.396923065185546875e+01 0.000000000000000000e+00 -1.406121719628572464e-02 0.000000000000000000e+00 5.000000000000000000e+01 0.000000000000000000e+00
4.445952773094177246e-01 3.837723433971405029e-01 -1.303566396236419678e-01 -1.368051767349243164e-01 -3.396923065185546875e+01 0.000000000000000000e+00 -1.406121719628572464e-02 0.000000000000000000e+00 5.000000000000000000e+01 0.000000000000000000e+00
4.445952773094177246e-01 3.837723433971405029e-01 -1.303566396236419678e-01 -1.368051767349243164e-01 -3.396923065185546875e+01 0.000000000000000000e+00 -1.406121719628572464e-02 0.000000000000000000e+00 5.000000000000000000e+01 0.000000000000000000e+00
4.445952773094177246e-01 3.837723433971405029e-01 -1.303566396236419678e-01 -1.368051767349243164e-01 -3.396923065185546875e+01 0.000000000000000000e+00 -1.406121719628572464e-02 0.000000000000000000e+00 5.000000000000000000e+01 0.000000000000000000e+00
4.445952773094177246e-01 3.837723433971405029e-01 -1.303566396236419678e-01 -1.368051767349243164e-01 -3.396923065185546875e+01 0.000000000000000000e+00 -1.406121719628572464e-02 0.000000000000000000e+00 5.000000000000000000e+01 0.000000000000000000e+00
4.445952773094177246e-01 3.837723433971405029e-01 -1.303566396236419678e-01 -1.368051767349243164e-01 -3.396923065185546875e+01 0.000000000000000000e+00 -1.406121719628572464e-02 0.000000000000000000e+00 5.000000000000000000e+01 0.000000000000000000e+00
4.445952773094177246e-01 3.837723433971405029e-01 -1.303566396236419678e-01 -1.368051767349243164e-01 -3.396923065185546875e+01 0.000000000000000000e+00 -1.406121719628572464e-02 0.000000000000000000e+00 5.000000000000000000e+01 0.000000000000000000e+00
4.445952773094177246e-01 3.837723433971405029e-01 -1.303566396236419678e-01 -1.368051767349243164e-01 -3.396923065185546875e+01 0.000000000000000000e+00 -1.406121719628572464e-02 0.000000000000000000e+00 5.000000000000000000e+01 0.000000000000000000e+00
4.445952773094177246e-01 3.837723433971405029e-01 -1.303566396236419678e-01 -1.368051767349243164e-01 -3.396923065185546875e+01 0.000000000000000000e+00 -1.406121719628572464e-02 0.000000000000000000e+00 5.000000000000000000e+01 0.000000000000000000e+00
4.445952773094177246e-01 3.837723433971405029e-01 -1.303566396236419678e-01 -1.368051767349243164e-01 -3.396923065185546875e+01 0.000000000000000000e+00 -1.406121719628572464e-02 0.000000000000000000e+00 5.000000000000000000e+01 0.000000000000000000e+00
4.445952773094177246e-01 3.837723433971405029e-01 -1.303566396236419678e-01 -1.368051767349243164e-01 -3.396923065185546875e+01 0.000000000000000000e+00 -1.406121719628572464e-02 0.000000000000000000e+00 5.000000000000000000e+01 0.000000000000000000e+00
4.445952773094177246e-01 3.837723433971405029e-01 -1.303566396236419678e-01 -1.368051767349243164e-01 -3.396923065185546875e+01 0.000000000000000000e+00 -1.406121719628572464e-02 0.000000000000000000e+00 5.000000000000000000e+01 0.000000000000000000e+00
4.445952773094177246e-01 3.837723433971405029e-01 -1.303566396236419678e-01 -1.368051767349243164e-01 -3.396923065185546875e+01 0.000000000000000000e+00 -1.406121719628572464e-02 0.000000000000000000e+00 5.000000000000000000e+01 0.000000000000000000e+00
4.445952773094177246e-01 3.837723433971405029e-01 -1.303566396236419678e-01 -1.368051767349243164e-01 -3.396923065185546875e+01 0.000000000000000000e+00 -1.406121719628572464e-02 0.000000000000000000e+00 5.000000000000000000e+01 0.000000000000000000e+00
4.445952773094177246e-01 3.837723433971405029e-01 -1.303566396236419678e-01 -1.368051767349243164e-01 -3.396923065185546875e+01 0.000000000000000000e+00 -1.406121719628572464e-02 0.000000000000000000e+00 5.000000000000000000e+01 0.000000000000000000e+00
4.445952773094177246e-01 3.837723433971405029e-01 -1.303566396236419678e-01 -1.368051767349243164e-01 -3.396923065185546875e+01 0.000000000000000000e+00 -1.406121719628572464e-02 0.000000000000000000e+00 5.000000000000000000e+01 0.000000000000000000e+00
4.445952773094177246e-01 3.837723433971405029e-01 -1.303566396236419678e-01 -1.368051767349243164e-01 -3.396923065185546875e+01 0.000000000000000000e+00 -1.406121719628572464e-02 0.000000000000000000e+00 5.000000000000000000e+01 0.000000000000000000e+00
4.445952773094177246e-01 3.837723433971405029e-01 -1.303566396236419678e-01 -1.368051767349243164e-01 -3.396923065185546875e+01 0.000000000000000000e+00 -1.406121719628572464e-02 0.000000000000000000e+00 5.000000000000000000e+01 0.000000000000000000e+00
4.445952773094177246e-01 3.837723433971405029e-01 -1.303566396236419678e-01 -1.368051767349243164e-01 -3.396923065185546875e+01 0.000000000000000000e+00 -1.406121719628572464e-02 0.000000000000000000e+00 5.000000000000000000e+01 0.000000000000000000e+00
4.445952773094177246e-01 3.837723433971405029e-01 -1.303566396236419678e-01 -1.368051767349243164e-01 -3.396923065185546875e+01 0.000000000000000000e+00 -1.406121719628572464e-02 0.000000000000000000e+00 5.000000000000000000e+01 0.000000000000000000e+00
4.445952773094177246e-01 3.837723433971405029e-01 -1.303566396236419678e-01 -1.368051767349243164e-01 -3.396923065185546875e+01 0.000000000000000000e+00 -1.406121719628572464e-02 0.000000000000000000e+00 5.000000000000000000e+01 0.000000000000000000e+00
4.445952773094177246e-01 3.837723433971405029e-01 -1.303566396236419678e-01 -1.368051767349243164e-01 -3.396923065185546875e+01 0.000000000000000000e+00 -1.406121719628572464e-02 0.000000000000000000e+00 5.000000000000000000e+01 0.000000000000000000e+00
4.445952773094177246e-01 3.837723433971405029e-01 -1.303566396236419678e-01 -1.368051767349243164e-01 -3.396923065185546875e+01 0.000000000000000000e+00 -1.406121719628572464e-02 0.000000000000000000e+00 5.000000000000000000e+01 0.000000000000000000e+00
4.445952773094177246e-01 3.837723433971405029e-01 -1.303566396236419678e-01 -1.368051767349243164e-01 -3.396923065185546875e+01 0.000000000000000000e+00 -1.406121719628572464e-02 0.000000000000000000e+00 5.000000000000000000e+01 0.000000000000000000e+00
4.445952773094177246e-01 3.837723433971405029e-01 -1.303566396236419678e-01 -1.368051767349243164e-01 -3.396923065185546875e+01 0.000000000000000000e+00 -1.406121719628572464e-02 0.000000000000000000e+00 5.000000000000000000e+01 0.000000000000000000e+00
4.445952773094177246e-01 3.837723433971405029e-01 -1.303566396236419678e-01 -1.368051767349243164e-01 -3.396923065185546875e+01 0.000000000000000000e+00 -1.406121719628572464e-02 0.000000000000000000e+00 5.000000000000000000e+01 0.000000000000000000e+00
4.445952773094177246e-01 3.837723433971405029e-01 -1.303566396236419678e-01 -1.368051767349243164e-01 -3.396923065185546875e+01 0.000000000000000000e+00 -1.406121719628572464e-02 0.000000000000000000e+00 5.000000000000000000e+01 0.000000000000000000e+00
4.445952773094177246e-01 3.837723433971405029e-01 -1.303566396236419678e-01 -1.368051767349243164e-01 -3.396923065185546875e+01 0.000000000000000000e+00 -1.406121719628572464e-02 0.000000000000000000e+00 5.000000000000000000e+01 0.000000000000000000e+00
4.445952773094177246e-01 3.837723433971405029e-01 -1.303566396236419678e-01 -1.368051767349243164e-01 -3.396923065185546875e+01 0.000000000000000000e+00 -1.406121719628572464e-02 0.000000000000000000e+00 5.000000000000000000e+01 0.000000000000000000e+00
4.445952773094177246e-01 3.837723433971405029e-01 -1.303566396236419678e-01 -1.368051767349243164e-01 -3.396923065185546875e+01 0.000000000000000000e+00 -1.406121719628572464e-02 0.000000000000000000e+00 5.000000000000000000e+01 0.000000000000000000e+00
4.445952773094177246e-01 3.837723433971405029e-01 -1.303566396236419678e-01 -1.368051767349243164e-01 -3.396923065185546875e+01 0.000000000000000000e+00 -1.406121719628572464e-02 0.000000000000000000e+00 5.000000000000000000e+01 0.000000000000000000e+00
4.445952773094177246e-01 3.837723433971405029e-01 -1.303566396236419678e-01 -1.368051767349243164e-01 -3.396923065185546875e+01 0.000000000000000000e+00 -1.406121719628572464e-02 0.000000000000000000e+00 5.000000000000000000e+01 0.000000000000000000e+00
4.445952773094177246e-01 3.837723433971405029e-01 -1.303566396236419678e-01 -1.368051767349243164e-01 -3.396923065185546875e+01 0.000000000000000000e+00 -1.406121719628572464e-02 0.000000000000000000e+00 5.000000000000000000e+01 0.000000000000000000e+00
4.445952773094177246e-01 3.837723433971405029e-01 -1.303566396236419678e-01 -1.368051767349243164e-01 -3.396923065185546875e+01 0.000000000000000000e+00 -1.406121719628572464e-02 0.000000000000000000e+00 5.000000000000000000e+01 0.000000000000000000e+00
4.445952773094177246e-01 3.837723433971405029e-01 -1.303566396236419678e-01 -1.368051767349243164e-01 -3.396923065185546875e+01 0.000000000000000000e+00 -1.406121719628572464e-02 0.000000000000000000e+00 5.000000000000000000e+01 0.000000000000000000e+00
4.445952773094177246e-01 3.837723433971405029e-01 -1.303566396236419678e-01 -1.368051767349243164e-01 -3.396923065185546875e+01 0.000000000000000000e+00 -1.406121719628572464e-02 0.000000000000000000e+00 5.000000000000000000e+01 0.000000000000000000e+00
4.445952773094177246e-01 3.837723433971405029e-01 -1.303566396236419678e-01 -1.368051767349243164e-01 -3.396923065185546875e+01 0.000000000000000000e+00 -1.406121719628572464e-02 0.000000000000000000e+00 5.000000000000000000e+01 0.000000000000000000e+00
4.445952773094177246e-01 3.837723433971405029e-01 -1.303566396236419678e-01 -1.368051767349243164e-01 -3.396923065185546875e+01 0.000000000000000000e+00 -1.406121719628572464e-02 0.000000000000000000e+00 5.000000000000000000e+01 0.000000000000000000e+00
4.445952773094177246e-01 3.837723433971405029e-01 -1.303566396236419678e-01 -1.368051767349243164e-01 -3.396923065185546875e+01 0.000000000000000000e+00 -1.406121719628572464e-02 0.000000000000000000e+00 5.000000000000000000e+01 0.000000000000000000e+00
4.445952773094177246e-01 3.837723433971405029e-01 -1.303566396236419678e-01 -1.368051767349243164e-01 -3.396923065185546875e+01 0.000000000000000000e+00 -1.406121719628572464e-02 0.000000000000000000e+00 5.000000000000000000e+01 0.000000000000000000e+00
4.445952773094177246e-01 3.837723433971405029e-01 -1.303566396236419678e-01 -1.368051767349243164e-01 -3.396923065185546875e+01 0.000000000000000000e+00 -1.406121719628572464e-02 0.000000000000000000e+00 5.000000000000000000e+01 0.000000000000000000e+00
4.445952773094177246e-01 3.837723433971405029e-01 -1.303566396236419678e-01 -1.368051767349243164e-01 -3.396923065185546875e+01 0.000000000000000000e+00 -1.406121719628572464e-02 0.000000000000000000e+00 5.000000000000000000e+01 0.000000000000000000e+00
4.445952773094177246e-01 3.837723433971405029e-01 -1.303566396236419678e-01 -1.368051767349243164e-01 -3.396923065185546875e+01 0.000000000000000000e+00 -1.406121719628572464e-02 0.000000000000000000e+00 5.000000000000000000e+01 0.000000000000000000e+00
4.445952773094177246e-01 3.837723433971405029e-01 -1.303566396236419678e-01 -1.368051767349243164e-01 -3.396923065185546875e+01 0.000000000000000000e+00 -1.406121719628572464e-02 0.000000000000000000e+00 5.000000000000000000e+01 0.000000000000000000e+00
4.445952773094177246e-01 3.837723433971405029e-01 -1.303566396236419678e-01 -1.368051767349243164e-01 -3.396923065185546875e+01 0.000000000000000000e+00 -1.406121719628572464e-02 0.000000000000000000e+00 5.000000000000000000e+01 0.000000000000000000e+00
4.445952773094177246e-01 3.837723433971405029e-01 -1.303566396236419678e-01 -1.368051767349243164e-01 -3.396923065185546875e+01 0.000000000000000000e+00 -1.406121719628572464e-02 0.000000000000000000e+00 5.000000000000000000e+01 0.000000000000000000e+00
4.445952773094177246e-01 3.837723433971405029e-01 -1.303566396236419678e-01 -1.368051767349243164e-01 -3.396923065185546875e+01 0.000000000000000000e+00 -1.406121719628572464e-02 0.000000000000000000e+00 5.000000000000000000e+01 0.000000000000000000e+00
4.445952773094177246e-01 3.837723433971405029e-01 -1.303566396236419678e-01 -1.368051767349243164e-01 -3.396923065185546875e+01 0.000000000000000000e+00 -1.406121719628572464e-02 0.000000000000000000e+00 5.000000000000000000e+01 0.000000000000000000e+00
4.445952773094177246e-01 3.837723433971405029e-01 -1.303566396236419678e-01 -1.368051767349243164e-01 -3.396923065185546875e+01 0.000000000000000000e+00 -1.406121719628572464e-02 0.000000000000000000e+00 5.000000000000000000e+01 0.000000000000000000e+00
4.445952773094177246e-01 3.837723433971405029e-01 -1.303566396236419678e-01 -1.368051767349243164e-01 -3.396923065185546875e+01 0.000000000000000000e+00 -1.406121719628572464e-02 0.000000000000000000e+00 5.000000000000000000e+01 0.000000000000000000e+00
4.445952773094177246e-01 3.837723433971405029e-01 -1.303566396236419678e-01 -1.368051767349243164e-01 -3.396923065185546875e+01 0.000000000000000000e+00 -1.406121719628572464e-02 0.000000000000000000e+00 5.000000000000000000e+01 0.000000000000000000e+00
4.445952773094177246e-01 3.837723433971405029e-01 -1.303566396236419678e-01 -1.368051767349243164e-01 -3.396923065185546875e+01 0.000000000000000000e+00 -1.406121719628572464e-02 0.000000000000000000e+00 5.000000000000000000e+01 0.000000000000000000e+00
4.445952773094177246e-01 3.837723433971405029e-01 -1.303566396236419678e-01 -1.368051767349243164e-01 -3.396923065185546875e+01 0.000000000000000000e+00 -1.406121719628572464e-02 0.000000000000000000e+00 5.000000000000000000e+01 0.000000000000000000e+00
4.445952773094177246e-01 3.837723433971405029e-01 -1.303566396236419678e-01 -1.368051767349243164e-01 -3.396923065185546875e+01 0.000000000000000000e+00 -1.406121719628572464e-02 0.000000000000000000e+00 5.000000000000000000e+01 0.000000000000000000e+00
4.445952773094177246e-01 3.837723433971405029e-01 -1.303566396236419678e-01 -1.368051767349243164e-01 -3.396923065185546875e+01 0.000000000000000000e+00 -1.406121719628572464e-02 0.000000000000000000e+00 5.000000000000000000e+01 0.000000000000000000e+00
