4.314924776554107666e-01 1.900829225778579712e-01 -5.588827133178710938e-01 -5.594757199287414551e-01 -8.470204925537109375e+01 -5.817382049560546875e+01 -3.506155312061309814e-02 -6.724783778190612793e-02 2.800000000000000000e+02 2.300000000000000000e+02
4.314924776554107666e-01 1.921383589506149292e-01 -5.537842512130737305e-01 -5.547121763229370117e-01 -7.049497222900390625e+01 -4.396675109863281250e+01 -2.918067574501037598e-02 -5.082473531365394592e-02 2.490000000000000000e+02 1.990000000000000000e+02
4.314924776554107666e-01 1.985689103603363037e-01 -5.392448902130126953e-01 -5.398091077804565430e-01 -6.291180419921875000e+01 -3.638357925415039062e+01 -2.604170143604278564e-02 -4.205872863531112671e-02 2.270000000000000000e+02 1.770000000000000000e+02
4.314924776554107666e-01 2.038748562335968018e-01 -5.265440344810485840e-01 -5.275123715400695801e-01 -5.745480728149414062e+01 -3.092657852172851562e+01 -2.378283254802227020e-02 -3.575054183602333069e-02 2.080000000000000000e+02 1.580000000000000000e+02
4.314924776554107666e-01 2.085883319377899170e-01 -5.159565210342407227e-01 -5.165886878967285156e-01 -5.322856140136718750e+01 -2.670033264160156250e+01 -2.203342132270336151e-02 -3.086508065462112427e-02 1.960000000000000000e+02 1.460000000000000000e+02
4.314924776554107666e-01 2.120821774005889893e-01 -5.079340934753417969e-01 -5.084915757179260254e-01 -5.106416320800781250e+01 -2.453593444824218750e+01 -2.113749086856842041e-02 -2.836307696998119354e-02 1.870000000000000000e+02 1.370000000000000000e+02
4.314924776554107666e-01 2.121345847845077515e-01 -5.078172087669372559e-01 -5.083701610565185547e-01 -4.979768371582031250e+01 -2.326945304870605469e+01 -2.061324380338191986e-02 -2.689904905855655670e-02 1.820000000000000000e+02 1.320000000000000000e+02
4.314924776554107666e-01 2.122334241867065430e-01 -5.075559020042419434e-01 -5.081411004066467285e-01 -4.837311172485351562e+01 -2.184488677978515625e+01 -2.002355828881263733e-02 -2.525227703154087067e-02 1.760000000000000000e+02 1.260000000000000000e+02
4.314924776554107666e-01 2.124159783124923706e-01 -5.071275830268859863e-01 -5.077180266380310059e-01 -4.718771743774414062e+01 -2.065949058532714844e+01 -1.953287608921527863e-02 -2.388198114931583405e-02 1.730000000000000000e+02 1.230000000000000000e+02
4.314924776554107666e-01 2.132541835308074951e-01 -5.052680969238281250e-01 -5.057754516601562500e-01 -4.587003326416015625e+01 -1.934180831909179688e+01 -1.898743398487567902e-02 -2.235876582562923431e-02 1.690000000000000000e+02 1.190000000000000000e+02
4.314924776554107666e-01 2.139666378498077393e-01 -5.035416483879089355e-01 -5.041242837905883789e-01 -4.543769454956054688e+01 -1.890946578979492188e+01 -1.880847103893756866e-02 -2.185898460447788239e-02 1.670000000000000000e+02 1.170000000000000000e+02
4.314924776554107666e-01 2.183044552803039551e-01 -4.928293824195861816e-01 -4.940712451934814453e-01 -4.090418624877929688e+01 -1.437595748901367188e+01 -1.693187095224857330e-02 -1.661833561956882477e-02 1.450000000000000000e+02 9.500000000000000000e+01
4.314924776554107666e-01 2.221458405256271362e-01 -4.835290908813476562e-01 -4.851686954498291016e-01 -3.841782379150390625e+01 -1.188959884643554688e+01 -1.590266823768615723e-02 -1.374415121972560883e-02 1.330000000000000000e+02 8.300000000000000000e+01
4.314924776554107666e-01 2.228107750415802002e-01 -4.818897545337677002e-01 -4.836276769638061523e-01 -3.741207885742187500e+01 -1.088384819030761719e+01 -1.548634935170412064e-02 -1.258152257651090622e-02 1.280000000000000000e+02 7.800000000000000000e+01
4.314924776554107666e-01 2.243907451629638672e-01 -4.784744977951049805e-01 -4.799660444259643555e-01 -3.610274887084960938e+01 -9.574522018432617188e+00 -1.494436524808406830e-02 -1.106796693056821823e-02 1.190000000000000000e+02 6.900000000000000000e+01
4.314924776554107666e-01 2.396128028631210327e-01 -4.446091651916503906e-01 -4.446883499622344971e-01 -3.473855972290039062e+01 -8.210333824157714844e+00 -1.437967363744974136e-02 -9.490991011261940002e-03 1.130000000000000000e+02 6.300000000000000000e+01
4.314924776554107666e-01 2.431661784648895264e-01 -4.367424547672271729e-01 -4.364532530307769775e-01 -3.348939514160156250e+01 -6.961167812347412109e+00 -1.386259403079748154e-02 -8.046978153288364410e-03 1.050000000000000000e+02 5.500000000000000000e+01
4.314924776554107666e-01 2.443595081567764282e-01 -4.342063665390014648e-01 -4.336876869201660156e-01 -3.285248565673828125e+01 -6.324257850646972656e+00 -1.359895244240760803e-02 -7.310722488909959793e-03 1.010000000000000000e+02 5.100000000000000000e+01
4.314924776554107666e-01 2.512392997741699219e-01 -4.169101119041442871e-01 -4.177435040473937988e-01 -3.204158782958984375e+01 -5.513361454010009766e+00 -1.326328981667757034e-02 -6.373341660946607590e-03 9.600000000000000000e+01 4.600000000000000000e+01
4.314924776554107666e-01 2.599782049655914307e-01 -3.984879553318023682e-01 -3.974907696247100830e-01 -3.139582824707031250e+01 -4.867599487304687500e+00 -1.299598347395658493e-02 -5.626853089779615402e-03 9.200000000000000000e+01 4.200000000000000000e+01
4.314924776554107666e-01 3.039336800575256348e-01 -3.000333011150360107e-01 -2.956222891807556152e-01 -2.875325393676757812e+01 -2.225023746490478516e+00 -1.190211717039346695e-02 -2.572085475549101830e-03 7.500000000000000000e+01 2.500000000000000000e+01
4.314924776554107666e-01 3.142749071121215820e-01 -2.765036523342132568e-01 -2.716561257839202881e-01 -2.798464584350585938e+01 -1.456418752670288086e+00 -1.158395968377590179e-02 -1.683592563495039940e-03 6.700000000000000000e+01 1.700000000000000000e+01
4.314924776554107666e-01 3.309803307056427002e-01 -2.398606836795806885e-01 -2.329406738281250000e-01 -2.746561431884765625e+01 -9.373875856399536133e-01 -1.136911194771528244e-02 -1.083602313883602619e-03 6.200000000000000000e+01 1.200000000000000000e+01
4.314924776554107666e-01 3.287347853183746338e-01 -2.435072809457778931e-01 -2.381448000669479370e-01 -2.703831672668457031e+01 -5.100894570350646973e-01 -1.119223609566688538e-02 -5.896537913940846920e-04 5.800000000000000000e+01 8.000000000000000000e+00
4.314924776554107666e-01 3.187291920185089111e-01 -2.666567265987396240e-01 -2.613331377506256104e-01 -2.670878028869628906e+01 -1.805533170700073242e-01 -1.105582807213068008e-02 -2.087162283714860678e-04 5.500000000000000000e+01 5.000000000000000000e+00
4.314924776554107666e-01 3.187291920185089111e-01 -2.666567265987396240e-01 -2.613331377506256104e-01 -2.670878028869628906e+01 -1.805533170700073242e-01 -1.105582807213068008e-02 -2.087162283714860678e-04 5.500000000000000000e+01 5.000000000000000000e+00
4.314924776554107666e-01 3.192992210388183594e-01 -2.654921114444732666e-01 -2.600120902061462402e-01 -2.665774345397949219e+01 -1.295153498649597168e-01 -1.103470195084810257e-02 -1.497172925155609846e-04 5.400000000000000000e+01 4.000000000000000000e+00
4.314924776554107666e-01 3.192992210388183594e-01 -2.654921114444732666e-01 -2.600120902061462402e-01 -2.665774345397949219e+01 -1.295153498649597168e-01 -1.103470195084810257e-02 -1.497172925155609846e-04 5.400000000000000000e+01 4.000000000000000000e+00
4.314924776554107666e-01 3.192992210388183594e-01 -2.654921114444732666e-01 -2.600120902061462402e-01 -2.665774345397949219e+01 -1.295153498649597168e-01 -1.103470195084810257e-02 -1.497172925155609846e-04 5.400000000000000000e+01 4.000000000000000000e+00
4.314924776554107666e-01 3.246528208255767822e-01 -2.544299662113189697e-01 -2.476049065589904785e-01 -2.655716896057128906e+01 -2.894091606140136719e-02 -1.099306996911764145e-02 -3.345515142427757382e-05 5.200000000000000000e+01 2.000000000000000000e+00
4.314924776554107666e-01 3.246528208255767822e-01 -2.544299662113189697e-01 -2.476049065589904785e-01 -2.655716896057128906e+01 -2.894091606140136719e-02 -1.099306996911764145e-02 -3.345515142427757382e-05 5.200000000000000000e+01 2.000000000000000000e+00
4.314924776554107666e-01 3.246528208255767822e-01 -2.544299662113189697e-01 -2.476049065589904785e-01 -2.655716896057128906e+01 -2.894091606140136719e-02 -1.099306996911764145e-02 -3.345515142427757382e-05 5.200000000000000000e+01 2.000000000000000000e+00
4.314924776554107666e-01 3.246528208255767822e-01 -2.544299662113189697e-01 -2.476049065589904785e-01 -2.655716896057128906e+01 -2.894091606140136719e-02 -1.099306996911764145e-02 -3.345515142427757382e-05 5.200000000000000000e+01 2.000000000000000000e+00
4.314924776554107666e-01 3.221774101257324219e-01 -2.601235508918762207e-01 -2.533417642116546631e-01 -2.654022979736328125e+01 -1.200115680694580078e-02 -1.098605804145336151e-02 -1.387311021971981972e-05 5.100000000000000000e+01 1.000000000000000000e+00
4.314924776554107666e-01 3.192199766635894775e-01 -2.663622498512268066e-01 -2.601957321166992188e-01 -2.652822875976562500e+01 0.000000000000000000e+00 -1.098109036684036255e-02 0.000000000000000000e+00 5.000000000000000000e+01 0.000000000000000000e+00
4.314924776554107666e-01 3.192199766635894775e-01 -2.663622498512268066e-01 -2.601957321166992188e-01 -2.652822875976562500e+01 0.000000000000000000e+00 -1.098109036684036255e-02 0.000000000000000000e+00 5.000000000000000000e+01 0.000000000000000000e+00
4.314924776554107666e-01 3.192199766635894775e-01 -2.663622498512268066e-01 -2.601957321166992188e-01 -2.652822875976562500e+01 0.000000000000000000e+00 -1.098109036684036255e-02 0.000000000000000000e+00 5.000000000000000000e+01 0.000000000000000000e+00
4.314924776554107666e-01 3.192199766635894775e-01 -2.663622498512268066e-01 -2.601957321166992188e-01 -2.652822875976562500e+01 0.000000000000000000e+00 -1.098109036684036255e-02 0.000000000000000000e+00 5.000000000000000000e+01 0.000000000000000000e+00
4.314924776554107666e-01 3.192199766635894775e-01 -2.663622498512268066e-01 -2.601957321166992188e-01 -2.652822875976562500e+01 0.000000000000000000e+00 -1.098109036684036255e-02 0.000000000000000000e+00 5.000000000000000000e+01 0.000000000000000000e+00
4.314924776554107666e-01 3.192199766635894775e-01 -2.663622498512268066e-01 -2.601957321166992188e-01 -2.652822875976562500e+01 0.000000000000000000e+00 -1.098109036684036255e-02 0.000000000000000000e+00 5.000000000000000000e+01 0.000000000000000000e+00
4.314924776554107666e-01 3.192199766635894775e-01 -2.663622498512268066e-01 -2.601957321166992188e-01 -2.652822875976562500e+01 0.000000000000000000e+00 -1.098109036684036255e-02 0.000000000000000000e+00 5.000000000000000000e+01 0.000000000000000000e+00
4.314924776554107666e-01 3.192199766635894775e-01 -2.663622498512268066e-01 -2.601957321166992188e-01 -2.652822875976562500e+01 0.000000000000000000e+00 -1.098109036684036255e-02 0.000000000000000000e+00 5.000000000000000000e+01 0.000000000000000000e+00
4.314924776554107666e-01 3.192199766635894775e-01 -2.663622498512268066e-01 -2.601957321166992188e-01 -2.652822875976562500e+01 0.000000000000000000e+00 -1.098109036684036255e-02 0.000000000000000000e+00 5.000000000000000000e+01 0.000000000000000000e+00
4.314924776554107666e-01 3.192199766635894775e-01 -2.663622498512268066e-01 -2.601957321166992188e-01 -2.652822875976562500e+01 0.000000000000000000e+00 -1.098109036684036255e-02 0.000000000000000000e+00 5.000000000000000000e+01 0.000000000000000000e+00
4.314924776554107666e-01 3.192199766635894775e-01 -2.663622498512268066e-01 -2.601957321166992188e-01 -2.652822875976562500e+01 0.000000000000000000e+00 -1.098109036684036255e-02 0.000000000000000000e+00 5.000000000000000000e+01 0.000000000000000000e+00
4.314924776554107666e-01 3.192199766635894775e-01 -2.663622498512268066e-01 -2.601957321166992188e-01 -2.652822875976562500e+01 0.000000000000000000e+00 -1.098109036684036255e-02 0.000000000000000000e+00 5.000000000000000000e+01 0.000000000000000000e+00
4.314924776554107666e-01 3.192199766635894775e-01 -2.663622498512268066e-01 -2.601957321166992188e-01 -2.652822875976562500e+01 0.000000000000000000e+00 -1.098109036684036255e-02 0.000000000000000000e+00 5.000000000000000000e+01 0.000000000000000000e+00
4.314924776554107666e-01 3.192199766635894775e-01 -2.663622498512268066e-01 -2.601957321166992188e-01 -2.652822875976562500e+01 0.000000000000000000e+00 -1.098109036684036255e-02 0.000000000000000000e+00 5.000000000000000000e+01 0.000000000000000000e+00
4.314924776554107666e-01 3.192199766635894775e-01 -2.663622498512268066e-01 -2.601957321166992188e-01 -2.652822875976562500e+01 0.000000000000000000e+00 -1.098109036684036255e-02 0.000000000000000000e+00 5.000000000000000000e+01 0.000000000000000000e+00
4.314924776554107666e-01 3.192199766635894775e-01 -2.663622498512268066e-01 -2.601957321166992188e-01 -2.652822875976562500e+01 0.000000000000000000e+00 -1.098109036684036255e-02 0.000000000000000000e+00 5.000000000000000000e+01 0.000000000000000000e+00
4.314924776554107666e-01 3.192199766635894775e-01 -2.663622498512268066e-01 -2.601957321166992188e-01 -2.652822875976562500e+01 0.000000000000000000e+00 -1.098109036684036255e-02 0.000000000000000000e+00 5.000000000000000000e+01 0.000000000000000000e+00
4.314924776554107666e-01 3.192199766635894775e-01 -2.663622498512268066e-01 -2.601957321166992188e-01 -2.652822875976562500e+01 0.000000000000000000e+00 -1.098109036684036255e-02 0.000000000000000000e+00 5.000000000000000000e+01 0.000000000000000000e+00
4.314924776554107666e-01 3.192199766635894775e-01 -2.663622498512268066e-01 -2.601957321166992188e-01 -2.652822875976562500e+01 0.000000000000000000e+00 -1.098109036684036255e-02 0.000000000000000000e+00 5.000000000000000000e+01 0.000000000000000000e+00
4.314924776554107666e-01 3.192199766635894775e-01 -2.663622498512268066e-01 -2.601957321166992188e-01 -2.652822875976562500e+01 0.000000000000000000e+00 -1.098109036684036255e-02 0.000000000000000000e+00 5.000000000000000000e+01 0.000000000000000000e+00
4.314924776554107666e-01 3.192199766635894775e-01 -2.663622498512268066e-01 -2.601957321166992188e-01 -2.652822875976562500e+01 0.000000000000000000e+00 -1.098109036684036255e-02 0.000000000000000000e+00 5.000000000000000000e+01 0.000000000000000000e+00
4.314924776554107666e-01 3.192199766635894775e-01 -2.663622498512268066e-01 -2.601957321166992188e-01 -2.652822875976562500e+01 0.000000000000000000e+00 -1.098109036684036255e-02 0.000000000000000000e+00 5.000000000000000000e+01 0.000000000000000000e+00
4.314924776554107666e-01 3.192199766635894775e-01 -2.663622498512268066e-01 -2.601957321166992188e-01 -2.652822875976562500e+01 0.000000000000000000e+00 -1.098109036684036255e-02 0.000000000000000000e+00 5.000000000000000000e+01 0.000000000000000000e+00
4.314924776554107666e-01 3.192199766635894775e-01 -2.663622498512268066e-01 -2.601957321166992188e-01 -2.652822875976562500e+01 0.000000000000000000e+00 -1.098109036684036255e-02 0.000000000000000000e+00 5.000000000000000000e+01 0.000000000000000000e+00
4.314924776554107666e-01 3.192199766635894775e-01 -2.663622498512268066e-01 -2.601957321166992188e-01 -2.652822875976562500e+01 0.000000000000000000e+00 -1.098109036684036255e-02 0.000000000000000000e+00 5.000000000000000000e+01 0.000000000000000000e+00
4.314924776554107666e-01 3.192199766635894775e-01 -2.663622498512268066e-01 -2.601957321166992188e-01 -2.652822875976562500e+01 0.000000000000000000e+00 -1.098109036684036255e-02 0.000000000000000000e+00 5.000000000000000000e+01 0.000000000000000000e+00
4.314924776554107666e-01 3.192199766635894775e-01 -2.663622498512268066e-01 -2.601957321166992188e-01 -2.652822875976562500e+01 0.000000000000000000e+00 -1.098109036684036255e-02 0.000000000000000000e+00 5.000000000000000000e+01 0.000000000000000000e+00
4.314924776554107666e-01 3.192199766635894775e-01 -2.663622498512268066e-01 -2.601957321166992188e-01 -2.652822875976562500e+01 0.000000000000000000e+00 -1.098109036684036255e-02 0.000000000000000000e+00 5.000000000000000000e+01 0.000000000000000000e+00
4.314924776554107666e-01 3.192199766635894775e-01 -2.663622498512268066e-01 -2.601957321166992188e-01 -2.652822875976562500e+01 0.000000000000000000e+00 -1.098109036684036255e-02 0.000000000000000000e+00 5.000000000000000000e+01 0.000000000000000000e+00
4.314924776554107666e-01 3.192199766635894775e-01 -2.663622498512268066e-01 -2.601957321166992188e-01 -2.652822875976562500e+01 0.000000000000000000e+00 -1.098109036684036255e-02 0.000000000000000000e+00 5.000000000000000000e+01 0.000000000000000000e+00
4.314924776554107666e-01 3.192199766635894775e-01 -2.663622498512268066e-01 -2.601957321166992188e-01 -2.652822875976562500e+01 0.000000000000000000e+00 -1.098109036684036255e-02 0.000000000000000000e+00 5.000000000000000000e+01 0.000000000000000000e+00
4.314924776554107666e-01 3.192199766635894775e-01 -2.663622498512268066e-01 -2.601957321166992188e-01 -2.652822875976562500e+01 0.000000000000000000e+00 -1.098109036684036255e-02 0.000000000000000000e+00 5.000000000000000000e+01 0.000000000000000000e+00
4.314924776554107666e-01 3.192199766635894775e-01 -2.663622498512268066e-01 -2.601957321166992188e-01 -2.652822875976562500e+01 0.000000000000000000e+00 -1.098109036684036255e-02 0.000000000000000000e+00 5.000000000000000000e+01 0.000000000000000000e+00
4.314924776554107666e-01 3.192199766635894775e-01 -2.663622498512268066e-01 -2.601957321166992188e-01 -2.652822875976562500e+01 0.000000000000000000e+00 -1.098109036684036255e-02 0.000000000000000000e+00 5.000000000000000000e+01 0.000000000000000000e+00
4.314924776554107666e-01 3.192199766635894775e-01 -2.663622498512268066e-01 -2.601957321166992188e-01 -2.652822875976562500e+01 0.000000000000000000e+00 -1.098109036684036255e-02 0.000000000000000000e+00 5.000000000000000000e+01 0.000000000000000000e+00
4.314924776554107666e-01 3.192199766635894775e-01 -2.663622498512268066e-01 -2.601957321166992188e-01 -2.652822875976562500e+01 0.000000000000000000e+00 -1.098109036684036255e-02 0.000000000000000000e+00 5.000000000000000000e+01 0.000000000000000000e+00
4.314924776554107666e-01 3.192199766635894775e-01 -2.663622498512268066e-01 -2.601957321166992188e-01 -2.652822875976562500e+01 0.000000000000000000e+00 -1.098109036684036255e-02 0.000000000000000000e+00 5.000000000000000000e+01 0.000000000000000000e+00
4.314924776554107666e-01 3.192199766635894775e-01 -2.663622498512268066e-01 -2.601957321166992188e-01 -2.652822875976562500e+01 0.000000000000000000e+00 -1.098109036684036255e-02 0.000000000000000000e+00 5.000000000000000000e+01 0.000000000000000000e+00
4.314924776554107666e-01 3.192199766635894775e-01 -2.663622498512268066e-01 -2.601957321166992188e-01 -2.652822875976562500e+01 0.000000000000000000e+00 -1.098109036684036255e-02 0.000000000000000000e+00 5.000000000000000000e+01 0.000000000000000000e+00
4.314924776554107666e-01 3.192199766635894775e-01 -2.663622498512268066e-01 -2.601957321166992188e-01 -2.652822875976562500e+01 0.000000000000000000e+00 -1.098109036684036255e-02 0.000000000000000000e+00 5.000000000000000000e+01 0.000000000000000000e+00
4.314924776554107666e-01 3.192199766635894775e-01 -2.663622498512268066e-01 -2.601957321166992188e-01 -2.652822875976562500e+01 0.000000000000000000e+00 -1.098109036684036255e-02 0.000000000000000000e+00 5.000000000000000000e+01 0.000000000000000000e+00
4.314924776554107666e-01 3.192199766635894775e-01 -2.663622498512268066e-01 -2.601957321166992188e-01 -2.652822875976562500e+01 0.000000000000000000e+00 -1.098109036684036255e-02 0.000000000000000000e+00 5.000000000000000000e+01 0.000000000000000000e+00
4.314924776554107666e-01 3.192199766635894775e-01 -2.663622498512268066e-01 -2.601957321166992188e-01 -2.652822875976562500e+01 0.000000000000000000e+00 -1.098109036684036255e-02 0.000000000000000000e+00 5.000000000000000000e+01 0.000000000000000000e+00
4.314924776554107666e-01 3.192199766635894775e-01 -2.663622498512268066e-01 -2.601957321166992188e-01 -2.652822875976562500e+01 0.000000000000000000e+00 -1.098109036684036255e-02 0.000000000000000000e+00 5.000000000000000000e+01 0.000000000000000000e+00
4.314924776554107666e-01 3.192199766635894775e-01 -2.663622498512268066e-01 -2.601957321166992188e-01 -2.652822875976562500e+01 0.000000000000000000e+00 -1.098109036684036255e-02 0.000000000000000000e+00 5.000000000000000000e+01 0.000000000000000000e+00
4.314924776554107666e-01 3.192199766635894775e-01 -2.663622498512268066e-01 -2.601957321166992188e-01 -2.652822875976562500e+01 0.000000000000000000e+00 -1.098109036684036255e-02 0.000000000000000000e+00 5.000000000000000000e+01 0.000000000000000000e+00
4.314924776554107666e-01 3.192199766635894775e-01 -2.663622498512268066e-01 -2.601957321166992188e-01 -2.652822875976562500e+01 0.000000000000000000e+00 -1.098109036684036255e-02 0.000000000000000000e+00 5.000000000000000000e+01 0.000000000000000000e+00
4.314924776554107666e-01 3.192199766635894775e-01 -2.663622498512268066e-01 -2.601957321166992188e-01 -2.652822875976562500e+01 0.000000000000000000e+00 -1.098109036684036255e-02 0.000000000000000000e+00 5.000000000000000000e+01 0.000000000000000000e+00
4.314924776554107666e-01 3.192199766635894775e-01 -2.663622498512268066e-01 -2.601957321166992188e-01 -2.652822875976562500e+01 0.000000000000000000e+00 -1.098109036684036255e-02 0.000000000000000000e+00 5.000000000000000000e+01 0.000000000000000000e+00
4.314924776554107666e-01 3.192199766635894775e-01 -2.663622498512268066e-01 -2.601957321166992188e-01 -2.652822875976562500e+01 0.000000000000000000e+00 -1.098109036684036255e-02 0.000000000000000000e+00 5.000000000000000000e+01 0.000000000000000000e+00
4.314924776554107666e-01 3.192199766635894775e-01 -2.663622498512268066e-01 -2.601957321166992188e-01 -2.652822875976562500e+01 0.000000000000000000e+00 -1.098109036684036255e-02 0.000000000000000000e+00 5.000000000000000000e+01 0.000000000000000000e+00
4.314924776554107666e-01 3.192199766635894775e-01 -2.663622498512268066e-01 -2.601957321166992188e-01 -2.652822875976562500e+01 0.000000000000000000e+00 -1.098109036684036255e-02 0.000000000000000000e+00 5.000000000000000000e+01 0.000000000000000000e+00
4.314924776554107666e-01 3.192199766635894775e-01 -2.663622498512268066e-01 -2.601957321166992188e-01 -2.652822875976562500e+01 0.000000000000000000e+00 -1.098109036684036255e-02 0.000000000000000000e+00 5.000000000000000000e+01 0.000000000000000000e+00
4.314924776554107666e-01 3.192199766635894775e-01 -2.663622498512268066e-01 -2.601957321166992188e-01 -2.652822875976562500e+01 0.000000000000000000e+00 -1.098109036684036255e-02 0.000000000000000000e+00 5.000000000000000000e+01 0.000000000000000000e+00
4.314924776554107666e-01 3.192199766635894775e-01 -2.663622498512268066e-01 -2.601957321166992188e-01 -2.652822875976562500e+01 0.000000000000000000e+00 -1.098109036684036255e-02 0.000000000000000000e+00 5.000000000000000000e+01 0.000000000000000000e+00
4.314924776554107666e-01 3.192199766635894775e-01 -2.663622498512268066e-01 -2.601957321166992188e-01 -2.652822875976562500e+01 0.000000000000000000e+00 -1.098109036684036255e-02 0.000000000000000000e+00 5.000000000000000000e+01 0.000000000000000000e+00
4.314924776554107666e-01 3.192199766635894775e-01 -2.663622498512268066e-01 -2.601957321166992188e-01 -2.652822875976562500e+01 0.000000000000000000e+00 -1.098109036684036255e-02 0.000000000000000000e+00 5.000000000000000000e+01 0.000000000000000000e+00
