4.332230985164642334e-01 2.702684998512268066e-01 -3.811657726764678955e-01 -3.761447668075561523e-01 -8.374225616455078125e+01 -4.402396774291992188e+01 -3.466425463557243347e-02 -4.347996413707733154e-02 1.680000000000000000e+02 1.180000000000000000e+02
4.332230985164642334e-01 2.737323939800262451e-01 -3.733067214488983154e-01 -3.681491315364837646e-01 -6.455870056152343750e+01 -2.484041213989257812e+01 -2.672341652214527130e-02 -2.453345991671085358e-02 1.290000000000000000e+02 7.900000000000000000e+01
4.332230985164642334e-01 2.798791527748107910e-01 -3.593285381793975830e-01 -3.539606928825378418e-01 -6.079948043823242188e+01 -2.108119583129882812e+01 -2.516732737421989441e-02 -2.082069590687751770e-02 1.160000000000000000e+02 6.600000000000000000e+01
4.332230985164642334e-01 2.762812077999114990e-01 -3.671536147594451904e-01 -3.622657358646392822e-01 -5.583369064331054688e+01 -1.611540603637695312e+01 -2.311178855597972870e-02 -1.591626740992069244e-02 1.010000000000000000e+02 5.100000000000000000e+01
4.332230985164642334e-01 2.782964706420898438e-01 -3.620015382766723633e-01 -3.576139509677886963e-01 -5.438636398315429688e+01 -1.466807937622070312e+01 -2.251268178224563599e-02 -1.448682602494955063e-02 9.600000000000000000e+01 4.600000000000000000e+01
4.332230985164642334e-01 2.863290905952453613e-01 -3.437407612800598145e-01 -3.390724360942840576e-01 -5.181774902343750000e+01 -1.209946727752685547e+01 -2.144942991435527802e-02 -1.194995455443859100e-02 8.900000000000000000e+01 3.900000000000000000e+01
4.332230985164642334e-01 2.925087213516235352e-01 -3.299899101257324219e-01 -3.248081207275390625e-01 -5.063238525390625000e+01 -1.091410446166992188e+01 -2.095876075327396393e-02 -1.077923923730850220e-02 8.700000000000000000e+01 3.700000000000000000e+01
4.332230985164642334e-01 2.940480113029479980e-01 -3.268972635269165039e-01 -3.212549984455108643e-01 -4.941385650634765625e+01 -9.695573806762695312e+00 -2.045436389744281769e-02 -9.575765579938888550e-03 8.400000000000000000e+01 3.400000000000000000e+01
4.332230985164642334e-01 2.953332960605621338e-01 -3.239480257034301758e-01 -3.182882070541381836e-01 -4.873971939086914062e+01 -9.021436691284179688e+00 -2.017531171441078186e-02 -8.909958414733409882e-03 8.200000000000000000e+01 3.200000000000000000e+01
4.332230985164642334e-01 3.073067069053649902e-01 -2.943867146968841553e-01 -2.906502187252044678e-01 -4.669904708862304688e+01 -6.980761528015136719e+00 -1.933059468865394592e-02 -6.894500460475683212e-03 7.800000000000000000e+01 2.800000000000000000e+01
4.332230985164642334e-01 3.087176680564880371e-01 -2.906201481819152832e-01 -2.873933315277099609e-01 -4.607389450073242188e+01 -6.355612277984619141e+00 -1.907181926071643829e-02 -6.277075968682765961e-03 7.600000000000000000e+01 2.600000000000000000e+01
4.332230985164642334e-01 3.317322432994842529e-01 -2.379794567823410034e-01 -2.342692613601684570e-01 -4.199464416503906250e+01 -2.276359319686889648e+00 -1.738325506448745728e-02 -2.248230390250682831e-03 6.400000000000000000e+01 1.400000000000000000e+01
4.332230985164642334e-01 3.395577669143676758e-01 -2.183594405651092529e-01 -2.162057608366012573e-01 -4.142396545410156250e+01 -1.705682277679443359e+00 -1.714702881872653961e-02 -1.684605143964290619e-03 5.900000000000000000e+01 9.000000000000000000e+00
4.332230985164642334e-01 3.491217792034149170e-01 -1.965656876564025879e-01 -1.941293478012084961e-01 -4.098781585693359375e+01 -1.269531965255737305e+00 -1.696649007499217987e-02 -1.253844355233013630e-03 5.600000000000000000e+01 6.000000000000000000e+00
4.332230985164642334e-01 3.453257679939270020e-01 -2.059400826692581177e-01 -2.028916031122207642e-01 -4.054452514648437500e+01 -8.262436389923095703e-01 -1.678299345076084137e-02 -8.160337456502020359e-04 5.500000000000000000e+01 5.000000000000000000e+00
4.332230985164642334e-01 3.513909876346588135e-01 -1.881294250488281250e-01 -1.888913810253143311e-01 -3.991135406494140625e+01 -1.930708885192871094e-01 -1.652089878916740417e-02 -1.906851102830842137e-04 5.200000000000000000e+01 2.000000000000000000e+00
4.332230985164642334e-01 3.574931919574737549e-01 -1.727396100759506226e-01 -1.748057901859283447e-01 -3.975721740722656250e+01 -3.893518447875976562e-02 -1.645709574222564697e-02 -3.845406172331422567e-05 5.100000000000000000e+01 1.000000000000000000e+00
4.332230985164642334e-01 3.574931919574737549e-01 -1.727396100759506226e-01 -1.748057901859283447e-01 -3.975721740722656250e+01 -3.893518447875976562e-02 -1.645709574222564697e-02 -3.845406172331422567e-05 5.100000000000000000e+01 1.000000000000000000e+00
4.332230985164642334e-01 3.574931919574737549e-01 -1.727396100759506226e-01 -1.748057901859283447e-01 -3.975721740722656250e+01 -3.893518447875976562e-02 -1.645709574222564697e-02 -3.845406172331422567e-05 5.100000000000000000e+01 1.000000000000000000e+00
4.332230985164642334e-01 3.574931919574737549e-01 -1.727396100759506226e-01 -1.748057901859283447e-01 -3.975721740722656250e+01 -3.893518447875976562e-02 -1.645709574222564697e-02 -3.845406172331422567e-05 5.100000000000000000e+01 1.000000000000000000e+00
4.332230985164642334e-01 3.614105880260467529e-01 -1.627532392740249634e-01 -1.657633483409881592e-01 -3.971828460693359375e+01 0.000000000000000000e+00 -1.644098013639450073e-02 0.000000000000000000e+00 5.000000000000000000e+01 0.000000000000000000e+00
4.332230985164642334e-01 3.614105880260467529e-01 -1.627532392740249634e-01 -1.657633483409881592e-01 -3.971828460693359375e+01 0.000000000000000000e+00 -1.644098013639450073e-02 0.000000000000000000e+00 5.000000000000000000e+01 0.000000000000000000e+00
4.332230985164642334e-01 3.614105880260467529e-01 -1.627532392740249634e-01 -1.657633483409881592e-01 -3.971828460693359375e+01 0.000000000000000000e+00 -1.644098013639450073e-02 0.000000000000000000e+00 5.000000000000000000e+01 0.000000000000000000e+00
4.332230985164642334e-01 3.614105880260467529e-01 -1.627532392740249634e-01 -1.657633483409881592e-01 -3.971828460693359375e+01 0.000000000000000000e+00 -1.644098013639450073e-02 0.000000000000000000e+00 5.000000000000000000e+01 0.000000000000000000e+00
4.332230985164642334e-01 3.614105880260467529e-01 -1.627532392740249634e-01 -1.657633483409881592e-01 -3.971828460693359375e+01 0.000000000000000000e+00 -1.644098013639450073e-02 0.000000000000000000e+00 5.000000000000000000e+01 0.000000000000000000e+00
4.332230985164642334e-01 3.614105880260467529e-01 -1.627532392740249634e-01 -1.657633483409881592e-01 -3.971828460693359375e+01 0.000000000000000000e+00 -1.644098013639450073e-02 0.000000000000000000e+00 5.000000000000000000e+01 0.000000000000000000e+00
4.332230985164642334e-01 3.614105880260467529e-01 -1.627532392740249634e-01 -1.657633483409881592e-01 -3.971828460693359375e+01 0.000000000000000000e+00 -1.644098013639450073e-02 0.000000000000000000e+00 5.000000000000000000e+01 0.000000000000000000e+00
4.332230985164642334e-01 3.614105880260467529e-01 -1.627532392740249634e-01 -1.657633483409881592e-01 -3.971828460693359375e+01 0.000000000000000000e+00 -1.644098013639450073e-02 0.000000000000000000e+00 5.000000000000000000e+01 0.000000000000000000e+00
4.332230985164642334e-01 3.614105880260467529e-01 -1.627532392740249634e-01 -1.657633483409881592e-01 -3.971828460693359375e+01 0.000000000000000000e+00 -1.644098013639450073e-02 0.000000000000000000e+00 5.000000000000000000e+01 0.000000000000000000e+00
4.332230985164642334e-01 3.614105880260467529e-01 -1.627532392740249634e-01 -1.657633483409881592e-01 -3.971828460693359375e+01 0.000000000000000000e+00 -1.644098013639450073e-02 0.000000000000000000e+00 5.000000000000000000e+01 0.000000000000000000e+00
4.332230985164642334e-01 3.614105880260467529e-01 -1.627532392740249634e-01 -1.657633483409881592e-01 -3.971828460693359375e+01 0.000000000000000000e+00 -1.644098013639450073e-02 0.000000000000000000e+00 5.000000000000000000e+01 0.000000000000000000e+00
4.332230985164642334e-01 3.614105880260467529e-01 -1.627532392740249634e-01 -1.657633483409881592e-01 -3.971828460693359375e+01 0.000000000000000000e+00 -1.644098013639450073e-02 0.000000000000000000e+00 5.000000000000000000e+01 0.000000000000000000e+00
4.332230985164642334e-01 3.614105880260467529e-01 -1.627532392740249634e-01 -1.657633483409881592e-01 -3.971828460693359375e+01 0.000000000000000000e+00 -1.644098013639450073e-02 0.000000000000000000e+00 5.000000000000000000e+01 0.000000000000000000e+00
4.332230985164642334e-01 3.614105880260467529e-01 -1.627532392740249634e-01 -1.657633483409881592e-01 -3.971828460693359375e+01 0.000000000000000000e+00 -1.644098013639450073e-02 0.000000000000000000e+00 5.000000000000000000e+01 0.000000000000000000e+00
4.332230985164642334e-01 3.614105880260467529e-01 -1.627532392740249634e-01 -1.657633483409881592e-01 -3.971828460693359375e+01 0.000000000000000000e+00 -1.644098013639450073e-02 0.000000000000000000e+00 5.000000000000000000e+01 0.000000000000000000e+00
4.332230985164642334e-01 3.614105880260467529e-01 -1.627532392740249634e-01 -1.657633483409881592e-01 -3.971828460693359375e+01 0.000000000000000000e+00 -1.644098013639450073e-02 0.000000000000000000e+00 5.000000000000000000e+01 0.000000000000000000e+00
4.332230985164642334e-01 3.614105880260467529e-01 -1.627532392740249634e-01 -1.657633483409881592e-01 -3.971828460693359375e+01 0.000000000000000000e+00 -1.644098013639450073e-02 0.000000000000000000e+00 5.000000000000000000e+01 0.000000000000000000e+00
4.332230985164642334e-01 3.614105880260467529e-01 -1.627532392740249634e-01 -1.657633483409881592e-01 -3.971828460693359375e+01 0.000000000000000000e+00 -1.644098013639450073e-02 0.000000000000000000e+00 5.000000000000000000e+01 0.000000000000000000e+00
4.332230985164642334e-01 3.614105880260467529e-01 -1.627532392740249634e-01 -1.657633483409881592e-01 -3.971828460693359375e+01 0.000000000000000000e+00 -1.644098013639450073e-02 0.000000000000000000e+00 5.000000000000000000e+01 0.000000000000000000e+00
4.332230985164642334e-01 3.614105880260467529e-01 -1.627532392740249634e-01 -1.657633483409881592e-01 -3.971828460693359375e+01 0.000000000000000000e+00 -1.644098013639450073e-02 0.000000000000000000e+00 5.000000000000000000e+01 0.000000000000000000e+00
4.332230985164642334e-01 3.614105880260467529e-01 -1.627532392740249634e-01 -1.657633483409881592e-01 -3.971828460693359375e+01 0.000000000000000000e+00 -1.644098013639450073e-02 0.000000000000000000e+00 5.000000000000000000e+01 0.000000000000000000e+00
4.332230985164642334e-01 3.614105880260467529e-01 -1.627532392740249634e-01 -1.657633483409881592e-01 -3.971828460693359375e+01 0.000000000000000000e+00 -1.644098013639450073e-02 0.000000000000000000e+00 5.000000000000000000e+01 0.000000000000000000e+00
4.332230985164642334e-01 3.614105880260467529e-01 -1.627532392740249634e-01 -1.657633483409881592e-01 -3.971828460693359375e+01 0.000000000000000000e+00 -1.644098013639450073e-02 0.000000000000000000e+00 5.000000000000000000e+01 0.000000000000000000e+00
4.332230985164642334e-01 3.614105880260467529e-01 -1.627532392740249634e-01 -1.657633483409881592e-01 -3.971828460693359375e+01 0.000000000000000000e+00 -1.644098013639450073e-02 0.000000000000000000e+00 5.000000000000000000e+01 0.000000000000000000e+00
4.332230985164642334e-01 3.614105880260467529e-01 -1.627532392740249634e-01 -1.657633483409881592e-01 -3.971828460693359375e+01 0.000000000000000000e+00 -1.644098013639450073e-02 0.000000000000000000e+00 5.000000000000000000e+01 0.000000000000000000e+00
4.332230985164642334e-01 3.614105880260467529e-01 -1.627532392740249634e-01 -1.657633483409881592e-01 -3.971828460693359375e+01 0.000000000000000000e+00 -1.644098013639450073e-02 0.000000000000000000e+00 5.000000000000000000e+01 0.000000000000000000e+00
4.332230985164642334e-01 3.614105880260467529e-01 -1.627532392740249634e-01 -1.657633483409881592e-01 -3.971828460693359375e+01 0.000000000000000000e+00 -1.644098013639450073e-02 0.000000000000000000e+00 5.000000000000000000e+01 0.000000000000000000e+00
4.332230985164642334e-01 3.614105880260467529e-01 -1.627532392740249634e-01 -1.657633483409881592e-01 -3.971828460693359375e+01 0.000000000000000000e+00 -1.644098013639450073e-02 0.000000000000000000e+00 5.000000000000000000e+01 0.000000000000000000e+00
4.332230985164642334e-01 3.614105880260467529e-01 -1.627532392740249634e-01 -1.657633483409881592e-01 -3.971828460693359375e+01 0.000000000000000000e+00 -1.644098013639450073e-02 0.000000000000000000e+00 5.000000000000000000e+01 0.000000000000000000e+00
4.332230985164642334e-01 3.614105880260467529e-01 -1.627532392740249634e-01 -1.657633483409881592e-01 -3.971828460693359375e+01 0.000000000000000000e+00 -1.644098013639450073e-02 0.000000000000000000e+00 5.000000000000000000e+01 0.000000000000000000e+00
4.332230985164642334e-01 3.614105880260467529e-01 -1.627532392740249634e-01 -1.657633483409881592e-01 -3.971828460693359375e+01 0.000000000000000000e+00 -1.644098013639450073e-02 0.000000000000000000e+00 5.000000000000000000e+01 0.000000000000000000e+00
4.332230985164642334e-01 3.614105880260467529e-01 -1.627532392740249634e-01 -1.657633483409881592e-01 -3.971828460693359375e+01 0.000000000000000000e+00 -1.644098013639450073e-02 0.000000000000000000e+00 5.000000000000000000e+01 0.000000000000000000e+00
4.332230985164642334e-01 3.614105880260467529e-01 -1.627532392740249634e-01 -1.657633483409881592e-01 -3.971828460693359375e+01 0.000000000000000000e+00 -1.644098013639450073e-02 0.000000000000000000e+00 5.000000000000000000e+01 0.000000000000000000e+00
4.332230985164642334e-01 3.614105880260467529e-01 -1.627532392740249634e-01 -1.657633483409881592e-01 -3.971828460693359375e+01 0.000000000000000000e+00 -1.644098013639450073e-02 0.000000000000000000e+00 5.000000000000000000e+01 0.000000000000000000e+00
4.332230985164642334e-01 3.614105880260467529e-01 -1.627532392740249634e-01 -1.657633483409881592e-01 -3.971828460693359375e+01 0.000000000000000000e+00 -1.644098013639450073e-02 0.000000000000000000e+00 5.000000000000000000e+01 0.000000000000000000e+00
4.332230985164642334e-01 3.614105880260467529e-01 -1.627532392740249634e-01 -1.657633483409881592e-01 -3.971828460693359375e+01 0.000000000000000000e+00 -1.644098013639450073e-02 0.000000000000000000e+00 5.000000000000000000e+01 0.000000000000000000e+00
4.332230985164642334e-01 3.614105880260467529e-01 -1.627532392740249634e-01 -1.657633483409881592e-01 -3.971828460693359375e+01 0.000000000000000000e+00 -1.644098013639450073e-02 0.000000000000000000e+00 5.000000000000000000e+01 0.000000000000000000e+00
4.332230985164642334e-01 3.614105880260467529e-01 -1.627532392740249634e-01 -1.657633483409881592e-01 -3.971828460693359375e+01 0.000000000000000000e+00 -1.644098013639450073e-02 0.000000000000000000e+00 5.000000000000000000e+01 0.000000000000000000e+00
4.332230985164642334e-01 3.614105880260467529e-01 -1.627532392740249634e-01 -1.657633483409881592e-01 -3.971828460693359375e+01 0.000000000000000000e+00 -1.644098013639450073e-02 0.000000000000000000e+00 5.000000000000000000e+01 0.000000000000000000e+00
4.332230985164642334e-01 3.614105880260467529e-01 -1.627532392740249634e-01 -1.657633483409881592e-01 -3.971828460693359375e+01 0.000000000000000000e+00 -1.644098013639450073e-02 0.000000000000000000e+00 5.000000000000000000e+01 0.000000000000000000e+00
4.332230985164642334e-01 3.614105880260467529e-01 -1.627532392740249634e-01 -1.657633483409881592e-01 -3.971828460693359375e+01 0.000000000000000000e+00 -1.644098013639450073e-02 0.000000000000000000e+00 5.000000000000000000e+01 0.000000000000000000e+00
4.332230985164642334e-01 3.614105880260467529e-01 -1.627532392740249634e-01 -1.657633483409881592e-01 -3.971828460693359375e+01 0.000000000000000000e+00 -1.644098013639450073e-02 0.000000000000000000e+00 5.000000000000000000e+01 0.000000000000000000e+00
4.332230985164642334e-01 3.614105880260467529e-01 -1.627532392740249634e-01 -1.657633483409881592e-01 -3.971828460693359375e+01 0.000000000000000000e+00 -1.644098013639450073e-02 0.000000000000000000e+00 5.000000000000000000e+01 0.000000000000000000e+00
4.332230985164642334e-01 3.614105880260467529e-01 -1.627532392740249634e-01 -1.657633483409881592e-01 -3.971828460693359375e+01 0.000000000000000000e+00 -1.644098013639450073e-02 0.000000000000000000e+00 5.000000000000000000e+01 0.000000000000000000e+00
4.332230985164642334e-01 3.614105880260467529e-01 -1.627532392740249634e-01 -1.657633483409881592e-01 -3.971828460693359375e+01 0.000000000000000000e+00 -1.644098013639450073e-02 0.000000000000000000e+00 5.000000000000000000e+01 0.000000000000000000e+00
4.332230985164642334e-01 3.614105880260467529e-01 -1.627532392740249634e-01 -1.657633483409881592e-01 -3.971828460693359375e+01 0.000000000000000000e+00 -1.644098013639450073e-02 0.000000000000000000e+00 5.000000000000000000e+01 0.000000000000000000e+00
4.332230985164642334e-01 3.614105880260467529e-01 -1.627532392740249634e-01 -1.657633483409881592e-01 -3.971828460693359375e+01 0.000000000000000000e+00 -1.644098013639450073e-02 0.000000000000000000e+00 5.000000000000000000e+01 0.000000000000000000e+00
4.332230985164642334e-01 3.614105880260467529e-01 -1.627532392740249634e-01 -1.657633483409881592e-01 -3.971828460693359375e+01 0.000000000000000000e+00 -1.644098013639450073e-02 0.000000000000000000e+00 5.000000000000000000e+01 0.000000000000000000e+00
4.332230985164642334e-01 3.614105880260467529e-01 -1.627532392740249634e-01 -1.657633483409881592e-01 -3.971828460693359375e+01 0.000000000000000000e+00 -1.644098013639450073e-02 0.000000000000000000e+00 5.000000000000000000e+01 0.000000000000000000e+00
4.332230985164642334e-01 3.614105880260467529e-01 -1.627532392740249634e-01 -1.657633483409881592e-01 -3.971828460693359375e+01 0.000000000000000000e+00 -1.644098013639450073e-02 0.000000000000000000e+00 5.000000000000000000e+01 0.000000000000000000e+00
4.332230985164642334e-01 3.614105880260467529e-01 -1.627532392740249634e-01 -1.657633483409881592e-01 -3.971828460693359375e+01 0.000000000000000000e+00 -1.644098013639450073e-02 0.000000000000000000e+00 5.000000000000000000e+01 0.000000000000000000e+00
4.332230985164642334e-01 3.614105880260467529e-01 -1.627532392740249634e-01 -1.657633483409881592e-01 -3.971828460693359375e+01 0.000000000000000000e+00 -1.644098013639450073e-02 0.000000000000000000e+00 5.000000000000000000e+01 0.000000000000000000e+00
4.332230985164642334e-01 3.614105880260467529e-01 -1.627532392740249634e-01 -1.657633483409881592e-01 -3.971828460693359375e+01 0.000000000000000000e+00 -1.644098013639450073e-02 0.000000000000000000e+00 5.000000000000000000e+01 0.000000000000000000e+00
4.332230985164642334e-01 3.614105880260467529e-01 -1.627532392740249634e-01 -1.657633483409881592e-01 -3.971828460693359375e+01 0.000000000000000000e+00 -1.644098013639450073e-02 0.000000000000000000e+00 5.000000000000000000e+01 0.000000000000000000e+00
4.332230985164642334e-01 3.614105880260467529e-01 -1.627532392740249634e-01 -1.657633483409881592e-01 -3.971828460693359375e+01 0.000000000000000000e+00 -1.644098013639450073e-02 0.000000000000000000e+00 5.000000000000000000e+01 0.000000000000000000e+00
4.332230985164642334e-01 3.614105880260467529e-01 -1.627532392740249634e-01 -1.657633483409881592e-01 -3.971828460693359375e+01 0.000000000000000000e+00 -1.644098013639450073e-02 0.000000000000000000e+00 5.000000000000000000e+01 0.000000000000000000e+00
4.332230985164642334e-01 3.614105880260467529e-01 -1.627532392740249634e-01 -1.657633483409881592e-01 -3.971828460693359375e+01 0.000000000000000000e+00 -1.644098013639450073e-02 0.000000000000000000e+00 5.000000000000000000e+01 0.000000000000000000e+00
4.332230985164642334e-01 3.614105880260467529e-01 -1.627532392740249634e-01 -1.657633483409881592e-01 -3.971828460693359375e+01 0.000000000000000000e+00 -1.644098013639450073e-02 0.000000000000000000e+00 5.000000000000000000e+01 0.000000000000000000e+00
4.332230985164642334e-01 3.614105880260467529e-01 -1.627532392740249634e-01 -1.657633483409881592e-01 -3.971828460693359375e+01 0.000000000000000000e+00 -1.644098013639450073e-02 0.000000000000000000e+00 5.000000000000000000e+01 0.000000000000000000e+00
4.332230985164642334e-01 3.614105880260467529e-01 -1.627532392740249634e-01 -1.657633483409881592e-01 -3.971828460693359375e+01 0.000000000000000000e+00 -1.644098013639450073e-02 0.000000000000000000e+00 5.000000000000000000e+01 0.000000000000000000e+00
4.332230985164642334e-01 3.614105880260467529e-01 -1.627532392740249634e-01 -1.657633483409881592e-01 -3.971828460693359375e+01 0.000000000000000000e+00 -1.644098013639450073e-02 0.000000000000000000e+00 5.000000000000000000e+01 0.000000000000000000e+00
4.332230985164642334e-01 3.614105880260467529e-01 -1.627532392740249634e-01 -1.657633483409881592e-01 -3.971828460693359375e+01 0.000000000000000000e+00 -1.644098013639450073e-02 0.000000000000000000e+00 5.000000000000000000e+01 0.000000000000000000e+00
4.332230985164642334e-01 3.614105880260467529e-01 -1.627532392740249634e-01 -1.657633483409881592e-01 -3.971828460693359375e+01 0.000000000000000000e+00 -1.644098013639450073e-02 0.000000000000000000e+00 5.000000000000000000e+01 0.000000000000000000e+00
4.332230985164642334e-01 3.614105880260467529e-01 -1.627532392740249634e-01 -1.657633483409881592e-01 -3.971828460693359375e+01 0.000000000000000000e+00 -1.644098013639450073e-02 0.000000000000000000e+00 5.000000000000000000e+01 0.000000000000000000e+00
4.332230985164642334e-01 3.614105880260467529e-01 -1.627532392740249634e-01 -1.657633483409881592e-01 -3.971828460693359375e+01 0.000000000000000000e+00 -1.644098013639450073e-02 0.000000000000000000e+00 5.000000000000000000e+01 0.000000000000000000e+00
4.332230985164642334e-01 3.614105880260467529e-01 -1.627532392740249634e-01 -1.657633483409881592e-01 -3.971828460693359375e+01 0.000000000000000000e+00 -1.644098013639450073e-02 0.000000000000000000e+00 5.000000000000000000e+01 0.000000000000000000e+00
4.332230985164642334e-01 3.614105880260467529e-01 -1.627532392740249634e-01 -1.657633483409881592e-01 -3.971828460693359375e+01 0.000000000000000000e+00 -1.644098013639450073e-02 0.000000000000000000e+00 5.000000000000000000e+01 0.000000000000000000e+00
4.332230985164642334e-01 3.614105880260467529e-01 -1.627532392740249634e-01 -1.657633483409881592e-01 -3.971828460693359375e+01 0.000000000000000000e+00 -1.644098013639450073e-02 0.000000000000000000e+00 5.000000000000000000e+01 0.000000000000000000e+00
4.332230985164642334e-01 3.614105880260467529e-01 -1.627532392740249634e-01 -1.657633483409881592e-01 -3.971828460693359375e+01 0.000000000000000000e+00 -1.644098013639450073e-02 0.000000000000000000e+00 5.000000000000000000e+01 0.000000000000000000e+00
4.332230985164642334e-01 3.614105880260467529e-01 -1.627532392740249634e-01 -1.657633483409881592e-01 -3.971828460693359375e+01 0.000000000000000000e+00 -1.644098013639450073e-02 0.000000000000000000e+00 5.000000000000000000e+01 0.000000000000000000e+00
4.332230985164642334e-01 3.614105880260467529e-01 -1.627532392740249634e-01 -1.657633483409881592e-01 -3.971828460693359375e+01 0.000000000000000000e+00 -1.644098013639450073e-02 0.000000000000000000e+00 5.000000000000000000e+01 0.000000000000000000e+00
