4.784020185470581055e-01 7.172356247901916504e-01 4.885978996753692627e-01 4.992320239543914795e-01 -1.239296646118164062e+02 -1.099953002929687500e+02 -5.129942297935485840e-02 -1.722467541694641113e-01 6.640000000000000000e+02 6.140000000000000000e+02
4.784020185470581055e-01 7.173687815666198730e-01 4.889042079448699951e-01 4.995103478431701660e-01 -1.195471725463867188e+02 -1.056128082275390625e+02 -4.948533698916435242e-02 -1.653840094804763794e-01 6.540000000000000000e+02 6.040000000000000000e+02
4.784020185470581055e-01 7.197195291519165039e-01 4.940655827522277832e-01 5.044240951538085938e-01 -1.134412689208984375e+02 -9.950689697265625000e+01 -4.695785790681838989e-02 -1.558224707841873169e-01 6.430000000000000000e+02 5.930000000000000000e+02
4.784020185470581055e-01 7.195370197296142578e-01 4.936783611774444580e-01 5.040426254272460938e-01 -1.084948120117187500e+02 -9.456045532226562500e+01 -4.491032287478446960e-02 -1.480766087770462036e-01 6.320000000000000000e+02 5.820000000000000000e+02
4.784020185470581055e-01 7.182462811470031738e-01 4.906236827373504639e-01 5.013445615768432617e-01 -1.066653442382812500e+02 -9.273097229003906250e+01 -4.415303468704223633e-02 -1.452117413282394409e-01 6.270000000000000000e+02 5.770000000000000000e+02
4.784020185470581055e-01 7.205596566200256348e-01 4.957617223262786865e-01 5.061802268028259277e-01 -1.035469131469726562e+02 -8.961254882812500000e+01 -4.286219179630279541e-02 -1.403284519910812378e-01 6.200000000000000000e+02 5.700000000000000000e+02
4.784020185470581055e-01 7.205594182014465332e-01 4.957613348960876465e-01 5.061796903610229492e-01 -1.013225708007812500e+02 -8.738820648193359375e+01 -4.194144904613494873e-02 -1.368452608585357666e-01 6.150000000000000000e+02 5.650000000000000000e+02
4.784020185470581055e-01 7.304331660270690918e-01 5.154708623886108398e-01 5.268187522888183594e-01 -9.806900024414062500e+01 -8.413462829589843750e+01 -4.059466347098350525e-02 -1.317503303289413452e-01 6.060000000000000000e+02 5.560000000000000000e+02
4.784020185470581055e-01 7.315275669097900391e-01 5.178076624870300293e-01 5.291063785552978516e-01 -9.724977111816406250e+01 -8.331540679931640625e+01 -4.025555402040481567e-02 -1.304674744606018066e-01 6.030000000000000000e+02 5.530000000000000000e+02
4.784020185470581055e-01 7.336216568946838379e-01 5.226650834083557129e-01 5.334836244583129883e-01 -9.470738983154296875e+01 -8.077302551269531250e+01 -3.920315951108932495e-02 -1.264862418174743652e-01 5.940000000000000000e+02 5.440000000000000000e+02
4.784020185470581055e-01 7.330991029739379883e-01 5.214914083480834961e-01 5.323913097381591797e-01 -9.380179595947265625e+01 -7.986743164062500000e+01 -3.882829844951629639e-02 -1.250681281089782715e-01 5.900000000000000000e+02 5.400000000000000000e+02
4.784020185470581055e-01 7.434418201446533203e-01 5.455126166343688965e-01 5.540106296539306641e-01 -7.841256713867187500e+01 -6.447819519042968750e+01 -3.245808556675910950e-02 -1.009694039821624756e-01 5.320000000000000000e+02 4.820000000000000000e+02
4.784020185470581055e-01 7.552992105484008789e-01 5.731595754623413086e-01 5.787960290908813477e-01 -6.777497100830078125e+01 -5.384059906005859375e+01 -2.805476076900959015e-02 -8.431149274110794067e-02 4.780000000000000000e+02 4.280000000000000000e+02
4.784020185470581055e-01 7.610991597175598145e-01 5.876406431198120117e-01 5.909196138381958008e-01 -6.004187393188476562e+01 -4.610750579833984375e+01 -2.485372312366962433e-02 -7.220188528299331665e-02 4.330000000000000000e+02 3.830000000000000000e+02
4.784020185470581055e-01 7.703767418861389160e-01 6.105860471725463867e-01 6.103124618530273438e-01 -5.410902786254882812e+01 -4.017466354370117188e+01 -2.239788137376308441e-02 -6.291137635707855225e-02 3.980000000000000000e+02 3.480000000000000000e+02
4.784020185470581055e-01 7.692134976387023926e-01 6.077775955200195312e-01 6.078809499740600586e-01 -4.995774841308593750e+01 -3.602338409423828125e+01 -2.067950181663036346e-02 -5.641069263219833374e-02 3.670000000000000000e+02 3.170000000000000000e+02
4.784020185470581055e-01 7.700217962265014648e-01 6.095039248466491699e-01 6.095705628395080566e-01 -4.791951370239257812e+01 -3.398514556884765625e+01 -1.983579434454441071e-02 -5.321891978383064270e-02 3.540000000000000000e+02 3.040000000000000000e+02
4.784020185470581055e-01 7.673587799072265625e-01 6.034552454948425293e-01 6.040040850639343262e-01 -4.359841156005859375e+01 -2.966404342651367188e+01 -1.804711855947971344e-02 -4.645230248570442200e-02 3.310000000000000000e+02 2.810000000000000000e+02
4.784020185470581055e-01 7.656557559967041016e-01 6.003617048263549805e-01 6.004442572593688965e-01 -4.118027496337890625e+01 -2.724591064453125000e+01 -1.704615540802478790e-02 -4.266563802957534790e-02 3.160000000000000000e+02 2.660000000000000000e+02
4.784020185470581055e-01 7.527043223381042480e-01 5.716084241867065430e-01 5.733719468116760254e-01 -3.941609191894531250e+01 -2.548172378540039062e+01 -1.631589047610759735e-02 -3.990301489830017090e-02 3.030000000000000000e+02 2.530000000000000000e+02
4.784020185470581055e-01 7.608389258384704590e-01 5.919970273971557617e-01 5.903756618499755859e-01 -2.709173202514648438e+01 -1.315736484527587891e+01 -1.121434662491083145e-02 -2.060372941195964813e-02 2.010000000000000000e+02 1.510000000000000000e+02
4.784020185470581055e-01 7.321630120277404785e-01 5.318521261215209961e-01 5.304346084594726562e-01 -2.223107528686523438e+01 -8.296709060668945312e+00 -9.202327579259872437e-03 -1.299220230430364609e-02 1.490000000000000000e+02 9.900000000000000000e+01
4.784020185470581055e-01 7.120732665061950684e-01 4.861646294593811035e-01 4.884411692619323730e-01 -1.986361694335937500e+01 -5.929250240325927734e+00 -8.222342468798160553e-03 -9.284888394176959991e-03 1.210000000000000000e+02 7.100000000000000000e+01
4.784020185470581055e-01 7.183963060379028320e-01 5.019360780715942383e-01 5.016582012176513672e-01 -1.884349441528320312e+01 -4.909129142761230469e+00 -7.800072897225618362e-03 -7.687433622777462006e-03 1.120000000000000000e+02 6.200000000000000000e+01
4.784020185470581055e-01 6.865319609642028809e-01 4.363525211811065674e-01 4.350523948669433594e-01 -1.791556167602539062e+01 -3.981194972991943359e+00 -7.415964733809232712e-03 -6.234338041394948959e-03 1.010000000000000000e+02 5.100000000000000000e+01
4.784020185470581055e-01 6.769039630889892578e-01 4.179180562496185303e-01 4.149270653724670410e-01 -1.715402793884277344e+01 -3.219662189483642578e+00 -7.100735325366258621e-03 -5.041818600147962570e-03 9.200000000000000000e+01 4.200000000000000000e+01
4.784020185470581055e-01 6.395514011383056641e-01 3.369622230529785156e-01 3.368493020534515381e-01 -1.641185760498046875e+01 -2.477491855621337891e+00 -6.793521344661712646e-03 -3.879619529470801353e-03 8.400000000000000000e+01 3.400000000000000000e+01
4.784020185470581055e-01 6.196873784065246582e-01 2.988617718219757080e-01 2.953276932239532471e-01 -1.595224571228027344e+01 -2.017879486083984375e+00 -6.603269837796688080e-03 -3.159891348332166672e-03 7.800000000000000000e+01 2.800000000000000000e+01
4.784020185470581055e-01 6.241096258163452148e-01 3.085300922393798828e-01 3.045714795589447021e-01 -1.575590896606445312e+01 -1.821542859077453613e+00 -6.521998438984155655e-03 -2.852438716217875481e-03 7.500000000000000000e+01 2.500000000000000000e+01
4.784020185470581055e-01 5.451415777206420898e-01 1.399696767330169678e-01 1.395051777362823486e-01 -1.452845573425292969e+01 -5.940892696380615234e-01 -6.013906560838222504e-03 -9.303119732066988945e-04 5.800000000000000000e+01 8.000000000000000000e+00
4.784020185470581055e-01 4.889596104621887207e-01 2.120330370962619781e-02 2.206845209002494812e-02 -1.404400825500488281e+01 -1.096420288085937500e-01 -5.813374184072017670e-03 -1.716935512376949191e-04 5.200000000000000000e+01 2.000000000000000000e+00
4.784020185470581055e-01 4.799996316432952881e-01 1.466796034947037697e-03 3.339478280395269394e-03 -1.395919227600097656e+01 -2.482604980468750000e-02 -5.778265651315450668e-03 -3.887626371579244733e-05 5.100000000000000000e+01 1.000000000000000000e+00
4.784020185470581055e-01 4.699136912822723389e-01 -1.883925125002861023e-02 -1.774308457970619202e-02 -1.393436622619628906e+01 0.000000000000000000e+00 -5.767988972365856171e-03 0.000000000000000000e+00 5.000000000000000000e+01 0.000000000000000000e+00
4.784020185470581055e-01 4.699136912822723389e-01 -1.883925125002861023e-02 -1.774308457970619202e-02 -1.393436622619628906e+01 0.000000000000000000e+00 -5.767988972365856171e-03 0.000000000000000000e+00 5.000000000000000000e+01 0.000000000000000000e+00
4.784020185470581055e-01 4.699136912822723389e-01 -1.883925125002861023e-02 -1.774308457970619202e-02 -1.393436622619628906e+01 0.000000000000000000e+00 -5.767988972365856171e-03 0.000000000000000000e+00 5.000000000000000000e+01 0.000000000000000000e+00
4.784020185470581055e-01 4.699136912822723389e-01 -1.883925125002861023e-02 -1.774308457970619202e-02 -1.393436622619628906e+01 0.000000000000000000e+00 -5.767988972365856171e-03 0.000000000000000000e+00 5.000000000000000000e+01 0.000000000000000000e+00
4.784020185470581055e-01 4.699136912822723389e-01 -1.883925125002861023e-02 -1.774308457970619202e-02 -1.393436622619628906e+01 0.000000000000000000e+00 -5.767988972365856171e-03 0.000000000000000000e+00 5.000000000000000000e+01 0.000000000000000000e+00
4.784020185470581055e-01 4.699136912822723389e-01 -1.883925125002861023e-02 -1.774308457970619202e-02 -1.393436622619628906e+01 0.000000000000000000e+00 -5.767988972365856171e-03 0.000000000000000000e+00 5.000000000000000000e+01 0.000000000000000000e+00
4.784020185470581055e-01 4.699136912822723389e-01 -1.883925125002861023e-02 -1.774308457970619202e-02 -1.393436622619628906e+01 0.000000000000000000e+00 -5.767988972365856171e-03 0.000000000000000000e+00 5.000000000000000000e+01 0.000000000000000000e+00
4.784020185470581055e-01 4.699136912822723389e-01 -1.883925125002861023e-02 -1.774308457970619202e-02 -1.393436622619628906e+01 0.000000000000000000e+00 -5.767988972365856171e-03 0.000000000000000000e+00 5.000000000000000000e+01 0.000000000000000000e+00
4.784020185470581055e-01 4.699136912822723389e-01 -1.883925125002861023e-02 -1.774308457970619202e-02 -1.393436622619628906e+01 0.000000000000000000e+00 -5.767988972365856171e-03 0.000000000000000000e+00 5.000000000000000000e+01 0.000000000000000000e+00
4.784020185470581055e-01 4.699136912822723389e-01 -1.883925125002861023e-02 -1.774308457970619202e-02 -1.393436622619628906e+01 0.000000000000000000e+00 -5.767988972365856171e-03 0.000000000000000000e+00 5.000000000000000000e+01 0.000000000000000000e+00
4.784020185470581055e-01 4.699136912822723389e-01 -1.883925125002861023e-02 -1.774308457970619202e-02 -1.393436622619628906e+01 0.000000000000000000e+00 -5.767988972365856171e-03 0.000000000000000000e+00 5.000000000000000000e+01 0.000000000000000000e+00
4.784020185470581055e-01 4.699136912822723389e-01 -1.883925125002861023e-02 -1.774308457970619202e-02 -1.393436622619628906e+01 0.000000000000000000e+00 -5.767988972365856171e-03 0.000000000000000000e+00 5.000000000000000000e+01 0.000000000000000000e+00
4.784020185470581055e-01 4.699136912822723389e-01 -1.883925125002861023e-02 -1.774308457970619202e-02 -1.393436622619628906e+01 0.000000000000000000e+00 -5.767988972365856171e-03 0.000000000000000000e+00 5.000000000000000000e+01 0.000000000000000000e+00
4.784020185470581055e-01 4.699136912822723389e-01 -1.883925125002861023e-02 -1.774308457970619202e-02 -1.393436622619628906e+01 0.000000000000000000e+00 -5.767988972365856171e-03 0.000000000000000000e+00 5.000000000000000000e+01 0.000000000000000000e+00
4.784020185470581055e-01 4.699136912822723389e-01 -1.883925125002861023e-02 -1.774308457970619202e-02 -1.393436622619628906e+01 0.000000000000000000e+00 -5.767988972365856171e-03 0.000000000000000000e+00 5.000000000000000000e+01 0.000000000000000000e+00
4.784020185470581055e-01 4.699136912822723389e-01 -1.883925125002861023e-02 -1.774308457970619202e-02 -1.393436622619628906e+01 0.000000000000000000e+00 -5.767988972365856171e-03 0.000000000000000000e+00 5.000000000000000000e+01 0.000000000000000000e+00
4.784020185470581055e-01 4.699136912822723389e-01 -1.883925125002861023e-02 -1.774308457970619202e-02 -1.393436622619628906e+01 0.000000000000000000e+00 -5.767988972365856171e-03 0.000000000000000000e+00 5.000000000000000000e+01 0.000000000000000000e+00
4.784020185470581055e-01 4.699136912822723389e-01 -1.883925125002861023e-02 -1.774308457970619202e-02 -1.393436622619628906e+01 0.000000000000000000e+00 -5.767988972365856171e-03 0.000000000000000000e+00 5.000000000000000000e+01 0.000000000000000000e+00
4.784020185470581055e-01 4.699136912822723389e-01 -1.883925125002861023e-02 -1.774308457970619202e-02 -1.393436622619628906e+01 0.000000000000000000e+00 -5.767988972365856171e-03 0.000000000000000000e+00 5.000000000000000000e+01 0.000000000000000000e+00
4.784020185470581055e-01 4.699136912822723389e-01 -1.883925125002861023e-02 -1.774308457970619202e-02 -1.393436622619628906e+01 0.000000000000000000e+00 -5.767988972365856171e-03 0.000000000000000000e+00 5.000000000000000000e+01 0.000000000000000000e+00
4.784020185470581055e-01 4.699136912822723389e-01 -1.883925125002861023e-02 -1.774308457970619202e-02 -1.393436622619628906e+01 0.000000000000000000e+00 -5.767988972365856171e-03 0.000000000000000000e+00 5.000000000000000000e+01 0.000000000000000000e+00
4.784020185470581055e-01 4.699136912822723389e-01 -1.883925125002861023e-02 -1.774308457970619202e-02 -1.393436622619628906e+01 0.000000000000000000e+00 -5.767988972365856171e-03 0.000000000000000000e+00 5.000000000000000000e+01 0.000000000000000000e+00
4.784020185470581055e-01 4.699136912822723389e-01 -1.883925125002861023e-02 -1.774308457970619202e-02 -1.393436622619628906e+01 0.000000000000000000e+00 -5.767988972365856171e-03 0.000000000000000000e+00 5.000000000000000000e+01 0.000000000000000000e+00
4.784020185470581055e-01 4.699136912822723389e-01 -1.883925125002861023e-02 -1.774308457970619202e-02 -1.393436622619628906e+01 0.000000000000000000e+00 -5.767988972365856171e-03 0.000000000000000000e+00 5.000000000000000000e+01 0.000000000000000000e+00
4.784020185470581055e-01 4.699136912822723389e-01 -1.883925125002861023e-02 -1.774308457970619202e-02 -1.393436622619628906e+01 0.000000000000000000e+00 -5.767988972365856171e-03 0.000000000000000000e+00 5.000000000000000000e+01 0.000000000000000000e+00
4.784020185470581055e-01 4.699136912822723389e-01 -1.883925125002861023e-02 -1.774308457970619202e-02 -1.393436622619628906e+01 0.000000000000000000e+00 -5.767988972365856171e-03 0.000000000000000000e+00 5.000000000000000000e+01 0.000000000000000000e+00
4.784020185470581055e-01 4.699136912822723389e-01 -1.883925125002861023e-02 -1.774308457970619202e-02 -1.393436622619628906e+01 0.000000000000000000e+00 -5.767988972365856171e-03 0.000000000000000000e+00 5.000000000000000000e+01 0.000000000000000000e+00
4.784020185470581055e-01 4.699136912822723389e-01 -1.883925125002861023e-02 -1.774308457970619202e-02 -1.393436622619628906e+01 0.000000000000000000e+00 -5.767988972365856171e-03 0.000000000000000000e+00 5.000000000000000000e+01 0.000000000000000000e+00
4.784020185470581055e-01 4.699136912822723389e-01 -1.883925125002861023e-02 -1.774308457970619202e-02 -1.393436622619628906e+01 0.000000000000000000e+00 -5.767988972365856171e-03 0.000000000000000000e+00 5.000000000000000000e+01 0.000000000000000000e+00
4.784020185470581055e-01 4.699136912822723389e-01 -1.883925125002861023e-02 -1.774308457970619202e-02 -1.393436622619628906e+01 0.000000000000000000e+00 -5.767988972365856171e-03 0.000000000000000000e+00 5.000000000000000000e+01 0.000000000000000000e+00
4.784020185470581055e-01 4.699136912822723389e-01 -1.883925125002861023e-02 -1.774308457970619202e-02 -1.393436622619628906e+01 0.000000000000000000e+00 -5.767988972365856171e-03 0.000000000000000000e+00 5.000000000000000000e+01 0.000000000000000000e+00
4.784020185470581055e-01 4.699136912822723389e-01 -1.883925125002861023e-02 -1.774308457970619202e-02 -1.393436622619628906e+01 0.000000000000000000e+00 -5.767988972365856171e-03 0.000000000000000000e+00 5.000000000000000000e+01 0.000000000000000000e+00
4.784020185470581055e-01 4.699136912822723389e-01 -1.883925125002861023e-02 -1.774308457970619202e-02 -1.393436622619628906e+01 0.000000000000000000e+00 -5.767988972365856171e-03 0.000000000000000000e+00 5.000000000000000000e+01 0.000000000000000000e+00
4.784020185470581055e-01 4.699136912822723389e-01 -1.883925125002861023e-02 -1.774308457970619202e-02 -1.393436622619628906e+01 0.000000000000000000e+00 -5.767988972365856171e-03 0.000000000000000000e+00 5.000000000000000000e+01 0.000000000000000000e+00
4.784020185470581055e-01 4.699136912822723389e-01 -1.883925125002861023e-02 -1.774308457970619202e-02 -1.393436622619628906e+01 0.000000000000000000e+00 -5.767988972365856171e-03 0.000000000000000000e+00 5.000000000000000000e+01 0.000000000000000000e+00
4.784020185470581055e-01 4.699136912822723389e-01 -1.883925125002861023e-02 -1.774308457970619202e-02 -1.393436622619628906e+01 0.000000000000000000e+00 -5.767988972365856171e-03 0.000000000000000000e+00 5.000000000000000000e+01 0.000000000000000000e+00
4.784020185470581055e-01 4.699136912822723389e-01 -1.883925125002861023e-02 -1.774308457970619202e-02 -1.393436622619628906e+01 0.000000000000000000e+00 -5.767988972365856171e-03 0.000000000000000000e+00 5.000000000000000000e+01 0.000000000000000000e+00
4.784020185470581055e-01 4.699136912822723389e-01 -1.883925125002861023e-02 -1.774308457970619202e-02 -1.393436622619628906e+01 0.000000000000000000e+00 -5.767988972365856171e-03 0.000000000000000000e+00 5.000000000000000000e+01 0.000000000000000000e+00
4.784020185470581055e-01 4.699136912822723389e-01 -1.883925125002861023e-02 -1.774308457970619202e-02 -1.393436622619628906e+01 0.000000000000000000e+00 -5.767988972365856171e-03 0.000000000000000000e+00 5.000000000000000000e+01 0.000000000000000000e+00
4.784020185470581055e-01 4.699136912822723389e-01 -1.883925125002861023e-02 -1.774308457970619202e-02 -1.393436622619628906e+01 0.000000000000000000e+00 -5.767988972365856171e-03 0.000000000000000000e+00 5.000000000000000000e+01 0.000000000000000000e+00
4.784020185470581055e-01 4.699136912822723389e-01 -1.883925125002861023e-02 -1.774308457970619202e-02 -1.393436622619628906e+01 0.000000000000000000e+00 -5.767988972365856171e-03 0.000000000000000000e+00 5.000000000000000000e+01 0.000000000000000000e+00
4.784020185470581055e-01 4.699136912822723389e-01 -1.883925125002861023e-02 -1.774308457970619202e-02 -1.393436622619628906e+01 0.000000000000000000e+00 -5.767988972365856171e-03 0.000000000000000000e+00 5.000000000000000000e+01 0.000000000000000000e+00
4.784020185470581055e-01 4.699136912822723389e-01 -1.883925125002861023e-02 -1.774308457970619202e-02 -1.393436622619628906e+01 0.000000000000000000e+00 -5.767988972365856171e-03 0.000000000000000000e+00 5.000000000000000000e+01 0.000000000000000000e+00
4.784020185470581055e-01 4.699136912822723389e-01 -1.883925125002861023e-02 -1.774308457970619202e-02 -1.393436622619628906e+01 0.000000000000000000e+00 -5.767988972365856171e-03 0.000000000000000000e+00 5.000000000000000000e+01 0.000000000000000000e+00
4.784020185470581055e-01 4.699136912822723389e-01 -1.883925125002861023e-02 -1.774308457970619202e-02 -1.393436622619628906e+01 0.000000000000000000e+00 -5.767988972365856171e-03 0.000000000000000000e+00 5.000000000000000000e+01 0.000000000000000000e+00
4.784020185470581055e-01 4.699136912822723389e-01 -1.883925125002861023e-02 -1.774308457970619202e-02 -1.393436622619628906e+01 0.000000000000000000e+00 -5.767988972365856171e-03 0.000000000000000000e+00 5.000000000000000000e+01 0.000000000000000000e+00
4.784020185470581055e-01 4.699136912822723389e-01 -1.883925125002861023e-02 -1.774308457970619202e-02 -1.393436622619628906e+01 0.000000000000000000e+00 -5.767988972365856171e-03 0.000000000000000000e+00 5.000000000000000000e+01 0.000000000000000000e+00
4.784020185470581055e-01 4.699136912822723389e-01 -1.883925125002861023e-02 -1.774308457970619202e-02 -1.393436622619628906e+01 0.000000000000000000e+00 -5.767988972365856171e-03 0.000000000000000000e+00 5.000000000000000000e+01 0.000000000000000000e+00
4.784020185470581055e-01 4.699136912822723389e-01 -1.883925125002861023e-02 -1.774308457970619202e-02 -1.393436622619628906e+01 0.000000000000000000e+00 -5.767988972365856171e-03 0.000000000000000000e+00 5.000000000000000000e+01 0.000000000000000000e+00
4.784020185470581055e-01 4.699136912822723389e-01 -1.883925125002861023e-02 -1.774308457970619202e-02 -1.393436622619628906e+01 0.000000000000000000e+00 -5.767988972365856171e-03 0.000000000000000000e+00 5.000000000000000000e+01 0.000000000000000000e+00
4.784020185470581055e-01 4.699136912822723389e-01 -1.883925125002861023e-02 -1.774308457970619202e-02 -1.393436622619628906e+01 0.000000000000000000e+00 -5.767988972365856171e-03 0.000000000000000000e+00 5.000000000000000000e+01 0.000000000000000000e+00
4.784020185470581055e-01 4.699136912822723389e-01 -1.883925125002861023e-02 -1.774308457970619202e-02 -1.393436622619628906e+01 0.000000000000000000e+00 -5.767988972365856171e-03 0.000000000000000000e+00 5.000000000000000000e+01 0.000000000000000000e+00
4.784020185470581055e-01 4.699136912822723389e-01 -1.883925125002861023e-02 -1.774308457970619202e-02 -1.393436622619628906e+01 0.000000000000000000e+00 -5.767988972365856171e-03 0.000000000000000000e+00 5.000000000000000000e+01 0.000000000000000000e+00
4.784020185470581055e-01 4.699136912822723389e-01 -1.883925125002861023e-02 -1.774308457970619202e-02 -1.393436622619628906e+01 0.000000000000000000e+00 -5.767988972365856171e-03 0.000000000000000000e+00 5.000000000000000000e+01 0.000000000000000000e+00
4.784020185470581055e-01 4.699136912822723389e-01 -1.883925125002861023e-02 -1.774308457970619202e-02 -1.393436622619628906e+01 0.000000000000000000e+00 -5.767988972365856171e-03 0.000000000000000000e+00 5.000000000000000000e+01 0.000000000000000000e+00
4.784020185470581055e-01 4.699136912822723389e-01 -1.883925125002861023e-02 -1.774308457970619202e-02 -1.393436622619628906e+01 0.000000000000000000e+00 -5.767988972365856171e-03 0.000000000000000000e+00 5.000000000000000000e+01 0.000000000000000000e+00
4.784020185470581055e-01 4.699136912822723389e-01 -1.883925125002861023e-02 -1.774308457970619202e-02 -1.393436622619628906e+01 0.000000000000000000e+00 -5.767988972365856171e-03 0.000000000000000000e+00 5.000000000000000000e+01 0.000000000000000000e+00
4.784020185470581055e-01 4.699136912822723389e-01 -1.883925125002861023e-02 -1.774308457970619202e-02 -1.393436622619628906e+01 0.000000000000000000e+00 -5.767988972365856171e-03 0.000000000000000000e+00 5.000000000000000000e+01 0.000000000000000000e+00
4.784020185470581055e-01 4.699136912822723389e-01 -1.883925125002861023e-02 -1.774308457970619202e-02 -1.393436622619628906e+01 0.000000000000000000e+00 -5.767988972365856171e-03 0.000000000000000000e+00 5.000000000000000000e+01 0.000000000000000000e+00
