4.463213682174682617e-01 3.572014868259429932e-01 -2.043037563562393188e-01 -1.996764838695526123e-01 -6.573474884033203125e+01 -3.084754943847656250e+01 -2.721023000776767731e-02 -3.140781447291374207e-02 1.560000000000000000e+02 1.060000000000000000e+02
4.463213682174682617e-01 3.702228963375091553e-01 -1.742345541715621948e-01 -1.705015152692794800e-01 -5.452803039550781250e+01 -1.964082717895507812e+01 -2.257132343947887421e-02 -1.999755203723907471e-02 1.230000000000000000e+02 7.300000000000000000e+01
4.463213682174682617e-01 3.758295476436614990e-01 -1.603514403104782104e-01 -1.579395979642868042e-01 -4.787039947509765625e+01 -1.298320102691650391e+01 -1.981546543538570404e-02 -1.321900729089975357e-02 1.010000000000000000e+02 5.100000000000000000e+01
4.463213682174682617e-01 3.762756288051605225e-01 -1.589606851339340210e-01 -1.569401472806930542e-01 -4.563895416259765625e+01 -1.075175476074218750e+01 -1.889178156852722168e-02 -1.094703283160924911e-02 9.200000000000000000e+01 4.200000000000000000e+01
4.463213682174682617e-01 3.758501410484313965e-01 -1.599677205085754395e-01 -1.578934639692306519e-01 -4.493619537353515625e+01 -1.004899406433105469e+01 -1.860088109970092773e-02 -1.023150794208049774e-02 8.700000000000000000e+01 3.700000000000000000e+01
4.463213682174682617e-01 3.771197795867919922e-01 -1.572415679693222046e-01 -1.550487875938415527e-01 -4.378621673583984375e+01 -8.899013519287109375e+00 -1.812485978007316589e-02 -9.060640819370746613e-03 8.300000000000000000e+01 3.300000000000000000e+01
4.463213682174682617e-01 3.818815052509307861e-01 -1.463165283203125000e-01 -1.443799585103988647e-01 -4.277423095703125000e+01 -7.887029647827148438e+00 -1.770595833659172058e-02 -8.030277676880359650e-03 7.800000000000000000e+01 2.800000000000000000e+01
4.463213682174682617e-01 3.781883120536804199e-01 -1.544492244720458984e-01 -1.526547074317932129e-01 -4.114012145996093750e+01 -6.252917289733886719e+00 -1.702953502535820007e-02 -6.366485264152288437e-03 7.500000000000000000e+01 2.500000000000000000e+01
4.463213682174682617e-01 3.829402923583984375e-01 -1.449131220579147339e-01 -1.420077085494995117e-01 -4.035954284667968750e+01 -5.472339630126953125e+00 -1.670642197132110596e-02 -5.571730434894561768e-03 7.100000000000000000e+01 2.100000000000000000e+01
4.463213682174682617e-01 3.829402923583984375e-01 -1.449131220579147339e-01 -1.420077085494995117e-01 -4.035954284667968750e+01 -5.472339630126953125e+00 -1.670642197132110596e-02 -5.571730434894561768e-03 7.100000000000000000e+01 2.100000000000000000e+01
4.463213682174682617e-01 3.826687633991241455e-01 -1.455048173666000366e-01 -1.426160782575607300e-01 -4.029814147949218750e+01 -5.410937786102294922e+00 -1.668100617825984955e-02 -5.509213544428348541e-03 7.000000000000000000e+01 2.000000000000000000e+01
4.463213682174682617e-01 3.913123309612274170e-01 -1.273245662450790405e-01 -1.232498437166213989e-01 -3.789311218261718750e+01 -3.005911350250244141e+00 -1.568546891212463379e-02 -3.060505958274006844e-03 6.300000000000000000e+01 1.300000000000000000e+01
4.463213682174682617e-01 3.935627937316894531e-01 -1.215883716940879822e-01 -1.182075962424278259e-01 -3.763192749023437500e+01 -2.744726896286010742e+00 -1.557735353708267212e-02 -2.794577740132808685e-03 6.100000000000000000e+01 1.100000000000000000e+01
4.463213682174682617e-01 3.962560594081878662e-01 -1.162101998925209045e-01 -1.121732294559478760e-01 -3.742020416259765625e+01 -2.533004522323608398e+00 -1.548971328884363174e-02 -2.579010091722011566e-03 6.000000000000000000e+01 1.000000000000000000e+01
4.463213682174682617e-01 4.113205671310424805e-01 -8.058435469865798950e-02 -7.842062413692474365e-02 -3.647746276855468750e+01 -1.590259075164794922e+00 -1.509947422891855240e-02 -1.619142014533281326e-03 5.700000000000000000e+01 7.000000000000000000e+00
4.463213682174682617e-01 4.108535647392272949e-01 -8.150298893451690674e-02 -7.946696132421493530e-02 -3.622707366943359375e+01 -1.339874148368835449e+00 -1.499582827091217041e-02 -1.364209572784602642e-03 5.600000000000000000e+01 6.000000000000000000e+00
4.463213682174682617e-01 4.142127037048339844e-01 -7.294481992721557617e-02 -7.194068282842636108e-02 -3.582894897460937500e+01 -9.417454600334167480e-01 -1.483102887868881226e-02 -9.588498505763709545e-04 5.400000000000000000e+01 4.000000000000000000e+00
4.463213682174682617e-01 4.142127037048339844e-01 -7.294481992721557617e-02 -7.194068282842636108e-02 -3.582894897460937500e+01 -9.417454600334167480e-01 -1.483102887868881226e-02 -9.588498505763709545e-04 5.400000000000000000e+01 4.000000000000000000e+00
4.463213682174682617e-01 4.142127037048339844e-01 -7.294481992721557617e-02 -7.194068282842636108e-02 -3.582894897460937500e+01 -9.417454600334167480e-01 -1.483102887868881226e-02 -9.588498505763709545e-04 5.400000000000000000e+01 4.000000000000000000e+00
4.463213682174682617e-01 4.142127037048339844e-01 -7.294481992721557617e-02 -7.194068282842636108e-02 -3.582894897460937500e+01 -9.417454600334167480e-01 -1.483102887868881226e-02 -9.588498505763709545e-04 5.400000000000000000e+01 4.000000000000000000e+00
4.463213682174682617e-01 4.133463501930236816e-01 -7.506091147661209106e-02 -7.388178259134292603e-02 -3.559056854248046875e+01 -7.033655643463134766e-01 -1.473235338926315308e-02 -7.161403773352503777e-04 5.300000000000000000e+01 3.000000000000000000e+00
4.463213682174682617e-01 4.133463501930236816e-01 -7.506091147661209106e-02 -7.388178259134292603e-02 -3.559056854248046875e+01 -7.033655643463134766e-01 -1.473235338926315308e-02 -7.161403773352503777e-04 5.300000000000000000e+01 3.000000000000000000e+00
4.463213682174682617e-01 4.032309651374816895e-01 -9.860239923000335693e-02 -9.654568880796432495e-02 -3.491942596435546875e+01 -3.222304582595825195e-02 -1.445454079657793045e-02 -3.280829332652501762e-05 5.100000000000000000e+01 1.000000000000000000e+00
4.463213682174682617e-01 4.032309651374816895e-01 -9.860239923000335693e-02 -9.654568880796432495e-02 -3.491942596435546875e+01 -3.222304582595825195e-02 -1.445454079657793045e-02 -3.280829332652501762e-05 5.100000000000000000e+01 1.000000000000000000e+00
4.463213682174682617e-01 4.036797881126403809e-01 -9.776320308446884155e-02 -9.554008394479751587e-02 -3.488719940185546875e+01 0.000000000000000000e+00 -1.444120146334171295e-02 0.000000000000000000e+00 5.000000000000000000e+01 0.000000000000000000e+00
4.463213682174682617e-01 4.036797881126403809e-01 -9.776320308446884155e-02 -9.554008394479751587e-02 -3.488719940185546875e+01 0.000000000000000000e+00 -1.444120146334171295e-02 0.000000000000000000e+00 5.000000000000000000e+01 0.000000000000000000e+00
4.463213682174682617e-01 4.036797881126403809e-01 -9.776320308446884155e-02 -9.554008394479751587e-02 -3.488719940185546875e+01 0.000000000000000000e+00 -1.444120146334171295e-02 0.000000000000000000e+00 5.000000000000000000e+01 0.000000000000000000e+00
4.463213682174682617e-01 4.036797881126403809e-01 -9.776320308446884155e-02 -9.554008394479751587e-02 -3.488719940185546875e+01 0.000000000000000000e+00 -1.444120146334171295e-02 0.000000000000000000e+00 5.000000000000000000e+01 0.000000000000000000e+00
4.463213682174682617e-01 4.036797881126403809e-01 -9.776320308446884155e-02 -9.554008394479751587e-02 -3.488719940185546875e+01 0.000000000000000000e+00 -1.444120146334171295e-02 0.000000000000000000e+00 5.000000000000000000e+01 0.000000000000000000e+00
4.463213682174682617e-01 4.036797881126403809e-01 -9.776320308446884155e-02 -9.554008394479751587e-02 -3.488719940185546875e+01 0.000000000000000000e+00 -1.444120146334171295e-02 0.000000000000000000e+00 5.000000000000000000e+01 0.000000000000000000e+00
4.463213682174682617e-01 4.036797881126403809e-01 -9.776320308446884155e-02 -9.554008394479751587e-02 -3.488719940185546875e+01 0.000000000000000000e+00 -1.444120146334171295e-02 0.000000000000000000e+00 5.000000000000000000e+01 0.000000000000000000e+00
4.463213682174682617e-01 4.036797881126403809e-01 -9.776320308446884155e-02 -9.554008394479751587e-02 -3.488719940185546875e+01 0.000000000000000000e+00 -1.444120146334171295e-02 0.000000000000000000e+00 5.000000000000000000e+01 0.000000000000000000e+00
4.463213682174682617e-01 4.036797881126403809e-01 -9.776320308446884155e-02 -9.554008394479751587e-02 -3.488719940185546875e+01 0.000000000000000000e+00 -1.444120146334171295e-02 0.000000000000000000e+00 5.000000000000000000e+01 0.000000000000000000e+00
4.463213682174682617e-01 4.036797881126403809e-01 -9.776320308446884155e-02 -9.554008394479751587e-02 -3.488719940185546875e+01 0.000000000000000000e+00 -1.444120146334171295e-02 0.000000000000000000e+00 5.000000000000000000e+01 0.000000000000000000e+00
4.463213682174682617e-01 4.036797881126403809e-01 -9.776320308446884155e-02 -9.554008394479751587e-02 -3.488719940185546875e+01 0.000000000000000000e+00 -1.444120146334171295e-02 0.000000000000000000e+00 5.000000000000000000e+01 0.000000000000000000e+00
4.463213682174682617e-01 4.036797881126403809e-01 -9.776320308446884155e-02 -9.554008394479751587e-02 -3.488719940185546875e+01 0.000000000000000000e+00 -1.444120146334171295e-02 0.000000000000000000e+00 5.000000000000000000e+01 0.000000000000000000e+00
4.463213682174682617e-01 4.036797881126403809e-01 -9.776320308446884155e-02 -9.554008394479751587e-02 -3.488719940185546875e+01 0.000000000000000000e+00 -1.444120146334171295e-02 0.000000000000000000e+00 5.000000000000000000e+01 0.000000000000000000e+00
4.463213682174682617e-01 4.036797881126403809e-01 -9.776320308446884155e-02 -9.554008394479751587e-02 -3.488719940185546875e+01 0.000000000000000000e+00 -1.444120146334171295e-02 0.000000000000000000e+00 5.000000000000000000e+01 0.000000000000000000e+00
4.463213682174682617e-01 4.036797881126403809e-01 -9.776320308446884155e-02 -9.554008394479751587e-02 -3.488719940185546875e+01 0.000000000000000000e+00 -1.444120146334171295e-02 0.000000000000000000e+00 5.000000000000000000e+01 0.000000000000000000e+00
4.463213682174682617e-01 4.036797881126403809e-01 -9.776320308446884155e-02 -9.554008394479751587e-02 -3.488719940185546875e+01 0.000000000000000000e+00 -1.444120146334171295e-02 0.000000000000000000e+00 5.000000000000000000e+01 0.000000000000000000e+00
4.463213682174682617e-01 4.036797881126403809e-01 -9.776320308446884155e-02 -9.554008394479751587e-02 -3.488719940185546875e+01 0.000000000000000000e+00 -1.444120146334171295e-02 0.000000000000000000e+00 5.000000000000000000e+01 0.000000000000000000e+00
4.463213682174682617e-01 4.036797881126403809e-01 -9.776320308446884155e-02 -9.554008394479751587e-02 -3.488719940185546875e+01 0.000000000000000000e+00 -1.444120146334171295e-02 0.000000000000000000e+00 5.000000000000000000e+01 0.000000000000000000e+00
4.463213682174682617e-01 4.036797881126403809e-01 -9.776320308446884155e-02 -9.554008394479751587e-02 -3.488719940185546875e+01 0.000000000000000000e+00 -1.444120146334171295e-02 0.000000000000000000e+00 5.000000000000000000e+01 0.000000000000000000e+00
4.463213682174682617e-01 4.036797881126403809e-01 -9.776320308446884155e-02 -9.554008394479751587e-02 -3.488719940185546875e+01 0.000000000000000000e+00 -1.444120146334171295e-02 0.000000000000000000e+00 5.000000000000000000e+01 0.000000000000000000e+00
4.463213682174682617e-01 4.036797881126403809e-01 -9.776320308446884155e-02 -9.554008394479751587e-02 -3.488719940185546875e+01 0.000000000000000000e+00 -1.444120146334171295e-02 0.000000000000000000e+00 5.000000000000000000e+01 0.000000000000000000e+00
4.463213682174682617e-01 4.036797881126403809e-01 -9.776320308446884155e-02 -9.554008394479751587e-02 -3.488719940185546875e+01 0.000000000000000000e+00 -1.444120146334171295e-02 0.000000000000000000e+00 5.000000000000000000e+01 0.000000000000000000e+00
4.463213682174682617e-01 4.036797881126403809e-01 -9.776320308446884155e-02 -9.554008394479751587e-02 -3.488719940185546875e+01 0.000000000000000000e+00 -1.444120146334171295e-02 0.000000000000000000e+00 5.000000000000000000e+01 0.000000000000000000e+00
4.463213682174682617e-01 4.036797881126403809e-01 -9.776320308446884155e-02 -9.554008394479751587e-02 -3.488719940185546875e+01 0.000000000000000000e+00 -1.444120146334171295e-02 0.000000000000000000e+00 5.000000000000000000e+01 0.000000000000000000e+00
4.463213682174682617e-01 4.036797881126403809e-01 -9.776320308446884155e-02 -9.554008394479751587e-02 -3.488719940185546875e+01 0.000000000000000000e+00 -1.444120146334171295e-02 0.000000000000000000e+00 5.000000000000000000e+01 0.000000000000000000e+00
4.463213682174682617e-01 4.036797881126403809e-01 -9.776320308446884155e-02 -9.554008394479751587e-02 -3.488719940185546875e+01 0.000000000000000000e+00 -1.444120146334171295e-02 0.000000000000000000e+00 5.000000000000000000e+01 0.000000000000000000e+00
4.463213682174682617e-01 4.036797881126403809e-01 -9.776320308446884155e-02 -9.554008394479751587e-02 -3.488719940185546875e+01 0.000000000000000000e+00 -1.444120146334171295e-02 0.000000000000000000e+00 5.000000000000000000e+01 0.000000000000000000e+00
4.463213682174682617e-01 4.036797881126403809e-01 -9.776320308446884155e-02 -9.554008394479751587e-02 -3.488719940185546875e+01 0.000000000000000000e+00 -1.444120146334171295e-02 0.000000000000000000e+00 5.000000000000000000e+01 0.000000000000000000e+00
4.463213682174682617e-01 4.036797881126403809e-01 -9.776320308446884155e-02 -9.554008394479751587e-02 -3.488719940185546875e+01 0.000000000000000000e+00 -1.444120146334171295e-02 0.000000000000000000e+00 5.000000000000000000e+01 0.000000000000000000e+00
4.463213682174682617e-01 4.036797881126403809e-01 -9.776320308446884155e-02 -9.554008394479751587e-02 -3.488719940185546875e+01 0.000000000000000000e+00 -1.444120146334171295e-02 0.000000000000000000e+00 5.000000000000000000e+01 0.000000000000000000e+00
4.463213682174682617e-01 4.036797881126403809e-01 -9.776320308446884155e-02 -9.554008394479751587e-02 -3.488719940185546875e+01 0.000000000000000000e+00 -1.444120146334171295e-02 0.000000000000000000e+00 5.000000000000000000e+01 0.000000000000000000e+00
4.463213682174682617e-01 4.036797881126403809e-01 -9.776320308446884155e-02 -9.554008394479751587e-02 -3.488719940185546875e+01 0.000000000000000000e+00 -1.444120146334171295e-02 0.000000000000000000e+00 5.000000000000000000e+01 0.000000000000000000e+00
4.463213682174682617e-01 4.036797881126403809e-01 -9.776320308446884155e-02 -9.554008394479751587e-02 -3.488719940185546875e+01 0.000000000000000000e+00 -1.444120146334171295e-02 0.000000000000000000e+00 5.000000000000000000e+01 0.000000000000000000e+00
4.463213682174682617e-01 4.036797881126403809e-01 -9.776320308446884155e-02 -9.554008394479751587e-02 -3.488719940185546875e+01 0.000000000000000000e+00 -1.444120146334171295e-02 0.000000000000000000e+00 5.000000000000000000e+01 0.000000000000000000e+00
4.463213682174682617e-01 4.036797881126403809e-01 -9.776320308446884155e-02 -9.554008394479751587e-02 -3.488719940185546875e+01 0.000000000000000000e+00 -1.444120146334171295e-02 0.000000000000000000e+00 5.000000000000000000e+01 0.000000000000000000e+00
4.463213682174682617e-01 4.036797881126403809e-01 -9.776320308446884155e-02 -9.554008394479751587e-02 -3.488719940185546875e+01 0.000000000000000000e+00 -1.444120146334171295e-02 0.000000000000000000e+00 5.000000000000000000e+01 0.000000000000000000e+00
4.463213682174682617e-01 4.036797881126403809e-01 -9.776320308446884155e-02 -9.554008394479751587e-02 -3.488719940185546875e+01 0.000000000000000000e+00 -1.444120146334171295e-02 0.000000000000000000e+00 5.000000000000000000e+01 0.000000000000000000e+00
4.463213682174682617e-01 4.036797881126403809e-01 -9.776320308446884155e-02 -9.554008394479751587e-02 -3.488719940185546875e+01 0.000000000000000000e+00 -1.444120146334171295e-02 0.000000000000000000e+00 5.000000000000000000e+01 0.000000000000000000e+00
4.463213682174682617e-01 4.036797881126403809e-01 -9.776320308446884155e-02 -9.554008394479751587e-02 -3.488719940185546875e+01 0.000000000000000000e+00 -1.444120146334171295e-02 0.000000000000000000e+00 5.000000000000000000e+01 0.000000000000000000e+00
4.463213682174682617e-01 4.036797881126403809e-01 -9.776320308446884155e-02 -9.554008394479751587e-02 -3.488719940185546875e+01 0.000000000000000000e+00 -1.444120146334171295e-02 0.000000000000000000e+00 5.000000000000000000e+01 0.000000000000000000e+00
4.463213682174682617e-01 4.036797881126403809e-01 -9.776320308446884155e-02 -9.554008394479751587e-02 -3.488719940185546875e+01 0.000000000000000000e+00 -1.444120146334171295e-02 0.000000000000000000e+00 5.000000000000000000e+01 0.000000000000000000e+00
4.463213682174682617e-01 4.036797881126403809e-01 -9.776320308446884155e-02 -9.554008394479751587e-02 -3.488719940185546875e+01 0.000000000000000000e+00 -1.444120146334171295e-02 0.000000000000000000e+00 5.000000000000000000e+01 0.000000000000000000e+00
4.463213682174682617e-01 4.036797881126403809e-01 -9.776320308446884155e-02 -9.554008394479751587e-02 -3.488719940185546875e+01 0.000000000000000000e+00 -1.444120146334171295e-02 0.000000000000000000e+00 5.000000000000000000e+01 0.000000000000000000e+00
4.463213682174682617e-01 4.036797881126403809e-01 -9.776320308446884155e-02 -9.554008394479751587e-02 -3.488719940185546875e+01 0.000000000000000000e+00 -1.444120146334171295e-02 0.000000000000000000e+00 5.000000000000000000e+01 0.000000000000000000e+00
4.463213682174682617e-01 4.036797881126403809e-01 -9.776320308446884155e-02 -9.554008394479751587e-02 -3.488719940185546875e+01 0.000000000000000000e+00 -1.444120146334171295e-02 0.000000000000000000e+00 5.000000000000000000e+01 0.000000000000000000e+00
4.463213682174682617e-01 4.036797881126403809e-01 -9.776320308446884155e-02 -9.554008394479751587e-02 -3.488719940185546875e+01 0.000000000000000000e+00 -1.444120146334171295e-02 0.000000000000000000e+00 5.000000000000000000e+01 0.000000000000000000e+00
4.463213682174682617e-01 4.036797881126403809e-01 -9.776320308446884155e-02 -9.554008394479751587e-02 -3.488719940185546875e+01 0.000000000000000000e+00 -1.444120146334171295e-02 0.000000000000000000e+00 5.000000000000000000e+01 0.000000000000000000e+00
4.463213682174682617e-01 4.036797881126403809e-01 -9.776320308446884155e-02 -9.554008394479751587e-02 -3.488719940185546875e+01 0.000000000000000000e+00 -1.444120146334171295e-02 0.000000000000000000e+00 5.000000000000000000e+01 0.000000000000000000e+00
4.463213682174682617e-01 4.036797881126403809e-01 -9.776320308446884155e-02 -9.554008394479751587e-02 -3.488719940185546875e+01 0.000000000000000000e+00 -1.444120146334171295e-02 0.000000000000000000e+00 5.000000000000000000e+01 0.000000000000000000e+00
4.463213682174682617e-01 4.036797881126403809e-01 -9.776320308446884155e-02 -9.554008394479751587e-02 -3.488719940185546875e+01 0.000000000000000000e+00 -1.444120146334171295e-02 0.000000000000000000e+00 5.000000000000000000e+01 0.000000000000000000e+00
4.463213682174682617e-01 4.036797881126403809e-01 -9.776320308446884155e-02 -9.554008394479751587e-02 -3.488719940185546875e+01 0.000000000000000000e+00 -1.444120146334171295e-02 0.000000000000000000e+00 5.000000000000000000e+01 0.000000000000000000e+00
4.463213682174682617e-01 4.036797881126403809e-01 -9.776320308446884155e-02 -9.554008394479751587e-02 -3.488719940185546875e+01 0.000000000000000000e+00 -1.444120146334171295e-02 0.000000000000000000e+00 5.000000000000000000e+01 0.000000000000000000e+00
4.463213682174682617e-01 4.036797881126403809e-01 -9.776320308446884155e-02 -9.554008394479751587e-02 -3.488719940185546875e+01 0.000000000000000000e+00 -1.444120146334171295e-02 0.000000000000000000e+00 5.000000000000000000e+01 0.000000000000000000e+00
4.463213682174682617e-01 4.036797881126403809e-01 -9.776320308446884155e-02 -9.554008394479751587e-02 -3.488719940185546875e+01 0.000000000000000000e+00 -1.444120146334171295e-02 0.000000000000000000e+00 5.000000000000000000e+01 0.000000000000000000e+00
4.463213682174682617e-01 4.036797881126403809e-01 -9.776320308446884155e-02 -9.554008394479751587e-02 -3.488719940185546875e+01 0.000000000000000000e+00 -1.444120146334171295e-02 0.000000000000000000e+00 5.000000000000000000e+01 0.000000000000000000e+00
4.463213682174682617e-01 4.036797881126403809e-01 -9.776320308446884155e-02 -9.554008394479751587e-02 -3.488719940185546875e+01 0.000000000000000000e+00 -1.444120146334171295e-02 0.000000000000000000e+00 5.000000000000000000e+01 0.000000000000000000e+00
4.463213682174682617e-01 4.036797881126403809e-01 -9.776320308446884155e-02 -9.554008394479751587e-02 -3.488719940185546875e+01 0.000000000000000000e+00 -1.444120146334171295e-02 0.000000000000000000e+00 5.000000000000000000e+01 0.000000000000000000e+00
4.463213682174682617e-01 4.036797881126403809e-01 -9.776320308446884155e-02 -9.554008394479751587e-02 -3.488719940185546875e+01 0.000000000000000000e+00 -1.444120146334171295e-02 0.000000000000000000e+00 5.000000000000000000e+01 0.000000000000000000e+00
4.463213682174682617e-01 4.036797881126403809e-01 -9.776320308446884155e-02 -9.554008394479751587e-02 -3.488719940185546875e+01 0.000000000000000000e+00 -1.444120146334171295e-02 0.000000000000000000e+00 5.000000000000000000e+01 0.000000000000000000e+00
4.463213682174682617e-01 4.036797881126403809e-01 -9.776320308446884155e-02 -9.554008394479751587e-02 -3.488719940185546875e+01 0.000000000000000000e+00 -1.444120146334171295e-02 0.000000000000000000e+00 5.000000000000000000e+01 0.000000000000000000e+00
4.463213682174682617e-01 4.036797881126403809e-01 -9.776320308446884155e-02 -9.554008394479751587e-02 -3.488719940185546875e+01 0.000000000000000000e+00 -1.444120146334171295e-02 0.000000000000000000e+00 5.000000000000000000e+01 0.000000000000000000e+00
4.463213682174682617e-01 4.036797881126403809e-01 -9.776320308446884155e-02 -9.554008394479751587e-02 -3.488719940185546875e+01 0.000000000000000000e+00 -1.444120146334171295e-02 0.000000000000000000e+00 5.000000000000000000e+01 0.000000000000000000e+00
4.463213682174682617e-01 4.036797881126403809e-01 -9.776320308446884155e-02 -9.554008394479751587e-02 -3.488719940185546875e+01 0.000000000000000000e+00 -1.444120146334171295e-02 0.000000000000000000e+00 5.000000000000000000e+01 0.000000000000000000e+00
4.463213682174682617e-01 4.036797881126403809e-01 -9.776320308446884155e-02 -9.554008394479751587e-02 -3.488719940185546875e+01 0.000000000000000000e+00 -1.444120146334171295e-02 0.000000000000000000e+00 5.000000000000000000e+01 0.000000000000000000e+00
4.463213682174682617e-01 4.036797881126403809e-01 -9.776320308446884155e-02 -9.554008394479751587e-02 -3.488719940185546875e+01 0.000000000000000000e+00 -1.444120146334171295e-02 0.000000000000000000e+00 5.000000000000000000e+01 0.000000000000000000e+00
4.463213682174682617e-01 4.036797881126403809e-01 -9.776320308446884155e-02 -9.554008394479751587e-02 -3.488719940185546875e+01 0.000000000000000000e+00 -1.444120146334171295e-02 0.000000000000000000e+00 5.000000000000000000e+01 0.000000000000000000e+00
4.463213682174682617e-01 4.036797881126403809e-01 -9.776320308446884155e-02 -9.554008394479751587e-02 -3.488719940185546875e+01 0.000000000000000000e+00 -1.444120146334171295e-02 0.000000000000000000e+00 5.000000000000000000e+01 0.000000000000000000e+00
