4.243305027484893799e-01 1.936913281679153442e-01 -5.570861101150512695e-01 -5.435366630554199219e-01 -8.547242736816406250e+01 -4.628462600708007812e+01 -3.538044169545173645e-02 -3.787622973322868347e-02 1.580000000000000000e+02 1.080000000000000000e+02
4.243305027484893799e-01 1.989526897668838501e-01 -5.441862344741821289e-01 -5.311374068260192871e-01 -6.117925643920898438e+01 -2.199145507812500000e+01 -2.532453089952468872e-02 -1.799632981419563293e-02 1.090000000000000000e+02 5.900000000000000000e+01
4.243305027484893799e-01 2.040186822414398193e-01 -5.312433838844299316e-01 -5.191986560821533203e-01 -5.389641571044921875e+01 -1.470861244201660156e+01 -2.230987325310707092e-02 -1.203654054552316666e-02 9.000000000000000000e+01 4.000000000000000000e+01
4.243305027484893799e-01 2.119337767362594604e-01 -5.132037997245788574e-01 -5.005455017089843750e-01 -5.139789962768554688e+01 -1.221009445190429688e+01 -2.127563767135143280e-02 -9.991920553147792816e-03 8.200000000000000000e+01 3.200000000000000000e+01
4.243305027484893799e-01 2.159688472747802734e-01 -5.032637715339660645e-01 -4.910362362861633301e-01 -4.854697418212890625e+01 -9.359170913696289062e+00 -2.009552530944347382e-02 -7.658916525542736053e-03 7.600000000000000000e+01 2.600000000000000000e+01
4.243305027484893799e-01 2.172177433967590332e-01 -5.001534819602966309e-01 -4.880930185317993164e-01 -4.816609954833984375e+01 -8.978295326232910156e+00 -1.993786729872226715e-02 -7.347233593463897705e-03 7.500000000000000000e+01 2.500000000000000000e+01
4.243305027484893799e-01 2.277477085590362549e-01 -4.765685796737670898e-01 -4.632775485515594482e-01 -4.727658081054687500e+01 -8.088779449462890625e+00 -1.956965960562229156e-02 -6.619313731789588928e-03 7.300000000000000000e+01 2.300000000000000000e+01
4.243305027484893799e-01 2.283668220043182373e-01 -4.749155044555664062e-01 -4.618185162544250488e-01 -4.693653488159179688e+01 -7.748732566833496094e+00 -1.942890137434005737e-02 -6.341041997075080872e-03 7.200000000000000000e+01 2.200000000000000000e+01
4.243305027484893799e-01 2.367822974920272827e-01 -4.546900689601898193e-01 -4.419861435890197754e-01 -4.577212905883789062e+01 -6.584326744079589844e+00 -1.894690655171871185e-02 -5.388170480728149414e-03 6.900000000000000000e+01 1.900000000000000000e+01
4.243305027484893799e-01 2.367822974920272827e-01 -4.546900689601898193e-01 -4.419861435890197754e-01 -4.577212905883789062e+01 -6.584326744079589844e+00 -1.894690655171871185e-02 -5.388170480728149414e-03 6.900000000000000000e+01 1.900000000000000000e+01
4.243305027484893799e-01 2.367822974920272827e-01 -4.546900689601898193e-01 -4.419861435890197754e-01 -4.577212905883789062e+01 -6.584326744079589844e+00 -1.894690655171871185e-02 -5.388170480728149414e-03 6.900000000000000000e+01 1.900000000000000000e+01
4.243305027484893799e-01 2.710739672183990479e-01 -3.701220750808715820e-01 -3.611725568771362305e-01 -4.121099090576171875e+01 -2.023186683654785156e+00 -1.705886982381343842e-02 -1.655640080571174622e-03 5.900000000000000000e+01 9.000000000000000000e+00
4.243305027484893799e-01 2.821522057056427002e-01 -3.436770141124725342e-01 -3.350650072097778320e-01 -4.013298797607421875e+01 -9.451833367347717285e-01 -1.661264151334762573e-02 -7.734745158813893795e-04 5.700000000000000000e+01 7.000000000000000000e+00
4.243305027484893799e-01 2.902701199054718018e-01 -3.238102793693542480e-01 -3.159338831901550293e-01 -3.991222381591796875e+01 -7.244236469268798828e-01 -1.652125827968120575e-02 -5.928196478635072708e-04 5.500000000000000000e+01 5.000000000000000000e+00
4.243305027484893799e-01 2.930490374565124512e-01 -3.160926103591918945e-01 -3.093849420547485352e-01 -3.931784057617187500e+01 -1.300371885299682617e-01 -1.627521961927413940e-02 -1.064136959030292928e-04 5.200000000000000000e+01 2.000000000000000000e+00
4.243305027484893799e-01 2.963356971740722656e-01 -3.073218464851379395e-01 -3.016394078731536865e-01 -3.923611068725585938e+01 -4.830712080001831055e-02 -1.624138839542865753e-02 -3.953130362788215280e-05 5.100000000000000000e+01 1.000000000000000000e+00
4.243305027484893799e-01 2.963356971740722656e-01 -3.073218464851379395e-01 -3.016394078731536865e-01 -3.923611068725585938e+01 -4.830712080001831055e-02 -1.624138839542865753e-02 -3.953130362788215280e-05 5.100000000000000000e+01 1.000000000000000000e+00
4.243305027484893799e-01 2.963356971740722656e-01 -3.073218464851379395e-01 -3.016394078731536865e-01 -3.923611068725585938e+01 -4.830712080001831055e-02 -1.624138839542865753e-02 -3.953130362788215280e-05 5.100000000000000000e+01 1.000000000000000000e+00
4.243305027484893799e-01 2.963356971740722656e-01 -3.073218464851379395e-01 -3.016394078731536865e-01 -3.923611068725585938e+01 -4.830712080001831055e-02 -1.624138839542865753e-02 -3.953130362788215280e-05 5.100000000000000000e+01 1.000000000000000000e+00
4.243305027484893799e-01 2.963356971740722656e-01 -3.073218464851379395e-01 -3.016394078731536865e-01 -3.923611068725585938e+01 -4.830712080001831055e-02 -1.624138839542865753e-02 -3.953130362788215280e-05 5.100000000000000000e+01 1.000000000000000000e+00
4.243305027484893799e-01 2.963356971740722656e-01 -3.073218464851379395e-01 -3.016394078731536865e-01 -3.923611068725585938e+01 -4.830712080001831055e-02 -1.624138839542865753e-02 -3.953130362788215280e-05 5.100000000000000000e+01 1.000000000000000000e+00
4.243305027484893799e-01 2.963356971740722656e-01 -3.073218464851379395e-01 -3.016394078731536865e-01 -3.923611068725585938e+01 -4.830712080001831055e-02 -1.624138839542865753e-02 -3.953130362788215280e-05 5.100000000000000000e+01 1.000000000000000000e+00
4.243305027484893799e-01 2.966220974922180176e-01 -3.066635727882385254e-01 -3.009644746780395508e-01 -3.918780517578125000e+01 0.000000000000000000e+00 -1.622139289975166321e-02 0.000000000000000000e+00 5.000000000000000000e+01 0.000000000000000000e+00
4.243305027484893799e-01 2.966220974922180176e-01 -3.066635727882385254e-01 -3.009644746780395508e-01 -3.918780517578125000e+01 0.000000000000000000e+00 -1.622139289975166321e-02 0.000000000000000000e+00 5.000000000000000000e+01 0.000000000000000000e+00
4.243305027484893799e-01 2.966220974922180176e-01 -3.066635727882385254e-01 -3.009644746780395508e-01 -3.918780517578125000e+01 0.000000000000000000e+00 -1.622139289975166321e-02 0.000000000000000000e+00 5.000000000000000000e+01 0.000000000000000000e+00
4.243305027484893799e-01 2.966220974922180176e-01 -3.066635727882385254e-01 -3.009644746780395508e-01 -3.918780517578125000e+01 0.000000000000000000e+00 -1.622139289975166321e-02 0.000000000000000000e+00 5.000000000000000000e+01 0.000000000000000000e+00
4.243305027484893799e-01 2.966220974922180176e-01 -3.066635727882385254e-01 -3.009644746780395508e-01 -3.918780517578125000e+01 0.000000000000000000e+00 -1.622139289975166321e-02 0.000000000000000000e+00 5.000000000000000000e+01 0.000000000000000000e+00
4.243305027484893799e-01 2.966220974922180176e-01 -3.066635727882385254e-01 -3.009644746780395508e-01 -3.918780517578125000e+01 0.000000000000000000e+00 -1.622139289975166321e-02 0.000000000000000000e+00 5.000000000000000000e+01 0.000000000000000000e+00
4.243305027484893799e-01 2.966220974922180176e-01 -3.066635727882385254e-01 -3.009644746780395508e-01 -3.918780517578125000e+01 0.000000000000000000e+00 -1.622139289975166321e-02 0.000000000000000000e+00 5.000000000000000000e+01 0.000000000000000000e+00
4.243305027484893799e-01 2.966220974922180176e-01 -3.066635727882385254e-01 -3.009644746780395508e-01 -3.918780517578125000e+01 0.000000000000000000e+00 -1.622139289975166321e-02 0.000000000000000000e+00 5.000000000000000000e+01 0.000000000000000000e+00
4.243305027484893799e-01 2.966220974922180176e-01 -3.066635727882385254e-01 -3.009644746780395508e-01 -3.918780517578125000e+01 0.000000000000000000e+00 -1.622139289975166321e-02 0.000000000000000000e+00 5.000000000000000000e+01 0.000000000000000000e+00
4.243305027484893799e-01 2.966220974922180176e-01 -3.066635727882385254e-01 -3.009644746780395508e-01 -3.918780517578125000e+01 0.000000000000000000e+00 -1.622139289975166321e-02 0.000000000000000000e+00 5.000000000000000000e+01 0.000000000000000000e+00
4.243305027484893799e-01 2.966220974922180176e-01 -3.066635727882385254e-01 -3.009644746780395508e-01 -3.918780517578125000e+01 0.000000000000000000e+00 -1.622139289975166321e-02 0.000000000000000000e+00 5.000000000000000000e+01 0.000000000000000000e+00
4.243305027484893799e-01 2.966220974922180176e-01 -3.066635727882385254e-01 -3.009644746780395508e-01 -3.918780517578125000e+01 0.000000000000000000e+00 -1.622139289975166321e-02 0.000000000000000000e+00 5.000000000000000000e+01 0.000000000000000000e+00
4.243305027484893799e-01 2.966220974922180176e-01 -3.066635727882385254e-01 -3.009644746780395508e-01 -3.918780517578125000e+01 0.000000000000000000e+00 -1.622139289975166321e-02 0.000000000000000000e+00 5.000000000000000000e+01 0.000000000000000000e+00
4.243305027484893799e-01 2.966220974922180176e-01 -3.066635727882385254e-01 -3.009644746780395508e-01 -3.918780517578125000e+01 0.000000000000000000e+00 -1.622139289975166321e-02 0.000000000000000000e+00 5.000000000000000000e+01 0.000000000000000000e+00
4.243305027484893799e-01 2.966220974922180176e-01 -3.066635727882385254e-01 -3.009644746780395508e-01 -3.918780517578125000e+01 0.000000000000000000e+00 -1.622139289975166321e-02 0.000000000000000000e+00 5.000000000000000000e+01 0.000000000000000000e+00
4.243305027484893799e-01 2.966220974922180176e-01 -3.066635727882385254e-01 -3.009644746780395508e-01 -3.918780517578125000e+01 0.000000000000000000e+00 -1.622139289975166321e-02 0.000000000000000000e+00 5.000000000000000000e+01 0.000000000000000000e+00
4.243305027484893799e-01 2.966220974922180176e-01 -3.066635727882385254e-01 -3.009644746780395508e-01 -3.918780517578125000e+01 0.000000000000000000e+00 -1.622139289975166321e-02 0.000000000000000000e+00 5.000000000000000000e+01 0.000000000000000000e+00
4.243305027484893799e-01 2.966220974922180176e-01 -3.066635727882385254e-01 -3.009644746780395508e-01 -3.918780517578125000e+01 0.000000000000000000e+00 -1.622139289975166321e-02 0.000000000000000000e+00 5.000000000000000000e+01 0.000000000000000000e+00
4.243305027484893799e-01 2.966220974922180176e-01 -3.066635727882385254e-01 -3.009644746780395508e-01 -3.918780517578125000e+01 0.000000000000000000e+00 -1.622139289975166321e-02 0.000000000000000000e+00 5.000000000000000000e+01 0.000000000000000000e+00
4.243305027484893799e-01 2.966220974922180176e-01 -3.066635727882385254e-01 -3.009644746780395508e-01 -3.918780517578125000e+01 0.000000000000000000e+00 -1.622139289975166321e-02 0.000000000000000000e+00 5.000000000000000000e+01 0.000000000000000000e+00
4.243305027484893799e-01 2.966220974922180176e-01 -3.066635727882385254e-01 -3.009644746780395508e-01 -3.918780517578125000e+01 0.000000000000000000e+00 -1.622139289975166321e-02 0.000000000000000000e+00 5.000000000000000000e+01 0.000000000000000000e+00
4.243305027484893799e-01 2.966220974922180176e-01 -3.066635727882385254e-01 -3.009644746780395508e-01 -3.918780517578125000e+01 0.000000000000000000e+00 -1.622139289975166321e-02 0.000000000000000000e+00 5.000000000000000000e+01 0.000000000000000000e+00
4.243305027484893799e-01 2.966220974922180176e-01 -3.066635727882385254e-01 -3.009644746780395508e-01 -3.918780517578125000e+01 0.000000000000000000e+00 -1.622139289975166321e-02 0.000000000000000000e+00 5.000000000000000000e+01 0.000000000000000000e+00
4.243305027484893799e-01 2.966220974922180176e-01 -3.066635727882385254e-01 -3.009644746780395508e-01 -3.918780517578125000e+01 0.000000000000000000e+00 -1.622139289975166321e-02 0.000000000000000000e+00 5.000000000000000000e+01 0.000000000000000000e+00
4.243305027484893799e-01 2.966220974922180176e-01 -3.066635727882385254e-01 -3.009644746780395508e-01 -3.918780517578125000e+01 0.000000000000000000e+00 -1.622139289975166321e-02 0.000000000000000000e+00 5.000000000000000000e+01 0.000000000000000000e+00
4.243305027484893799e-01 2.966220974922180176e-01 -3.066635727882385254e-01 -3.009644746780395508e-01 -3.918780517578125000e+01 0.000000000000000000e+00 -1.622139289975166321e-02 0.000000000000000000e+00 5.000000000000000000e+01 0.000000000000000000e+00
4.243305027484893799e-01 2.966220974922180176e-01 -3.066635727882385254e-01 -3.009644746780395508e-01 -3.918780517578125000e+01 0.000000000000000000e+00 -1.622139289975166321e-02 0.000000000000000000e+00 5.000000000000000000e+01 0.000000000000000000e+00
4.243305027484893799e-01 2.966220974922180176e-01 -3.066635727882385254e-01 -3.009644746780395508e-01 -3.918780517578125000e+01 0.000000000000000000e+00 -1.622139289975166321e-02 0.000000000000000000e+00 5.000000000000000000e+01 0.000000000000000000e+00
4.243305027484893799e-01 2.966220974922180176e-01 -3.066635727882385254e-01 -3.009644746780395508e-01 -3.918780517578125000e+01 0.000000000000000000e+00 -1.622139289975166321e-02 0.000000000000000000e+00 5.000000000000000000e+01 0.000000000000000000e+00
4.243305027484893799e-01 2.966220974922180176e-01 -3.066635727882385254e-01 -3.009644746780395508e-01 -3.918780517578125000e+01 0.000000000000000000e+00 -1.622139289975166321e-02 0.000000000000000000e+00 5.000000000000000000e+01 0.000000000000000000e+00
4.243305027484893799e-01 2.966220974922180176e-01 -3.066635727882385254e-01 -3.009644746780395508e-01 -3.918780517578125000e+01 0.000000000000000000e+00 -1.622139289975166321e-02 0.000000000000000000e+00 5.000000000000000000e+01 0.000000000000000000e+00
4.243305027484893799e-01 2.966220974922180176e-01 -3.066635727882385254e-01 -3.009644746780395508e-01 -3.918780517578125000e+01 0.000000000000000000e+00 -1.622139289975166321e-02 0.000000000000000000e+00 5.000000000000000000e+01 0.000000000000000000e+00
4.243305027484893799e-01 2.966220974922180176e-01 -3.066635727882385254e-01 -3.009644746780395508e-01 -3.918780517578125000e+01 0.000000000000000000e+00 -1.622139289975166321e-02 0.000000000000000000e+00 5.000000000000000000e+01 0.000000000000000000e+00
4.243305027484893799e-01 2.966220974922180176e-01 -3.066635727882385254e-01 -3.009644746780395508e-01 -3.918780517578125000e+01 0.000000000000000000e+00 -1.622139289975166321e-02 0.000000000000000000e+00 5.000000000000000000e+01 0.000000000000000000e+00
4.243305027484893799e-01 2.966220974922180176e-01 -3.066635727882385254e-01 -3.009644746780395508e-01 -3.918780517578125000e+01 0.000000000000000000e+00 -1.622139289975166321e-02 0.000000000000000000e+00 5.000000000000000000e+01 0.000000000000000000e+00
4.243305027484893799e-01 2.966220974922180176e-01 -3.066635727882385254e-01 -3.009644746780395508e-01 -3.918780517578125000e+01 0.000000000000000000e+00 -1.622139289975166321e-02 0.000000000000000000e+00 5.000000000000000000e+01 0.000000000000000000e+00
4.243305027484893799e-01 2.966220974922180176e-01 -3.066635727882385254e-01 -3.009644746780395508e-01 -3.918780517578125000e+01 0.000000000000000000e+00 -1.622139289975166321e-02 0.000000000000000000e+00 5.000000000000000000e+01 0.000000000000000000e+00
4.243305027484893799e-01 2.966220974922180176e-01 -3.066635727882385254e-01 -3.009644746780395508e-01 -3.918780517578125000e+01 0.000000000000000000e+00 -1.622139289975166321e-02 0.000000000000000000e+00 5.000000000000000000e+01 0.000000000000000000e+00
4.243305027484893799e-01 2.966220974922180176e-01 -3.066635727882385254e-01 -3.009644746780395508e-01 -3.918780517578125000e+01 0.000000000000000000e+00 -1.622139289975166321e-02 0.000000000000000000e+00 5.000000000000000000e+01 0.000000000000000000e+00
4.243305027484893799e-01 2.966220974922180176e-01 -3.066635727882385254e-01 -3.009644746780395508e-01 -3.918780517578125000e+01 0.000000000000000000e+00 -1.622139289975166321e-02 0.000000000000000000e+00 5.000000000000000000e+01 0.000000000000000000e+00
4.243305027484893799e-01 2.966220974922180176e-01 -3.066635727882385254e-01 -3.009644746780395508e-01 -3.918780517578125000e+01 0.000000000000000000e+00 -1.622139289975166321e-02 0.000000000000000000e+00 5.000000000000000000e+01 0.000000000000000000e+00
4.243305027484893799e-01 2.966220974922180176e-01 -3.066635727882385254e-01 -3.009644746780395508e-01 -3.918780517578125000e+01 0.000000000000000000e+00 -1.622139289975166321e-02 0.000000000000000000e+00 5.000000000000000000e+01 0.000000000000000000e+00
4.243305027484893799e-01 2.966220974922180176e-01 -3.066635727882385254e-01 -3.009644746780395508e-01 -3.918780517578125000e+01 0.000000000000000000e+00 -1.622139289975166321e-02 0.000000000000000000e+00 5.000000000000000000e+01 0.000000000000000000e+00
4.243305027484893799e-01 2.966220974922180176e-01 -3.066635727882385254e-01 -3.009644746780395508e-01 -3.918780517578125000e+01 0.000000000000000000e+00 -1.622139289975166321e-02 0.000000000000000000e+00 5.000000000000000000e+01 0.000000000000000000e+00
4.243305027484893799e-01 2.966220974922180176e-01 -3.066635727882385254e-01 -3.009644746780395508e-01 -3.918780517578125000e+01 0.000000000000000000e+00 -1.622139289975166321e-02 0.000000000000000000e+00 5.000000000000000000e+01 0.000000000000000000e+00
4.243305027484893799e-01 2.966220974922180176e-01 -3.066635727882385254e-01 -3.009644746780395508e-01 -3.918780517578125000e+01 0.000000000000000000e+00 -1.622139289975166321e-02 0.000000000000000000e+00 5.000000000000000000e+01 0.000000000000000000e+00
4.243305027484893799e-01 2.966220974922180176e-01 -3.066635727882385254e-01 -3.009644746780395508e-01 -3.918780517578125000e+01 0.000000000000000000e+00 -1.622139289975166321e-02 0.000000000000000000e+00 5.000000000000000000e+01 0.000000000000000000e+00
4.243305027484893799e-01 2.966220974922180176e-01 -3.066635727882385254e-01 -3.009644746780395508e-01 -3.918780517578125000e+01 0.000000000000000000e+00 -1.622139289975166321e-02 0.000000000000000000e+00 5.000000000000000000e+01 0.000000000000000000e+00
4.243305027484893799e-01 2.966220974922180176e-01 -3.066635727882385254e-01 -3.009644746780395508e-01 -3.918780517578125000e+01 0.000000000000000000e+00 -1.622139289975166321e-02 0.000000000000000000e+00 5.000000000000000000e+01 0.000000000000000000e+00
4.243305027484893799e-01 2.966220974922180176e-01 -3.066635727882385254e-01 -3.009644746780395508e-01 -3.918780517578125000e+01 0.000000000000000000e+00 -1.622139289975166321e-02 0.000000000000000000e+00 5.000000000000000000e+01 0.000000000000000000e+00
4.243305027484893799e-01 2.966220974922180176e-01 -3.066635727882385254e-01 -3.009644746780395508e-01 -3.918780517578125000e+01 0.000000000000000000e+00 -1.622139289975166321e-02 0.000000000000000000e+00 5.000000000000000000e+01 0.000000000000000000e+00
4.243305027484893799e-01 2.966220974922180176e-01 -3.066635727882385254e-01 -3.009644746780395508e-01 -3.918780517578125000e+01 0.000000000000000000e+00 -1.622139289975166321e-02 0.000000000000000000e+00 5.000000000000000000e+01 0.000000000000000000e+00
4.243305027484893799e-01 2.966220974922180176e-01 -3.066635727882385254e-01 -3.009644746780395508e-01 -3.918780517578125000e+01 0.000000000000000000e+00 -1.622139289975166321e-02 0.000000000000000000e+00 5.000000000000000000e+01 0.000000000000000000e+00
4.243305027484893799e-01 2.966220974922180176e-01 -3.066635727882385254e-01 -3.009644746780395508e-01 -3.918780517578125000e+01 0.000000000000000000e+00 -1.622139289975166321e-02 0.000000000000000000e+00 5.000000000000000000e+01 0.000000000000000000e+00
4.243305027484893799e-01 2.966220974922180176e-01 -3.066635727882385254e-01 -3.009644746780395508e-01 -3.918780517578125000e+01 0.000000000000000000e+00 -1.622139289975166321e-02 0.000000000000000000e+00 5.000000000000000000e+01 0.000000000000000000e+00
4.243305027484893799e-01 2.966220974922180176e-01 -3.066635727882385254e-01 -3.009644746780395508e-01 -3.918780517578125000e+01 0.000000000000000000e+00 -1.622139289975166321e-02 0.000000000000000000e+00 5.000000000000000000e+01 0.000000000000000000e+00
4.243305027484893799e-01 2.966220974922180176e-01 -3.066635727882385254e-01 -3.009644746780395508e-01 -3.918780517578125000e+01 0.000000000000000000e+00 -1.622139289975166321e-02 0.000000000000000000e+00 5.000000000000000000e+01 0.000000000000000000e+00
4.243305027484893799e-01 2.966220974922180176e-01 -3.066635727882385254e-01 -3.009644746780395508e-01 -3.918780517578125000e+01 0.000000000000000000e+00 -1.622139289975166321e-02 0.000000000000000000e+00 5.000000000000000000e+01 0.000000000000000000e+00
4.243305027484893799e-01 2.966220974922180176e-01 -3.066635727882385254e-01 -3.009644746780395508e-01 -3.918780517578125000e+01 0.000000000000000000e+00 -1.622139289975166321e-02 0.000000000000000000e+00 5.000000000000000000e+01 0.000000000000000000e+00
4.243305027484893799e-01 2.966220974922180176e-01 -3.066635727882385254e-01 -3.009644746780395508e-01 -3.918780517578125000e+01 0.000000000000000000e+00 -1.622139289975166321e-02 0.000000000000000000e+00 5.000000000000000000e+01 0.000000000000000000e+00
4.243305027484893799e-01 2.966220974922180176e-01 -3.066635727882385254e-01 -3.009644746780395508e-01 -3.918780517578125000e+01 0.000000000000000000e+00 -1.622139289975166321e-02 0.000000000000000000e+00 5.000000000000000000e+01 0.000000000000000000e+00
4.243305027484893799e-01 2.966220974922180176e-01 -3.066635727882385254e-01 -3.009644746780395508e-01 -3.918780517578125000e+01 0.000000000000000000e+00 -1.622139289975166321e-02 0.000000000000000000e+00 5.000000000000000000e+01 0.000000000000000000e+00
4.243305027484893799e-01 2.966220974922180176e-01 -3.066635727882385254e-01 -3.009644746780395508e-01 -3.918780517578125000e+01 0.000000000000000000e+00 -1.622139289975166321e-02 0.000000000000000000e+00 5.000000000000000000e+01 0.000000000000000000e+00
4.243305027484893799e-01 2.966220974922180176e-01 -3.066635727882385254e-01 -3.009644746780395508e-01 -3.918780517578125000e+01 0.000000000000000000e+00 -1.622139289975166321e-02 0.000000000000000000e+00 5.000000000000000000e+01 0.000000000000000000e+00
4.243305027484893799e-01 2.966220974922180176e-01 -3.066635727882385254e-01 -3.009644746780395508e-01 -3.918780517578125000e+01 0.000000000000000000e+00 -1.622139289975166321e-02 0.000000000000000000e+00 5.000000000000000000e+01 0.000000000000000000e+00
4.243305027484893799e-01 2.966220974922180176e-01 -3.066635727882385254e-01 -3.009644746780395508e-01 -3.918780517578125000e+01 0.000000000000000000e+00 -1.622139289975166321e-02 0.000000000000000000e+00 5.000000000000000000e+01 0.000000000000000000e+00
4.243305027484893799e-01 2.966220974922180176e-01 -3.066635727882385254e-01 -3.009644746780395508e-01 -3.918780517578125000e+01 0.000000000000000000e+00 -1.622139289975166321e-02 0.000000000000000000e+00 5.000000000000000000e+01 0.000000000000000000e+00
4.243305027484893799e-01 2.966220974922180176e-01 -3.066635727882385254e-01 -3.009644746780395508e-01 -3.918780517578125000e+01 0.000000000000000000e+00 -1.622139289975166321e-02 0.000000000000000000e+00 5.000000000000000000e+01 0.000000000000000000e+00
4.243305027484893799e-01 2.966220974922180176e-01 -3.066635727882385254e-01 -3.009644746780395508e-01 -3.918780517578125000e+01 0.000000000000000000e+00 -1.622139289975166321e-02 0.000000000000000000e+00 5.000000000000000000e+01 0.000000000000000000e+00
