4.720896184444427490e-01 4.512237310409545898e-01 -6.233030185103416443e-02 -4.419899731874465942e-02 -1.117949981689453125e+02 -9.787524414062500000e+01 -4.627640172839164734e-02 -1.108361333608627319e-01 7.710000000000000000e+02 7.210000000000000000e+02
4.720896184444427490e-01 4.535045623779296875e-01 -5.798318237066268921e-02 -3.936764225363731384e-02 -9.966317749023437500e+01 -8.574341583251953125e+01 -4.125455766916275024e-02 -9.709777683019638062e-02 7.460000000000000000e+02 6.960000000000000000e+02
4.720896184444427490e-01 4.551311731338500977e-01 -5.415182933211326599e-02 -3.592208772897720337e-02 -9.316286468505859375e+01 -7.924310302734375000e+01 -3.856382146477699280e-02 -8.973667770624160767e-02 7.310000000000000000e+02 6.810000000000000000e+02
4.720896184444427490e-01 4.507055580615997314e-01 -6.372850388288497925e-02 -4.529661312699317932e-02 -8.668776702880859375e+01 -7.276800537109375000e+01 -3.588351979851722717e-02 -8.240412920713424683e-02 7.150000000000000000e+02 6.650000000000000000e+02
4.720896184444427490e-01 4.459344744682312012e-01 -7.366707921028137207e-02 -5.540291965007781982e-02 -8.231375885009765625e+01 -6.839399719238281250e+01 -3.407294303178787231e-02 -7.745090126991271973e-02 7.050000000000000000e+02 6.550000000000000000e+02
4.720896184444427490e-01 4.473699927330017090e-01 -7.134044170379638672e-02 -5.236214771866798401e-02 -7.754782104492187500e+01 -6.362805175781250000e+01 -3.210012987256050110e-02 -7.205384224653244019e-02 6.940000000000000000e+02 6.440000000000000000e+02
4.720896184444427490e-01 4.465477764606475830e-01 -7.311730831861495972e-02 -5.410379916429519653e-02 -7.508337402343750000e+01 -6.116360473632812500e+01 -3.107999823987483978e-02 -6.926304101943969727e-02 6.860000000000000000e+02 6.360000000000000000e+02
4.720896184444427490e-01 4.465513825416564941e-01 -7.314999401569366455e-02 -5.409616231918334961e-02 -7.263635253906250000e+01 -5.871657943725585938e+01 -3.006707876920700073e-02 -6.649197638034820557e-02 6.780000000000000000e+02 6.280000000000000000e+02
4.720896184444427490e-01 4.445106089115142822e-01 -7.686053216457366943e-02 -5.841901153326034546e-02 -6.984684753417968750e+01 -5.592708587646484375e+01 -2.891239151358604431e-02 -6.333309412002563477e-02 6.660000000000000000e+02 6.160000000000000000e+02
4.720896184444427490e-01 4.445500075817108154e-01 -7.681816071271896362e-02 -5.833555757999420166e-02 -6.817940521240234375e+01 -5.425963973999023438e+01 -2.822217158973217010e-02 -6.144483759999275208e-02 6.570000000000000000e+02 6.070000000000000000e+02
4.720896184444427490e-01 4.454588294029235840e-01 -7.427734881639480591e-02 -5.641045421361923218e-02 -6.579225158691406250e+01 -5.187248229980468750e+01 -2.723403275012969971e-02 -5.874156579375267029e-02 6.470000000000000000e+02 5.970000000000000000e+02
4.720896184444427490e-01 4.314169287681579590e-01 -1.040788814425468445e-01 -8.615459501743316650e-02 -4.897906875610351562e+01 -3.505930328369140625e+01 -2.027438767254352570e-02 -3.970194607973098755e-02 5.800000000000000000e+02 5.300000000000000000e+02
4.720896184444427490e-01 4.161947071552276611e-01 -1.335625499486923218e-01 -1.183989420533180237e-01 -4.336853790283203125e+01 -2.944877433776855469e+01 -1.795196533203125000e-02 -3.334845602512359619e-02 5.450000000000000000e+02 4.950000000000000000e+02
4.720896184444427490e-01 3.728144764900207520e-01 -2.254595756530761719e-01 -2.102887630462646484e-01 -3.849418640136718750e+01 -2.457442092895507812e+01 -1.593427732586860657e-02 -2.782862819731235504e-02 5.050000000000000000e+02 4.550000000000000000e+02
4.720896184444427490e-01 3.659055531024932861e-01 -2.392825335264205933e-01 -2.249235361814498901e-01 -3.587736511230468750e+01 -2.195759582519531250e+01 -1.485107000917196274e-02 -2.486527524888515472e-02 4.780000000000000000e+02 4.280000000000000000e+02
4.720896184444427490e-01 3.626770079135894775e-01 -2.454169094562530518e-01 -2.317623794078826904e-01 -3.341817474365234375e+01 -1.949840736389160156e+01 -1.383311394602060318e-02 -2.208043634891510010e-02 4.540000000000000000e+02 4.040000000000000000e+02
4.720896184444427490e-01 3.609409928321838379e-01 -2.485620677471160889e-01 -2.354396730661392212e-01 -3.222328186035156250e+01 -1.830351829528808594e+01 -1.333849970251321793e-02 -2.072731591761112213e-02 4.330000000000000000e+02 3.830000000000000000e+02
4.720896184444427490e-01 3.453340828418731689e-01 -2.790043950080871582e-01 -2.684988975524902344e-01 -3.104845809936523438e+01 -1.712869262695312500e+01 -1.285219378769397736e-02 -1.939691789448261261e-02 4.190000000000000000e+02 3.690000000000000000e+02
4.720896184444427490e-01 3.575805723667144775e-01 -2.538363933563232422e-01 -2.425578534603118896e-01 -2.949910736083984375e+01 -1.557934284210205078e+01 -1.221085526049137115e-02 -1.764239929616451263e-02 4.050000000000000000e+02 3.550000000000000000e+02
4.720896184444427490e-01 3.564772605895996094e-01 -2.560897469520568848e-01 -2.448949366807937622e-01 -2.845860290527343750e+01 -1.453883647918701172e+01 -1.178014930337667465e-02 -1.646410673856735229e-02 3.890000000000000000e+02 3.390000000000000000e+02
4.720896184444427490e-01 3.375444710254669189e-01 -2.913033962249755859e-01 -2.849991619586944580e-01 -2.278662490844726562e+01 -8.866859436035156250e+00 -9.432291612029075623e-03 -1.004103105515241623e-02 3.030000000000000000e+02 2.530000000000000000e+02
4.720896184444427490e-01 3.712369501590728760e-01 -2.216212153434753418e-01 -2.136303484439849854e-01 -2.002872848510742188e+01 -6.108963012695312500e+00 -8.290688507258892059e-03 -6.917927414178848267e-03 2.430000000000000000e+02 1.930000000000000000e+02
4.720896184444427490e-01 3.539490401744842529e-01 -2.568070292472839355e-01 -2.502503097057342529e-01 -1.865360260009765625e+01 -4.733836174011230469e+00 -7.721469271928071976e-03 -5.360702518373727798e-03 2.140000000000000000e+02 1.640000000000000000e+02
4.720896184444427490e-01 3.597330451011657715e-01 -2.438187301158905029e-01 -2.379983961582183838e-01 -1.787320137023925781e+01 -3.953436374664306641e+00 -7.398429792374372482e-03 -4.476960282772779465e-03 1.910000000000000000e+02 1.410000000000000000e+02
4.720896184444427490e-01 3.525163829326629639e-01 -2.598692774772644043e-01 -2.532850205898284912e-01 -1.708066558837890625e+01 -3.160901069641113281e+00 -7.070367690175771713e-03 -3.579475451260805130e-03 1.720000000000000000e+02 1.220000000000000000e+02
4.720896184444427490e-01 3.623106181621551514e-01 -2.394424378871917725e-01 -2.325384765863418579e-01 -1.674079895019531250e+01 -2.821032524108886719e+00 -6.929683499038219452e-03 -3.194600809365510941e-03 1.610000000000000000e+02 1.110000000000000000e+02
4.720896184444427490e-01 3.712349534034729004e-01 -2.206233888864517212e-01 -2.136345803737640381e-01 -1.647515678405761719e+01 -2.555392265319824219e+00 -6.819723639637231827e-03 -2.893783850595355034e-03 1.520000000000000000e+02 1.020000000000000000e+02
4.720896184444427490e-01 3.780850768089294434e-01 -2.053898721933364868e-01 -1.991243511438369751e-01 -1.627455329895019531e+01 -2.354788064956665039e+00 -6.736685987561941147e-03 -2.666614949703216553e-03 1.420000000000000000e+02 9.200000000000000000e+01
4.720896184444427490e-01 3.935280442237854004e-01 -1.713877022266387939e-01 -1.664124131202697754e-01 -1.578568649291992188e+01 -1.865921020507812500e+00 -6.534324493259191513e-03 -2.113010967150330544e-03 1.270000000000000000e+02 7.700000000000000000e+01
4.720896184444427490e-01 4.262202382087707520e-01 -1.005680263042449951e-01 -9.716244041919708252e-02 -1.442121982574462891e+01 -5.014539957046508789e-01 -5.969517398625612259e-03 -5.678578163497149944e-04 7.600000000000000000e+01 2.600000000000000000e+01
4.720896184444427490e-01 4.363805055618286133e-01 -7.771693170070648193e-02 -7.564053684473037720e-02 -1.417316532135009766e+01 -2.533999681472778320e-01 -5.866837687790393829e-03 -2.869558229576796293e-04 6.500000000000000000e+01 1.500000000000000000e+01
4.720896184444427490e-01 4.689835309982299805e-01 -1.125375647097826004e-02 -6.579444278031587601e-03 -1.404347610473632812e+01 -1.237101554870605469e-01 -5.813153926283121109e-03 -1.400921610184013844e-04 5.700000000000000000e+01 7.000000000000000000e+00
4.720896184444427490e-01 4.721028804779052734e-01 -9.903907994157634676e-06 2.809219404298346490e-05 -1.400772857666015625e+01 -8.796375989913940430e-02 -5.798356607556343079e-03 -9.961214527720585465e-05 5.500000000000000000e+01 5.000000000000000000e+00
4.720896184444427490e-01 4.699429273605346680e-01 -3.800025442615151405e-03 -4.547210875898599625e-03 -1.397281551361083984e+01 -5.305081605911254883e-02 -5.783904809504747391e-03 -6.007593765389174223e-05 5.200000000000000000e+01 2.000000000000000000e+00
4.720896184444427490e-01 4.646324813365936279e-01 -1.707583665847778320e-02 -1.579602062702178955e-02 -1.393764877319335938e+01 -1.788318157196044922e-02 -5.769347772002220154e-03 -2.025131834670901299e-05 5.100000000000000000e+01 1.000000000000000000e+00
4.720896184444427490e-01 4.646324813365936279e-01 -1.707583665847778320e-02 -1.579602062702178955e-02 -1.393764877319335938e+01 -1.788318157196044922e-02 -5.769347772002220154e-03 -2.025131834670901299e-05 5.100000000000000000e+01 1.000000000000000000e+00
4.720896184444427490e-01 4.646324813365936279e-01 -1.707583665847778320e-02 -1.579602062702178955e-02 -1.393764877319335938e+01 -1.788318157196044922e-02 -5.769347772002220154e-03 -2.025131834670901299e-05 5.100000000000000000e+01 1.000000000000000000e+00
4.720896184444427490e-01 4.646324813365936279e-01 -1.707583665847778320e-02 -1.579602062702178955e-02 -1.393764877319335938e+01 -1.788318157196044922e-02 -5.769347772002220154e-03 -2.025131834670901299e-05 5.100000000000000000e+01 1.000000000000000000e+00
4.720896184444427490e-01 4.643662273883819580e-01 -1.772444695234298706e-02 -1.636001095175743103e-02 -1.391976547241210938e+01 0.000000000000000000e+00 -5.761945154517889023e-03 0.000000000000000000e+00 5.000000000000000000e+01 0.000000000000000000e+00
4.720896184444427490e-01 4.643662273883819580e-01 -1.772444695234298706e-02 -1.636001095175743103e-02 -1.391976547241210938e+01 0.000000000000000000e+00 -5.761945154517889023e-03 0.000000000000000000e+00 5.000000000000000000e+01 0.000000000000000000e+00
4.720896184444427490e-01 4.643662273883819580e-01 -1.772444695234298706e-02 -1.636001095175743103e-02 -1.391976547241210938e+01 0.000000000000000000e+00 -5.761945154517889023e-03 0.000000000000000000e+00 5.000000000000000000e+01 0.000000000000000000e+00
4.720896184444427490e-01 4.643662273883819580e-01 -1.772444695234298706e-02 -1.636001095175743103e-02 -1.391976547241210938e+01 0.000000000000000000e+00 -5.761945154517889023e-03 0.000000000000000000e+00 5.000000000000000000e+01 0.000000000000000000e+00
4.720896184444427490e-01 4.643662273883819580e-01 -1.772444695234298706e-02 -1.636001095175743103e-02 -1.391976547241210938e+01 0.000000000000000000e+00 -5.761945154517889023e-03 0.000000000000000000e+00 5.000000000000000000e+01 0.000000000000000000e+00
4.720896184444427490e-01 4.643662273883819580e-01 -1.772444695234298706e-02 -1.636001095175743103e-02 -1.391976547241210938e+01 0.000000000000000000e+00 -5.761945154517889023e-03 0.000000000000000000e+00 5.000000000000000000e+01 0.000000000000000000e+00
4.720896184444427490e-01 4.643662273883819580e-01 -1.772444695234298706e-02 -1.636001095175743103e-02 -1.391976547241210938e+01 0.000000000000000000e+00 -5.761945154517889023e-03 0.000000000000000000e+00 5.000000000000000000e+01 0.000000000000000000e+00
4.720896184444427490e-01 4.643662273883819580e-01 -1.772444695234298706e-02 -1.636001095175743103e-02 -1.391976547241210938e+01 0.000000000000000000e+00 -5.761945154517889023e-03 0.000000000000000000e+00 5.000000000000000000e+01 0.000000000000000000e+00
4.720896184444427490e-01 4.643662273883819580e-01 -1.772444695234298706e-02 -1.636001095175743103e-02 -1.391976547241210938e+01 0.000000000000000000e+00 -5.761945154517889023e-03 0.000000000000000000e+00 5.000000000000000000e+01 0.000000000000000000e+00
4.720896184444427490e-01 4.643662273883819580e-01 -1.772444695234298706e-02 -1.636001095175743103e-02 -1.391976547241210938e+01 0.000000000000000000e+00 -5.761945154517889023e-03 0.000000000000000000e+00 5.000000000000000000e+01 0.000000000000000000e+00
4.720896184444427490e-01 4.643662273883819580e-01 -1.772444695234298706e-02 -1.636001095175743103e-02 -1.391976547241210938e+01 0.000000000000000000e+00 -5.761945154517889023e-03 0.000000000000000000e+00 5.000000000000000000e+01 0.000000000000000000e+00
4.720896184444427490e-01 4.643662273883819580e-01 -1.772444695234298706e-02 -1.636001095175743103e-02 -1.391976547241210938e+01 0.000000000000000000e+00 -5.761945154517889023e-03 0.000000000000000000e+00 5.000000000000000000e+01 0.000000000000000000e+00
4.720896184444427490e-01 4.643662273883819580e-01 -1.772444695234298706e-02 -1.636001095175743103e-02 -1.391976547241210938e+01 0.000000000000000000e+00 -5.761945154517889023e-03 0.000000000000000000e+00 5.000000000000000000e+01 0.000000000000000000e+00
4.720896184444427490e-01 4.643662273883819580e-01 -1.772444695234298706e-02 -1.636001095175743103e-02 -1.391976547241210938e+01 0.000000000000000000e+00 -5.761945154517889023e-03 0.000000000000000000e+00 5.000000000000000000e+01 0.000000000000000000e+00
4.720896184444427490e-01 4.643662273883819580e-01 -1.772444695234298706e-02 -1.636001095175743103e-02 -1.391976547241210938e+01 0.000000000000000000e+00 -5.761945154517889023e-03 0.000000000000000000e+00 5.000000000000000000e+01 0.000000000000000000e+00
4.720896184444427490e-01 4.643662273883819580e-01 -1.772444695234298706e-02 -1.636001095175743103e-02 -1.391976547241210938e+01 0.000000000000000000e+00 -5.761945154517889023e-03 0.000000000000000000e+00 5.000000000000000000e+01 0.000000000000000000e+00
4.720896184444427490e-01 4.643662273883819580e-01 -1.772444695234298706e-02 -1.636001095175743103e-02 -1.391976547241210938e+01 0.000000000000000000e+00 -5.761945154517889023e-03 0.000000000000000000e+00 5.000000000000000000e+01 0.000000000000000000e+00
4.720896184444427490e-01 4.643662273883819580e-01 -1.772444695234298706e-02 -1.636001095175743103e-02 -1.391976547241210938e+01 0.000000000000000000e+00 -5.761945154517889023e-03 0.000000000000000000e+00 5.000000000000000000e+01 0.000000000000000000e+00
4.720896184444427490e-01 4.643662273883819580e-01 -1.772444695234298706e-02 -1.636001095175743103e-02 -1.391976547241210938e+01 0.000000000000000000e+00 -5.761945154517889023e-03 0.000000000000000000e+00 5.000000000000000000e+01 0.000000000000000000e+00
4.720896184444427490e-01 4.643662273883819580e-01 -1.772444695234298706e-02 -1.636001095175743103e-02 -1.391976547241210938e+01 0.000000000000000000e+00 -5.761945154517889023e-03 0.000000000000000000e+00 5.000000000000000000e+01 0.000000000000000000e+00
4.720896184444427490e-01 4.643662273883819580e-01 -1.772444695234298706e-02 -1.636001095175743103e-02 -1.391976547241210938e+01 0.000000000000000000e+00 -5.761945154517889023e-03 0.000000000000000000e+00 5.000000000000000000e+01 0.000000000000000000e+00
4.720896184444427490e-01 4.643662273883819580e-01 -1.772444695234298706e-02 -1.636001095175743103e-02 -1.391976547241210938e+01 0.000000000000000000e+00 -5.761945154517889023e-03 0.000000000000000000e+00 5.000000000000000000e+01 0.000000000000000000e+00
4.720896184444427490e-01 4.643662273883819580e-01 -1.772444695234298706e-02 -1.636001095175743103e-02 -1.391976547241210938e+01 0.000000000000000000e+00 -5.761945154517889023e-03 0.000000000000000000e+00 5.000000000000000000e+01 0.000000000000000000e+00
4.720896184444427490e-01 4.643662273883819580e-01 -1.772444695234298706e-02 -1.636001095175743103e-02 -1.391976547241210938e+01 0.000000000000000000e+00 -5.761945154517889023e-03 0.000000000000000000e+00 5.000000000000000000e+01 0.000000000000000000e+00
4.720896184444427490e-01 4.643662273883819580e-01 -1.772444695234298706e-02 -1.636001095175743103e-02 -1.391976547241210938e+01 0.000000000000000000e+00 -5.761945154517889023e-03 0.000000000000000000e+00 5.000000000000000000e+01 0.000000000000000000e+00
4.720896184444427490e-01 4.643662273883819580e-01 -1.772444695234298706e-02 -1.636001095175743103e-02 -1.391976547241210938e+01 0.000000000000000000e+00 -5.761945154517889023e-03 0.000000000000000000e+00 5.000000000000000000e+01 0.000000000000000000e+00
4.720896184444427490e-01 4.643662273883819580e-01 -1.772444695234298706e-02 -1.636001095175743103e-02 -1.391976547241210938e+01 0.000000000000000000e+00 -5.761945154517889023e-03 0.000000000000000000e+00 5.000000000000000000e+01 0.000000000000000000e+00
4.720896184444427490e-01 4.643662273883819580e-01 -1.772444695234298706e-02 -1.636001095175743103e-02 -1.391976547241210938e+01 0.000000000000000000e+00 -5.761945154517889023e-03 0.000000000000000000e+00 5.000000000000000000e+01 0.000000000000000000e+00
4.720896184444427490e-01 4.643662273883819580e-01 -1.772444695234298706e-02 -1.636001095175743103e-02 -1.391976547241210938e+01 0.000000000000000000e+00 -5.761945154517889023e-03 0.000000000000000000e+00 5.000000000000000000e+01 0.000000000000000000e+00
4.720896184444427490e-01 4.643662273883819580e-01 -1.772444695234298706e-02 -1.636001095175743103e-02 -1.391976547241210938e+01 0.000000000000000000e+00 -5.761945154517889023e-03 0.000000000000000000e+00 5.000000000000000000e+01 0.000000000000000000e+00
4.720896184444427490e-01 4.643662273883819580e-01 -1.772444695234298706e-02 -1.636001095175743103e-02 -1.391976547241210938e+01 0.000000000000000000e+00 -5.761945154517889023e-03 0.000000000000000000e+00 5.000000000000000000e+01 0.000000000000000000e+00
4.720896184444427490e-01 4.643662273883819580e-01 -1.772444695234298706e-02 -1.636001095175743103e-02 -1.391976547241210938e+01 0.000000000000000000e+00 -5.761945154517889023e-03 0.000000000000000000e+00 5.000000000000000000e+01 0.000000000000000000e+00
4.720896184444427490e-01 4.643662273883819580e-01 -1.772444695234298706e-02 -1.636001095175743103e-02 -1.391976547241210938e+01 0.000000000000000000e+00 -5.761945154517889023e-03 0.000000000000000000e+00 5.000000000000000000e+01 0.000000000000000000e+00
4.720896184444427490e-01 4.643662273883819580e-01 -1.772444695234298706e-02 -1.636001095175743103e-02 -1.391976547241210938e+01 0.000000000000000000e+00 -5.761945154517889023e-03 0.000000000000000000e+00 5.000000000000000000e+01 0.000000000000000000e+00
4.720896184444427490e-01 4.643662273883819580e-01 -1.772444695234298706e-02 -1.636001095175743103e-02 -1.391976547241210938e+01 0.000000000000000000e+00 -5.761945154517889023e-03 0.000000000000000000e+00 5.000000000000000000e+01 0.000000000000000000e+00
4.720896184444427490e-01 4.643662273883819580e-01 -1.772444695234298706e-02 -1.636001095175743103e-02 -1.391976547241210938e+01 0.000000000000000000e+00 -5.761945154517889023e-03 0.000000000000000000e+00 5.000000000000000000e+01 0.000000000000000000e+00
4.720896184444427490e-01 4.643662273883819580e-01 -1.772444695234298706e-02 -1.636001095175743103e-02 -1.391976547241210938e+01 0.000000000000000000e+00 -5.761945154517889023e-03 0.000000000000000000e+00 5.000000000000000000e+01 0.000000000000000000e+00
4.720896184444427490e-01 4.643662273883819580e-01 -1.772444695234298706e-02 -1.636001095175743103e-02 -1.391976547241210938e+01 0.000000000000000000e+00 -5.761945154517889023e-03 0.000000000000000000e+00 5.000000000000000000e+01 0.000000000000000000e+00
4.720896184444427490e-01 4.643662273883819580e-01 -1.772444695234298706e-02 -1.636001095175743103e-02 -1.391976547241210938e+01 0.000000000000000000e+00 -5.761945154517889023e-03 0.000000000000000000e+00 5.000000000000000000e+01 0.000000000000000000e+00
4.720896184444427490e-01 4.643662273883819580e-01 -1.772444695234298706e-02 -1.636001095175743103e-02 -1.391976547241210938e+01 0.000000000000000000e+00 -5.761945154517889023e-03 0.000000000000000000e+00 5.000000000000000000e+01 0.000000000000000000e+00
4.720896184444427490e-01 4.643662273883819580e-01 -1.772444695234298706e-02 -1.636001095175743103e-02 -1.391976547241210938e+01 0.000000000000000000e+00 -5.761945154517889023e-03 0.000000000000000000e+00 5.000000000000000000e+01 0.000000000000000000e+00
4.720896184444427490e-01 4.643662273883819580e-01 -1.772444695234298706e-02 -1.636001095175743103e-02 -1.391976547241210938e+01 0.000000000000000000e+00 -5.761945154517889023e-03 0.000000000000000000e+00 5.000000000000000000e+01 0.000000000000000000e+00
4.720896184444427490e-01 4.643662273883819580e-01 -1.772444695234298706e-02 -1.636001095175743103e-02 -1.391976547241210938e+01 0.000000000000000000e+00 -5.761945154517889023e-03 0.000000000000000000e+00 5.000000000000000000e+01 0.000000000000000000e+00
4.720896184444427490e-01 4.643662273883819580e-01 -1.772444695234298706e-02 -1.636001095175743103e-02 -1.391976547241210938e+01 0.000000000000000000e+00 -5.761945154517889023e-03 0.000000000000000000e+00 5.000000000000000000e+01 0.000000000000000000e+00
4.720896184444427490e-01 4.643662273883819580e-01 -1.772444695234298706e-02 -1.636001095175743103e-02 -1.391976547241210938e+01 0.000000000000000000e+00 -5.761945154517889023e-03 0.000000000000000000e+00 5.000000000000000000e+01 0.000000000000000000e+00
4.720896184444427490e-01 4.643662273883819580e-01 -1.772444695234298706e-02 -1.636001095175743103e-02 -1.391976547241210938e+01 0.000000000000000000e+00 -5.761945154517889023e-03 0.000000000000000000e+00 5.000000000000000000e+01 0.000000000000000000e+00
4.720896184444427490e-01 4.643662273883819580e-01 -1.772444695234298706e-02 -1.636001095175743103e-02 -1.391976547241210938e+01 0.000000000000000000e+00 -5.761945154517889023e-03 0.000000000000000000e+00 5.000000000000000000e+01 0.000000000000000000e+00
4.720896184444427490e-01 4.643662273883819580e-01 -1.772444695234298706e-02 -1.636001095175743103e-02 -1.391976547241210938e+01 0.000000000000000000e+00 -5.761945154517889023e-03 0.000000000000000000e+00 5.000000000000000000e+01 0.000000000000000000e+00
4.720896184444427490e-01 4.643662273883819580e-01 -1.772444695234298706e-02 -1.636001095175743103e-02 -1.391976547241210938e+01 0.000000000000000000e+00 -5.761945154517889023e-03 0.000000000000000000e+00 5.000000000000000000e+01 0.000000000000000000e+00
4.720896184444427490e-01 4.643662273883819580e-01 -1.772444695234298706e-02 -1.636001095175743103e-02 -1.391976547241210938e+01 0.000000000000000000e+00 -5.761945154517889023e-03 0.000000000000000000e+00 5.000000000000000000e+01 0.000000000000000000e+00
4.720896184444427490e-01 4.643662273883819580e-01 -1.772444695234298706e-02 -1.636001095175743103e-02 -1.391976547241210938e+01 0.000000000000000000e+00 -5.761945154517889023e-03 0.000000000000000000e+00 5.000000000000000000e+01 0.000000000000000000e+00
4.720896184444427490e-01 4.643662273883819580e-01 -1.772444695234298706e-02 -1.636001095175743103e-02 -1.391976547241210938e+01 0.000000000000000000e+00 -5.761945154517889023e-03 0.000000000000000000e+00 5.000000000000000000e+01 0.000000000000000000e+00
4.720896184444427490e-01 4.643662273883819580e-01 -1.772444695234298706e-02 -1.636001095175743103e-02 -1.391976547241210938e+01 0.000000000000000000e+00 -5.761945154517889023e-03 0.000000000000000000e+00 5.000000000000000000e+01 0.000000000000000000e+00
