4.215791523456573486e-01 1.272034198045730591e-01 -7.033158540725708008e-01 -6.982691287994384766e-01 -6.543373107910156250e+01 -3.673044967651367188e+01 -2.708562649786472321e-02 -3.882601484656333923e-02 1.970000000000000000e+02 1.470000000000000000e+02
4.215791523456573486e-01 1.287882477045059204e-01 -6.993426084518432617e-01 -6.945098638534545898e-01 -5.801746749877929688e+01 -2.931418800354003906e+01 -2.401574142277240753e-02 -3.098663873970508575e-02 1.740000000000000000e+02 1.240000000000000000e+02
4.215791523456573486e-01 1.328322738409042358e-01 -6.901731491088867188e-01 -6.849173903465270996e-01 -5.410937500000000000e+01 -2.540609359741210938e+01 -2.239802479743957520e-02 -2.685557678341865540e-02 1.590000000000000000e+02 1.090000000000000000e+02
4.215791523456573486e-01 1.403804421424865723e-01 -6.716061234474182129e-01 -6.670128703117370605e-01 -5.027539825439453125e+01 -2.157211875915527344e+01 -2.081098966300487518e-02 -2.280286327004432678e-02 1.460000000000000000e+02 9.600000000000000000e+01
4.215791523456573486e-01 1.432277113199234009e-01 -6.645701527595520020e-01 -6.602590084075927734e-01 -4.864179611206054688e+01 -1.993851089477539062e+01 -2.013477683067321777e-02 -2.107605524361133575e-02 1.410000000000000000e+02 9.100000000000000000e+01
4.215791523456573486e-01 1.439470350742340088e-01 -6.628162264823913574e-01 -6.585527658462524414e-01 -4.720104217529296875e+01 -1.849775886535644531e+01 -1.953839138150215149e-02 -1.955310441553592682e-02 1.350000000000000000e+02 8.500000000000000000e+01
4.215791523456573486e-01 1.455061435699462891e-01 -6.592081785202026367e-01 -6.548545360565185547e-01 -4.592694854736328125e+01 -1.722366523742675781e+01 -1.901099272072315216e-02 -1.820632070302963257e-02 1.310000000000000000e+02 8.100000000000000000e+01
4.215791523456573486e-01 1.539720147848129272e-01 -6.395547389984130859e-01 -6.347731947898864746e-01 -4.491839981079101562e+01 -1.621511459350585938e+01 -1.859351433813571930e-02 -1.714022830128669739e-02 1.270000000000000000e+02 7.700000000000000000e+01
4.215791523456573486e-01 1.539720147848129272e-01 -6.395547389984130859e-01 -6.347731947898864746e-01 -4.491839981079101562e+01 -1.621511459350585938e+01 -1.859351433813571930e-02 -1.714022830128669739e-02 1.270000000000000000e+02 7.700000000000000000e+01
4.215791523456573486e-01 1.616510152816772461e-01 -6.204499006271362305e-01 -6.165583133697509766e-01 -4.375770950317382812e+01 -1.505442619323730469e+01 -1.811305806040763855e-02 -1.591332070529460907e-02 1.220000000000000000e+02 7.200000000000000000e+01
4.215791523456573486e-01 1.621881276369094849e-01 -6.192342638969421387e-01 -6.152842640876770020e-01 -4.328626251220703125e+01 -1.458298301696777344e+01 -1.791790872812271118e-02 -1.541498024016618729e-02 1.190000000000000000e+02 6.900000000000000000e+01
4.215791523456573486e-01 1.872727125883102417e-01 -5.620310306549072266e-01 -5.557827949523925781e-01 -3.857571792602539062e+01 -9.872434616088867188e+00 -1.596802659332752228e-02 -1.043568272143602371e-02 9.700000000000000000e+01 4.700000000000000000e+01
4.215791523456573486e-01 2.167440801858901978e-01 -4.933775365352630615e-01 -4.858757257461547852e-01 -3.486317443847656250e+01 -6.159892082214355469e+00 -1.443125680088996887e-02 -6.511329673230648041e-03 8.300000000000000000e+01 3.300000000000000000e+01
4.215791523456573486e-01 2.310197800397872925e-01 -4.602529406547546387e-01 -4.520132839679718018e-01 -3.308145904541015625e+01 -4.378175735473632812e+00 -1.369373314082622528e-02 -4.627962131053209305e-03 7.400000000000000000e+01 2.400000000000000000e+01
4.215791523456573486e-01 2.341698855161666870e-01 -4.524307847023010254e-01 -4.445411264896392822e-01 -3.194745635986328125e+01 -3.244174003601074219e+00 -1.322432421147823334e-02 -3.429262433201074600e-03 7.000000000000000000e+01 2.000000000000000000e+01
4.215791523456573486e-01 2.369334101676940918e-01 -4.462021887302398682e-01 -4.379859566688537598e-01 -3.140684700012207031e+01 -2.703564167022705078e+00 -1.300054509192705154e-02 -2.857809420675039291e-03 6.800000000000000000e+01 1.800000000000000000e+01
4.215791523456573486e-01 2.441852539777755737e-01 -4.293138682842254639e-01 -4.207843244075775146e-01 -3.092590713500976562e+01 -2.222625017166137695e+00 -1.280146464705467224e-02 -2.349431626498699188e-03 6.500000000000000000e+01 1.500000000000000000e+01
4.215791523456573486e-01 2.442575842142105103e-01 -4.291357696056365967e-01 -4.206127524375915527e-01 -3.087242507934570312e+01 -2.169141769409179688e+00 -1.277932617813348770e-02 -2.292896853759884834e-03 6.400000000000000000e+01 1.400000000000000000e+01
4.215791523456573486e-01 2.500903904438018799e-01 -4.149361252784729004e-01 -4.067771434783935547e-01 -3.045436477661132812e+01 -1.751081705093383789e+00 -1.260627433657646179e-02 -1.850985456258058548e-03 6.100000000000000000e+01 1.100000000000000000e+01
4.215791523456573486e-01 2.500903904438018799e-01 -4.149361252784729004e-01 -4.067771434783935547e-01 -3.045436477661132812e+01 -1.751081705093383789e+00 -1.260627433657646179e-02 -1.850985456258058548e-03 6.100000000000000000e+01 1.100000000000000000e+01
4.215791523456573486e-01 2.770100831985473633e-01 -3.503310680389404297e-01 -3.429227173328399658e-01 -2.944482803344726562e+01 -7.415454387664794922e-01 -1.218838710337877274e-02 -7.838525343686342239e-04 5.500000000000000000e+01 5.000000000000000000e+00
4.215791523456573486e-01 2.826468348503112793e-01 -3.354969322681427002e-01 -3.295521438121795654e-01 -2.934804534912109375e+01 -6.447628140449523926e-01 -1.214832440018653870e-02 -6.815482047386467457e-04 5.400000000000000000e+01 4.000000000000000000e+00
4.215791523456573486e-01 2.943852245807647705e-01 -3.090102374553680420e-01 -3.017083108425140381e-01 -2.910757827758789062e+01 -4.042958021163940430e-01 -1.204878557473421097e-02 -4.273619269952178001e-04 5.300000000000000000e+01 3.000000000000000000e+00
4.215791523456573486e-01 2.876763045787811279e-01 -3.236400485038757324e-01 -3.176220953464508057e-01 -2.876134681701660156e+01 -5.806487798690795898e-02 -1.190546713769435883e-02 -6.137762829894199967e-05 5.100000000000000000e+01 1.000000000000000000e+00
4.215791523456573486e-01 2.876763045787811279e-01 -3.236400485038757324e-01 -3.176220953464508057e-01 -2.876134681701660156e+01 -5.806487798690795898e-02 -1.190546713769435883e-02 -6.137762829894199967e-05 5.100000000000000000e+01 1.000000000000000000e+00
4.215791523456573486e-01 2.876763045787811279e-01 -3.236400485038757324e-01 -3.176220953464508057e-01 -2.876134681701660156e+01 -5.806487798690795898e-02 -1.190546713769435883e-02 -6.137762829894199967e-05 5.100000000000000000e+01 1.000000000000000000e+00
4.215791523456573486e-01 2.876763045787811279e-01 -3.236400485038757324e-01 -3.176220953464508057e-01 -2.876134681701660156e+01 -5.806487798690795898e-02 -1.190546713769435883e-02 -6.137762829894199967e-05 5.100000000000000000e+01 1.000000000000000000e+00
4.215791523456573486e-01 2.876763045787811279e-01 -3.236400485038757324e-01 -3.176220953464508057e-01 -2.876134681701660156e+01 -5.806487798690795898e-02 -1.190546713769435883e-02 -6.137762829894199967e-05 5.100000000000000000e+01 1.000000000000000000e+00
4.215791523456573486e-01 2.876763045787811279e-01 -3.236400485038757324e-01 -3.176220953464508057e-01 -2.876134681701660156e+01 -5.806487798690795898e-02 -1.190546713769435883e-02 -6.137762829894199967e-05 5.100000000000000000e+01 1.000000000000000000e+00
4.215791523456573486e-01 2.876005768775939941e-01 -3.238122165203094482e-01 -3.178017139434814453e-01 -2.870328140258789062e+01 0.000000000000000000e+00 -1.188143156468868256e-02 0.000000000000000000e+00 5.000000000000000000e+01 0.000000000000000000e+00
4.215791523456573486e-01 2.876005768775939941e-01 -3.238122165203094482e-01 -3.178017139434814453e-01 -2.870328140258789062e+01 0.000000000000000000e+00 -1.188143156468868256e-02 0.000000000000000000e+00 5.000000000000000000e+01 0.000000000000000000e+00
4.215791523456573486e-01 2.876005768775939941e-01 -3.238122165203094482e-01 -3.178017139434814453e-01 -2.870328140258789062e+01 0.000000000000000000e+00 -1.188143156468868256e-02 0.000000000000000000e+00 5.000000000000000000e+01 0.000000000000000000e+00
4.215791523456573486e-01 2.876005768775939941e-01 -3.238122165203094482e-01 -3.178017139434814453e-01 -2.870328140258789062e+01 0.000000000000000000e+00 -1.188143156468868256e-02 0.000000000000000000e+00 5.000000000000000000e+01 0.000000000000000000e+00
4.215791523456573486e-01 2.876005768775939941e-01 -3.238122165203094482e-01 -3.178017139434814453e-01 -2.870328140258789062e+01 0.000000000000000000e+00 -1.188143156468868256e-02 0.000000000000000000e+00 5.000000000000000000e+01 0.000000000000000000e+00
4.215791523456573486e-01 2.876005768775939941e-01 -3.238122165203094482e-01 -3.178017139434814453e-01 -2.870328140258789062e+01 0.000000000000000000e+00 -1.188143156468868256e-02 0.000000000000000000e+00 5.000000000000000000e+01 0.000000000000000000e+00
4.215791523456573486e-01 2.876005768775939941e-01 -3.238122165203094482e-01 -3.178017139434814453e-01 -2.870328140258789062e+01 0.000000000000000000e+00 -1.188143156468868256e-02 0.000000000000000000e+00 5.000000000000000000e+01 0.000000000000000000e+00
4.215791523456573486e-01 2.876005768775939941e-01 -3.238122165203094482e-01 -3.178017139434814453e-01 -2.870328140258789062e+01 0.000000000000000000e+00 -1.188143156468868256e-02 0.000000000000000000e+00 5.000000000000000000e+01 0.000000000000000000e+00
4.215791523456573486e-01 2.876005768775939941e-01 -3.238122165203094482e-01 -3.178017139434814453e-01 -2.870328140258789062e+01 0.000000000000000000e+00 -1.188143156468868256e-02 0.000000000000000000e+00 5.000000000000000000e+01 0.000000000000000000e+00
4.215791523456573486e-01 2.876005768775939941e-01 -3.238122165203094482e-01 -3.178017139434814453e-01 -2.870328140258789062e+01 0.000000000000000000e+00 -1.188143156468868256e-02 0.000000000000000000e+00 5.000000000000000000e+01 0.000000000000000000e+00
4.215791523456573486e-01 2.876005768775939941e-01 -3.238122165203094482e-01 -3.178017139434814453e-01 -2.870328140258789062e+01 0.000000000000000000e+00 -1.188143156468868256e-02 0.000000000000000000e+00 5.000000000000000000e+01 0.000000000000000000e+00
4.215791523456573486e-01 2.876005768775939941e-01 -3.238122165203094482e-01 -3.178017139434814453e-01 -2.870328140258789062e+01 0.000000000000000000e+00 -1.188143156468868256e-02 0.000000000000000000e+00 5.000000000000000000e+01 0.000000000000000000e+00
4.215791523456573486e-01 2.876005768775939941e-01 -3.238122165203094482e-01 -3.178017139434814453e-01 -2.870328140258789062e+01 0.000000000000000000e+00 -1.188143156468868256e-02 0.000000000000000000e+00 5.000000000000000000e+01 0.000000000000000000e+00
4.215791523456573486e-01 2.876005768775939941e-01 -3.238122165203094482e-01 -3.178017139434814453e-01 -2.870328140258789062e+01 0.000000000000000000e+00 -1.188143156468868256e-02 0.000000000000000000e+00 5.000000000000000000e+01 0.000000000000000000e+00
4.215791523456573486e-01 2.876005768775939941e-01 -3.238122165203094482e-01 -3.178017139434814453e-01 -2.870328140258789062e+01 0.000000000000000000e+00 -1.188143156468868256e-02 0.000000000000000000e+00 5.000000000000000000e+01 0.000000000000000000e+00
4.215791523456573486e-01 2.876005768775939941e-01 -3.238122165203094482e-01 -3.178017139434814453e-01 -2.870328140258789062e+01 0.000000000000000000e+00 -1.188143156468868256e-02 0.000000000000000000e+00 5.000000000000000000e+01 0.000000000000000000e+00
4.215791523456573486e-01 2.876005768775939941e-01 -3.238122165203094482e-01 -3.178017139434814453e-01 -2.870328140258789062e+01 0.000000000000000000e+00 -1.188143156468868256e-02 0.000000000000000000e+00 5.000000000000000000e+01 0.000000000000000000e+00
4.215791523456573486e-01 2.876005768775939941e-01 -3.238122165203094482e-01 -3.178017139434814453e-01 -2.870328140258789062e+01 0.000000000000000000e+00 -1.188143156468868256e-02 0.000000000000000000e+00 5.000000000000000000e+01 0.000000000000000000e+00
4.215791523456573486e-01 2.876005768775939941e-01 -3.238122165203094482e-01 -3.178017139434814453e-01 -2.870328140258789062e+01 0.000000000000000000e+00 -1.188143156468868256e-02 0.000000000000000000e+00 5.000000000000000000e+01 0.000000000000000000e+00
4.215791523456573486e-01 2.876005768775939941e-01 -3.238122165203094482e-01 -3.178017139434814453e-01 -2.870328140258789062e+01 0.000000000000000000e+00 -1.188143156468868256e-02 0.000000000000000000e+00 5.000000000000000000e+01 0.000000000000000000e+00
4.215791523456573486e-01 2.876005768775939941e-01 -3.238122165203094482e-01 -3.178017139434814453e-01 -2.870328140258789062e+01 0.000000000000000000e+00 -1.188143156468868256e-02 0.000000000000000000e+00 5.000000000000000000e+01 0.000000000000000000e+00
4.215791523456573486e-01 2.876005768775939941e-01 -3.238122165203094482e-01 -3.178017139434814453e-01 -2.870328140258789062e+01 0.000000000000000000e+00 -1.188143156468868256e-02 0.000000000000000000e+00 5.000000000000000000e+01 0.000000000000000000e+00
4.215791523456573486e-01 2.876005768775939941e-01 -3.238122165203094482e-01 -3.178017139434814453e-01 -2.870328140258789062e+01 0.000000000000000000e+00 -1.188143156468868256e-02 0.000000000000000000e+00 5.000000000000000000e+01 0.000000000000000000e+00
4.215791523456573486e-01 2.876005768775939941e-01 -3.238122165203094482e-01 -3.178017139434814453e-01 -2.870328140258789062e+01 0.000000000000000000e+00 -1.188143156468868256e-02 0.000000000000000000e+00 5.000000000000000000e+01 0.000000000000000000e+00
4.215791523456573486e-01 2.876005768775939941e-01 -3.238122165203094482e-01 -3.178017139434814453e-01 -2.870328140258789062e+01 0.000000000000000000e+00 -1.188143156468868256e-02 0.000000000000000000e+00 5.000000000000000000e+01 0.000000000000000000e+00
4.215791523456573486e-01 2.876005768775939941e-01 -3.238122165203094482e-01 -3.178017139434814453e-01 -2.870328140258789062e+01 0.000000000000000000e+00 -1.188143156468868256e-02 0.000000000000000000e+00 5.000000000000000000e+01 0.000000000000000000e+00
4.215791523456573486e-01 2.876005768775939941e-01 -3.238122165203094482e-01 -3.178017139434814453e-01 -2.870328140258789062e+01 0.000000000000000000e+00 -1.188143156468868256e-02 0.000000000000000000e+00 5.000000000000000000e+01 0.000000000000000000e+00
4.215791523456573486e-01 2.876005768775939941e-01 -3.238122165203094482e-01 -3.178017139434814453e-01 -2.870328140258789062e+01 0.000000000000000000e+00 -1.188143156468868256e-02 0.000000000000000000e+00 5.000000000000000000e+01 0.000000000000000000e+00
4.215791523456573486e-01 2.876005768775939941e-01 -3.238122165203094482e-01 -3.178017139434814453e-01 -2.870328140258789062e+01 0.000000000000000000e+00 -1.188143156468868256e-02 0.000000000000000000e+00 5.000000000000000000e+01 0.000000000000000000e+00
4.215791523456573486e-01 2.876005768775939941e-01 -3.238122165203094482e-01 -3.178017139434814453e-01 -2.870328140258789062e+01 0.000000000000000000e+00 -1.188143156468868256e-02 0.000000000000000000e+00 5.000000000000000000e+01 0.000000000000000000e+00
4.215791523456573486e-01 2.876005768775939941e-01 -3.238122165203094482e-01 -3.178017139434814453e-01 -2.870328140258789062e+01 0.000000000000000000e+00 -1.188143156468868256e-02 0.000000000000000000e+00 5.000000000000000000e+01 0.000000000000000000e+00
4.215791523456573486e-01 2.876005768775939941e-01 -3.238122165203094482e-01 -3.178017139434814453e-01 -2.870328140258789062e+01 0.000000000000000000e+00 -1.188143156468868256e-02 0.000000000000000000e+00 5.000000000000000000e+01 0.000000000000000000e+00
4.215791523456573486e-01 2.876005768775939941e-01 -3.238122165203094482e-01 -3.178017139434814453e-01 -2.870328140258789062e+01 0.000000000000000000e+00 -1.188143156468868256e-02 0.000000000000000000e+00 5.000000000000000000e+01 0.000000000000000000e+00
4.215791523456573486e-01 2.876005768775939941e-01 -3.238122165203094482e-01 -3.178017139434814453e-01 -2.870328140258789062e+01 0.000000000000000000e+00 -1.188143156468868256e-02 0.000000000000000000e+00 5.000000000000000000e+01 0.000000000000000000e+00
4.215791523456573486e-01 2.876005768775939941e-01 -3.238122165203094482e-01 -3.178017139434814453e-01 -2.870328140258789062e+01 0.000000000000000000e+00 -1.188143156468868256e-02 0.000000000000000000e+00 5.000000000000000000e+01 0.000000000000000000e+00
4.215791523456573486e-01 2.876005768775939941e-01 -3.238122165203094482e-01 -3.178017139434814453e-01 -2.870328140258789062e+01 0.000000000000000000e+00 -1.188143156468868256e-02 0.000000000000000000e+00 5.000000000000000000e+01 0.000000000000000000e+00
4.215791523456573486e-01 2.876005768775939941e-01 -3.238122165203094482e-01 -3.178017139434814453e-01 -2.870328140258789062e+01 0.000000000000000000e+00 -1.188143156468868256e-02 0.000000000000000000e+00 5.000000000000000000e+01 0.000000000000000000e+00
4.215791523456573486e-01 2.876005768775939941e-01 -3.238122165203094482e-01 -3.178017139434814453e-01 -2.870328140258789062e+01 0.000000000000000000e+00 -1.188143156468868256e-02 0.000000000000000000e+00 5.000000000000000000e+01 0.000000000000000000e+00
4.215791523456573486e-01 2.876005768775939941e-01 -3.238122165203094482e-01 -3.178017139434814453e-01 -2.870328140258789062e+01 0.000000000000000000e+00 -1.188143156468868256e-02 0.000000000000000000e+00 5.000000000000000000e+01 0.000000000000000000e+00
4.215791523456573486e-01 2.876005768775939941e-01 -3.238122165203094482e-01 -3.178017139434814453e-01 -2.870328140258789062e+01 0.000000000000000000e+00 -1.188143156468868256e-02 0.000000000000000000e+00 5.000000000000000000e+01 0.000000000000000000e+00
4.215791523456573486e-01 2.876005768775939941e-01 -3.238122165203094482e-01 -3.178017139434814453e-01 -2.870328140258789062e+01 0.000000000000000000e+00 -1.188143156468868256e-02 0.000000000000000000e+00 5.000000000000000000e+01 0.000000000000000000e+00
4.215791523456573486e-01 2.876005768775939941e-01 -3.238122165203094482e-01 -3.178017139434814453e-01 -2.870328140258789062e+01 0.000000000000000000e+00 -1.188143156468868256e-02 0.000000000000000000e+00 5.000000000000000000e+01 0.000000000000000000e+00
4.215791523456573486e-01 2.876005768775939941e-01 -3.238122165203094482e-01 -3.178017139434814453e-01 -2.870328140258789062e+01 0.000000000000000000e+00 -1.188143156468868256e-02 0.000000000000000000e+00 5.000000000000000000e+01 0.000000000000000000e+00
4.215791523456573486e-01 2.876005768775939941e-01 -3.238122165203094482e-01 -3.178017139434814453e-01 -2.870328140258789062e+01 0.000000000000000000e+00 -1.188143156468868256e-02 0.000000000000000000e+00 5.000000000000000000e+01 0.000000000000000000e+00
4.215791523456573486e-01 2.876005768775939941e-01 -3.238122165203094482e-01 -3.178017139434814453e-01 -2.870328140258789062e+01 0.000000000000000000e+00 -1.188143156468868256e-02 0.000000000000000000e+00 5.000000000000000000e+01 0.000000000000000000e+00
4.215791523456573486e-01 2.876005768775939941e-01 -3.238122165203094482e-01 -3.178017139434814453e-01 -2.870328140258789062e+01 0.000000000000000000e+00 -1.188143156468868256e-02 0.000000000000000000e+00 5.000000000000000000e+01 0.000000000000000000e+00
4.215791523456573486e-01 2.876005768775939941e-01 -3.238122165203094482e-01 -3.178017139434814453e-01 -2.870328140258789062e+01 0.000000000000000000e+00 -1.188143156468868256e-02 0.000000000000000000e+00 5.000000000000000000e+01 0.000000000000000000e+00
4.215791523456573486e-01 2.876005768775939941e-01 -3.238122165203094482e-01 -3.178017139434814453e-01 -2.870328140258789062e+01 0.000000000000000000e+00 -1.188143156468868256e-02 0.000000000000000000e+00 5.000000000000000000e+01 0.000000000000000000e+00
4.215791523456573486e-01 2.876005768775939941e-01 -3.238122165203094482e-01 -3.178017139434814453e-01 -2.870328140258789062e+01 0.000000000000000000e+00 -1.188143156468868256e-02 0.000000000000000000e+00 5.000000000000000000e+01 0.000000000000000000e+00
4.215791523456573486e-01 2.876005768775939941e-01 -3.238122165203094482e-01 -3.178017139434814453e-01 -2.870328140258789062e+01 0.000000000000000000e+00 -1.188143156468868256e-02 0.000000000000000000e+00 5.000000000000000000e+01 0.000000000000000000e+00
4.215791523456573486e-01 2.876005768775939941e-01 -3.238122165203094482e-01 -3.178017139434814453e-01 -2.870328140258789062e+01 0.000000000000000000e+00 -1.188143156468868256e-02 0.000000000000000000e+00 5.000000000000000000e+01 0.000000000000000000e+00
4.215791523456573486e-01 2.876005768775939941e-01 -3.238122165203094482e-01 -3.178017139434814453e-01 -2.870328140258789062e+01 0.000000000000000000e+00 -1.188143156468868256e-02 0.000000000000000000e+00 5.000000000000000000e+01 0.000000000000000000e+00
4.215791523456573486e-01 2.876005768775939941e-01 -3.238122165203094482e-01 -3.178017139434814453e-01 -2.870328140258789062e+01 0.000000000000000000e+00 -1.188143156468868256e-02 0.000000000000000000e+00 5.000000000000000000e+01 0.000000000000000000e+00
4.215791523456573486e-01 2.876005768775939941e-01 -3.238122165203094482e-01 -3.178017139434814453e-01 -2.870328140258789062e+01 0.000000000000000000e+00 -1.188143156468868256e-02 0.000000000000000000e+00 5.000000000000000000e+01 0.000000000000000000e+00
4.215791523456573486e-01 2.876005768775939941e-01 -3.238122165203094482e-01 -3.178017139434814453e-01 -2.870328140258789062e+01 0.000000000000000000e+00 -1.188143156468868256e-02 0.000000000000000000e+00 5.000000000000000000e+01 0.000000000000000000e+00
4.215791523456573486e-01 2.876005768775939941e-01 -3.238122165203094482e-01 -3.178017139434814453e-01 -2.870328140258789062e+01 0.000000000000000000e+00 -1.188143156468868256e-02 0.000000000000000000e+00 5.000000000000000000e+01 0.000000000000000000e+00
4.215791523456573486e-01 2.876005768775939941e-01 -3.238122165203094482e-01 -3.178017139434814453e-01 -2.870328140258789062e+01 0.000000000000000000e+00 -1.188143156468868256e-02 0.000000000000000000e+00 5.000000000000000000e+01 0.000000000000000000e+00
4.215791523456573486e-01 2.876005768775939941e-01 -3.238122165203094482e-01 -3.178017139434814453e-01 -2.870328140258789062e+01 0.000000000000000000e+00 -1.188143156468868256e-02 0.000000000000000000e+00 5.000000000000000000e+01 0.000000000000000000e+00
4.215791523456573486e-01 2.876005768775939941e-01 -3.238122165203094482e-01 -3.178017139434814453e-01 -2.870328140258789062e+01 0.000000000000000000e+00 -1.188143156468868256e-02 0.000000000000000000e+00 5.000000000000000000e+01 0.000000000000000000e+00
4.215791523456573486e-01 2.876005768775939941e-01 -3.238122165203094482e-01 -3.178017139434814453e-01 -2.870328140258789062e+01 0.000000000000000000e+00 -1.188143156468868256e-02 0.000000000000000000e+00 5.000000000000000000e+01 0.000000000000000000e+00
4.215791523456573486e-01 2.876005768775939941e-01 -3.238122165203094482e-01 -3.178017139434814453e-01 -2.870328140258789062e+01 0.000000000000000000e+00 -1.188143156468868256e-02 0.000000000000000000e+00 5.000000000000000000e+01 0.000000000000000000e+00
4.215791523456573486e-01 2.876005768775939941e-01 -3.238122165203094482e-01 -3.178017139434814453e-01 -2.870328140258789062e+01 0.000000000000000000e+00 -1.188143156468868256e-02 0.000000000000000000e+00 5.000000000000000000e+01 0.000000000000000000e+00
