4.575903117656707764e-01 3.525115251541137695e-01 -2.373522520065307617e-01 -2.296350747346878052e-01 -8.941233825683593750e+01 -5.454396438598632812e+01 -3.701132908463478088e-02 -5.802695453166961670e-02 1.660000000000000000e+02 1.160000000000000000e+02
4.575903117656707764e-01 3.616672456264495850e-01 -2.166213691234588623e-01 -2.096265256404876709e-01 -7.007344055175781250e+01 -3.520507431030273438e+01 -2.900618873536586761e-02 -3.745314851403236389e-02 1.310000000000000000e+02 8.100000000000000000e+01
4.575903117656707764e-01 3.686533570289611816e-01 -2.006212621927261353e-01 -1.943593472242355347e-01 -6.095446777343750000e+01 -2.608610343933105469e+01 -2.523148246109485626e-02 -2.775187231600284576e-02 1.110000000000000000e+02 6.100000000000000000e+01
4.575903117656707764e-01 3.718162178993225098e-01 -1.934926956892013550e-01 -1.874473541975021362e-01 -5.797693634033203125e+01 -2.310856628417968750e+01 -2.399896271526813507e-02 -2.458420023322105408e-02 1.030000000000000000e+02 5.300000000000000000e+01
4.575903117656707764e-01 3.727925419807434082e-01 -1.900779902935028076e-01 -1.853137314319610596e-01 -5.345993041992187500e+01 -1.859156227111816406e+01 -2.212919481098651886e-02 -1.977875642478466034e-02 9.300000000000000000e+01 4.300000000000000000e+01
4.575903117656707764e-01 3.874138593673706055e-01 -1.541164219379425049e-01 -1.533608734607696533e-01 -5.042691040039062500e+01 -1.555854225158691406e+01 -2.087370678782463074e-02 -1.655205711722373962e-02 8.500000000000000000e+01 3.500000000000000000e+01
4.575903117656707764e-01 3.916504085063934326e-01 -1.443340182304382324e-01 -1.441024839878082275e-01 -4.793704605102539062e+01 -1.306867790222167969e+01 -1.984305307269096375e-02 -1.390319876372814178e-02 8.100000000000000000e+01 3.100000000000000000e+01
4.575903117656707764e-01 4.032449722290039062e-01 -1.183589696884155273e-01 -1.187641844153404236e-01 -4.520362091064453125e+01 -1.033525085449218750e+01 -1.871157996356487274e-02 -1.099522504955530167e-02 7.500000000000000000e+01 2.500000000000000000e+01
4.575903117656707764e-01 4.007189869880676270e-01 -1.241953894495964050e-01 -1.242843717336654663e-01 -4.420092010498046875e+01 -9.332551956176757812e+00 -1.829652115702629089e-02 -9.928496554493904114e-03 7.300000000000000000e+01 2.300000000000000000e+01
4.575903117656707764e-01 4.026097655296325684e-01 -1.195533275604248047e-01 -1.201523393392562866e-01 -4.197829437255859375e+01 -7.109926223754882812e+00 -1.737648807466030121e-02 -7.563941646367311478e-03 6.900000000000000000e+01 1.900000000000000000e+01
4.575903117656707764e-01 4.013222455978393555e-01 -1.222129240632057190e-01 -1.229660362005233765e-01 -4.012863922119140625e+01 -5.260270118713378906e+00 -1.661084219813346863e-02 -5.596172995865345001e-03 6.600000000000000000e+01 1.600000000000000000e+01
4.575903117656707764e-01 4.280683100223541260e-01 -5.840904265642166138e-02 -6.451623141765594482e-02 -3.644826126098632812e+01 -1.579893231391906738e+00 -1.508738659322261810e-02 -1.680779852904379368e-03 5.600000000000000000e+01 6.000000000000000000e+00
4.575903117656707764e-01 4.280683100223541260e-01 -5.840904265642166138e-02 -6.451623141765594482e-02 -3.644826126098632812e+01 -1.579893231391906738e+00 -1.508738659322261810e-02 -1.680779852904379368e-03 5.600000000000000000e+01 6.000000000000000000e+00
4.575903117656707764e-01 4.280683100223541260e-01 -5.840904265642166138e-02 -6.451623141765594482e-02 -3.644826126098632812e+01 -1.579893231391906738e+00 -1.508738659322261810e-02 -1.680779852904379368e-03 5.600000000000000000e+01 6.000000000000000000e+00
4.575903117656707764e-01 4.232822954654693604e-01 -6.903734803199768066e-02 -7.497540116310119629e-02 -3.604344177246093750e+01 -1.175072073936462402e+00 -1.491981651633977890e-02 -1.250108121894299984e-03 5.500000000000000000e+01 5.000000000000000000e+00
4.575903117656707764e-01 4.280568659305572510e-01 -5.684514343738555908e-02 -6.454124301671981812e-02 -3.592320632934570312e+01 -1.054838657379150391e+00 -1.487004570662975311e-02 -1.122197019867599010e-03 5.400000000000000000e+01 4.000000000000000000e+00
4.575903117656707764e-01 4.280568659305572510e-01 -5.684514343738555908e-02 -6.454124301671981812e-02 -3.592320632934570312e+01 -1.054838657379150391e+00 -1.487004570662975311e-02 -1.122197019867599010e-03 5.400000000000000000e+01 4.000000000000000000e+00
4.575903117656707764e-01 4.280568659305572510e-01 -5.684514343738555908e-02 -6.454124301671981812e-02 -3.592320632934570312e+01 -1.054838657379150391e+00 -1.487004570662975311e-02 -1.122197019867599010e-03 5.400000000000000000e+01 4.000000000000000000e+00
4.575903117656707764e-01 4.280568659305572510e-01 -5.684514343738555908e-02 -6.454124301671981812e-02 -3.592320632934570312e+01 -1.054838657379150391e+00 -1.487004570662975311e-02 -1.122197019867599010e-03 5.400000000000000000e+01 4.000000000000000000e+00
4.575903117656707764e-01 4.203887581825256348e-01 -7.737421989440917969e-02 -8.129882067441940308e-02 -3.548965835571289062e+01 -6.212902665138244629e-01 -1.469058264046907425e-02 -6.609637639485299587e-04 5.300000000000000000e+01 3.000000000000000000e+00
4.575903117656707764e-01 4.319325089454650879e-01 -5.354861915111541748e-02 -5.607156082987785339e-02 -3.529515838623046875e+01 -4.267885684967041016e-01 -1.461007166653871536e-02 -4.540418449323624372e-04 5.200000000000000000e+01 2.000000000000000000e+00
4.575903117656707764e-01 4.312247335910797119e-01 -5.494299903512001038e-02 -5.761830508708953857e-02 -3.487419128417968750e+01 -5.821943283081054688e-03 -1.443581655621528625e-02 -6.193712579261045903e-06 5.100000000000000000e+01 1.000000000000000000e+00
4.575903117656707764e-01 4.312247335910797119e-01 -5.494299903512001038e-02 -5.761830508708953857e-02 -3.487419128417968750e+01 -5.821943283081054688e-03 -1.443581655621528625e-02 -6.193712579261045903e-06 5.100000000000000000e+01 1.000000000000000000e+00
4.575903117656707764e-01 4.312247335910797119e-01 -5.494299903512001038e-02 -5.761830508708953857e-02 -3.487419128417968750e+01 -5.821943283081054688e-03 -1.443581655621528625e-02 -6.193712579261045903e-06 5.100000000000000000e+01 1.000000000000000000e+00
4.575903117656707764e-01 4.312247335910797119e-01 -5.494299903512001038e-02 -5.761830508708953857e-02 -3.487419128417968750e+01 -5.821943283081054688e-03 -1.443581655621528625e-02 -6.193712579261045903e-06 5.100000000000000000e+01 1.000000000000000000e+00
4.575903117656707764e-01 4.312247335910797119e-01 -5.494299903512001038e-02 -5.761830508708953857e-02 -3.487419128417968750e+01 -5.821943283081054688e-03 -1.443581655621528625e-02 -6.193712579261045903e-06 5.100000000000000000e+01 1.000000000000000000e+00
4.575903117656707764e-01 4.312247335910797119e-01 -5.494299903512001038e-02 -5.761830508708953857e-02 -3.487419128417968750e+01 -5.821943283081054688e-03 -1.443581655621528625e-02 -6.193712579261045903e-06 5.100000000000000000e+01 1.000000000000000000e+00
4.575903117656707764e-01 4.312247335910797119e-01 -5.494299903512001038e-02 -5.761830508708953857e-02 -3.487419128417968750e+01 -5.821943283081054688e-03 -1.443581655621528625e-02 -6.193712579261045903e-06 5.100000000000000000e+01 1.000000000000000000e+00
4.575903117656707764e-01 4.312247335910797119e-01 -5.494299903512001038e-02 -5.761830508708953857e-02 -3.487419128417968750e+01 -5.821943283081054688e-03 -1.443581655621528625e-02 -6.193712579261045903e-06 5.100000000000000000e+01 1.000000000000000000e+00
4.575903117656707764e-01 4.312247335910797119e-01 -5.494299903512001038e-02 -5.761830508708953857e-02 -3.487419128417968750e+01 -5.821943283081054688e-03 -1.443581655621528625e-02 -6.193712579261045903e-06 5.100000000000000000e+01 1.000000000000000000e+00
4.575903117656707764e-01 4.381928145885467529e-01 -4.124556481838226318e-02 -4.239053279161453247e-02 -3.486837005615234375e+01 0.000000000000000000e+00 -1.443340722471475601e-02 0.000000000000000000e+00 5.000000000000000000e+01 0.000000000000000000e+00
4.575903117656707764e-01 4.381928145885467529e-01 -4.124556481838226318e-02 -4.239053279161453247e-02 -3.486837005615234375e+01 0.000000000000000000e+00 -1.443340722471475601e-02 0.000000000000000000e+00 5.000000000000000000e+01 0.000000000000000000e+00
4.575903117656707764e-01 4.381928145885467529e-01 -4.124556481838226318e-02 -4.239053279161453247e-02 -3.486837005615234375e+01 0.000000000000000000e+00 -1.443340722471475601e-02 0.000000000000000000e+00 5.000000000000000000e+01 0.000000000000000000e+00
4.575903117656707764e-01 4.381928145885467529e-01 -4.124556481838226318e-02 -4.239053279161453247e-02 -3.486837005615234375e+01 0.000000000000000000e+00 -1.443340722471475601e-02 0.000000000000000000e+00 5.000000000000000000e+01 0.000000000000000000e+00
4.575903117656707764e-01 4.381928145885467529e-01 -4.124556481838226318e-02 -4.239053279161453247e-02 -3.486837005615234375e+01 0.000000000000000000e+00 -1.443340722471475601e-02 0.000000000000000000e+00 5.000000000000000000e+01 0.000000000000000000e+00
4.575903117656707764e-01 4.381928145885467529e-01 -4.124556481838226318e-02 -4.239053279161453247e-02 -3.486837005615234375e+01 0.000000000000000000e+00 -1.443340722471475601e-02 0.000000000000000000e+00 5.000000000000000000e+01 0.000000000000000000e+00
4.575903117656707764e-01 4.381928145885467529e-01 -4.124556481838226318e-02 -4.239053279161453247e-02 -3.486837005615234375e+01 0.000000000000000000e+00 -1.443340722471475601e-02 0.000000000000000000e+00 5.000000000000000000e+01 0.000000000000000000e+00
4.575903117656707764e-01 4.381928145885467529e-01 -4.124556481838226318e-02 -4.239053279161453247e-02 -3.486837005615234375e+01 0.000000000000000000e+00 -1.443340722471475601e-02 0.000000000000000000e+00 5.000000000000000000e+01 0.000000000000000000e+00
4.575903117656707764e-01 4.381928145885467529e-01 -4.124556481838226318e-02 -4.239053279161453247e-02 -3.486837005615234375e+01 0.000000000000000000e+00 -1.443340722471475601e-02 0.000000000000000000e+00 5.000000000000000000e+01 0.000000000000000000e+00
4.575903117656707764e-01 4.381928145885467529e-01 -4.124556481838226318e-02 -4.239053279161453247e-02 -3.486837005615234375e+01 0.000000000000000000e+00 -1.443340722471475601e-02 0.000000000000000000e+00 5.000000000000000000e+01 0.000000000000000000e+00
4.575903117656707764e-01 4.381928145885467529e-01 -4.124556481838226318e-02 -4.239053279161453247e-02 -3.486837005615234375e+01 0.000000000000000000e+00 -1.443340722471475601e-02 0.000000000000000000e+00 5.000000000000000000e+01 0.000000000000000000e+00
4.575903117656707764e-01 4.381928145885467529e-01 -4.124556481838226318e-02 -4.239053279161453247e-02 -3.486837005615234375e+01 0.000000000000000000e+00 -1.443340722471475601e-02 0.000000000000000000e+00 5.000000000000000000e+01 0.000000000000000000e+00
4.575903117656707764e-01 4.381928145885467529e-01 -4.124556481838226318e-02 -4.239053279161453247e-02 -3.486837005615234375e+01 0.000000000000000000e+00 -1.443340722471475601e-02 0.000000000000000000e+00 5.000000000000000000e+01 0.000000000000000000e+00
4.575903117656707764e-01 4.381928145885467529e-01 -4.124556481838226318e-02 -4.239053279161453247e-02 -3.486837005615234375e+01 0.000000000000000000e+00 -1.443340722471475601e-02 0.000000000000000000e+00 5.000000000000000000e+01 0.000000000000000000e+00
4.575903117656707764e-01 4.381928145885467529e-01 -4.124556481838226318e-02 -4.239053279161453247e-02 -3.486837005615234375e+01 0.000000000000000000e+00 -1.443340722471475601e-02 0.000000000000000000e+00 5.000000000000000000e+01 0.000000000000000000e+00
4.575903117656707764e-01 4.381928145885467529e-01 -4.124556481838226318e-02 -4.239053279161453247e-02 -3.486837005615234375e+01 0.000000000000000000e+00 -1.443340722471475601e-02 0.000000000000000000e+00 5.000000000000000000e+01 0.000000000000000000e+00
4.575903117656707764e-01 4.381928145885467529e-01 -4.124556481838226318e-02 -4.239053279161453247e-02 -3.486837005615234375e+01 0.000000000000000000e+00 -1.443340722471475601e-02 0.000000000000000000e+00 5.000000000000000000e+01 0.000000000000000000e+00
4.575903117656707764e-01 4.381928145885467529e-01 -4.124556481838226318e-02 -4.239053279161453247e-02 -3.486837005615234375e+01 0.000000000000000000e+00 -1.443340722471475601e-02 0.000000000000000000e+00 5.000000000000000000e+01 0.000000000000000000e+00
4.575903117656707764e-01 4.381928145885467529e-01 -4.124556481838226318e-02 -4.239053279161453247e-02 -3.486837005615234375e+01 0.000000000000000000e+00 -1.443340722471475601e-02 0.000000000000000000e+00 5.000000000000000000e+01 0.000000000000000000e+00
4.575903117656707764e-01 4.381928145885467529e-01 -4.124556481838226318e-02 -4.239053279161453247e-02 -3.486837005615234375e+01 0.000000000000000000e+00 -1.443340722471475601e-02 0.000000000000000000e+00 5.000000000000000000e+01 0.000000000000000000e+00
4.575903117656707764e-01 4.381928145885467529e-01 -4.124556481838226318e-02 -4.239053279161453247e-02 -3.486837005615234375e+01 0.000000000000000000e+00 -1.443340722471475601e-02 0.000000000000000000e+00 5.000000000000000000e+01 0.000000000000000000e+00
4.575903117656707764e-01 4.381928145885467529e-01 -4.124556481838226318e-02 -4.239053279161453247e-02 -3.486837005615234375e+01 0.000000000000000000e+00 -1.443340722471475601e-02 0.000000000000000000e+00 5.000000000000000000e+01 0.000000000000000000e+00
4.575903117656707764e-01 4.381928145885467529e-01 -4.124556481838226318e-02 -4.239053279161453247e-02 -3.486837005615234375e+01 0.000000000000000000e+00 -1.443340722471475601e-02 0.000000000000000000e+00 5.000000000000000000e+01 0.000000000000000000e+00
4.575903117656707764e-01 4.381928145885467529e-01 -4.124556481838226318e-02 -4.239053279161453247e-02 -3.486837005615234375e+01 0.000000000000000000e+00 -1.443340722471475601e-02 0.000000000000000000e+00 5.000000000000000000e+01 0.000000000000000000e+00
4.575903117656707764e-01 4.381928145885467529e-01 -4.124556481838226318e-02 -4.239053279161453247e-02 -3.486837005615234375e+01 0.000000000000000000e+00 -1.443340722471475601e-02 0.000000000000000000e+00 5.000000000000000000e+01 0.000000000000000000e+00
4.575903117656707764e-01 4.381928145885467529e-01 -4.124556481838226318e-02 -4.239053279161453247e-02 -3.486837005615234375e+01 0.000000000000000000e+00 -1.443340722471475601e-02 0.000000000000000000e+00 5.000000000000000000e+01 0.000000000000000000e+00
4.575903117656707764e-01 4.381928145885467529e-01 -4.124556481838226318e-02 -4.239053279161453247e-02 -3.486837005615234375e+01 0.000000000000000000e+00 -1.443340722471475601e-02 0.000000000000000000e+00 5.000000000000000000e+01 0.000000000000000000e+00
4.575903117656707764e-01 4.381928145885467529e-01 -4.124556481838226318e-02 -4.239053279161453247e-02 -3.486837005615234375e+01 0.000000000000000000e+00 -1.443340722471475601e-02 0.000000000000000000e+00 5.000000000000000000e+01 0.000000000000000000e+00
4.575903117656707764e-01 4.381928145885467529e-01 -4.124556481838226318e-02 -4.239053279161453247e-02 -3.486837005615234375e+01 0.000000000000000000e+00 -1.443340722471475601e-02 0.000000000000000000e+00 5.000000000000000000e+01 0.000000000000000000e+00
4.575903117656707764e-01 4.381928145885467529e-01 -4.124556481838226318e-02 -4.239053279161453247e-02 -3.486837005615234375e+01 0.000000000000000000e+00 -1.443340722471475601e-02 0.000000000000000000e+00 5.000000000000000000e+01 0.000000000000000000e+00
4.575903117656707764e-01 4.381928145885467529e-01 -4.124556481838226318e-02 -4.239053279161453247e-02 -3.486837005615234375e+01 0.000000000000000000e+00 -1.443340722471475601e-02 0.000000000000000000e+00 5.000000000000000000e+01 0.000000000000000000e+00
4.575903117656707764e-01 4.381928145885467529e-01 -4.124556481838226318e-02 -4.239053279161453247e-02 -3.486837005615234375e+01 0.000000000000000000e+00 -1.443340722471475601e-02 0.000000000000000000e+00 5.000000000000000000e+01 0.000000000000000000e+00
4.575903117656707764e-01 4.381928145885467529e-01 -4.124556481838226318e-02 -4.239053279161453247e-02 -3.486837005615234375e+01 0.000000000000000000e+00 -1.443340722471475601e-02 0.000000000000000000e+00 5.000000000000000000e+01 0.000000000000000000e+00
4.575903117656707764e-01 4.381928145885467529e-01 -4.124556481838226318e-02 -4.239053279161453247e-02 -3.486837005615234375e+01 0.000000000000000000e+00 -1.443340722471475601e-02 0.000000000000000000e+00 5.000000000000000000e+01 0.000000000000000000e+00
4.575903117656707764e-01 4.381928145885467529e-01 -4.124556481838226318e-02 -4.239053279161453247e-02 -3.486837005615234375e+01 0.000000000000000000e+00 -1.443340722471475601e-02 0.000000000000000000e+00 5.000000000000000000e+01 0.000000000000000000e+00
4.575903117656707764e-01 4.381928145885467529e-01 -4.124556481838226318e-02 -4.239053279161453247e-02 -3.486837005615234375e+01 0.000000000000000000e+00 -1.443340722471475601e-02 0.000000000000000000e+00 5.000000000000000000e+01 0.000000000000000000e+00
4.575903117656707764e-01 4.381928145885467529e-01 -4.124556481838226318e-02 -4.239053279161453247e-02 -3.486837005615234375e+01 0.000000000000000000e+00 -1.443340722471475601e-02 0.000000000000000000e+00 5.000000000000000000e+01 0.000000000000000000e+00
4.575903117656707764e-01 4.381928145885467529e-01 -4.124556481838226318e-02 -4.239053279161453247e-02 -3.486837005615234375e+01 0.000000000000000000e+00 -1.443340722471475601e-02 0.000000000000000000e+00 5.000000000000000000e+01 0.000000000000000000e+00
4.575903117656707764e-01 4.381928145885467529e-01 -4.124556481838226318e-02 -4.239053279161453247e-02 -3.486837005615234375e+01 0.000000000000000000e+00 -1.443340722471475601e-02 0.000000000000000000e+00 5.000000000000000000e+01 0.000000000000000000e+00
4.575903117656707764e-01 4.381928145885467529e-01 -4.124556481838226318e-02 -4.239053279161453247e-02 -3.486837005615234375e+01 0.000000000000000000e+00 -1.443340722471475601e-02 0.000000000000000000e+00 5.000000000000000000e+01 0.000000000000000000e+00
4.575903117656707764e-01 4.381928145885467529e-01 -4.124556481838226318e-02 -4.239053279161453247e-02 -3.486837005615234375e+01 0.000000000000000000e+00 -1.443340722471475601e-02 0.000000000000000000e+00 5.000000000000000000e+01 0.000000000000000000e+00
4.575903117656707764e-01 4.381928145885467529e-01 -4.124556481838226318e-02 -4.239053279161453247e-02 -3.486837005615234375e+01 0.000000000000000000e+00 -1.443340722471475601e-02 0.000000000000000000e+00 5.000000000000000000e+01 0.000000000000000000e+00
4.575903117656707764e-01 4.381928145885467529e-01 -4.124556481838226318e-02 -4.239053279161453247e-02 -3.486837005615234375e+01 0.000000000000000000e+00 -1.443340722471475601e-02 0.000000000000000000e+00 5.000000000000000000e+01 0.000000000000000000e+00
4.575903117656707764e-01 4.381928145885467529e-01 -4.124556481838226318e-02 -4.239053279161453247e-02 -3.486837005615234375e+01 0.000000000000000000e+00 -1.443340722471475601e-02 0.000000000000000000e+00 5.000000000000000000e+01 0.000000000000000000e+00
4.575903117656707764e-01 4.381928145885467529e-01 -4.124556481838226318e-02 -4.239053279161453247e-02 -3.486837005615234375e+01 0.000000000000000000e+00 -1.443340722471475601e-02 0.000000000000000000e+00 5.000000000000000000e+01 0.000000000000000000e+00
4.575903117656707764e-01 4.381928145885467529e-01 -4.124556481838226318e-02 -4.239053279161453247e-02 -3.486837005615234375e+01 0.000000000000000000e+00 -1.443340722471475601e-02 0.000000000000000000e+00 5.000000000000000000e+01 0.000000000000000000e+00
4.575903117656707764e-01 4.381928145885467529e-01 -4.124556481838226318e-02 -4.239053279161453247e-02 -3.486837005615234375e+01 0.000000000000000000e+00 -1.443340722471475601e-02 0.000000000000000000e+00 5.000000000000000000e+01 0.000000000000000000e+00
4.575903117656707764e-01 4.381928145885467529e-01 -4.124556481838226318e-02 -4.239053279161453247e-02 -3.486837005615234375e+01 0.000000000000000000e+00 -1.443340722471475601e-02 0.000000000000000000e+00 5.000000000000000000e+01 0.000000000000000000e+00
4.575903117656707764e-01 4.381928145885467529e-01 -4.124556481838226318e-02 -4.239053279161453247e-02 -3.486837005615234375e+01 0.000000000000000000e+00 -1.443340722471475601e-02 0.000000000000000000e+00 5.000000000000000000e+01 0.000000000000000000e+00
4.575903117656707764e-01 4.381928145885467529e-01 -4.124556481838226318e-02 -4.239053279161453247e-02 -3.486837005615234375e+01 0.000000000000000000e+00 -1.443340722471475601e-02 0.000000000000000000e+00 5.000000000000000000e+01 0.000000000000000000e+00
4.575903117656707764e-01 4.381928145885467529e-01 -4.124556481838226318e-02 -4.239053279161453247e-02 -3.486837005615234375e+01 0.000000000000000000e+00 -1.443340722471475601e-02 0.000000000000000000e+00 5.000000000000000000e+01 0.000000000000000000e+00
4.575903117656707764e-01 4.381928145885467529e-01 -4.124556481838226318e-02 -4.239053279161453247e-02 -3.486837005615234375e+01 0.000000000000000000e+00 -1.443340722471475601e-02 0.000000000000000000e+00 5.000000000000000000e+01 0.000000000000000000e+00
4.575903117656707764e-01 4.381928145885467529e-01 -4.124556481838226318e-02 -4.239053279161453247e-02 -3.486837005615234375e+01 0.000000000000000000e+00 -1.443340722471475601e-02 0.000000000000000000e+00 5.000000000000000000e+01 0.000000000000000000e+00
4.575903117656707764e-01 4.381928145885467529e-01 -4.124556481838226318e-02 -4.239053279161453247e-02 -3.486837005615234375e+01 0.000000000000000000e+00 -1.443340722471475601e-02 0.000000000000000000e+00 5.000000000000000000e+01 0.000000000000000000e+00
4.575903117656707764e-01 4.381928145885467529e-01 -4.124556481838226318e-02 -4.239053279161453247e-02 -3.486837005615234375e+01 0.000000000000000000e+00 -1.443340722471475601e-02 0.000000000000000000e+00 5.000000000000000000e+01 0.000000000000000000e+00
4.575903117656707764e-01 4.381928145885467529e-01 -4.124556481838226318e-02 -4.239053279161453247e-02 -3.486837005615234375e+01 0.000000000000000000e+00 -1.443340722471475601e-02 0.000000000000000000e+00 5.000000000000000000e+01 0.000000000000000000e+00
4.575903117656707764e-01 4.381928145885467529e-01 -4.124556481838226318e-02 -4.239053279161453247e-02 -3.486837005615234375e+01 0.000000000000000000e+00 -1.443340722471475601e-02 0.000000000000000000e+00 5.000000000000000000e+01 0.000000000000000000e+00
4.575903117656707764e-01 4.381928145885467529e-01 -4.124556481838226318e-02 -4.239053279161453247e-02 -3.486837005615234375e+01 0.000000000000000000e+00 -1.443340722471475601e-02 0.000000000000000000e+00 5.000000000000000000e+01 0.000000000000000000e+00
4.575903117656707764e-01 4.381928145885467529e-01 -4.124556481838226318e-02 -4.239053279161453247e-02 -3.486837005615234375e+01 0.000000000000000000e+00 -1.443340722471475601e-02 0.000000000000000000e+00 5.000000000000000000e+01 0.000000000000000000e+00
4.575903117656707764e-01 4.381928145885467529e-01 -4.124556481838226318e-02 -4.239053279161453247e-02 -3.486837005615234375e+01 0.000000000000000000e+00 -1.443340722471475601e-02 0.000000000000000000e+00 5.000000000000000000e+01 0.000000000000000000e+00
4.575903117656707764e-01 4.381928145885467529e-01 -4.124556481838226318e-02 -4.239053279161453247e-02 -3.486837005615234375e+01 0.000000000000000000e+00 -1.443340722471475601e-02 0.000000000000000000e+00 5.000000000000000000e+01 0.000000000000000000e+00
