4.517108201980590820e-01 3.901672363281250000e-01 -1.660678386688232422e-01 -1.362455338239669800e-01 -7.022513580322265625e+01 -3.887081146240234375e+01 -2.906898036599159241e-02 -3.713613003492355347e-02 1.460000000000000000e+02 9.600000000000000000e+01
4.517108201980590820e-01 3.936614990234375000e-01 -1.563247442245483398e-01 -1.285099238157272339e-01 -5.343204116821289062e+01 -2.207772064208984375e+01 -2.211765013635158539e-02 -2.109246142208576202e-02 1.120000000000000000e+02 6.200000000000000000e+01
4.517108201980590820e-01 4.071829020977020264e-01 -1.208360865712165833e-01 -9.857615828514099121e-02 -4.722818756103515625e+01 -1.587386894226074219e+01 -1.954962871968746185e-02 -1.516546867787837982e-02 9.600000000000000000e+01 4.600000000000000000e+01
4.517108201980590820e-01 4.117664098739624023e-01 -1.085146367549896240e-01 -8.842916786670684814e-02 -4.448030090332031250e+01 -1.312598228454589844e+01 -1.841216720640659332e-02 -1.254021096974611282e-02 9.000000000000000000e+01 4.000000000000000000e+01
4.517108201980590820e-01 4.152005016803741455e-01 -9.942458570003509521e-02 -8.082675188779830933e-02 -4.328219985961914062e+01 -1.192787647247314453e+01 -1.791622675955295563e-02 -1.139557268470525742e-02 8.800000000000000000e+01 3.800000000000000000e+01
4.517108201980590820e-01 4.133455455303192139e-01 -1.038958504796028137e-01 -8.493326604366302490e-02 -4.284004974365234375e+01 -1.148572540283203125e+01 -1.773320324718952179e-02 -1.097315363585948944e-02 8.600000000000000000e+01 3.600000000000000000e+01
4.517108201980590820e-01 4.130910038948059082e-01 -1.043282374739646912e-01 -8.549676835536956787e-02 -4.123834609985351562e+01 -9.884023666381835938e+00 -1.707019470632076263e-02 -9.442931041121482849e-03 8.300000000000000000e+01 3.300000000000000000e+01
4.517108201980590820e-01 4.130910038948059082e-01 -1.043282374739646912e-01 -8.549676835536956787e-02 -4.123834609985351562e+01 -9.884023666381835938e+00 -1.707019470632076263e-02 -9.442931041121482849e-03 8.300000000000000000e+01 3.300000000000000000e+01
4.517108201980590820e-01 4.153052866458892822e-01 -9.978212416172027588e-02 -8.059477806091308594e-02 -4.010433197021484375e+01 -8.750012397766113281e+00 -1.660078018903732300e-02 -8.359527215361595154e-03 8.100000000000000000e+01 3.100000000000000000e+01
4.517108201980590820e-01 4.128624498844146729e-01 -1.060354486107826233e-01 -8.600274473428726196e-02 -3.923159027099609375e+01 -7.877269268035888672e+00 -1.623951829969882965e-02 -7.525731809437274933e-03 7.900000000000000000e+01 2.900000000000000000e+01
4.517108201980590820e-01 4.150556921958923340e-01 -1.019634827971458435e-01 -8.114733546972274780e-02 -3.894836044311523438e+01 -7.594038009643554688e+00 -1.612227782607078552e-02 -7.255140226334333420e-03 7.800000000000000000e+01 2.800000000000000000e+01
4.517108201980590820e-01 4.078065752983093262e-01 -1.157601773738861084e-01 -9.719546884298324585e-02 -3.566463088989257812e+01 -4.310308456420898438e+00 -1.476301159709692001e-02 -4.117953125387430191e-03 6.600000000000000000e+01 1.600000000000000000e+01
4.517108201980590820e-01 4.024244546890258789e-01 -1.266221851110458374e-01 -1.091104373335838318e-01 -3.437821578979492188e+01 -3.023891448974609375e+00 -1.423051301389932632e-02 -2.888944698497653008e-03 6.300000000000000000e+01 1.300000000000000000e+01
4.517108201980590820e-01 4.009587764739990234e-01 -1.294261664152145386e-01 -1.123551651835441589e-01 -3.416124725341796875e+01 -2.806922197341918945e+00 -1.414070092141628265e-02 -2.681658137589693069e-03 6.200000000000000000e+01 1.200000000000000000e+01
4.517108201980590820e-01 4.066188633441925049e-01 -1.186814308166503906e-01 -9.982483088970184326e-02 -3.349742126464843750e+01 -2.143098115921020508e+00 -1.386591698974370956e-02 -2.047458430752158165e-03 6.000000000000000000e+01 1.000000000000000000e+01
4.517108201980590820e-01 4.075803160667419434e-01 -1.169036179780960083e-01 -9.769636392593383789e-02 -3.259466934204101562e+01 -1.240346431732177734e+00 -1.349223218858242035e-02 -1.184993656352162361e-03 5.800000000000000000e+01 8.000000000000000000e+00
4.517108201980590820e-01 4.116771519184112549e-01 -1.092972904443740845e-01 -8.862676471471786499e-02 -3.244879150390625000e+01 -1.094467401504516602e+00 -1.343184709548950195e-02 -1.045624725520610809e-03 5.700000000000000000e+01 7.000000000000000000e+00
4.517108201980590820e-01 4.141874611377716064e-01 -1.042777225375175476e-01 -8.306942880153656006e-02 -3.227881622314453125e+01 -9.244944453239440918e-01 -1.336148753762245178e-02 -8.832371677272021770e-04 5.600000000000000000e+01 6.000000000000000000e+00
4.517108201980590820e-01 4.097273945808410645e-01 -1.129752323031425476e-01 -9.294314682483673096e-02 -3.170223808288574219e+01 -3.479155302047729492e-01 -1.312281936407089233e-02 -3.323891723994165659e-04 5.400000000000000000e+01 4.000000000000000000e+00
4.517108201980590820e-01 4.109311997890472412e-01 -1.106721833348274231e-01 -9.027815610170364380e-02 -3.147987747192382812e+01 -1.255562901496887207e-01 -1.303077489137649536e-02 -1.199531106976792216e-04 5.300000000000000000e+01 3.000000000000000000e+00
4.517108201980590820e-01 4.109311997890472412e-01 -1.106721833348274231e-01 -9.027815610170364380e-02 -3.147987747192382812e+01 -1.255562901496887207e-01 -1.303077489137649536e-02 -1.199531106976792216e-04 5.300000000000000000e+01 3.000000000000000000e+00
4.517108201980590820e-01 4.039427936077117920e-01 -1.233127117156982422e-01 -1.057491302490234375e-01 -3.140658569335937500e+01 -5.226457118988037109e-02 -1.300043705850839615e-02 -4.993216862203553319e-05 5.200000000000000000e+01 2.000000000000000000e+00
4.517108201980590820e-01 4.050056636333465576e-01 -1.211982443928718567e-01 -1.033961400389671326e-01 -3.135540962219238281e+01 -1.088559627532958984e-03 -1.297925319522619247e-02 -1.039980702444154304e-06 5.100000000000000000e+01 1.000000000000000000e+00
4.517108201980590820e-01 4.059825837612152100e-01 -1.185860484838485718e-01 -1.012334302067756653e-01 -3.135432052612304688e+01 0.000000000000000000e+00 -1.297880243510007858e-02 0.000000000000000000e+00 5.000000000000000000e+01 0.000000000000000000e+00
4.517108201980590820e-01 4.059825837612152100e-01 -1.185860484838485718e-01 -1.012334302067756653e-01 -3.135432052612304688e+01 0.000000000000000000e+00 -1.297880243510007858e-02 0.000000000000000000e+00 5.000000000000000000e+01 0.000000000000000000e+00
4.517108201980590820e-01 4.059825837612152100e-01 -1.185860484838485718e-01 -1.012334302067756653e-01 -3.135432052612304688e+01 0.000000000000000000e+00 -1.297880243510007858e-02 0.000000000000000000e+00 5.000000000000000000e+01 0.000000000000000000e+00
4.517108201980590820e-01 4.059825837612152100e-01 -1.185860484838485718e-01 -1.012334302067756653e-01 -3.135432052612304688e+01 0.000000000000000000e+00 -1.297880243510007858e-02 0.000000000000000000e+00 5.000000000000000000e+01 0.000000000000000000e+00
4.517108201980590820e-01 4.059825837612152100e-01 -1.185860484838485718e-01 -1.012334302067756653e-01 -3.135432052612304688e+01 0.000000000000000000e+00 -1.297880243510007858e-02 0.000000000000000000e+00 5.000000000000000000e+01 0.000000000000000000e+00
4.517108201980590820e-01 4.059825837612152100e-01 -1.185860484838485718e-01 -1.012334302067756653e-01 -3.135432052612304688e+01 0.000000000000000000e+00 -1.297880243510007858e-02 0.000000000000000000e+00 5.000000000000000000e+01 0.000000000000000000e+00
4.517108201980590820e-01 4.059825837612152100e-01 -1.185860484838485718e-01 -1.012334302067756653e-01 -3.135432052612304688e+01 0.000000000000000000e+00 -1.297880243510007858e-02 0.000000000000000000e+00 5.000000000000000000e+01 0.000000000000000000e+00
4.517108201980590820e-01 4.059825837612152100e-01 -1.185860484838485718e-01 -1.012334302067756653e-01 -3.135432052612304688e+01 0.000000000000000000e+00 -1.297880243510007858e-02 0.000000000000000000e+00 5.000000000000000000e+01 0.000000000000000000e+00
4.517108201980590820e-01 4.059825837612152100e-01 -1.185860484838485718e-01 -1.012334302067756653e-01 -3.135432052612304688e+01 0.000000000000000000e+00 -1.297880243510007858e-02 0.000000000000000000e+00 5.000000000000000000e+01 0.000000000000000000e+00
4.517108201980590820e-01 4.059825837612152100e-01 -1.185860484838485718e-01 -1.012334302067756653e-01 -3.135432052612304688e+01 0.000000000000000000e+00 -1.297880243510007858e-02 0.000000000000000000e+00 5.000000000000000000e+01 0.000000000000000000e+00
4.517108201980590820e-01 4.059825837612152100e-01 -1.185860484838485718e-01 -1.012334302067756653e-01 -3.135432052612304688e+01 0.000000000000000000e+00 -1.297880243510007858e-02 0.000000000000000000e+00 5.000000000000000000e+01 0.000000000000000000e+00
4.517108201980590820e-01 4.059825837612152100e-01 -1.185860484838485718e-01 -1.012334302067756653e-01 -3.135432052612304688e+01 0.000000000000000000e+00 -1.297880243510007858e-02 0.000000000000000000e+00 5.000000000000000000e+01 0.000000000000000000e+00
4.517108201980590820e-01 4.059825837612152100e-01 -1.185860484838485718e-01 -1.012334302067756653e-01 -3.135432052612304688e+01 0.000000000000000000e+00 -1.297880243510007858e-02 0.000000000000000000e+00 5.000000000000000000e+01 0.000000000000000000e+00
4.517108201980590820e-01 4.059825837612152100e-01 -1.185860484838485718e-01 -1.012334302067756653e-01 -3.135432052612304688e+01 0.000000000000000000e+00 -1.297880243510007858e-02 0.000000000000000000e+00 5.000000000000000000e+01 0.000000000000000000e+00
4.517108201980590820e-01 4.059825837612152100e-01 -1.185860484838485718e-01 -1.012334302067756653e-01 -3.135432052612304688e+01 0.000000000000000000e+00 -1.297880243510007858e-02 0.000000000000000000e+00 5.000000000000000000e+01 0.000000000000000000e+00
4.517108201980590820e-01 4.059825837612152100e-01 -1.185860484838485718e-01 -1.012334302067756653e-01 -3.135432052612304688e+01 0.000000000000000000e+00 -1.297880243510007858e-02 0.000000000000000000e+00 5.000000000000000000e+01 0.000000000000000000e+00
4.517108201980590820e-01 4.059825837612152100e-01 -1.185860484838485718e-01 -1.012334302067756653e-01 -3.135432052612304688e+01 0.000000000000000000e+00 -1.297880243510007858e-02 0.000000000000000000e+00 5.000000000000000000e+01 0.000000000000000000e+00
4.517108201980590820e-01 4.059825837612152100e-01 -1.185860484838485718e-01 -1.012334302067756653e-01 -3.135432052612304688e+01 0.000000000000000000e+00 -1.297880243510007858e-02 0.000000000000000000e+00 5.000000000000000000e+01 0.000000000000000000e+00
4.517108201980590820e-01 4.059825837612152100e-01 -1.185860484838485718e-01 -1.012334302067756653e-01 -3.135432052612304688e+01 0.000000000000000000e+00 -1.297880243510007858e-02 0.000000000000000000e+00 5.000000000000000000e+01 0.000000000000000000e+00
4.517108201980590820e-01 4.059825837612152100e-01 -1.185860484838485718e-01 -1.012334302067756653e-01 -3.135432052612304688e+01 0.000000000000000000e+00 -1.297880243510007858e-02 0.000000000000000000e+00 5.000000000000000000e+01 0.000000000000000000e+00
4.517108201980590820e-01 4.059825837612152100e-01 -1.185860484838485718e-01 -1.012334302067756653e-01 -3.135432052612304688e+01 0.000000000000000000e+00 -1.297880243510007858e-02 0.000000000000000000e+00 5.000000000000000000e+01 0.000000000000000000e+00
4.517108201980590820e-01 4.059825837612152100e-01 -1.185860484838485718e-01 -1.012334302067756653e-01 -3.135432052612304688e+01 0.000000000000000000e+00 -1.297880243510007858e-02 0.000000000000000000e+00 5.000000000000000000e+01 0.000000000000000000e+00
4.517108201980590820e-01 4.059825837612152100e-01 -1.185860484838485718e-01 -1.012334302067756653e-01 -3.135432052612304688e+01 0.000000000000000000e+00 -1.297880243510007858e-02 0.000000000000000000e+00 5.000000000000000000e+01 0.000000000000000000e+00
4.517108201980590820e-01 4.059825837612152100e-01 -1.185860484838485718e-01 -1.012334302067756653e-01 -3.135432052612304688e+01 0.000000000000000000e+00 -1.297880243510007858e-02 0.000000000000000000e+00 5.000000000000000000e+01 0.000000000000000000e+00
4.517108201980590820e-01 4.059825837612152100e-01 -1.185860484838485718e-01 -1.012334302067756653e-01 -3.135432052612304688e+01 0.000000000000000000e+00 -1.297880243510007858e-02 0.000000000000000000e+00 5.000000000000000000e+01 0.000000000000000000e+00
4.517108201980590820e-01 4.059825837612152100e-01 -1.185860484838485718e-01 -1.012334302067756653e-01 -3.135432052612304688e+01 0.000000000000000000e+00 -1.297880243510007858e-02 0.000000000000000000e+00 5.000000000000000000e+01 0.000000000000000000e+00
4.517108201980590820e-01 4.059825837612152100e-01 -1.185860484838485718e-01 -1.012334302067756653e-01 -3.135432052612304688e+01 0.000000000000000000e+00 -1.297880243510007858e-02 0.000000000000000000e+00 5.000000000000000000e+01 0.000000000000000000e+00
4.517108201980590820e-01 4.059825837612152100e-01 -1.185860484838485718e-01 -1.012334302067756653e-01 -3.135432052612304688e+01 0.000000000000000000e+00 -1.297880243510007858e-02 0.000000000000000000e+00 5.000000000000000000e+01 0.000000000000000000e+00
4.517108201980590820e-01 4.059825837612152100e-01 -1.185860484838485718e-01 -1.012334302067756653e-01 -3.135432052612304688e+01 0.000000000000000000e+00 -1.297880243510007858e-02 0.000000000000000000e+00 5.000000000000000000e+01 0.000000000000000000e+00
4.517108201980590820e-01 4.059825837612152100e-01 -1.185860484838485718e-01 -1.012334302067756653e-01 -3.135432052612304688e+01 0.000000000000000000e+00 -1.297880243510007858e-02 0.000000000000000000e+00 5.000000000000000000e+01 0.000000000000000000e+00
4.517108201980590820e-01 4.059825837612152100e-01 -1.185860484838485718e-01 -1.012334302067756653e-01 -3.135432052612304688e+01 0.000000000000000000e+00 -1.297880243510007858e-02 0.000000000000000000e+00 5.000000000000000000e+01 0.000000000000000000e+00
4.517108201980590820e-01 4.059825837612152100e-01 -1.185860484838485718e-01 -1.012334302067756653e-01 -3.135432052612304688e+01 0.000000000000000000e+00 -1.297880243510007858e-02 0.000000000000000000e+00 5.000000000000000000e+01 0.000000000000000000e+00
4.517108201980590820e-01 4.059825837612152100e-01 -1.185860484838485718e-01 -1.012334302067756653e-01 -3.135432052612304688e+01 0.000000000000000000e+00 -1.297880243510007858e-02 0.000000000000000000e+00 5.000000000000000000e+01 0.000000000000000000e+00
4.517108201980590820e-01 4.059825837612152100e-01 -1.185860484838485718e-01 -1.012334302067756653e-01 -3.135432052612304688e+01 0.000000000000000000e+00 -1.297880243510007858e-02 0.000000000000000000e+00 5.000000000000000000e+01 0.000000000000000000e+00
4.517108201980590820e-01 4.059825837612152100e-01 -1.185860484838485718e-01 -1.012334302067756653e-01 -3.135432052612304688e+01 0.000000000000000000e+00 -1.297880243510007858e-02 0.000000000000000000e+00 5.000000000000000000e+01 0.000000000000000000e+00
4.517108201980590820e-01 4.059825837612152100e-01 -1.185860484838485718e-01 -1.012334302067756653e-01 -3.135432052612304688e+01 0.000000000000000000e+00 -1.297880243510007858e-02 0.000000000000000000e+00 5.000000000000000000e+01 0.000000000000000000e+00
4.517108201980590820e-01 4.059825837612152100e-01 -1.185860484838485718e-01 -1.012334302067756653e-01 -3.135432052612304688e+01 0.000000000000000000e+00 -1.297880243510007858e-02 0.000000000000000000e+00 5.000000000000000000e+01 0.000000000000000000e+00
4.517108201980590820e-01 4.059825837612152100e-01 -1.185860484838485718e-01 -1.012334302067756653e-01 -3.135432052612304688e+01 0.000000000000000000e+00 -1.297880243510007858e-02 0.000000000000000000e+00 5.000000000000000000e+01 0.000000000000000000e+00
4.517108201980590820e-01 4.059825837612152100e-01 -1.185860484838485718e-01 -1.012334302067756653e-01 -3.135432052612304688e+01 0.000000000000000000e+00 -1.297880243510007858e-02 0.000000000000000000e+00 5.000000000000000000e+01 0.000000000000000000e+00
4.517108201980590820e-01 4.059825837612152100e-01 -1.185860484838485718e-01 -1.012334302067756653e-01 -3.135432052612304688e+01 0.000000000000000000e+00 -1.297880243510007858e-02 0.000000000000000000e+00 5.000000000000000000e+01 0.000000000000000000e+00
4.517108201980590820e-01 4.059825837612152100e-01 -1.185860484838485718e-01 -1.012334302067756653e-01 -3.135432052612304688e+01 0.000000000000000000e+00 -1.297880243510007858e-02 0.000000000000000000e+00 5.000000000000000000e+01 0.000000000000000000e+00
4.517108201980590820e-01 4.059825837612152100e-01 -1.185860484838485718e-01 -1.012334302067756653e-01 -3.135432052612304688e+01 0.000000000000000000e+00 -1.297880243510007858e-02 0.000000000000000000e+00 5.000000000000000000e+01 0.000000000000000000e+00
4.517108201980590820e-01 4.059825837612152100e-01 -1.185860484838485718e-01 -1.012334302067756653e-01 -3.135432052612304688e+01 0.000000000000000000e+00 -1.297880243510007858e-02 0.000000000000000000e+00 5.000000000000000000e+01 0.000000000000000000e+00
4.517108201980590820e-01 4.059825837612152100e-01 -1.185860484838485718e-01 -1.012334302067756653e-01 -3.135432052612304688e+01 0.000000000000000000e+00 -1.297880243510007858e-02 0.000000000000000000e+00 5.000000000000000000e+01 0.000000000000000000e+00
4.517108201980590820e-01 4.059825837612152100e-01 -1.185860484838485718e-01 -1.012334302067756653e-01 -3.135432052612304688e+01 0.000000000000000000e+00 -1.297880243510007858e-02 0.000000000000000000e+00 5.000000000000000000e+01 0.000000000000000000e+00
4.517108201980590820e-01 4.059825837612152100e-01 -1.185860484838485718e-01 -1.012334302067756653e-01 -3.135432052612304688e+01 0.000000000000000000e+00 -1.297880243510007858e-02 0.000000000000000000e+00 5.000000000000000000e+01 0.000000000000000000e+00
4.517108201980590820e-01 4.059825837612152100e-01 -1.185860484838485718e-01 -1.012334302067756653e-01 -3.135432052612304688e+01 0.000000000000000000e+00 -1.297880243510007858e-02 0.000000000000000000e+00 5.000000000000000000e+01 0.000000000000000000e+00
4.517108201980590820e-01 4.059825837612152100e-01 -1.185860484838485718e-01 -1.012334302067756653e-01 -3.135432052612304688e+01 0.000000000000000000e+00 -1.297880243510007858e-02 0.000000000000000000e+00 5.000000000000000000e+01 0.000000000000000000e+00
4.517108201980590820e-01 4.059825837612152100e-01 -1.185860484838485718e-01 -1.012334302067756653e-01 -3.135432052612304688e+01 0.000000000000000000e+00 -1.297880243510007858e-02 0.000000000000000000e+00 5.000000000000000000e+01 0.000000000000000000e+00
4.517108201980590820e-01 4.059825837612152100e-01 -1.185860484838485718e-01 -1.012334302067756653e-01 -3.135432052612304688e+01 0.000000000000000000e+00 -1.297880243510007858e-02 0.000000000000000000e+00 5.000000000000000000e+01 0.000000000000000000e+00
4.517108201980590820e-01 4.059825837612152100e-01 -1.185860484838485718e-01 -1.012334302067756653e-01 -3.135432052612304688e+01 0.000000000000000000e+00 -1.297880243510007858e-02 0.000000000000000000e+00 5.000000000000000000e+01 0.000000000000000000e+00
4.517108201980590820e-01 4.059825837612152100e-01 -1.185860484838485718e-01 -1.012334302067756653e-01 -3.135432052612304688e+01 0.000000000000000000e+00 -1.297880243510007858e-02 0.000000000000000000e+00 5.000000000000000000e+01 0.000000000000000000e+00
4.517108201980590820e-01 4.059825837612152100e-01 -1.185860484838485718e-01 -1.012334302067756653e-01 -3.135432052612304688e+01 0.000000000000000000e+00 -1.297880243510007858e-02 0.000000000000000000e+00 5.000000000000000000e+01 0.000000000000000000e+00
4.517108201980590820e-01 4.059825837612152100e-01 -1.185860484838485718e-01 -1.012334302067756653e-01 -3.135432052612304688e+01 0.000000000000000000e+00 -1.297880243510007858e-02 0.000000000000000000e+00 5.000000000000000000e+01 0.000000000000000000e+00
4.517108201980590820e-01 4.059825837612152100e-01 -1.185860484838485718e-01 -1.012334302067756653e-01 -3.135432052612304688e+01 0.000000000000000000e+00 -1.297880243510007858e-02 0.000000000000000000e+00 5.000000000000000000e+01 0.000000000000000000e+00
4.517108201980590820e-01 4.059825837612152100e-01 -1.185860484838485718e-01 -1.012334302067756653e-01 -3.135432052612304688e+01 0.000000000000000000e+00 -1.297880243510007858e-02 0.000000000000000000e+00 5.000000000000000000e+01 0.000000000000000000e+00
4.517108201980590820e-01 4.059825837612152100e-01 -1.185860484838485718e-01 -1.012334302067756653e-01 -3.135432052612304688e+01 0.000000000000000000e+00 -1.297880243510007858e-02 0.000000000000000000e+00 5.000000000000000000e+01 0.000000000000000000e+00
4.517108201980590820e-01 4.059825837612152100e-01 -1.185860484838485718e-01 -1.012334302067756653e-01 -3.135432052612304688e+01 0.000000000000000000e+00 -1.297880243510007858e-02 0.000000000000000000e+00 5.000000000000000000e+01 0.000000000000000000e+00
4.517108201980590820e-01 4.059825837612152100e-01 -1.185860484838485718e-01 -1.012334302067756653e-01 -3.135432052612304688e+01 0.000000000000000000e+00 -1.297880243510007858e-02 0.000000000000000000e+00 5.000000000000000000e+01 0.000000000000000000e+00
4.517108201980590820e-01 4.059825837612152100e-01 -1.185860484838485718e-01 -1.012334302067756653e-01 -3.135432052612304688e+01 0.000000000000000000e+00 -1.297880243510007858e-02 0.000000000000000000e+00 5.000000000000000000e+01 0.000000000000000000e+00
4.517108201980590820e-01 4.059825837612152100e-01 -1.185860484838485718e-01 -1.012334302067756653e-01 -3.135432052612304688e+01 0.000000000000000000e+00 -1.297880243510007858e-02 0.000000000000000000e+00 5.000000000000000000e+01 0.000000000000000000e+00
4.517108201980590820e-01 4.059825837612152100e-01 -1.185860484838485718e-01 -1.012334302067756653e-01 -3.135432052612304688e+01 0.000000000000000000e+00 -1.297880243510007858e-02 0.000000000000000000e+00 5.000000000000000000e+01 0.000000000000000000e+00
4.517108201980590820e-01 4.059825837612152100e-01 -1.185860484838485718e-01 -1.012334302067756653e-01 -3.135432052612304688e+01 0.000000000000000000e+00 -1.297880243510007858e-02 0.000000000000000000e+00 5.000000000000000000e+01 0.000000000000000000e+00
4.517108201980590820e-01 4.059825837612152100e-01 -1.185860484838485718e-01 -1.012334302067756653e-01 -3.135432052612304688e+01 0.000000000000000000e+00 -1.297880243510007858e-02 0.000000000000000000e+00 5.000000000000000000e+01 0.000000000000000000e+00
4.517108201980590820e-01 4.059825837612152100e-01 -1.185860484838485718e-01 -1.012334302067756653e-01 -3.135432052612304688e+01 0.000000000000000000e+00 -1.297880243510007858e-02 0.000000000000000000e+00 5.000000000000000000e+01 0.000000000000000000e+00
4.517108201980590820e-01 4.059825837612152100e-01 -1.185860484838485718e-01 -1.012334302067756653e-01 -3.135432052612304688e+01 0.000000000000000000e+00 -1.297880243510007858e-02 0.000000000000000000e+00 5.000000000000000000e+01 0.000000000000000000e+00
4.517108201980590820e-01 4.059825837612152100e-01 -1.185860484838485718e-01 -1.012334302067756653e-01 -3.135432052612304688e+01 0.000000000000000000e+00 -1.297880243510007858e-02 0.000000000000000000e+00 5.000000000000000000e+01 0.000000000000000000e+00
4.517108201980590820e-01 4.059825837612152100e-01 -1.185860484838485718e-01 -1.012334302067756653e-01 -3.135432052612304688e+01 0.000000000000000000e+00 -1.297880243510007858e-02 0.000000000000000000e+00 5.000000000000000000e+01 0.000000000000000000e+00
