4.047501981258392334e-01 1.347115933895111084e-01 -6.718166470527648926e-01 -6.671735048294067383e-01 -8.323588562011718750e+01 -4.410833358764648438e+01 -3.445464745163917542e-02 -3.744319081306457520e-02 1.860000000000000000e+02 1.360000000000000000e+02
4.047501981258392334e-01 1.423544436693191528e-01 -6.523771286010742188e-01 -6.482905745506286621e-01 -7.069960784912109375e+01 -3.157205581665039062e+01 -2.926538325846195221e-02 -2.680125087499618530e-02 1.450000000000000000e+02 9.500000000000000000e+01
4.047501981258392334e-01 1.426027119159698486e-01 -6.517272591590881348e-01 -6.476772427558898926e-01 -6.944293212890625000e+01 -3.031537437438964844e+01 -2.874519489705562592e-02 -2.573446370661258698e-02 1.410000000000000000e+02 9.100000000000000000e+01
4.047501981258392334e-01 1.426050662994384766e-01 -6.517210006713867188e-01 -6.476714015007019043e-01 -6.862185668945312500e+01 -2.949430084228515625e+01 -2.840531989932060242e-02 -2.503746189177036285e-02 1.390000000000000000e+02 8.900000000000000000e+01
4.047501981258392334e-01 1.426053643226623535e-01 -6.517202854156494141e-01 -6.476706862449645996e-01 -6.854351806640625000e+01 -2.941596603393554688e+01 -2.837289124727249146e-02 -2.497096359729766846e-02 1.380000000000000000e+02 8.800000000000000000e+01
4.047501981258392334e-01 1.426053643226623535e-01 -6.517202854156494141e-01 -6.476706862449645996e-01 -6.776641845703125000e+01 -2.863886642456054688e+01 -2.805121988058090210e-02 -2.431129105389118195e-02 1.360000000000000000e+02 8.600000000000000000e+01
4.047501981258392334e-01 1.426160335540771484e-01 -6.516916751861572266e-01 -6.476443409919738770e-01 -6.675865173339843750e+01 -2.763109970092773438e+01 -2.763406559824943542e-02 -2.345580607652664185e-02 1.330000000000000000e+02 8.300000000000000000e+01
4.047501981258392334e-01 1.426160335540771484e-01 -6.516916751861572266e-01 -6.476443409919738770e-01 -6.675865173339843750e+01 -2.763109970092773438e+01 -2.763406559824943542e-02 -2.345580607652664185e-02 1.330000000000000000e+02 8.300000000000000000e+01
4.047501981258392334e-01 1.426160186529159546e-01 -6.516917347908020020e-01 -6.476444005966186523e-01 -6.653771972656250000e+01 -2.741016769409179688e+01 -2.754261158406734467e-02 -2.326825819909572601e-02 1.330000000000000000e+02 8.300000000000000000e+01
4.047501981258392334e-01 1.428689211606979370e-01 -6.510640382766723633e-01 -6.470195651054382324e-01 -6.607643890380859375e+01 -2.694888687133789062e+01 -2.735166996717453003e-02 -2.287668175995349884e-02 1.320000000000000000e+02 8.200000000000000000e+01
4.047501981258392334e-01 1.428717076778411865e-01 -6.510571241378784180e-01 -6.470126509666442871e-01 -6.557888793945312500e+01 -2.645133209228515625e+01 -2.714571356773376465e-02 -2.245431207120418549e-02 1.310000000000000000e+02 8.100000000000000000e+01
4.047501981258392334e-01 1.428896337747573853e-01 -6.510084867477416992e-01 -6.469683051109313965e-01 -6.386518859863281250e+01 -2.473764038085937500e+01 -2.643634565174579620e-02 -2.099957317113876343e-02 1.260000000000000000e+02 7.600000000000000000e+01
4.047501981258392334e-01 1.443706154823303223e-01 -6.471933126449584961e-01 -6.433093547821044922e-01 -5.106462097167968750e+01 -1.193707275390625000e+01 -2.113768085837364197e-02 -1.013327948749065399e-02 8.900000000000000000e+01 3.900000000000000000e+01
4.047501981258392334e-01 1.444913446903228760e-01 -6.468710303306579590e-01 -6.430110335350036621e-01 -5.094977188110351562e+01 -1.182222080230712891e+01 -2.109014056622982025e-02 -1.003578305244445801e-02 8.800000000000000000e+01 3.800000000000000000e+01
4.047501981258392334e-01 1.445212215185165405e-01 -6.467961072921752930e-01 -6.429373025894165039e-01 -5.049168014526367188e+01 -1.136412906646728516e+01 -2.090051770210266113e-02 -9.646913036704063416e-03 8.700000000000000000e+01 3.700000000000000000e+01
4.047501981258392334e-01 1.483920961618423462e-01 -6.365280151367187500e-01 -6.333736181259155273e-01 -4.872229766845703125e+01 -9.594745635986328125e+00 -2.016809955239295959e-02 -8.144898340106010437e-03 8.300000000000000000e+01 3.300000000000000000e+01
4.047501981258392334e-01 1.486098617315292358e-01 -6.359713673591613770e-01 -6.328356266021728516e-01 -4.792416000366210938e+01 -8.796611785888671875e+00 -1.983771845698356628e-02 -7.467369083315134048e-03 8.000000000000000000e+01 3.000000000000000000e+01
4.047501981258392334e-01 1.486098617315292358e-01 -6.359713673591613770e-01 -6.328356266021728516e-01 -4.792416000366210938e+01 -8.796611785888671875e+00 -1.983771845698356628e-02 -7.467369083315134048e-03 8.000000000000000000e+01 3.000000000000000000e+01
4.047501981258392334e-01 1.486191004514694214e-01 -6.359467506408691406e-01 -6.328127980232238770e-01 -4.759498596191406250e+01 -8.467437744140625000e+00 -1.970146037638187408e-02 -7.187935989350080490e-03 7.900000000000000000e+01 2.900000000000000000e+01
4.047501981258392334e-01 1.486001312732696533e-01 -6.359901428222656250e-01 -6.328596472740173340e-01 -4.752512359619140625e+01 -8.397573471069335938e+00 -1.967254094779491425e-02 -7.128628902137279510e-03 7.900000000000000000e+01 2.900000000000000000e+01
4.047501981258392334e-01 1.517651677131652832e-01 -6.284584999084472656e-01 -6.250399351119995117e-01 -4.579137039184570312e+01 -6.663818836212158203e+00 -1.895487122237682343e-02 -5.656859371811151505e-03 7.400000000000000000e+01 2.400000000000000000e+01
4.047501981258392334e-01 1.519975066184997559e-01 -6.278516054153442383e-01 -6.244658827781677246e-01 -4.513819122314453125e+01 -6.010637760162353516e+00 -1.868449524044990540e-02 -5.102379247546195984e-03 7.200000000000000000e+01 2.200000000000000000e+01
4.047501981258392334e-01 1.579520702362060547e-01 -6.133827567100524902e-01 -6.097542047500610352e-01 -4.371492004394531250e+01 -4.587368965148925781e+00 -1.809534616768360138e-02 -3.894178662449121475e-03 6.800000000000000000e+01 1.800000000000000000e+01
4.047501981258392334e-01 1.624188423156738281e-01 -6.019525527954101562e-01 -5.987182855606079102e-01 -4.267900466918945312e+01 -3.551452159881591797e+00 -1.766653917729854584e-02 -3.014797577634453773e-03 6.500000000000000000e+01 1.500000000000000000e+01
4.047501981258392334e-01 1.671704500913619995e-01 -5.903869867324829102e-01 -5.869787335395812988e-01 -4.223883056640625000e+01 -3.111279010772705078e+00 -1.748433336615562439e-02 -2.641138387843966484e-03 6.300000000000000000e+01 1.300000000000000000e+01
4.047501981258392334e-01 1.682167947292327881e-01 -5.878154635429382324e-01 -5.843935608863830566e-01 -4.202296829223632812e+01 -2.895418167114257812e+00 -1.739498041570186615e-02 -2.457895781844854355e-03 6.200000000000000000e+01 1.200000000000000000e+01
4.047501981258392334e-01 1.768588274717330933e-01 -5.656729340553283691e-01 -5.630420446395874023e-01 -4.141954803466796875e+01 -2.291997432708740234e+00 -1.714519970118999481e-02 -1.945657189935445786e-03 6.000000000000000000e+01 1.000000000000000000e+01
4.047501981258392334e-01 1.800590455532073975e-01 -5.570284724235534668e-01 -5.551353693008422852e-01 -4.131246185302734375e+01 -2.184910774230957031e+00 -1.710087247192859650e-02 -1.854752190411090851e-03 5.900000000000000000e+01 9.000000000000000000e+00
4.047501981258392334e-01 1.800590455532073975e-01 -5.570284724235534668e-01 -5.551353693008422852e-01 -4.131246185302734375e+01 -2.184910774230957031e+00 -1.710087247192859650e-02 -1.854752190411090851e-03 5.900000000000000000e+01 9.000000000000000000e+00
4.047501981258392334e-01 1.983896940946578979e-01 -5.112326145172119141e-01 -5.098465681076049805e-01 -3.995020294189453125e+01 -8.226540088653564453e-01 -1.653698086738586426e-02 -6.983440252952277660e-04 5.300000000000000000e+01 3.000000000000000000e+00
4.047501981258392334e-01 2.052735835313796997e-01 -4.937998354434967041e-01 -4.928388297557830811e-01 -3.955869293212890625e+01 -4.311442971229553223e-01 -1.637491770088672638e-02 -3.659947251435369253e-04 5.200000000000000000e+01 2.000000000000000000e+00
4.047501981258392334e-01 2.058263719081878662e-01 -4.922987222671508789e-01 -4.914730787277221680e-01 -3.942554473876953125e+01 -2.979969382286071777e-01 -1.631980389356613159e-02 -2.529670600779354572e-04 5.100000000000000000e+01 1.000000000000000000e+00
4.047501981258392334e-01 2.058263719081878662e-01 -4.922987222671508789e-01 -4.914730787277221680e-01 -3.942554473876953125e+01 -2.979969382286071777e-01 -1.631980389356613159e-02 -2.529670600779354572e-04 5.100000000000000000e+01 1.000000000000000000e+00
4.047501981258392334e-01 2.235461920499801636e-01 -4.480493366718292236e-01 -4.476934373378753662e-01 -3.912754821777343750e+01 0.000000000000000000e+00 -1.619645021855831146e-02 0.000000000000000000e+00 5.000000000000000000e+01 0.000000000000000000e+00
4.047501981258392334e-01 2.235461920499801636e-01 -4.480493366718292236e-01 -4.476934373378753662e-01 -3.912754821777343750e+01 0.000000000000000000e+00 -1.619645021855831146e-02 0.000000000000000000e+00 5.000000000000000000e+01 0.000000000000000000e+00
4.047501981258392334e-01 2.235461920499801636e-01 -4.480493366718292236e-01 -4.476934373378753662e-01 -3.912754821777343750e+01 0.000000000000000000e+00 -1.619645021855831146e-02 0.000000000000000000e+00 5.000000000000000000e+01 0.000000000000000000e+00
4.047501981258392334e-01 2.235461920499801636e-01 -4.480493366718292236e-01 -4.476934373378753662e-01 -3.912754821777343750e+01 0.000000000000000000e+00 -1.619645021855831146e-02 0.000000000000000000e+00 5.000000000000000000e+01 0.000000000000000000e+00
4.047501981258392334e-01 2.235461920499801636e-01 -4.480493366718292236e-01 -4.476934373378753662e-01 -3.912754821777343750e+01 0.000000000000000000e+00 -1.619645021855831146e-02 0.000000000000000000e+00 5.000000000000000000e+01 0.000000000000000000e+00
4.047501981258392334e-01 2.235461920499801636e-01 -4.480493366718292236e-01 -4.476934373378753662e-01 -3.912754821777343750e+01 0.000000000000000000e+00 -1.619645021855831146e-02 0.000000000000000000e+00 5.000000000000000000e+01 0.000000000000000000e+00
4.047501981258392334e-01 2.235461920499801636e-01 -4.480493366718292236e-01 -4.476934373378753662e-01 -3.912754821777343750e+01 0.000000000000000000e+00 -1.619645021855831146e-02 0.000000000000000000e+00 5.000000000000000000e+01 0.000000000000000000e+00
4.047501981258392334e-01 2.235461920499801636e-01 -4.480493366718292236e-01 -4.476934373378753662e-01 -3.912754821777343750e+01 0.000000000000000000e+00 -1.619645021855831146e-02 0.000000000000000000e+00 5.000000000000000000e+01 0.000000000000000000e+00
4.047501981258392334e-01 2.235461920499801636e-01 -4.480493366718292236e-01 -4.476934373378753662e-01 -3.912754821777343750e+01 0.000000000000000000e+00 -1.619645021855831146e-02 0.000000000000000000e+00 5.000000000000000000e+01 0.000000000000000000e+00
4.047501981258392334e-01 2.235461920499801636e-01 -4.480493366718292236e-01 -4.476934373378753662e-01 -3.912754821777343750e+01 0.000000000000000000e+00 -1.619645021855831146e-02 0.000000000000000000e+00 5.000000000000000000e+01 0.000000000000000000e+00
4.047501981258392334e-01 2.235461920499801636e-01 -4.480493366718292236e-01 -4.476934373378753662e-01 -3.912754821777343750e+01 0.000000000000000000e+00 -1.619645021855831146e-02 0.000000000000000000e+00 5.000000000000000000e+01 0.000000000000000000e+00
4.047501981258392334e-01 2.235461920499801636e-01 -4.480493366718292236e-01 -4.476934373378753662e-01 -3.912754821777343750e+01 0.000000000000000000e+00 -1.619645021855831146e-02 0.000000000000000000e+00 5.000000000000000000e+01 0.000000000000000000e+00
4.047501981258392334e-01 2.235461920499801636e-01 -4.480493366718292236e-01 -4.476934373378753662e-01 -3.912754821777343750e+01 0.000000000000000000e+00 -1.619645021855831146e-02 0.000000000000000000e+00 5.000000000000000000e+01 0.000000000000000000e+00
4.047501981258392334e-01 2.235461920499801636e-01 -4.480493366718292236e-01 -4.476934373378753662e-01 -3.912754821777343750e+01 0.000000000000000000e+00 -1.619645021855831146e-02 0.000000000000000000e+00 5.000000000000000000e+01 0.000000000000000000e+00
4.047501981258392334e-01 2.235461920499801636e-01 -4.480493366718292236e-01 -4.476934373378753662e-01 -3.912754821777343750e+01 0.000000000000000000e+00 -1.619645021855831146e-02 0.000000000000000000e+00 5.000000000000000000e+01 0.000000000000000000e+00
4.047501981258392334e-01 2.235461920499801636e-01 -4.480493366718292236e-01 -4.476934373378753662e-01 -3.912754821777343750e+01 0.000000000000000000e+00 -1.619645021855831146e-02 0.000000000000000000e+00 5.000000000000000000e+01 0.000000000000000000e+00
4.047501981258392334e-01 2.235461920499801636e-01 -4.480493366718292236e-01 -4.476934373378753662e-01 -3.912754821777343750e+01 0.000000000000000000e+00 -1.619645021855831146e-02 0.000000000000000000e+00 5.000000000000000000e+01 0.000000000000000000e+00
4.047501981258392334e-01 2.235461920499801636e-01 -4.480493366718292236e-01 -4.476934373378753662e-01 -3.912754821777343750e+01 0.000000000000000000e+00 -1.619645021855831146e-02 0.000000000000000000e+00 5.000000000000000000e+01 0.000000000000000000e+00
4.047501981258392334e-01 2.235461920499801636e-01 -4.480493366718292236e-01 -4.476934373378753662e-01 -3.912754821777343750e+01 0.000000000000000000e+00 -1.619645021855831146e-02 0.000000000000000000e+00 5.000000000000000000e+01 0.000000000000000000e+00
4.047501981258392334e-01 2.235461920499801636e-01 -4.480493366718292236e-01 -4.476934373378753662e-01 -3.912754821777343750e+01 0.000000000000000000e+00 -1.619645021855831146e-02 0.000000000000000000e+00 5.000000000000000000e+01 0.000000000000000000e+00
4.047501981258392334e-01 2.235461920499801636e-01 -4.480493366718292236e-01 -4.476934373378753662e-01 -3.912754821777343750e+01 0.000000000000000000e+00 -1.619645021855831146e-02 0.000000000000000000e+00 5.000000000000000000e+01 0.000000000000000000e+00
4.047501981258392334e-01 2.235461920499801636e-01 -4.480493366718292236e-01 -4.476934373378753662e-01 -3.912754821777343750e+01 0.000000000000000000e+00 -1.619645021855831146e-02 0.000000000000000000e+00 5.000000000000000000e+01 0.000000000000000000e+00
4.047501981258392334e-01 2.235461920499801636e-01 -4.480493366718292236e-01 -4.476934373378753662e-01 -3.912754821777343750e+01 0.000000000000000000e+00 -1.619645021855831146e-02 0.000000000000000000e+00 5.000000000000000000e+01 0.000000000000000000e+00
4.047501981258392334e-01 2.235461920499801636e-01 -4.480493366718292236e-01 -4.476934373378753662e-01 -3.912754821777343750e+01 0.000000000000000000e+00 -1.619645021855831146e-02 0.000000000000000000e+00 5.000000000000000000e+01 0.000000000000000000e+00
4.047501981258392334e-01 2.235461920499801636e-01 -4.480493366718292236e-01 -4.476934373378753662e-01 -3.912754821777343750e+01 0.000000000000000000e+00 -1.619645021855831146e-02 0.000000000000000000e+00 5.000000000000000000e+01 0.000000000000000000e+00
4.047501981258392334e-01 2.235461920499801636e-01 -4.480493366718292236e-01 -4.476934373378753662e-01 -3.912754821777343750e+01 0.000000000000000000e+00 -1.619645021855831146e-02 0.000000000000000000e+00 5.000000000000000000e+01 0.000000000000000000e+00
4.047501981258392334e-01 2.235461920499801636e-01 -4.480493366718292236e-01 -4.476934373378753662e-01 -3.912754821777343750e+01 0.000000000000000000e+00 -1.619645021855831146e-02 0.000000000000000000e+00 5.000000000000000000e+01 0.000000000000000000e+00
4.047501981258392334e-01 2.235461920499801636e-01 -4.480493366718292236e-01 -4.476934373378753662e-01 -3.912754821777343750e+01 0.000000000000000000e+00 -1.619645021855831146e-02 0.000000000000000000e+00 5.000000000000000000e+01 0.000000000000000000e+00
4.047501981258392334e-01 2.235461920499801636e-01 -4.480493366718292236e-01 -4.476934373378753662e-01 -3.912754821777343750e+01 0.000000000000000000e+00 -1.619645021855831146e-02 0.000000000000000000e+00 5.000000000000000000e+01 0.000000000000000000e+00
4.047501981258392334e-01 2.235461920499801636e-01 -4.480493366718292236e-01 -4.476934373378753662e-01 -3.912754821777343750e+01 0.000000000000000000e+00 -1.619645021855831146e-02 0.000000000000000000e+00 5.000000000000000000e+01 0.000000000000000000e+00
4.047501981258392334e-01 2.235461920499801636e-01 -4.480493366718292236e-01 -4.476934373378753662e-01 -3.912754821777343750e+01 0.000000000000000000e+00 -1.619645021855831146e-02 0.000000000000000000e+00 5.000000000000000000e+01 0.000000000000000000e+00
4.047501981258392334e-01 2.235461920499801636e-01 -4.480493366718292236e-01 -4.476934373378753662e-01 -3.912754821777343750e+01 0.000000000000000000e+00 -1.619645021855831146e-02 0.000000000000000000e+00 5.000000000000000000e+01 0.000000000000000000e+00
4.047501981258392334e-01 2.235461920499801636e-01 -4.480493366718292236e-01 -4.476934373378753662e-01 -3.912754821777343750e+01 0.000000000000000000e+00 -1.619645021855831146e-02 0.000000000000000000e+00 5.000000000000000000e+01 0.000000000000000000e+00
4.047501981258392334e-01 2.235461920499801636e-01 -4.480493366718292236e-01 -4.476934373378753662e-01 -3.912754821777343750e+01 0.000000000000000000e+00 -1.619645021855831146e-02 0.000000000000000000e+00 5.000000000000000000e+01 0.000000000000000000e+00
4.047501981258392334e-01 2.235461920499801636e-01 -4.480493366718292236e-01 -4.476934373378753662e-01 -3.912754821777343750e+01 0.000000000000000000e+00 -1.619645021855831146e-02 0.000000000000000000e+00 5.000000000000000000e+01 0.000000000000000000e+00
4.047501981258392334e-01 2.235461920499801636e-01 -4.480493366718292236e-01 -4.476934373378753662e-01 -3.912754821777343750e+01 0.000000000000000000e+00 -1.619645021855831146e-02 0.000000000000000000e+00 5.000000000000000000e+01 0.000000000000000000e+00
4.047501981258392334e-01 2.235461920499801636e-01 -4.480493366718292236e-01 -4.476934373378753662e-01 -3.912754821777343750e+01 0.000000000000000000e+00 -1.619645021855831146e-02 0.000000000000000000e+00 5.000000000000000000e+01 0.000000000000000000e+00
4.047501981258392334e-01 2.235461920499801636e-01 -4.480493366718292236e-01 -4.476934373378753662e-01 -3.912754821777343750e+01 0.000000000000000000e+00 -1.619645021855831146e-02 0.000000000000000000e+00 5.000000000000000000e+01 0.000000000000000000e+00
4.047501981258392334e-01 2.235461920499801636e-01 -4.480493366718292236e-01 -4.476934373378753662e-01 -3.912754821777343750e+01 0.000000000000000000e+00 -1.619645021855831146e-02 0.000000000000000000e+00 5.000000000000000000e+01 0.000000000000000000e+00
4.047501981258392334e-01 2.235461920499801636e-01 -4.480493366718292236e-01 -4.476934373378753662e-01 -3.912754821777343750e+01 0.000000000000000000e+00 -1.619645021855831146e-02 0.000000000000000000e+00 5.000000000000000000e+01 0.000000000000000000e+00
4.047501981258392334e-01 2.235461920499801636e-01 -4.480493366718292236e-01 -4.476934373378753662e-01 -3.912754821777343750e+01 0.000000000000000000e+00 -1.619645021855831146e-02 0.000000000000000000e+00 5.000000000000000000e+01 0.000000000000000000e+00
4.047501981258392334e-01 2.235461920499801636e-01 -4.480493366718292236e-01 -4.476934373378753662e-01 -3.912754821777343750e+01 0.000000000000000000e+00 -1.619645021855831146e-02 0.000000000000000000e+00 5.000000000000000000e+01 0.000000000000000000e+00
4.047501981258392334e-01 2.235461920499801636e-01 -4.480493366718292236e-01 -4.476934373378753662e-01 -3.912754821777343750e+01 0.000000000000000000e+00 -1.619645021855831146e-02 0.000000000000000000e+00 5.000000000000000000e+01 0.000000000000000000e+00
4.047501981258392334e-01 2.235461920499801636e-01 -4.480493366718292236e-01 -4.476934373378753662e-01 -3.912754821777343750e+01 0.000000000000000000e+00 -1.619645021855831146e-02 0.000000000000000000e+00 5.000000000000000000e+01 0.000000000000000000e+00
4.047501981258392334e-01 2.235461920499801636e-01 -4.480493366718292236e-01 -4.476934373378753662e-01 -3.912754821777343750e+01 0.000000000000000000e+00 -1.619645021855831146e-02 0.000000000000000000e+00 5.000000000000000000e+01 0.000000000000000000e+00
4.047501981258392334e-01 2.235461920499801636e-01 -4.480493366718292236e-01 -4.476934373378753662e-01 -3.912754821777343750e+01 0.000000000000000000e+00 -1.619645021855831146e-02 0.000000000000000000e+00 5.000000000000000000e+01 0.000000000000000000e+00
4.047501981258392334e-01 2.235461920499801636e-01 -4.480493366718292236e-01 -4.476934373378753662e-01 -3.912754821777343750e+01 0.000000000000000000e+00 -1.619645021855831146e-02 0.000000000000000000e+00 5.000000000000000000e+01 0.000000000000000000e+00
4.047501981258392334e-01 2.235461920499801636e-01 -4.480493366718292236e-01 -4.476934373378753662e-01 -3.912754821777343750e+01 0.000000000000000000e+00 -1.619645021855831146e-02 0.000000000000000000e+00 5.000000000000000000e+01 0.000000000000000000e+00
4.047501981258392334e-01 2.235461920499801636e-01 -4.480493366718292236e-01 -4.476934373378753662e-01 -3.912754821777343750e+01 0.000000000000000000e+00 -1.619645021855831146e-02 0.000000000000000000e+00 5.000000000000000000e+01 0.000000000000000000e+00
4.047501981258392334e-01 2.235461920499801636e-01 -4.480493366718292236e-01 -4.476934373378753662e-01 -3.912754821777343750e+01 0.000000000000000000e+00 -1.619645021855831146e-02 0.000000000000000000e+00 5.000000000000000000e+01 0.000000000000000000e+00
4.047501981258392334e-01 2.235461920499801636e-01 -4.480493366718292236e-01 -4.476934373378753662e-01 -3.912754821777343750e+01 0.000000000000000000e+00 -1.619645021855831146e-02 0.000000000000000000e+00 5.000000000000000000e+01 0.000000000000000000e+00
4.047501981258392334e-01 2.235461920499801636e-01 -4.480493366718292236e-01 -4.476934373378753662e-01 -3.912754821777343750e+01 0.000000000000000000e+00 -1.619645021855831146e-02 0.000000000000000000e+00 5.000000000000000000e+01 0.000000000000000000e+00
4.047501981258392334e-01 2.235461920499801636e-01 -4.480493366718292236e-01 -4.476934373378753662e-01 -3.912754821777343750e+01 0.000000000000000000e+00 -1.619645021855831146e-02 0.000000000000000000e+00 5.000000000000000000e+01 0.000000000000000000e+00
4.047501981258392334e-01 2.235461920499801636e-01 -4.480493366718292236e-01 -4.476934373378753662e-01 -3.912754821777343750e+01 0.000000000000000000e+00 -1.619645021855831146e-02 0.000000000000000000e+00 5.000000000000000000e+01 0.000000000000000000e+00
4.047501981258392334e-01 2.235461920499801636e-01 -4.480493366718292236e-01 -4.476934373378753662e-01 -3.912754821777343750e+01 0.000000000000000000e+00 -1.619645021855831146e-02 0.000000000000000000e+00 5.000000000000000000e+01 0.000000000000000000e+00
4.047501981258392334e-01 2.235461920499801636e-01 -4.480493366718292236e-01 -4.476934373378753662e-01 -3.912754821777343750e+01 0.000000000000000000e+00 -1.619645021855831146e-02 0.000000000000000000e+00 5.000000000000000000e+01 0.000000000000000000e+00
4.047501981258392334e-01 2.235461920499801636e-01 -4.480493366718292236e-01 -4.476934373378753662e-01 -3.912754821777343750e+01 0.000000000000000000e+00 -1.619645021855831146e-02 0.000000000000000000e+00 5.000000000000000000e+01 0.000000000000000000e+00
4.047501981258392334e-01 2.235461920499801636e-01 -4.480493366718292236e-01 -4.476934373378753662e-01 -3.912754821777343750e+01 0.000000000000000000e+00 -1.619645021855831146e-02 0.000000000000000000e+00 5.000000000000000000e+01 0.000000000000000000e+00
