4.210756123065948486e-01 3.961291313171386719e-01 -9.750358015298843384e-02 -5.924465879797935486e-02 -5.409699249267578125e+01 -2.397055625915527344e+01 -2.239290066063404083e-02 -2.684418112039566040e-02 1.870000000000000000e+02 1.370000000000000000e+02
4.210756123065948486e-01 3.892020583152770996e-01 -1.097625866532325745e-01 -7.569555938243865967e-02 -4.458129119873046875e+01 -1.445485877990722656e+01 -1.845397241413593292e-02 -1.618772745132446289e-02 1.490000000000000000e+02 9.900000000000000000e+01
4.210756123065948486e-01 3.791622817516326904e-01 -1.322997510433197021e-01 -9.953872859477996826e-02 -4.288238143920898438e+01 -1.275594520568847656e+01 -1.775072515010833740e-02 -1.428514625877141953e-02 1.410000000000000000e+02 9.100000000000000000e+01
4.210756123065948486e-01 3.760085105895996094e-01 -1.394227296113967896e-01 -1.070285215973854065e-01 -4.227373504638671875e+01 -1.214730358123779297e+01 -1.749878190457820892e-02 -1.360354013741016388e-02 1.360000000000000000e+02 8.600000000000000000e+01
4.210756123065948486e-01 3.849927484989166260e-01 -1.175932958722114563e-01 -8.569212257862091064e-02 -4.136095428466796875e+01 -1.123451900482177734e+01 -1.712094619870185852e-02 -1.258132979273796082e-02 1.330000000000000000e+02 8.300000000000000000e+01
4.210756123065948486e-01 3.875826299190521240e-01 -1.129740849137306213e-01 -7.954148948192596436e-02 -4.088802337646484375e+01 -1.076158714294433594e+01 -1.692518219351768494e-02 -1.205170154571533203e-02 1.290000000000000000e+02 7.900000000000000000e+01
4.210756123065948486e-01 3.910728693008422852e-01 -1.048320829868316650e-01 -7.125262916088104248e-02 -4.046469116210937500e+01 -1.033825969696044922e+01 -1.674994640052318573e-02 -1.157762482762336731e-02 1.280000000000000000e+02 7.800000000000000000e+01
4.210756123065948486e-01 3.909280300140380859e-01 -1.051569879055023193e-01 -7.159660011529922485e-02 -4.039779663085937500e+01 -1.027136325836181641e+01 -1.672225631773471832e-02 -1.150270923972129822e-02 1.270000000000000000e+02 7.700000000000000000e+01
4.210756123065948486e-01 3.888427615165710449e-01 -1.089213415980339050e-01 -7.654884457588195801e-02 -4.034243011474609375e+01 -1.021599674224853516e+01 -1.669933833181858063e-02 -1.144070550799369812e-02 1.260000000000000000e+02 7.600000000000000000e+01
4.210756123065948486e-01 3.876671493053436279e-01 -1.110588237643241882e-01 -7.934077084064483643e-02 -4.024986267089843750e+01 -1.012342834472656250e+01 -1.666102185845375061e-02 -1.133703999221324921e-02 1.250000000000000000e+02 7.500000000000000000e+01
4.210756123065948486e-01 3.939779698848724365e-01 -9.786878526210784912e-02 -6.435339152812957764e-02 -3.998706054687500000e+01 -9.860624313354492188e+00 -1.655223779380321503e-02 -1.104272995144128799e-02 1.240000000000000000e+02 7.400000000000000000e+01
4.210756123065948486e-01 3.855458796024322510e-01 -1.141398698091506958e-01 -8.437851071357727051e-02 -3.825490570068359375e+01 -8.128473281860351562e+00 -1.583522930741310120e-02 -9.102926589548587799e-03 1.160000000000000000e+02 6.600000000000000000e+01
4.210756123065948486e-01 3.842571973800659180e-01 -1.168000698089599609e-01 -8.743896335363388062e-02 -3.756969451904296875e+01 -7.443259239196777344e+00 -1.555159315466880798e-02 -8.335568010807037354e-03 1.110000000000000000e+02 6.100000000000000000e+01
4.210756123065948486e-01 3.870022892951965332e-01 -1.094687804579734802e-01 -8.091972768306732178e-02 -3.700055694580078125e+01 -6.874126434326171875e+00 -1.531600393354892731e-02 -7.698206696659326553e-03 1.080000000000000000e+02 5.800000000000000000e+01
4.210756123065948486e-01 3.858181238174438477e-01 -1.114752739667892456e-01 -8.373196423053741455e-02 -3.677828216552734375e+01 -6.651845455169677734e+00 -1.522399578243494034e-02 -7.449278142303228378e-03 1.060000000000000000e+02 5.600000000000000000e+01
4.210756123065948486e-01 3.898625969886779785e-01 -1.004028022289276123e-01 -7.412686198949813843e-02 -3.567846298217773438e+01 -5.552028656005859375e+00 -1.476873643696308136e-02 -6.217613816261291504e-03 1.020000000000000000e+02 5.200000000000000000e+01
4.210756123065948486e-01 3.898625969886779785e-01 -1.004028022289276123e-01 -7.412686198949813843e-02 -3.567846298217773438e+01 -5.552028656005859375e+00 -1.476873643696308136e-02 -6.217613816261291504e-03 1.020000000000000000e+02 5.200000000000000000e+01
4.210756123065948486e-01 3.897104561328887939e-01 -1.007441133260726929e-01 -7.448817789554595947e-02 -3.549687194824218750e+01 -5.370434761047363281e+00 -1.469356939196586609e-02 -6.014250218868255615e-03 1.010000000000000000e+02 5.100000000000000000e+01
4.210756123065948486e-01 3.897104561328887939e-01 -1.007441133260726929e-01 -7.448817789554595947e-02 -3.549687194824218750e+01 -5.370434761047363281e+00 -1.469356939196586609e-02 -6.014250218868255615e-03 1.010000000000000000e+02 5.100000000000000000e+01
4.210756123065948486e-01 3.905594050884246826e-01 -9.855540841817855835e-02 -7.247203588485717773e-02 -3.543356323242187500e+01 -5.307128906250000000e+00 -1.466736290603876114e-02 -5.943355150520801544e-03 1.000000000000000000e+02 5.000000000000000000e+01
4.210756123065948486e-01 3.754006624221801758e-01 -1.311125308275222778e-01 -1.084720864892005920e-01 -3.484836959838867188e+01 -4.721936225891113281e+00 -1.442512776702642441e-02 -5.288008600473403931e-03 9.500000000000000000e+01 4.500000000000000000e+01
4.210756123065948486e-01 3.690295219421386719e-01 -1.467455327510833740e-01 -1.236027181148529053e-01 -3.381653976440429688e+01 -3.690104484558105469e+00 -1.399801298975944519e-02 -4.132479429244995117e-03 8.900000000000000000e+01 3.900000000000000000e+01
4.210756123065948486e-01 3.711337447166442871e-01 -1.424959748983383179e-01 -1.186054646968841553e-01 -3.319583892822265625e+01 -3.069403409957885742e+00 -1.374107971787452698e-02 -3.437367966398596764e-03 8.500000000000000000e+01 3.500000000000000000e+01
4.210756123065948486e-01 3.711337447166442871e-01 -1.424959748983383179e-01 -1.186054646968841553e-01 -3.319583892822265625e+01 -3.069403409957885742e+00 -1.374107971787452698e-02 -3.437367966398596764e-03 8.500000000000000000e+01 3.500000000000000000e+01
4.210756123065948486e-01 3.731752634048461914e-01 -1.387609541416168213e-01 -1.137571185827255249e-01 -3.311331939697265625e+01 -2.986882686614990234e+00 -1.370692159980535507e-02 -3.344954457134008408e-03 8.500000000000000000e+01 3.500000000000000000e+01
4.210756123065948486e-01 3.710433840751647949e-01 -1.427685320377349854e-01 -1.188200563192367554e-01 -3.289056015014648438e+01 -2.764126062393188477e+00 -1.361471321433782578e-02 -3.095493419095873833e-03 8.300000000000000000e+01 3.300000000000000000e+01
4.210756123065948486e-01 3.656394183635711670e-01 -1.521186083555221558e-01 -1.316537708044052124e-01 -3.256878280639648438e+01 -2.442346572875976562e+00 -1.348151639103889465e-02 -2.735138637945055962e-03 8.000000000000000000e+01 3.000000000000000000e+01
4.210756123065948486e-01 3.668964207172393799e-01 -1.494846940040588379e-01 -1.286685615777969360e-01 -3.238839340209960938e+01 -2.261958599090576172e+00 -1.340684574097394943e-02 -2.533125458285212517e-03 7.800000000000000000e+01 2.800000000000000000e+01
4.210756123065948486e-01 3.668964207172393799e-01 -1.494846940040588379e-01 -1.286685615777969360e-01 -3.238839340209960938e+01 -2.261958599090576172e+00 -1.340684574097394943e-02 -2.533125458285212517e-03 7.800000000000000000e+01 2.800000000000000000e+01
4.210756123065948486e-01 3.911644220352172852e-01 -9.504739195108413696e-02 -7.103519886732101440e-02 -3.151696395874023438e+01 -1.390528678894042969e+00 -1.304612681269645691e-02 -1.557227224111557007e-03 7.100000000000000000e+01 2.100000000000000000e+01
4.210756123065948486e-01 3.906858265399932861e-01 -9.704857319593429565e-02 -7.217179983854293823e-02 -3.117951202392578125e+01 -1.053078889846801758e+00 -1.290644146502017975e-02 -1.179323531687259674e-03 6.800000000000000000e+01 1.800000000000000000e+01
4.210756123065948486e-01 3.894468843936920166e-01 -9.753005951642990112e-02 -7.511413097381591797e-02 -3.081152725219726562e+01 -6.850934624671936035e-01 -1.275411807000637054e-02 -7.672234787605702877e-04 6.400000000000000000e+01 1.400000000000000000e+01
4.210756123065948486e-01 3.829891383647918701e-01 -1.103532090783119202e-01 -9.045043587684631348e-02 -3.068611145019531250e+01 -5.596764683723449707e-01 -1.270220335572957993e-02 -6.267713033594191074e-04 6.200000000000000000e+01 1.200000000000000000e+01
4.210756123065948486e-01 3.801519572734832764e-01 -1.168774738907814026e-01 -9.718837589025497437e-02 -3.060023880004882812e+01 -4.738033413887023926e-01 -1.266665756702423096e-02 -5.306035745888948441e-04 5.900000000000000000e+01 9.000000000000000000e+00
4.210756123065948486e-01 3.745526075363159180e-01 -1.297992765903472900e-01 -1.104861050844192505e-01 -3.053340530395507812e+01 -4.069725275039672852e-01 -1.263899262994527817e-02 -4.557609790936112404e-04 5.800000000000000000e+01 8.000000000000000000e+00
4.210756123065948486e-01 3.659800291061401367e-01 -1.523450016975402832e-01 -1.308448612689971924e-01 -3.042478179931640625e+01 -2.983462214469909668e-01 -1.259402930736541748e-02 -3.341124102007597685e-04 5.600000000000000000e+01 6.000000000000000000e+00
4.210756123065948486e-01 3.579737842082977295e-01 -1.707367449998855591e-01 -1.498586684465408325e-01 -3.037596511840820312e+01 -2.495301365852355957e-01 -1.257382147014141083e-02 -2.794441825244575739e-04 5.500000000000000000e+01 5.000000000000000000e+00
4.210756123065948486e-01 3.511171638965606689e-01 -1.876096725463867188e-01 -1.661422401666641235e-01 -3.035035133361816406e+01 -2.239167094230651855e-01 -1.256321929395198822e-02 -2.507601748220622540e-04 5.400000000000000000e+01 4.000000000000000000e+00
4.210756123065948486e-01 3.392350077629089355e-01 -2.124757319688796997e-01 -1.943608224391937256e-01 -3.012643432617187500e+01 0.000000000000000000e+00 -1.247053127735853195e-02 0.000000000000000000e+00 5.000000000000000000e+01 0.000000000000000000e+00
4.210756123065948486e-01 3.392350077629089355e-01 -2.124757319688796997e-01 -1.943608224391937256e-01 -3.012643432617187500e+01 0.000000000000000000e+00 -1.247053127735853195e-02 0.000000000000000000e+00 5.000000000000000000e+01 0.000000000000000000e+00
4.210756123065948486e-01 3.392350077629089355e-01 -2.124757319688796997e-01 -1.943608224391937256e-01 -3.012643432617187500e+01 0.000000000000000000e+00 -1.247053127735853195e-02 0.000000000000000000e+00 5.000000000000000000e+01 0.000000000000000000e+00
4.210756123065948486e-01 3.392350077629089355e-01 -2.124757319688796997e-01 -1.943608224391937256e-01 -3.012643432617187500e+01 0.000000000000000000e+00 -1.247053127735853195e-02 0.000000000000000000e+00 5.000000000000000000e+01 0.000000000000000000e+00
4.210756123065948486e-01 3.392350077629089355e-01 -2.124757319688796997e-01 -1.943608224391937256e-01 -3.012643432617187500e+01 0.000000000000000000e+00 -1.247053127735853195e-02 0.000000000000000000e+00 5.000000000000000000e+01 0.000000000000000000e+00
4.210756123065948486e-01 3.392350077629089355e-01 -2.124757319688796997e-01 -1.943608224391937256e-01 -3.012643432617187500e+01 0.000000000000000000e+00 -1.247053127735853195e-02 0.000000000000000000e+00 5.000000000000000000e+01 0.000000000000000000e+00
4.210756123065948486e-01 3.392350077629089355e-01 -2.124757319688796997e-01 -1.943608224391937256e-01 -3.012643432617187500e+01 0.000000000000000000e+00 -1.247053127735853195e-02 0.000000000000000000e+00 5.000000000000000000e+01 0.000000000000000000e+00
4.210756123065948486e-01 3.392350077629089355e-01 -2.124757319688796997e-01 -1.943608224391937256e-01 -3.012643432617187500e+01 0.000000000000000000e+00 -1.247053127735853195e-02 0.000000000000000000e+00 5.000000000000000000e+01 0.000000000000000000e+00
4.210756123065948486e-01 3.392350077629089355e-01 -2.124757319688796997e-01 -1.943608224391937256e-01 -3.012643432617187500e+01 0.000000000000000000e+00 -1.247053127735853195e-02 0.000000000000000000e+00 5.000000000000000000e+01 0.000000000000000000e+00
4.210756123065948486e-01 3.392350077629089355e-01 -2.124757319688796997e-01 -1.943608224391937256e-01 -3.012643432617187500e+01 0.000000000000000000e+00 -1.247053127735853195e-02 0.000000000000000000e+00 5.000000000000000000e+01 0.000000000000000000e+00
4.210756123065948486e-01 3.392350077629089355e-01 -2.124757319688796997e-01 -1.943608224391937256e-01 -3.012643432617187500e+01 0.000000000000000000e+00 -1.247053127735853195e-02 0.000000000000000000e+00 5.000000000000000000e+01 0.000000000000000000e+00
4.210756123065948486e-01 3.392350077629089355e-01 -2.124757319688796997e-01 -1.943608224391937256e-01 -3.012643432617187500e+01 0.000000000000000000e+00 -1.247053127735853195e-02 0.000000000000000000e+00 5.000000000000000000e+01 0.000000000000000000e+00
4.210756123065948486e-01 3.392350077629089355e-01 -2.124757319688796997e-01 -1.943608224391937256e-01 -3.012643432617187500e+01 0.000000000000000000e+00 -1.247053127735853195e-02 0.000000000000000000e+00 5.000000000000000000e+01 0.000000000000000000e+00
4.210756123065948486e-01 3.392350077629089355e-01 -2.124757319688796997e-01 -1.943608224391937256e-01 -3.012643432617187500e+01 0.000000000000000000e+00 -1.247053127735853195e-02 0.000000000000000000e+00 5.000000000000000000e+01 0.000000000000000000e+00
4.210756123065948486e-01 3.392350077629089355e-01 -2.124757319688796997e-01 -1.943608224391937256e-01 -3.012643432617187500e+01 0.000000000000000000e+00 -1.247053127735853195e-02 0.000000000000000000e+00 5.000000000000000000e+01 0.000000000000000000e+00
4.210756123065948486e-01 3.392350077629089355e-01 -2.124757319688796997e-01 -1.943608224391937256e-01 -3.012643432617187500e+01 0.000000000000000000e+00 -1.247053127735853195e-02 0.000000000000000000e+00 5.000000000000000000e+01 0.000000000000000000e+00
4.210756123065948486e-01 3.392350077629089355e-01 -2.124757319688796997e-01 -1.943608224391937256e-01 -3.012643432617187500e+01 0.000000000000000000e+00 -1.247053127735853195e-02 0.000000000000000000e+00 5.000000000000000000e+01 0.000000000000000000e+00
4.210756123065948486e-01 3.392350077629089355e-01 -2.124757319688796997e-01 -1.943608224391937256e-01 -3.012643432617187500e+01 0.000000000000000000e+00 -1.247053127735853195e-02 0.000000000000000000e+00 5.000000000000000000e+01 0.000000000000000000e+00
4.210756123065948486e-01 3.392350077629089355e-01 -2.124757319688796997e-01 -1.943608224391937256e-01 -3.012643432617187500e+01 0.000000000000000000e+00 -1.247053127735853195e-02 0.000000000000000000e+00 5.000000000000000000e+01 0.000000000000000000e+00
4.210756123065948486e-01 3.392350077629089355e-01 -2.124757319688796997e-01 -1.943608224391937256e-01 -3.012643432617187500e+01 0.000000000000000000e+00 -1.247053127735853195e-02 0.000000000000000000e+00 5.000000000000000000e+01 0.000000000000000000e+00
4.210756123065948486e-01 3.392350077629089355e-01 -2.124757319688796997e-01 -1.943608224391937256e-01 -3.012643432617187500e+01 0.000000000000000000e+00 -1.247053127735853195e-02 0.000000000000000000e+00 5.000000000000000000e+01 0.000000000000000000e+00
4.210756123065948486e-01 3.392350077629089355e-01 -2.124757319688796997e-01 -1.943608224391937256e-01 -3.012643432617187500e+01 0.000000000000000000e+00 -1.247053127735853195e-02 0.000000000000000000e+00 5.000000000000000000e+01 0.000000000000000000e+00
4.210756123065948486e-01 3.392350077629089355e-01 -2.124757319688796997e-01 -1.943608224391937256e-01 -3.012643432617187500e+01 0.000000000000000000e+00 -1.247053127735853195e-02 0.000000000000000000e+00 5.000000000000000000e+01 0.000000000000000000e+00
4.210756123065948486e-01 3.392350077629089355e-01 -2.124757319688796997e-01 -1.943608224391937256e-01 -3.012643432617187500e+01 0.000000000000000000e+00 -1.247053127735853195e-02 0.000000000000000000e+00 5.000000000000000000e+01 0.000000000000000000e+00
4.210756123065948486e-01 3.392350077629089355e-01 -2.124757319688796997e-01 -1.943608224391937256e-01 -3.012643432617187500e+01 0.000000000000000000e+00 -1.247053127735853195e-02 0.000000000000000000e+00 5.000000000000000000e+01 0.000000000000000000e+00
4.210756123065948486e-01 3.392350077629089355e-01 -2.124757319688796997e-01 -1.943608224391937256e-01 -3.012643432617187500e+01 0.000000000000000000e+00 -1.247053127735853195e-02 0.000000000000000000e+00 5.000000000000000000e+01 0.000000000000000000e+00
4.210756123065948486e-01 3.392350077629089355e-01 -2.124757319688796997e-01 -1.943608224391937256e-01 -3.012643432617187500e+01 0.000000000000000000e+00 -1.247053127735853195e-02 0.000000000000000000e+00 5.000000000000000000e+01 0.000000000000000000e+00
4.210756123065948486e-01 3.392350077629089355e-01 -2.124757319688796997e-01 -1.943608224391937256e-01 -3.012643432617187500e+01 0.000000000000000000e+00 -1.247053127735853195e-02 0.000000000000000000e+00 5.000000000000000000e+01 0.000000000000000000e+00
4.210756123065948486e-01 3.392350077629089355e-01 -2.124757319688796997e-01 -1.943608224391937256e-01 -3.012643432617187500e+01 0.000000000000000000e+00 -1.247053127735853195e-02 0.000000000000000000e+00 5.000000000000000000e+01 0.000000000000000000e+00
4.210756123065948486e-01 3.392350077629089355e-01 -2.124757319688796997e-01 -1.943608224391937256e-01 -3.012643432617187500e+01 0.000000000000000000e+00 -1.247053127735853195e-02 0.000000000000000000e+00 5.000000000000000000e+01 0.000000000000000000e+00
4.210756123065948486e-01 3.392350077629089355e-01 -2.124757319688796997e-01 -1.943608224391937256e-01 -3.012643432617187500e+01 0.000000000000000000e+00 -1.247053127735853195e-02 0.000000000000000000e+00 5.000000000000000000e+01 0.000000000000000000e+00
4.210756123065948486e-01 3.392350077629089355e-01 -2.124757319688796997e-01 -1.943608224391937256e-01 -3.012643432617187500e+01 0.000000000000000000e+00 -1.247053127735853195e-02 0.000000000000000000e+00 5.000000000000000000e+01 0.000000000000000000e+00
4.210756123065948486e-01 3.392350077629089355e-01 -2.124757319688796997e-01 -1.943608224391937256e-01 -3.012643432617187500e+01 0.000000000000000000e+00 -1.247053127735853195e-02 0.000000000000000000e+00 5.000000000000000000e+01 0.000000000000000000e+00
4.210756123065948486e-01 3.392350077629089355e-01 -2.124757319688796997e-01 -1.943608224391937256e-01 -3.012643432617187500e+01 0.000000000000000000e+00 -1.247053127735853195e-02 0.000000000000000000e+00 5.000000000000000000e+01 0.000000000000000000e+00
4.210756123065948486e-01 3.392350077629089355e-01 -2.124757319688796997e-01 -1.943608224391937256e-01 -3.012643432617187500e+01 0.000000000000000000e+00 -1.247053127735853195e-02 0.000000000000000000e+00 5.000000000000000000e+01 0.000000000000000000e+00
4.210756123065948486e-01 3.392350077629089355e-01 -2.124757319688796997e-01 -1.943608224391937256e-01 -3.012643432617187500e+01 0.000000000000000000e+00 -1.247053127735853195e-02 0.000000000000000000e+00 5.000000000000000000e+01 0.000000000000000000e+00
4.210756123065948486e-01 3.392350077629089355e-01 -2.124757319688796997e-01 -1.943608224391937256e-01 -3.012643432617187500e+01 0.000000000000000000e+00 -1.247053127735853195e-02 0.000000000000000000e+00 5.000000000000000000e+01 0.000000000000000000e+00
4.210756123065948486e-01 3.392350077629089355e-01 -2.124757319688796997e-01 -1.943608224391937256e-01 -3.012643432617187500e+01 0.000000000000000000e+00 -1.247053127735853195e-02 0.000000000000000000e+00 5.000000000000000000e+01 0.000000000000000000e+00
4.210756123065948486e-01 3.392350077629089355e-01 -2.124757319688796997e-01 -1.943608224391937256e-01 -3.012643432617187500e+01 0.000000000000000000e+00 -1.247053127735853195e-02 0.000000000000000000e+00 5.000000000000000000e+01 0.000000000000000000e+00
4.210756123065948486e-01 3.392350077629089355e-01 -2.124757319688796997e-01 -1.943608224391937256e-01 -3.012643432617187500e+01 0.000000000000000000e+00 -1.247053127735853195e-02 0.000000000000000000e+00 5.000000000000000000e+01 0.000000000000000000e+00
4.210756123065948486e-01 3.392350077629089355e-01 -2.124757319688796997e-01 -1.943608224391937256e-01 -3.012643432617187500e+01 0.000000000000000000e+00 -1.247053127735853195e-02 0.000000000000000000e+00 5.000000000000000000e+01 0.000000000000000000e+00
4.210756123065948486e-01 3.392350077629089355e-01 -2.124757319688796997e-01 -1.943608224391937256e-01 -3.012643432617187500e+01 0.000000000000000000e+00 -1.247053127735853195e-02 0.000000000000000000e+00 5.000000000000000000e+01 0.000000000000000000e+00
4.210756123065948486e-01 3.392350077629089355e-01 -2.124757319688796997e-01 -1.943608224391937256e-01 -3.012643432617187500e+01 0.000000000000000000e+00 -1.247053127735853195e-02 0.000000000000000000e+00 5.000000000000000000e+01 0.000000000000000000e+00
4.210756123065948486e-01 3.392350077629089355e-01 -2.124757319688796997e-01 -1.943608224391937256e-01 -3.012643432617187500e+01 0.000000000000000000e+00 -1.247053127735853195e-02 0.000000000000000000e+00 5.000000000000000000e+01 0.000000000000000000e+00
4.210756123065948486e-01 3.392350077629089355e-01 -2.124757319688796997e-01 -1.943608224391937256e-01 -3.012643432617187500e+01 0.000000000000000000e+00 -1.247053127735853195e-02 0.000000000000000000e+00 5.000000000000000000e+01 0.000000000000000000e+00
4.210756123065948486e-01 3.392350077629089355e-01 -2.124757319688796997e-01 -1.943608224391937256e-01 -3.012643432617187500e+01 0.000000000000000000e+00 -1.247053127735853195e-02 0.000000000000000000e+00 5.000000000000000000e+01 0.000000000000000000e+00
4.210756123065948486e-01 3.392350077629089355e-01 -2.124757319688796997e-01 -1.943608224391937256e-01 -3.012643432617187500e+01 0.000000000000000000e+00 -1.247053127735853195e-02 0.000000000000000000e+00 5.000000000000000000e+01 0.000000000000000000e+00
4.210756123065948486e-01 3.392350077629089355e-01 -2.124757319688796997e-01 -1.943608224391937256e-01 -3.012643432617187500e+01 0.000000000000000000e+00 -1.247053127735853195e-02 0.000000000000000000e+00 5.000000000000000000e+01 0.000000000000000000e+00
4.210756123065948486e-01 3.392350077629089355e-01 -2.124757319688796997e-01 -1.943608224391937256e-01 -3.012643432617187500e+01 0.000000000000000000e+00 -1.247053127735853195e-02 0.000000000000000000e+00 5.000000000000000000e+01 0.000000000000000000e+00
4.210756123065948486e-01 3.392350077629089355e-01 -2.124757319688796997e-01 -1.943608224391937256e-01 -3.012643432617187500e+01 0.000000000000000000e+00 -1.247053127735853195e-02 0.000000000000000000e+00 5.000000000000000000e+01 0.000000000000000000e+00
4.210756123065948486e-01 3.392350077629089355e-01 -2.124757319688796997e-01 -1.943608224391937256e-01 -3.012643432617187500e+01 0.000000000000000000e+00 -1.247053127735853195e-02 0.000000000000000000e+00 5.000000000000000000e+01 0.000000000000000000e+00
4.210756123065948486e-01 3.392350077629089355e-01 -2.124757319688796997e-01 -1.943608224391937256e-01 -3.012643432617187500e+01 0.000000000000000000e+00 -1.247053127735853195e-02 0.000000000000000000e+00 5.000000000000000000e+01 0.000000000000000000e+00
4.210756123065948486e-01 3.392350077629089355e-01 -2.124757319688796997e-01 -1.943608224391937256e-01 -3.012643432617187500e+01 0.000000000000000000e+00 -1.247053127735853195e-02 0.000000000000000000e+00 5.000000000000000000e+01 0.000000000000000000e+00
