4.830691516399383545e-01 7.140396237373352051e-01 4.474409520626068115e-01 4.781312942504882812e-01 -3.656990814208984375e+01 -2.567590332031250000e+01 -1.513774134218692780e-02 -3.123139403760433197e-02 1.770000000000000000e+02 1.280000000000000000e+02
4.830691516399383545e-01 6.843498945236206055e-01 3.907584547996520996e-01 4.166706502437591553e-01 -2.260683441162109375e+01 -1.171282482147216797e+01 -9.357868693768978119e-03 -1.424712594598531723e-02 1.180000000000000000e+02 6.900000000000000000e+01
4.830691516399383545e-01 6.809622049331665039e-01 3.840985298156738281e-01 4.096578061580657959e-01 -2.203189277648925781e+01 -1.113788318634033203e+01 -9.119877591729164124e-03 -1.354778464883565903e-02 1.160000000000000000e+02 6.700000000000000000e+01
4.830691516399383545e-01 6.740177869796752930e-01 3.713268339633941650e-01 3.952822089195251465e-01 -2.160454940795898438e+01 -1.071054077148437500e+01 -8.942983113229274750e-03 -1.302797812968492508e-02 1.140000000000000000e+02 6.500000000000000000e+01
4.830691516399383545e-01 6.691486239433288574e-01 3.610349297523498535e-01 3.852025568485260010e-01 -2.126480102539062500e+01 -1.037079143524169922e+01 -8.802347816526889801e-03 -1.261471770703792572e-02 1.120000000000000000e+02 6.300000000000000000e+01
4.830691516399383545e-01 6.679150462150573730e-01 3.586176335811614990e-01 3.826489448547363281e-01 -2.084036827087402344e+01 -9.946359634399414062e+00 -8.626658469438552856e-03 -1.209845114499330521e-02 1.090000000000000000e+02 6.000000000000000000e+01
4.830691516399383545e-01 6.567636132240295410e-01 3.348947763442993164e-01 3.595643937587738037e-01 -2.044253349304199219e+01 -9.548523902893066406e+00 -8.461979217827320099e-03 -1.161453593522310257e-02 1.080000000000000000e+02 5.900000000000000000e+01
4.830691516399383545e-01 6.567636132240295410e-01 3.348947763442993164e-01 3.595643937587738037e-01 -2.044253349304199219e+01 -9.548523902893066406e+00 -8.461979217827320099e-03 -1.161453593522310257e-02 1.080000000000000000e+02 5.900000000000000000e+01
4.830691516399383545e-01 6.579096913337707520e-01 3.379187285900115967e-01 3.619368672370910645e-01 -2.038528442382812500e+01 -9.491276741027832031e+00 -8.438280783593654633e-03 -1.154490280896425247e-02 1.070000000000000000e+02 5.800000000000000000e+01
4.830691516399383545e-01 6.568048000335693359e-01 3.357782363891601562e-01 3.596496582031250000e-01 -2.031714248657226562e+01 -9.423132896423339844e+00 -8.410074748098850250e-03 -1.146201416850090027e-02 1.060000000000000000e+02 5.700000000000000000e+01
4.830691516399383545e-01 6.468958854675292969e-01 3.174457550048828125e-01 3.391372263431549072e-01 -2.018536376953125000e+01 -9.291355133056640625e+00 -8.355526253581047058e-03 -1.130172330886125565e-02 1.040000000000000000e+02 5.500000000000000000e+01
4.830691516399383545e-01 6.494578123092651367e-01 3.237111866474151611e-01 3.444406688213348389e-01 -1.882967948913574219e+01 -7.935669898986816406e+00 -7.794354110956192017e-03 -9.652709588408470154e-03 1.000000000000000000e+02 5.100000000000000000e+01
4.830691516399383545e-01 6.329910159111022949e-01 2.892006337642669678e-01 3.103528022766113281e-01 -1.871535301208496094e+01 -7.821344375610351562e+00 -7.747029885649681091e-03 -9.513647295534610748e-03 9.800000000000000000e+01 4.900000000000000000e+01
4.830691516399383545e-01 6.318912506103515625e-01 2.895447909832000732e-01 3.080761730670928955e-01 -1.841333389282226562e+01 -7.519324302673339844e+00 -7.622012402862310410e-03 -9.146278724074363708e-03 9.600000000000000000e+01 4.700000000000000000e+01
4.830691516399383545e-01 6.318912506103515625e-01 2.895447909832000732e-01 3.080761730670928955e-01 -1.841333389282226562e+01 -7.519324302673339844e+00 -7.622012402862310410e-03 -9.146278724074363708e-03 9.600000000000000000e+01 4.700000000000000000e+01
4.830691516399383545e-01 6.392192840576171875e-01 3.046876788139343262e-01 3.232459127902984619e-01 -1.795455169677734375e+01 -7.060543060302734375e+00 -7.432104088366031647e-03 -8.588231168687343597e-03 9.400000000000000000e+01 4.500000000000000000e+01
4.830691516399383545e-01 6.365243196487426758e-01 2.986030280590057373e-01 3.176670968532562256e-01 -1.757752227783203125e+01 -6.683513641357421875e+00 -7.276036776602268219e-03 -8.129623718559741974e-03 9.300000000000000000e+01 4.400000000000000000e+01
4.830691516399383545e-01 6.354566216468811035e-01 2.965326309204101562e-01 3.154568374156951904e-01 -1.750938034057617188e+01 -6.615370750427246094e+00 -7.247829809784889221e-03 -8.046736940741539001e-03 9.200000000000000000e+01 4.300000000000000000e+01
4.830691516399383545e-01 6.296240091323852539e-01 2.848916947841644287e-01 3.033827841281890869e-01 -1.730918121337890625e+01 -6.415172576904296875e+00 -7.164959330111742020e-03 -7.803222164511680603e-03 9.100000000000000000e+01 4.200000000000000000e+01
4.830691516399383545e-01 6.185616254806518555e-01 2.604041695594787598e-01 2.804825603961944580e-01 -1.640078735351562500e+01 -5.506777763366699219e+00 -6.788939237594604492e-03 -6.698278244584798813e-03 8.800000000000000000e+01 3.900000000000000000e+01
4.830691516399383545e-01 6.130842566490173340e-01 2.498017400503158569e-01 2.691438794136047363e-01 -1.597871208190917969e+01 -5.084702491760253906e+00 -6.614225450903177261e-03 -6.184878759086132050e-03 8.400000000000000000e+01 3.500000000000000000e+01
4.830691516399383545e-01 6.044944524765014648e-01 2.313705235719680786e-01 2.513621449470520020e-01 -1.585787963867187500e+01 -4.963871002197265625e+00 -6.564207840710878372e-03 -6.037902552634477615e-03 8.400000000000000000e+01 3.500000000000000000e+01
4.830691516399383545e-01 5.966526865959167480e-01 2.143820673227310181e-01 2.351289391517639160e-01 -1.574213981628417969e+01 -4.848130226135253906e+00 -6.516298744827508926e-03 -5.897119175642728806e-03 8.300000000000000000e+01 3.400000000000000000e+01
4.830691516399383545e-01 5.961243510246276855e-01 2.147002965211868286e-01 2.340352237224578857e-01 -1.532927703857421875e+01 -4.435267448425292969e+00 -6.345398258417844772e-03 -5.394925363361835480e-03 8.100000000000000000e+01 3.200000000000000000e+01
4.830691516399383545e-01 5.998753309249877930e-01 2.224522680044174194e-01 2.418001145124435425e-01 -1.505594635009765625e+01 -4.161935806274414062e+00 -6.232256069779396057e-03 -5.062452983111143112e-03 7.900000000000000000e+01 3.000000000000000000e+01
4.830691516399383545e-01 5.991846919059753418e-01 2.210285365581512451e-01 2.403704375028610229e-01 -1.482945632934570312e+01 -3.935447216033935547e+00 -6.138502620160579681e-03 -4.786958917975425720e-03 7.800000000000000000e+01 2.900000000000000000e+01
4.830691516399383545e-01 5.873481631278991699e-01 1.979513168334960938e-01 2.158676683902740479e-01 -1.463511657714843750e+01 -3.741107463836669922e+00 -6.058057770133018494e-03 -4.550570156425237656e-03 7.600000000000000000e+01 2.700000000000000000e+01
4.830691516399383545e-01 5.782582163810729980e-01 1.805972307920455933e-01 1.970506012439727783e-01 -1.432247352600097656e+01 -3.428464889526367188e+00 -5.928642116487026215e-03 -4.170281346887350082e-03 7.600000000000000000e+01 2.700000000000000000e+01
4.830691516399383545e-01 5.518569946289062500e-01 1.258872151374816895e-01 1.423975080251693726e-01 -1.413683795928955078e+01 -3.242828607559204102e+00 -5.851800087839365005e-03 -3.944478929042816162e-03 7.700000000000000000e+01 2.800000000000000000e+01
4.830691516399383545e-01 5.086092352867126465e-01 3.594530373811721802e-02 5.287044867873191833e-02 -1.264402389526367188e+01 -1.750015020370483398e+00 -5.233865231275558472e-03 -2.128665335476398468e-03 6.700000000000000000e+01 1.800000000000000000e+01
4.830691516399383545e-01 5.049740672111511230e-01 3.026101738214492798e-02 4.534529894590377808e-02 -1.238746643066406250e+01 -1.493457078933715820e+00 -5.127665586769580841e-03 -1.816596137359738350e-03 6.500000000000000000e+01 1.600000000000000000e+01
4.830691516399383545e-01 4.819565713405609131e-01 -1.236839499324560165e-02 -2.303149085491895676e-03 -1.171768569946289062e+01 -8.236760497093200684e-01 -4.850416909903287888e-03 -1.001894706860184669e-03 5.900000000000000000e+01 1.000000000000000000e+01
4.830691516399383545e-01 4.760849177837371826e-01 -2.541303634643554688e-02 -1.445804163813591003e-02 -1.161178493499755859e+01 -7.177751660346984863e-01 -4.806580487638711929e-03 -8.730800473131239414e-04 5.700000000000000000e+01 8.000000000000000000e+00
4.830691516399383545e-01 4.760849177837371826e-01 -2.541303634643554688e-02 -1.445804163813591003e-02 -1.161178493499755859e+01 -7.177751660346984863e-01 -4.806580487638711929e-03 -8.730800473131239414e-04 5.700000000000000000e+01 8.000000000000000000e+00
4.830691516399383545e-01 4.616146683692932129e-01 -5.301375314593315125e-02 -4.441286250948905945e-02 -1.145504283905029297e+01 -5.610332489013671875e-01 -4.741698503494262695e-03 -6.824238807894289494e-04 5.500000000000000000e+01 6.000000000000000000e+00
4.830691516399383545e-01 4.647112786769866943e-01 -3.939121216535568237e-02 -3.800257667899131775e-02 -1.107914257049560547e+01 -1.851337552070617676e-01 -4.586098250001668930e-03 -2.251911064377054572e-04 5.200000000000000000e+01 3.000000000000000000e+00
4.830691516399383545e-01 4.587076008319854736e-01 -5.271986871957778931e-02 -5.043077468872070312e-02 -1.099053955078125000e+01 -9.653061628341674805e-02 -4.549421835690736771e-03 -1.174169228761456907e-04 5.100000000000000000e+01 2.000000000000000000e+00
4.830691516399383545e-01 4.526412785053253174e-01 -6.596957892179489136e-02 -6.298864632844924927e-02 -1.094150638580322266e+01 -4.749715328216552734e-02 -4.529125057160854340e-03 -5.777410115115344524e-05 5.000000000000000000e+01 1.000000000000000000e+00
4.830691516399383545e-01 4.459159076213836670e-01 -8.024363964796066284e-02 -7.691081613302230835e-02 -1.089400959014892578e+01 0.000000000000000000e+00 -4.509464371949434280e-03 0.000000000000000000e+00 4.900000000000000000e+01 0.000000000000000000e+00
4.830691516399383545e-01 4.459159076213836670e-01 -8.024363964796066284e-02 -7.691081613302230835e-02 -1.089400959014892578e+01 0.000000000000000000e+00 -4.509464371949434280e-03 0.000000000000000000e+00 4.900000000000000000e+01 0.000000000000000000e+00
4.830691516399383545e-01 4.459159076213836670e-01 -8.024363964796066284e-02 -7.691081613302230835e-02 -1.089400959014892578e+01 0.000000000000000000e+00 -4.509464371949434280e-03 0.000000000000000000e+00 4.900000000000000000e+01 0.000000000000000000e+00
4.830691516399383545e-01 4.459159076213836670e-01 -8.024363964796066284e-02 -7.691081613302230835e-02 -1.089400959014892578e+01 0.000000000000000000e+00 -4.509464371949434280e-03 0.000000000000000000e+00 4.900000000000000000e+01 0.000000000000000000e+00
4.830691516399383545e-01 4.459159076213836670e-01 -8.024363964796066284e-02 -7.691081613302230835e-02 -1.089400959014892578e+01 0.000000000000000000e+00 -4.509464371949434280e-03 0.000000000000000000e+00 4.900000000000000000e+01 0.000000000000000000e+00
4.830691516399383545e-01 4.459159076213836670e-01 -8.024363964796066284e-02 -7.691081613302230835e-02 -1.089400959014892578e+01 0.000000000000000000e+00 -4.509464371949434280e-03 0.000000000000000000e+00 4.900000000000000000e+01 0.000000000000000000e+00
4.830691516399383545e-01 4.459159076213836670e-01 -8.024363964796066284e-02 -7.691081613302230835e-02 -1.089400959014892578e+01 0.000000000000000000e+00 -4.509464371949434280e-03 0.000000000000000000e+00 4.900000000000000000e+01 0.000000000000000000e+00
4.830691516399383545e-01 4.459159076213836670e-01 -8.024363964796066284e-02 -7.691081613302230835e-02 -1.089400959014892578e+01 0.000000000000000000e+00 -4.509464371949434280e-03 0.000000000000000000e+00 4.900000000000000000e+01 0.000000000000000000e+00
4.830691516399383545e-01 4.459159076213836670e-01 -8.024363964796066284e-02 -7.691081613302230835e-02 -1.089400959014892578e+01 0.000000000000000000e+00 -4.509464371949434280e-03 0.000000000000000000e+00 4.900000000000000000e+01 0.000000000000000000e+00
4.830691516399383545e-01 4.459159076213836670e-01 -8.024363964796066284e-02 -7.691081613302230835e-02 -1.089400959014892578e+01 0.000000000000000000e+00 -4.509464371949434280e-03 0.000000000000000000e+00 4.900000000000000000e+01 0.000000000000000000e+00
4.830691516399383545e-01 4.459159076213836670e-01 -8.024363964796066284e-02 -7.691081613302230835e-02 -1.089400959014892578e+01 0.000000000000000000e+00 -4.509464371949434280e-03 0.000000000000000000e+00 4.900000000000000000e+01 0.000000000000000000e+00
4.830691516399383545e-01 4.459159076213836670e-01 -8.024363964796066284e-02 -7.691081613302230835e-02 -1.089400959014892578e+01 0.000000000000000000e+00 -4.509464371949434280e-03 0.000000000000000000e+00 4.900000000000000000e+01 0.000000000000000000e+00
4.830691516399383545e-01 4.459159076213836670e-01 -8.024363964796066284e-02 -7.691081613302230835e-02 -1.089400959014892578e+01 0.000000000000000000e+00 -4.509464371949434280e-03 0.000000000000000000e+00 4.900000000000000000e+01 0.000000000000000000e+00
4.830691516399383545e-01 4.459159076213836670e-01 -8.024363964796066284e-02 -7.691081613302230835e-02 -1.089400959014892578e+01 0.000000000000000000e+00 -4.509464371949434280e-03 0.000000000000000000e+00 4.900000000000000000e+01 0.000000000000000000e+00
4.830691516399383545e-01 4.459159076213836670e-01 -8.024363964796066284e-02 -7.691081613302230835e-02 -1.089400959014892578e+01 0.000000000000000000e+00 -4.509464371949434280e-03 0.000000000000000000e+00 4.900000000000000000e+01 0.000000000000000000e+00
4.830691516399383545e-01 4.459159076213836670e-01 -8.024363964796066284e-02 -7.691081613302230835e-02 -1.089400959014892578e+01 0.000000000000000000e+00 -4.509464371949434280e-03 0.000000000000000000e+00 4.900000000000000000e+01 0.000000000000000000e+00
4.830691516399383545e-01 4.459159076213836670e-01 -8.024363964796066284e-02 -7.691081613302230835e-02 -1.089400959014892578e+01 0.000000000000000000e+00 -4.509464371949434280e-03 0.000000000000000000e+00 4.900000000000000000e+01 0.000000000000000000e+00
4.830691516399383545e-01 4.459159076213836670e-01 -8.024363964796066284e-02 -7.691081613302230835e-02 -1.089400959014892578e+01 0.000000000000000000e+00 -4.509464371949434280e-03 0.000000000000000000e+00 4.900000000000000000e+01 0.000000000000000000e+00
4.830691516399383545e-01 4.459159076213836670e-01 -8.024363964796066284e-02 -7.691081613302230835e-02 -1.089400959014892578e+01 0.000000000000000000e+00 -4.509464371949434280e-03 0.000000000000000000e+00 4.900000000000000000e+01 0.000000000000000000e+00
4.830691516399383545e-01 4.459159076213836670e-01 -8.024363964796066284e-02 -7.691081613302230835e-02 -1.089400959014892578e+01 0.000000000000000000e+00 -4.509464371949434280e-03 0.000000000000000000e+00 4.900000000000000000e+01 0.000000000000000000e+00
4.830691516399383545e-01 4.459159076213836670e-01 -8.024363964796066284e-02 -7.691081613302230835e-02 -1.089400959014892578e+01 0.000000000000000000e+00 -4.509464371949434280e-03 0.000000000000000000e+00 4.900000000000000000e+01 0.000000000000000000e+00
4.830691516399383545e-01 4.459159076213836670e-01 -8.024363964796066284e-02 -7.691081613302230835e-02 -1.089400959014892578e+01 0.000000000000000000e+00 -4.509464371949434280e-03 0.000000000000000000e+00 4.900000000000000000e+01 0.000000000000000000e+00
4.830691516399383545e-01 4.459159076213836670e-01 -8.024363964796066284e-02 -7.691081613302230835e-02 -1.089400959014892578e+01 0.000000000000000000e+00 -4.509464371949434280e-03 0.000000000000000000e+00 4.900000000000000000e+01 0.000000000000000000e+00
4.830691516399383545e-01 4.459159076213836670e-01 -8.024363964796066284e-02 -7.691081613302230835e-02 -1.089400959014892578e+01 0.000000000000000000e+00 -4.509464371949434280e-03 0.000000000000000000e+00 4.900000000000000000e+01 0.000000000000000000e+00
4.830691516399383545e-01 4.459159076213836670e-01 -8.024363964796066284e-02 -7.691081613302230835e-02 -1.089400959014892578e+01 0.000000000000000000e+00 -4.509464371949434280e-03 0.000000000000000000e+00 4.900000000000000000e+01 0.000000000000000000e+00
4.830691516399383545e-01 4.459159076213836670e-01 -8.024363964796066284e-02 -7.691081613302230835e-02 -1.089400959014892578e+01 0.000000000000000000e+00 -4.509464371949434280e-03 0.000000000000000000e+00 4.900000000000000000e+01 0.000000000000000000e+00
4.830691516399383545e-01 4.459159076213836670e-01 -8.024363964796066284e-02 -7.691081613302230835e-02 -1.089400959014892578e+01 0.000000000000000000e+00 -4.509464371949434280e-03 0.000000000000000000e+00 4.900000000000000000e+01 0.000000000000000000e+00
4.830691516399383545e-01 4.459159076213836670e-01 -8.024363964796066284e-02 -7.691081613302230835e-02 -1.089400959014892578e+01 0.000000000000000000e+00 -4.509464371949434280e-03 0.000000000000000000e+00 4.900000000000000000e+01 0.000000000000000000e+00
4.830691516399383545e-01 4.459159076213836670e-01 -8.024363964796066284e-02 -7.691081613302230835e-02 -1.089400959014892578e+01 0.000000000000000000e+00 -4.509464371949434280e-03 0.000000000000000000e+00 4.900000000000000000e+01 0.000000000000000000e+00
4.830691516399383545e-01 4.459159076213836670e-01 -8.024363964796066284e-02 -7.691081613302230835e-02 -1.089400959014892578e+01 0.000000000000000000e+00 -4.509464371949434280e-03 0.000000000000000000e+00 4.900000000000000000e+01 0.000000000000000000e+00
4.830691516399383545e-01 4.459159076213836670e-01 -8.024363964796066284e-02 -7.691081613302230835e-02 -1.089400959014892578e+01 0.000000000000000000e+00 -4.509464371949434280e-03 0.000000000000000000e+00 4.900000000000000000e+01 0.000000000000000000e+00
4.830691516399383545e-01 4.459159076213836670e-01 -8.024363964796066284e-02 -7.691081613302230835e-02 -1.089400959014892578e+01 0.000000000000000000e+00 -4.509464371949434280e-03 0.000000000000000000e+00 4.900000000000000000e+01 0.000000000000000000e+00
4.830691516399383545e-01 4.459159076213836670e-01 -8.024363964796066284e-02 -7.691081613302230835e-02 -1.089400959014892578e+01 0.000000000000000000e+00 -4.509464371949434280e-03 0.000000000000000000e+00 4.900000000000000000e+01 0.000000000000000000e+00
4.830691516399383545e-01 4.459159076213836670e-01 -8.024363964796066284e-02 -7.691081613302230835e-02 -1.089400959014892578e+01 0.000000000000000000e+00 -4.509464371949434280e-03 0.000000000000000000e+00 4.900000000000000000e+01 0.000000000000000000e+00
4.830691516399383545e-01 4.459159076213836670e-01 -8.024363964796066284e-02 -7.691081613302230835e-02 -1.089400959014892578e+01 0.000000000000000000e+00 -4.509464371949434280e-03 0.000000000000000000e+00 4.900000000000000000e+01 0.000000000000000000e+00
4.830691516399383545e-01 4.459159076213836670e-01 -8.024363964796066284e-02 -7.691081613302230835e-02 -1.089400959014892578e+01 0.000000000000000000e+00 -4.509464371949434280e-03 0.000000000000000000e+00 4.900000000000000000e+01 0.000000000000000000e+00
4.830691516399383545e-01 4.459159076213836670e-01 -8.024363964796066284e-02 -7.691081613302230835e-02 -1.089400959014892578e+01 0.000000000000000000e+00 -4.509464371949434280e-03 0.000000000000000000e+00 4.900000000000000000e+01 0.000000000000000000e+00
4.830691516399383545e-01 4.459159076213836670e-01 -8.024363964796066284e-02 -7.691081613302230835e-02 -1.089400959014892578e+01 0.000000000000000000e+00 -4.509464371949434280e-03 0.000000000000000000e+00 4.900000000000000000e+01 0.000000000000000000e+00
4.830691516399383545e-01 4.459159076213836670e-01 -8.024363964796066284e-02 -7.691081613302230835e-02 -1.089400959014892578e+01 0.000000000000000000e+00 -4.509464371949434280e-03 0.000000000000000000e+00 4.900000000000000000e+01 0.000000000000000000e+00
4.830691516399383545e-01 4.459159076213836670e-01 -8.024363964796066284e-02 -7.691081613302230835e-02 -1.089400959014892578e+01 0.000000000000000000e+00 -4.509464371949434280e-03 0.000000000000000000e+00 4.900000000000000000e+01 0.000000000000000000e+00
4.830691516399383545e-01 4.459159076213836670e-01 -8.024363964796066284e-02 -7.691081613302230835e-02 -1.089400959014892578e+01 0.000000000000000000e+00 -4.509464371949434280e-03 0.000000000000000000e+00 4.900000000000000000e+01 0.000000000000000000e+00
4.830691516399383545e-01 4.459159076213836670e-01 -8.024363964796066284e-02 -7.691081613302230835e-02 -1.089400959014892578e+01 0.000000000000000000e+00 -4.509464371949434280e-03 0.000000000000000000e+00 4.900000000000000000e+01 0.000000000000000000e+00
4.830691516399383545e-01 4.459159076213836670e-01 -8.024363964796066284e-02 -7.691081613302230835e-02 -1.089400959014892578e+01 0.000000000000000000e+00 -4.509464371949434280e-03 0.000000000000000000e+00 4.900000000000000000e+01 0.000000000000000000e+00
4.830691516399383545e-01 4.459159076213836670e-01 -8.024363964796066284e-02 -7.691081613302230835e-02 -1.089400959014892578e+01 0.000000000000000000e+00 -4.509464371949434280e-03 0.000000000000000000e+00 4.900000000000000000e+01 0.000000000000000000e+00
4.830691516399383545e-01 4.459159076213836670e-01 -8.024363964796066284e-02 -7.691081613302230835e-02 -1.089400959014892578e+01 0.000000000000000000e+00 -4.509464371949434280e-03 0.000000000000000000e+00 4.900000000000000000e+01 0.000000000000000000e+00
4.830691516399383545e-01 4.459159076213836670e-01 -8.024363964796066284e-02 -7.691081613302230835e-02 -1.089400959014892578e+01 0.000000000000000000e+00 -4.509464371949434280e-03 0.000000000000000000e+00 4.900000000000000000e+01 0.000000000000000000e+00
4.830691516399383545e-01 4.459159076213836670e-01 -8.024363964796066284e-02 -7.691081613302230835e-02 -1.089400959014892578e+01 0.000000000000000000e+00 -4.509464371949434280e-03 0.000000000000000000e+00 4.900000000000000000e+01 0.000000000000000000e+00
4.830691516399383545e-01 4.459159076213836670e-01 -8.024363964796066284e-02 -7.691081613302230835e-02 -1.089400959014892578e+01 0.000000000000000000e+00 -4.509464371949434280e-03 0.000000000000000000e+00 4.900000000000000000e+01 0.000000000000000000e+00
4.830691516399383545e-01 4.459159076213836670e-01 -8.024363964796066284e-02 -7.691081613302230835e-02 -1.089400959014892578e+01 0.000000000000000000e+00 -4.509464371949434280e-03 0.000000000000000000e+00 4.900000000000000000e+01 0.000000000000000000e+00
4.830691516399383545e-01 4.459159076213836670e-01 -8.024363964796066284e-02 -7.691081613302230835e-02 -1.089400959014892578e+01 0.000000000000000000e+00 -4.509464371949434280e-03 0.000000000000000000e+00 4.900000000000000000e+01 0.000000000000000000e+00
4.830691516399383545e-01 4.459159076213836670e-01 -8.024363964796066284e-02 -7.691081613302230835e-02 -1.089400959014892578e+01 0.000000000000000000e+00 -4.509464371949434280e-03 0.000000000000000000e+00 4.900000000000000000e+01 0.000000000000000000e+00
4.830691516399383545e-01 4.459159076213836670e-01 -8.024363964796066284e-02 -7.691081613302230835e-02 -1.089400959014892578e+01 0.000000000000000000e+00 -4.509464371949434280e-03 0.000000000000000000e+00 4.900000000000000000e+01 0.000000000000000000e+00
4.830691516399383545e-01 4.459159076213836670e-01 -8.024363964796066284e-02 -7.691081613302230835e-02 -1.089400959014892578e+01 0.000000000000000000e+00 -4.509464371949434280e-03 0.000000000000000000e+00 4.900000000000000000e+01 0.000000000000000000e+00
