4.428688585758209229e-01 3.339481353759765625e-01 -2.673775255680084229e-01 -2.459435164928436279e-01 -7.872416687011718750e+01 -4.760874938964843750e+01 -3.258706629276275635e-02 -6.156238541007041931e-02 1.670000000000000000e+02 1.180000000000000000e+02
4.428688585758209229e-01 3.384660780429840088e-01 -2.569708824157714844e-01 -2.357419729232788086e-01 -7.075258636474609375e+01 -3.963716506958007812e+01 -2.928731404244899750e-02 -5.125441029667854309e-02 1.470000000000000000e+02 9.800000000000000000e+01
4.428688585758209229e-01 3.357763588428497314e-01 -2.619809806346893311e-01 -2.418153733015060425e-01 -6.782754516601562500e+01 -3.671212005615234375e+01 -2.807652205228805542e-02 -4.747206345200538635e-02 1.420000000000000000e+02 9.300000000000000000e+01
4.428688585758209229e-01 3.317593038082122803e-01 -2.703269124031066895e-01 -2.508859038352966309e-01 -6.719714355468750000e+01 -3.608172225952148438e+01 -2.781557478010654449e-02 -4.665690287947654724e-02 1.390000000000000000e+02 9.000000000000000000e+01
4.428688585758209229e-01 3.326310217380523682e-01 -2.686683535575866699e-01 -2.489175647497177124e-01 -6.651038360595703125e+01 -3.539495849609375000e+01 -2.753129601478576660e-02 -4.576885700225830078e-02 1.370000000000000000e+02 8.800000000000000000e+01
4.428688585758209229e-01 3.331942260265350342e-01 -2.672629952430725098e-01 -2.476458400487899780e-01 -6.601773834228515625e+01 -3.490232086181640625e+01 -2.732737176120281219e-02 -4.513183236122131348e-02 1.360000000000000000e+02 8.700000000000000000e+01
4.428688585758209229e-01 3.335691690444946289e-01 -2.665092349052429199e-01 -2.467992156744003296e-01 -6.560745239257812500e+01 -3.449202728271484375e+01 -2.715753763914108276e-02 -4.460128396749496460e-02 1.350000000000000000e+02 8.600000000000000000e+01
4.428688585758209229e-01 3.326548933982849121e-01 -2.680577337741851807e-01 -2.488636672496795654e-01 -6.506735229492187500e+01 -3.395192718505859375e+01 -2.693396806716918945e-02 -4.390288889408111572e-02 1.330000000000000000e+02 8.400000000000000000e+01
4.428688585758209229e-01 3.326548933982849121e-01 -2.680577337741851807e-01 -2.488636672496795654e-01 -6.506735229492187500e+01 -3.395192718505859375e+01 -2.693396806716918945e-02 -4.390288889408111572e-02 1.330000000000000000e+02 8.400000000000000000e+01
4.428688585758209229e-01 3.328403532505035400e-01 -2.676779925823211670e-01 -2.484448850154876709e-01 -6.440035247802734375e+01 -3.328492355346679688e+01 -2.665787003934383392e-02 -4.304039105772972107e-02 1.320000000000000000e+02 8.300000000000000000e+01
4.428688585758209229e-01 3.328403532505035400e-01 -2.676779925823211670e-01 -2.484448850154876709e-01 -6.440035247802734375e+01 -3.328492355346679688e+01 -2.665787003934383392e-02 -4.304039105772972107e-02 1.320000000000000000e+02 8.300000000000000000e+01
4.428688585758209229e-01 3.369925916194915771e-01 -2.577235102653503418e-01 -2.390691190958023071e-01 -6.029748535156250000e+01 -2.918206214904785156e+01 -2.495953068137168884e-02 -3.773502260446548462e-02 1.240000000000000000e+02 7.500000000000000000e+01
4.428688585758209229e-01 3.391030430793762207e-01 -2.516276836395263672e-01 -2.343037128448486328e-01 -5.788521957397460938e+01 -2.676979827880859375e+01 -2.396099828183650970e-02 -3.461575135588645935e-02 1.190000000000000000e+02 7.000000000000000000e+01
4.428688585758209229e-01 3.455987870693206787e-01 -2.377696484327316284e-01 -2.196362912654876709e-01 -5.605522155761718750e+01 -2.493980026245117188e+01 -2.320348843932151794e-02 -3.224939852952957153e-02 1.150000000000000000e+02 6.600000000000000000e+01
4.428688585758209229e-01 3.475862741470336914e-01 -2.336504757404327393e-01 -2.151485383510589600e-01 -5.577635574340820312e+01 -2.466093444824218750e+01 -2.308805473148822784e-02 -3.188880160450935364e-02 1.130000000000000000e+02 6.400000000000000000e+01
4.428688585758209229e-01 3.534883856773376465e-01 -2.200581133365631104e-01 -2.018215358257293701e-01 -5.431993865966796875e+01 -2.320452117919921875e+01 -2.248518541455268860e-02 -3.000552766025066376e-02 1.100000000000000000e+02 6.100000000000000000e+01
4.428688585758209229e-01 3.540849685668945312e-01 -2.171855717897415161e-01 -2.004744410514831543e-01 -5.374007415771484375e+01 -2.262465667724609375e+01 -2.224515751004219055e-02 -2.925571054220199585e-02 1.080000000000000000e+02 5.900000000000000000e+01
4.428688585758209229e-01 3.542738556861877441e-01 -2.167986184358596802e-01 -2.000479400157928467e-01 -5.363059997558593750e+01 -2.251517868041992188e+01 -2.219984121620655060e-02 -2.911414578557014465e-02 1.070000000000000000e+02 5.800000000000000000e+01
4.428688585758209229e-01 3.604721724987030029e-01 -2.049649804830551147e-01 -1.860521137714385986e-01 -5.235284423828125000e+01 -2.123742675781250000e+01 -2.167092822492122650e-02 -2.746189758181571960e-02 1.060000000000000000e+02 5.700000000000000000e+01
4.428688585758209229e-01 3.617915511131286621e-01 -2.014149278402328491e-01 -1.830729544162750244e-01 -5.186277770996093750e+01 -2.074735260009765625e+01 -2.146806940436363220e-02 -2.682818844914436340e-02 1.050000000000000000e+02 5.600000000000000000e+01
4.428688585758209229e-01 3.884449303150177002e-01 -1.359340101480484009e-01 -1.228894889354705811e-01 -4.531955337524414062e+01 -1.420413208007812500e+01 -1.875956729054450989e-02 -1.836721785366535187e-02 9.000000000000000000e+01 4.100000000000000000e+01
4.428688585758209229e-01 3.944371640682220459e-01 -1.215029656887054443e-01 -1.093589961528778076e-01 -4.209057617187500000e+01 -1.097515296936035156e+01 -1.742296665906906128e-02 -1.419185753911733627e-02 8.000000000000000000e+01 3.100000000000000000e+01
4.428688585758209229e-01 3.992480635643005371e-01 -1.103085130453109741e-01 -9.849596023559570312e-02 -4.083993530273437500e+01 -9.724517822265625000e+00 -1.690527610480785370e-02 -1.257467363029718399e-02 7.700000000000000000e+01 2.800000000000000000e+01
4.428688585758209229e-01 3.924589455127716064e-01 -1.246341019868850708e-01 -1.138258278369903564e-01 -3.955398559570312500e+01 -8.438562393188476562e+00 -1.637296937406063080e-02 -1.091181859374046326e-02 7.500000000000000000e+01 2.600000000000000000e+01
4.428688585758209229e-01 3.783189952373504639e-01 -1.558926552534103394e-01 -1.457539051771163940e-01 -3.714609146118164062e+01 -6.030670166015625000e+00 -1.537624653428792953e-02 -7.798197679221630096e-03 6.900000000000000000e+01 2.000000000000000000e+01
4.428688585758209229e-01 3.813603818416595459e-01 -1.479324698448181152e-01 -1.388864368200302124e-01 -3.659245681762695312e+01 -5.477035522460937500e+00 -1.514707505702972412e-02 -7.082298398017883301e-03 6.700000000000000000e+01 1.800000000000000000e+01
4.428688585758209229e-01 3.903247714042663574e-01 -1.306367814540863037e-01 -1.186448037624359131e-01 -3.500238800048828125e+01 -3.886969804763793945e+00 -1.448888238519430161e-02 -5.026200786232948303e-03 6.500000000000000000e+01 1.600000000000000000e+01
4.428688585758209229e-01 3.869829475879669189e-01 -1.383832097053527832e-01 -1.261906474828720093e-01 -3.461882781982421875e+01 -3.503406524658203125e+00 -1.433011144399642944e-02 -4.530218895524740219e-03 6.300000000000000000e+01 1.400000000000000000e+01
4.428688585758209229e-01 3.874996900558471680e-01 -1.373535394668579102e-01 -1.250238418579101562e-01 -3.412807464599609375e+01 -3.012651920318603516e+00 -1.412696950137615204e-02 -3.895629197359085083e-03 6.200000000000000000e+01 1.300000000000000000e+01
4.428688585758209229e-01 3.982082009315490723e-01 -1.103488057851791382e-01 -1.008439809083938599e-01 -3.217602539062500000e+01 -1.060605049133300781e+00 -1.331893820315599442e-02 -1.371457474306225777e-03 5.400000000000000000e+01 5.000000000000000000e+00
4.428688585758209229e-01 3.979291021823883057e-01 -1.101471111178398132e-01 -1.014741882681846619e-01 -3.171643257141113281e+01 -6.010116934776306152e-01 -1.312869507819414139e-02 -7.771620294079184532e-04 5.200000000000000000e+01 3.000000000000000000e+00
4.428688585758209229e-01 3.853538334369659424e-01 -1.364370584487915039e-01 -1.298692077398300171e-01 -3.115880584716796875e+01 -4.338401556015014648e-02 -1.289787050336599350e-02 -5.609942309092730284e-05 5.000000000000000000e+01 1.000000000000000000e+00
4.428688585758209229e-01 3.853538334369659424e-01 -1.364370584487915039e-01 -1.298692077398300171e-01 -3.115880584716796875e+01 -4.338401556015014648e-02 -1.289787050336599350e-02 -5.609942309092730284e-05 5.000000000000000000e+01 1.000000000000000000e+00
4.428688585758209229e-01 3.859244585037231445e-01 -1.354189217090606689e-01 -1.285807341337203979e-01 -3.111542129516601562e+01 0.000000000000000000e+00 -1.287991181015968323e-02 0.000000000000000000e+00 4.900000000000000000e+01 0.000000000000000000e+00
4.428688585758209229e-01 3.859244585037231445e-01 -1.354189217090606689e-01 -1.285807341337203979e-01 -3.111542129516601562e+01 0.000000000000000000e+00 -1.287991181015968323e-02 0.000000000000000000e+00 4.900000000000000000e+01 0.000000000000000000e+00
4.428688585758209229e-01 3.859244585037231445e-01 -1.354189217090606689e-01 -1.285807341337203979e-01 -3.111542129516601562e+01 0.000000000000000000e+00 -1.287991181015968323e-02 0.000000000000000000e+00 4.900000000000000000e+01 0.000000000000000000e+00
4.428688585758209229e-01 3.859244585037231445e-01 -1.354189217090606689e-01 -1.285807341337203979e-01 -3.111542129516601562e+01 0.000000000000000000e+00 -1.287991181015968323e-02 0.000000000000000000e+00 4.900000000000000000e+01 0.000000000000000000e+00
4.428688585758209229e-01 3.859244585037231445e-01 -1.354189217090606689e-01 -1.285807341337203979e-01 -3.111542129516601562e+01 0.000000000000000000e+00 -1.287991181015968323e-02 0.000000000000000000e+00 4.900000000000000000e+01 0.000000000000000000e+00
4.428688585758209229e-01 3.859244585037231445e-01 -1.354189217090606689e-01 -1.285807341337203979e-01 -3.111542129516601562e+01 0.000000000000000000e+00 -1.287991181015968323e-02 0.000000000000000000e+00 4.900000000000000000e+01 0.000000000000000000e+00
4.428688585758209229e-01 3.859244585037231445e-01 -1.354189217090606689e-01 -1.285807341337203979e-01 -3.111542129516601562e+01 0.000000000000000000e+00 -1.287991181015968323e-02 0.000000000000000000e+00 4.900000000000000000e+01 0.000000000000000000e+00
4.428688585758209229e-01 3.859244585037231445e-01 -1.354189217090606689e-01 -1.285807341337203979e-01 -3.111542129516601562e+01 0.000000000000000000e+00 -1.287991181015968323e-02 0.000000000000000000e+00 4.900000000000000000e+01 0.000000000000000000e+00
4.428688585758209229e-01 3.859244585037231445e-01 -1.354189217090606689e-01 -1.285807341337203979e-01 -3.111542129516601562e+01 0.000000000000000000e+00 -1.287991181015968323e-02 0.000000000000000000e+00 4.900000000000000000e+01 0.000000000000000000e+00
4.428688585758209229e-01 3.859244585037231445e-01 -1.354189217090606689e-01 -1.285807341337203979e-01 -3.111542129516601562e+01 0.000000000000000000e+00 -1.287991181015968323e-02 0.000000000000000000e+00 4.900000000000000000e+01 0.000000000000000000e+00
4.428688585758209229e-01 3.859244585037231445e-01 -1.354189217090606689e-01 -1.285807341337203979e-01 -3.111542129516601562e+01 0.000000000000000000e+00 -1.287991181015968323e-02 0.000000000000000000e+00 4.900000000000000000e+01 0.000000000000000000e+00
4.428688585758209229e-01 3.859244585037231445e-01 -1.354189217090606689e-01 -1.285807341337203979e-01 -3.111542129516601562e+01 0.000000000000000000e+00 -1.287991181015968323e-02 0.000000000000000000e+00 4.900000000000000000e+01 0.000000000000000000e+00
4.428688585758209229e-01 3.859244585037231445e-01 -1.354189217090606689e-01 -1.285807341337203979e-01 -3.111542129516601562e+01 0.000000000000000000e+00 -1.287991181015968323e-02 0.000000000000000000e+00 4.900000000000000000e+01 0.000000000000000000e+00
4.428688585758209229e-01 3.859244585037231445e-01 -1.354189217090606689e-01 -1.285807341337203979e-01 -3.111542129516601562e+01 0.000000000000000000e+00 -1.287991181015968323e-02 0.000000000000000000e+00 4.900000000000000000e+01 0.000000000000000000e+00
4.428688585758209229e-01 3.859244585037231445e-01 -1.354189217090606689e-01 -1.285807341337203979e-01 -3.111542129516601562e+01 0.000000000000000000e+00 -1.287991181015968323e-02 0.000000000000000000e+00 4.900000000000000000e+01 0.000000000000000000e+00
4.428688585758209229e-01 3.859244585037231445e-01 -1.354189217090606689e-01 -1.285807341337203979e-01 -3.111542129516601562e+01 0.000000000000000000e+00 -1.287991181015968323e-02 0.000000000000000000e+00 4.900000000000000000e+01 0.000000000000000000e+00
4.428688585758209229e-01 3.859244585037231445e-01 -1.354189217090606689e-01 -1.285807341337203979e-01 -3.111542129516601562e+01 0.000000000000000000e+00 -1.287991181015968323e-02 0.000000000000000000e+00 4.900000000000000000e+01 0.000000000000000000e+00
4.428688585758209229e-01 3.859244585037231445e-01 -1.354189217090606689e-01 -1.285807341337203979e-01 -3.111542129516601562e+01 0.000000000000000000e+00 -1.287991181015968323e-02 0.000000000000000000e+00 4.900000000000000000e+01 0.000000000000000000e+00
4.428688585758209229e-01 3.859244585037231445e-01 -1.354189217090606689e-01 -1.285807341337203979e-01 -3.111542129516601562e+01 0.000000000000000000e+00 -1.287991181015968323e-02 0.000000000000000000e+00 4.900000000000000000e+01 0.000000000000000000e+00
4.428688585758209229e-01 3.859244585037231445e-01 -1.354189217090606689e-01 -1.285807341337203979e-01 -3.111542129516601562e+01 0.000000000000000000e+00 -1.287991181015968323e-02 0.000000000000000000e+00 4.900000000000000000e+01 0.000000000000000000e+00
4.428688585758209229e-01 3.859244585037231445e-01 -1.354189217090606689e-01 -1.285807341337203979e-01 -3.111542129516601562e+01 0.000000000000000000e+00 -1.287991181015968323e-02 0.000000000000000000e+00 4.900000000000000000e+01 0.000000000000000000e+00
4.428688585758209229e-01 3.859244585037231445e-01 -1.354189217090606689e-01 -1.285807341337203979e-01 -3.111542129516601562e+01 0.000000000000000000e+00 -1.287991181015968323e-02 0.000000000000000000e+00 4.900000000000000000e+01 0.000000000000000000e+00
4.428688585758209229e-01 3.859244585037231445e-01 -1.354189217090606689e-01 -1.285807341337203979e-01 -3.111542129516601562e+01 0.000000000000000000e+00 -1.287991181015968323e-02 0.000000000000000000e+00 4.900000000000000000e+01 0.000000000000000000e+00
4.428688585758209229e-01 3.859244585037231445e-01 -1.354189217090606689e-01 -1.285807341337203979e-01 -3.111542129516601562e+01 0.000000000000000000e+00 -1.287991181015968323e-02 0.000000000000000000e+00 4.900000000000000000e+01 0.000000000000000000e+00
4.428688585758209229e-01 3.859244585037231445e-01 -1.354189217090606689e-01 -1.285807341337203979e-01 -3.111542129516601562e+01 0.000000000000000000e+00 -1.287991181015968323e-02 0.000000000000000000e+00 4.900000000000000000e+01 0.000000000000000000e+00
4.428688585758209229e-01 3.859244585037231445e-01 -1.354189217090606689e-01 -1.285807341337203979e-01 -3.111542129516601562e+01 0.000000000000000000e+00 -1.287991181015968323e-02 0.000000000000000000e+00 4.900000000000000000e+01 0.000000000000000000e+00
4.428688585758209229e-01 3.859244585037231445e-01 -1.354189217090606689e-01 -1.285807341337203979e-01 -3.111542129516601562e+01 0.000000000000000000e+00 -1.287991181015968323e-02 0.000000000000000000e+00 4.900000000000000000e+01 0.000000000000000000e+00
4.428688585758209229e-01 3.859244585037231445e-01 -1.354189217090606689e-01 -1.285807341337203979e-01 -3.111542129516601562e+01 0.000000000000000000e+00 -1.287991181015968323e-02 0.000000000000000000e+00 4.900000000000000000e+01 0.000000000000000000e+00
4.428688585758209229e-01 3.859244585037231445e-01 -1.354189217090606689e-01 -1.285807341337203979e-01 -3.111542129516601562e+01 0.000000000000000000e+00 -1.287991181015968323e-02 0.000000000000000000e+00 4.900000000000000000e+01 0.000000000000000000e+00
4.428688585758209229e-01 3.859244585037231445e-01 -1.354189217090606689e-01 -1.285807341337203979e-01 -3.111542129516601562e+01 0.000000000000000000e+00 -1.287991181015968323e-02 0.000000000000000000e+00 4.900000000000000000e+01 0.000000000000000000e+00
4.428688585758209229e-01 3.859244585037231445e-01 -1.354189217090606689e-01 -1.285807341337203979e-01 -3.111542129516601562e+01 0.000000000000000000e+00 -1.287991181015968323e-02 0.000000000000000000e+00 4.900000000000000000e+01 0.000000000000000000e+00
4.428688585758209229e-01 3.859244585037231445e-01 -1.354189217090606689e-01 -1.285807341337203979e-01 -3.111542129516601562e+01 0.000000000000000000e+00 -1.287991181015968323e-02 0.000000000000000000e+00 4.900000000000000000e+01 0.000000000000000000e+00
4.428688585758209229e-01 3.859244585037231445e-01 -1.354189217090606689e-01 -1.285807341337203979e-01 -3.111542129516601562e+01 0.000000000000000000e+00 -1.287991181015968323e-02 0.000000000000000000e+00 4.900000000000000000e+01 0.000000000000000000e+00
4.428688585758209229e-01 3.859244585037231445e-01 -1.354189217090606689e-01 -1.285807341337203979e-01 -3.111542129516601562e+01 0.000000000000000000e+00 -1.287991181015968323e-02 0.000000000000000000e+00 4.900000000000000000e+01 0.000000000000000000e+00
4.428688585758209229e-01 3.859244585037231445e-01 -1.354189217090606689e-01 -1.285807341337203979e-01 -3.111542129516601562e+01 0.000000000000000000e+00 -1.287991181015968323e-02 0.000000000000000000e+00 4.900000000000000000e+01 0.000000000000000000e+00
4.428688585758209229e-01 3.859244585037231445e-01 -1.354189217090606689e-01 -1.285807341337203979e-01 -3.111542129516601562e+01 0.000000000000000000e+00 -1.287991181015968323e-02 0.000000000000000000e+00 4.900000000000000000e+01 0.000000000000000000e+00
4.428688585758209229e-01 3.859244585037231445e-01 -1.354189217090606689e-01 -1.285807341337203979e-01 -3.111542129516601562e+01 0.000000000000000000e+00 -1.287991181015968323e-02 0.000000000000000000e+00 4.900000000000000000e+01 0.000000000000000000e+00
4.428688585758209229e-01 3.859244585037231445e-01 -1.354189217090606689e-01 -1.285807341337203979e-01 -3.111542129516601562e+01 0.000000000000000000e+00 -1.287991181015968323e-02 0.000000000000000000e+00 4.900000000000000000e+01 0.000000000000000000e+00
4.428688585758209229e-01 3.859244585037231445e-01 -1.354189217090606689e-01 -1.285807341337203979e-01 -3.111542129516601562e+01 0.000000000000000000e+00 -1.287991181015968323e-02 0.000000000000000000e+00 4.900000000000000000e+01 0.000000000000000000e+00
4.428688585758209229e-01 3.859244585037231445e-01 -1.354189217090606689e-01 -1.285807341337203979e-01 -3.111542129516601562e+01 0.000000000000000000e+00 -1.287991181015968323e-02 0.000000000000000000e+00 4.900000000000000000e+01 0.000000000000000000e+00
4.428688585758209229e-01 3.859244585037231445e-01 -1.354189217090606689e-01 -1.285807341337203979e-01 -3.111542129516601562e+01 0.000000000000000000e+00 -1.287991181015968323e-02 0.000000000000000000e+00 4.900000000000000000e+01 0.000000000000000000e+00
4.428688585758209229e-01 3.859244585037231445e-01 -1.354189217090606689e-01 -1.285807341337203979e-01 -3.111542129516601562e+01 0.000000000000000000e+00 -1.287991181015968323e-02 0.000000000000000000e+00 4.900000000000000000e+01 0.000000000000000000e+00
4.428688585758209229e-01 3.859244585037231445e-01 -1.354189217090606689e-01 -1.285807341337203979e-01 -3.111542129516601562e+01 0.000000000000000000e+00 -1.287991181015968323e-02 0.000000000000000000e+00 4.900000000000000000e+01 0.000000000000000000e+00
4.428688585758209229e-01 3.859244585037231445e-01 -1.354189217090606689e-01 -1.285807341337203979e-01 -3.111542129516601562e+01 0.000000000000000000e+00 -1.287991181015968323e-02 0.000000000000000000e+00 4.900000000000000000e+01 0.000000000000000000e+00
4.428688585758209229e-01 3.859244585037231445e-01 -1.354189217090606689e-01 -1.285807341337203979e-01 -3.111542129516601562e+01 0.000000000000000000e+00 -1.287991181015968323e-02 0.000000000000000000e+00 4.900000000000000000e+01 0.000000000000000000e+00
4.428688585758209229e-01 3.859244585037231445e-01 -1.354189217090606689e-01 -1.285807341337203979e-01 -3.111542129516601562e+01 0.000000000000000000e+00 -1.287991181015968323e-02 0.000000000000000000e+00 4.900000000000000000e+01 0.000000000000000000e+00
4.428688585758209229e-01 3.859244585037231445e-01 -1.354189217090606689e-01 -1.285807341337203979e-01 -3.111542129516601562e+01 0.000000000000000000e+00 -1.287991181015968323e-02 0.000000000000000000e+00 4.900000000000000000e+01 0.000000000000000000e+00
4.428688585758209229e-01 3.859244585037231445e-01 -1.354189217090606689e-01 -1.285807341337203979e-01 -3.111542129516601562e+01 0.000000000000000000e+00 -1.287991181015968323e-02 0.000000000000000000e+00 4.900000000000000000e+01 0.000000000000000000e+00
4.428688585758209229e-01 3.859244585037231445e-01 -1.354189217090606689e-01 -1.285807341337203979e-01 -3.111542129516601562e+01 0.000000000000000000e+00 -1.287991181015968323e-02 0.000000000000000000e+00 4.900000000000000000e+01 0.000000000000000000e+00
4.428688585758209229e-01 3.859244585037231445e-01 -1.354189217090606689e-01 -1.285807341337203979e-01 -3.111542129516601562e+01 0.000000000000000000e+00 -1.287991181015968323e-02 0.000000000000000000e+00 4.900000000000000000e+01 0.000000000000000000e+00
4.428688585758209229e-01 3.859244585037231445e-01 -1.354189217090606689e-01 -1.285807341337203979e-01 -3.111542129516601562e+01 0.000000000000000000e+00 -1.287991181015968323e-02 0.000000000000000000e+00 4.900000000000000000e+01 0.000000000000000000e+00
4.428688585758209229e-01 3.859244585037231445e-01 -1.354189217090606689e-01 -1.285807341337203979e-01 -3.111542129516601562e+01 0.000000000000000000e+00 -1.287991181015968323e-02 0.000000000000000000e+00 4.900000000000000000e+01 0.000000000000000000e+00
4.428688585758209229e-01 3.859244585037231445e-01 -1.354189217090606689e-01 -1.285807341337203979e-01 -3.111542129516601562e+01 0.000000000000000000e+00 -1.287991181015968323e-02 0.000000000000000000e+00 4.900000000000000000e+01 0.000000000000000000e+00
4.428688585758209229e-01 3.859244585037231445e-01 -1.354189217090606689e-01 -1.285807341337203979e-01 -3.111542129516601562e+01 0.000000000000000000e+00 -1.287991181015968323e-02 0.000000000000000000e+00 4.900000000000000000e+01 0.000000000000000000e+00
4.428688585758209229e-01 3.859244585037231445e-01 -1.354189217090606689e-01 -1.285807341337203979e-01 -3.111542129516601562e+01 0.000000000000000000e+00 -1.287991181015968323e-02 0.000000000000000000e+00 4.900000000000000000e+01 0.000000000000000000e+00
4.428688585758209229e-01 3.859244585037231445e-01 -1.354189217090606689e-01 -1.285807341337203979e-01 -3.111542129516601562e+01 0.000000000000000000e+00 -1.287991181015968323e-02 0.000000000000000000e+00 4.900000000000000000e+01 0.000000000000000000e+00
4.428688585758209229e-01 3.859244585037231445e-01 -1.354189217090606689e-01 -1.285807341337203979e-01 -3.111542129516601562e+01 0.000000000000000000e+00 -1.287991181015968323e-02 0.000000000000000000e+00 4.900000000000000000e+01 0.000000000000000000e+00
4.428688585758209229e-01 3.859244585037231445e-01 -1.354189217090606689e-01 -1.285807341337203979e-01 -3.111542129516601562e+01 0.000000000000000000e+00 -1.287991181015968323e-02 0.000000000000000000e+00 4.900000000000000000e+01 0.000000000000000000e+00
