4.742135405540466309e-01 7.522885203361511230e-01 5.902319550514221191e-01 5.863919258117675781e-01 -9.681416320800781250e+01 -7.386150360107421875e+01 -4.007523879408836365e-02 -1.036351174116134644e-01 2.630000000000000000e+02 2.140000000000000000e+02
4.742135405540466309e-01 7.575451731681823730e-01 6.019297838211059570e-01 5.974768996238708496e-01 -5.867707824707031250e+01 -3.572441101074218750e+01 -2.428877912461757660e-02 -5.012494325637817383e-02 1.790000000000000000e+02 1.300000000000000000e+02
4.742135405540466309e-01 7.485957145690917969e-01 5.828145742416381836e-01 5.786046981811523438e-01 -5.574819183349609375e+01 -3.279553222656250000e+01 -2.307639643549919128e-02 -4.601543024182319641e-02 1.720000000000000000e+02 1.230000000000000000e+02
4.742135405540466309e-01 7.394971251487731934e-01 5.610298514366149902e-01 5.594179630279541016e-01 -5.299142456054687500e+01 -3.003876304626464844e+01 -2.193526178598403931e-02 -4.214740544557571411e-02 1.670000000000000000e+02 1.180000000000000000e+02
4.742135405540466309e-01 7.376774549484252930e-01 5.576065182685852051e-01 5.555807352066040039e-01 -5.241687774658203125e+01 -2.946421813964843750e+01 -2.169743366539478302e-02 -4.134126007556915283e-02 1.650000000000000000e+02 1.160000000000000000e+02
4.742135405540466309e-01 7.381581068038940430e-01 5.588077306747436523e-01 5.565943121910095215e-01 -5.188589477539062500e+01 -2.893323516845703125e+01 -2.147763781249523163e-02 -4.059623926877975464e-02 1.640000000000000000e+02 1.150000000000000000e+02
4.742135405540466309e-01 7.344243526458740234e-01 5.508854985237121582e-01 5.487207770347595215e-01 -5.160514831542968750e+01 -2.865249252319335938e+01 -2.136142551898956299e-02 -4.020233079791069031e-02 1.620000000000000000e+02 1.130000000000000000e+02
4.742135405540466309e-01 7.310190200805664062e-01 5.444959402084350586e-01 5.415397286415100098e-01 -5.102456665039062500e+01 -2.807190704345703125e+01 -2.112109959125518799e-02 -3.938771039247512817e-02 1.580000000000000000e+02 1.090000000000000000e+02
4.742135405540466309e-01 7.295611500740051270e-01 5.414526462554931641e-01 5.384654402732849121e-01 -5.030944061279296875e+01 -2.735677909851074219e+01 -2.082508057355880737e-02 -3.838431462645530701e-02 1.570000000000000000e+02 1.080000000000000000e+02
4.742135405540466309e-01 7.296622991561889648e-01 5.417053699493408203e-01 5.386787652969360352e-01 -4.988068389892578125e+01 -2.692802047729492188e+01 -2.064760215580463409e-02 -3.778272122144699097e-02 1.560000000000000000e+02 1.070000000000000000e+02
4.742135405540466309e-01 7.255709767341613770e-01 5.332694649696350098e-01 5.300511717796325684e-01 -4.879637145996093750e+01 -2.584370803833007812e+01 -2.019876241683959961e-02 -3.626132383942604065e-02 1.540000000000000000e+02 1.050000000000000000e+02
4.742135405540466309e-01 7.164339423179626465e-01 5.113985538482666016e-01 5.107833743095397949e-01 -4.553270721435546875e+01 -2.258004379272460938e+01 -1.884780079126358032e-02 -3.168207406997680664e-02 1.450000000000000000e+02 9.600000000000000000e+01
4.742135405540466309e-01 7.127474546432495117e-01 5.044859051704406738e-01 5.030094981193542480e-01 -4.369969940185546875e+01 -2.074703598022460938e+01 -1.808904670178890228e-02 -2.911017835140228271e-02 1.400000000000000000e+02 9.100000000000000000e+01
4.742135405540466309e-01 7.097386717796325684e-01 4.986435472965240479e-01 4.966647028923034668e-01 -4.163121032714843750e+01 -1.867855072021484375e+01 -1.723281666636466980e-02 -2.620788477361202240e-02 1.340000000000000000e+02 8.500000000000000000e+01
4.742135405540466309e-01 7.020218968391418457e-01 4.802495539188385010e-01 4.803919196128845215e-01 -4.091993713378906250e+01 -1.796727752685546875e+01 -1.693839207291603088e-02 -2.520989812910556793e-02 1.320000000000000000e+02 8.300000000000000000e+01
4.742135405540466309e-01 7.026725411415100098e-01 4.822929203510284424e-01 4.817639887332916260e-01 -3.958102416992187500e+01 -1.662836265563964844e+01 -1.638416200876235962e-02 -2.333126589655876160e-02 1.310000000000000000e+02 8.200000000000000000e+01
4.742135405540466309e-01 7.059485316276550293e-01 4.899327754974365234e-01 4.886722266674041748e-01 -3.923988342285156250e+01 -1.628722190856933594e+01 -1.624295115470886230e-02 -2.285261079668998718e-02 1.290000000000000000e+02 8.000000000000000000e+01
4.742135405540466309e-01 7.033979892730712891e-01 4.847924709320068359e-01 4.832937717437744141e-01 -3.897164916992187500e+01 -1.601898765563964844e+01 -1.613191701471805573e-02 -2.247625030577182770e-02 1.270000000000000000e+02 7.800000000000000000e+01
4.742135405540466309e-01 7.005880475044250488e-01 4.778228700160980225e-01 4.773682951927185059e-01 -3.870295333862304688e+01 -1.575029182434082031e+01 -1.602069474756717682e-02 -2.209924347698688507e-02 1.260000000000000000e+02 7.700000000000000000e+01
4.742135405540466309e-01 6.895030140876770020e-01 4.535974860191345215e-01 4.539926648139953613e-01 -3.818016433715820312e+01 -1.522750282287597656e+01 -1.580429077148437500e-02 -2.136571891605854034e-02 1.240000000000000000e+02 7.500000000000000000e+01
4.742135405540466309e-01 7.084644436836242676e-01 4.929889440536499023e-01 4.939776659011840820e-01 -3.526209259033203125e+01 -1.230943012237548828e+01 -1.459638494998216629e-02 -1.727136783301830292e-02 1.200000000000000000e+02 7.100000000000000000e+01
4.742135405540466309e-01 6.967651844024658203e-01 4.707124233245849609e-01 4.693067967891693115e-01 -3.268124389648437500e+01 -9.728582382202148438e+00 -1.352806854993104935e-02 -1.365017984062433243e-02 1.140000000000000000e+02 6.500000000000000000e+01
4.742135405540466309e-01 6.867700815200805664e-01 4.486933946609497070e-01 4.482295811176300049e-01 -3.064701080322265625e+01 -7.694347381591796875e+00 -1.268601883202791214e-02 -1.079594343900680542e-02 1.070000000000000000e+02 5.800000000000000000e+01
4.742135405540466309e-01 6.740419864654541016e-01 4.194934666156768799e-01 4.213891625404357910e-01 -2.801531028747558594e+01 -5.062647819519042969e+00 -1.159665267914533615e-02 -7.103404030203819275e-03 1.020000000000000000e+02 5.300000000000000000e+01
4.742135405540466309e-01 6.742542982101440430e-01 4.200020432472229004e-01 4.218368828296661377e-01 -2.801025390625000000e+01 -5.057592868804931641e+00 -1.159455999732017517e-02 -7.096311543136835098e-03 1.020000000000000000e+02 5.300000000000000000e+01
4.742135405540466309e-01 6.685270667076110840e-01 4.071280956268310547e-01 4.097595512866973877e-01 -2.707725906372070312e+01 -4.124596595764160156e+00 -1.120835635811090469e-02 -5.787224043160676956e-03 9.900000000000000000e+01 5.000000000000000000e+01
4.742135405540466309e-01 6.618847250938415527e-01 3.930581212043762207e-01 3.957524895668029785e-01 -2.603443717956542969e+01 -3.081775426864624023e+00 -1.077669020742177963e-02 -4.324040841311216354e-03 9.800000000000000000e+01 4.900000000000000000e+01
4.742135405540466309e-01 6.603453159332275391e-01 3.896632194519042969e-01 3.925062417984008789e-01 -2.589544677734375000e+01 -2.942785739898681641e+00 -1.071915682405233383e-02 -4.129024222493171692e-03 9.600000000000000000e+01 4.700000000000000000e+01
4.742135405540466309e-01 6.613094806671142578e-01 3.916557133197784424e-01 3.945394158363342285e-01 -2.553036880493164062e+01 -2.577708959579467773e+00 -1.056803669780492783e-02 -3.616784932091832161e-03 9.500000000000000000e+01 4.600000000000000000e+01
4.742135405540466309e-01 6.388542652130126953e-01 3.421756029129028320e-01 3.471868932247161865e-01 -2.418511009216308594e+01 -1.232449054718017578e+00 -1.001118030399084091e-02 -1.729249954223632812e-03 8.600000000000000000e+01 3.700000000000000000e+01
4.742135405540466309e-01 6.314124464988708496e-01 3.271614909172058105e-01 3.314939141273498535e-01 -2.384888076782226562e+01 -8.962180614471435547e-01 -9.872001595795154572e-03 -1.257484080269932747e-03 8.200000000000000000e+01 3.300000000000000000e+01
4.742135405540466309e-01 5.934464335441589355e-01 2.506149411201477051e-01 2.514329254627227783e-01 -2.350773811340332031e+01 -5.550764799118041992e-01 -9.730788879096508026e-03 -7.788281654939055443e-04 7.600000000000000000e+01 2.700000000000000000e+01
4.742135405540466309e-01 5.943731665611267090e-01 2.525526881217956543e-01 2.533871531486511230e-01 -2.339944839477539062e+01 -4.467858076095581055e-01 -9.685963392257690430e-03 -6.268854485824704170e-04 7.500000000000000000e+01 2.600000000000000000e+01
4.742135405540466309e-01 5.943731665611267090e-01 2.525526881217956543e-01 2.533871531486511230e-01 -2.339944839477539062e+01 -4.467858076095581055e-01 -9.685963392257690430e-03 -6.268854485824704170e-04 7.500000000000000000e+01 2.600000000000000000e+01
4.742135405540466309e-01 5.846756100654602051e-01 2.343118935823440552e-01 2.329373955726623535e-01 -2.334181404113769531e+01 -3.891521096229553223e-01 -9.662106633186340332e-03 -5.460195825435221195e-04 7.400000000000000000e+01 2.500000000000000000e+01
4.742135405540466309e-01 5.834659337997436523e-01 2.318893373012542725e-01 2.303864955902099609e-01 -2.329945945739746094e+01 -3.467980623245239258e-01 -9.644574485719203949e-03 -4.865925584454089403e-04 7.300000000000000000e+01 2.400000000000000000e+01
4.742135405540466309e-01 5.825049281120300293e-01 2.295874953269958496e-01 2.283599674701690674e-01 -2.329159164428710938e+01 -3.389308452606201172e-01 -9.641317650675773621e-03 -4.755540576297789812e-04 7.200000000000000000e+01 2.300000000000000000e+01
4.742135405540466309e-01 5.797975063323974609e-01 2.232074737548828125e-01 2.226506769657135010e-01 -2.323962783813476562e+01 -2.869651913642883301e-01 -9.619807824492454529e-03 -4.026410169899463654e-04 7.100000000000000000e+01 2.200000000000000000e+01
4.742135405540466309e-01 5.289949774742126465e-01 1.160182356834411621e-01 1.155206114053726196e-01 -2.307928657531738281e+01 -1.266251802444458008e-01 -9.553436189889907837e-03 -1.776678691385313869e-04 6.600000000000000000e+01 1.700000000000000000e+01
4.742135405540466309e-01 5.095390677452087402e-01 7.098650187253952026e-02 7.449287176132202148e-02 -2.300996017456054688e+01 -5.729895830154418945e-02 -9.524739347398281097e-03 -8.039620297495275736e-05 6.100000000000000000e+01 1.200000000000000000e+01
4.742135405540466309e-01 4.967719614505767822e-01 4.506905376911163330e-02 4.757017269730567932e-02 -2.298508071899414062e+01 -3.241866827011108398e-02 -9.514440782368183136e-03 -4.548665310721844435e-05 5.900000000000000000e+01 1.000000000000000000e+01
4.742135405540466309e-01 4.947770535945892334e-01 4.062703996896743774e-02 4.336340352892875671e-02 -2.298378372192382812e+01 -3.112310171127319336e-02 -9.513903409242630005e-03 -4.366884240880608559e-05 5.800000000000000000e+01 9.000000000000000000e+00
4.742135405540466309e-01 4.867449104785919189e-01 2.483540028333663940e-02 2.642558515071868896e-02 -2.297442245483398438e+01 -2.176225185394287109e-02 -9.510028176009654999e-03 -3.053462933166883886e-05 5.600000000000000000e+01 7.000000000000000000e+00
4.742135405540466309e-01 4.867449104785919189e-01 2.483540028333663940e-02 2.642558515071868896e-02 -2.297442245483398438e+01 -2.176225185394287109e-02 -9.510028176009654999e-03 -3.053462933166883886e-05 5.600000000000000000e+01 7.000000000000000000e+00
4.742135405540466309e-01 4.756099879741668701e-01 -6.438982090912759304e-04 2.944764913991093636e-03 -2.296190452575683594e+01 -9.244263172149658203e-03 -9.504847228527069092e-03 -1.297063136007636786e-05 5.300000000000000000e+01 4.000000000000000000e+00
4.742135405540466309e-01 4.756099879741668701e-01 -6.438982090912759304e-04 2.944764913991093636e-03 -2.296190452575683594e+01 -9.244263172149658203e-03 -9.504847228527069092e-03 -1.297063136007636786e-05 5.300000000000000000e+01 4.000000000000000000e+00
4.742135405540466309e-01 4.756099879741668701e-01 -6.438982090912759304e-04 2.944764913991093636e-03 -2.296190452575683594e+01 -9.244263172149658203e-03 -9.504847228527069092e-03 -1.297063136007636786e-05 5.300000000000000000e+01 4.000000000000000000e+00
4.742135405540466309e-01 4.606202244758605957e-01 -3.071992285549640656e-02 -2.866496890783309937e-02 -2.295276260375976562e+01 -1.009702682495117188e-04 -9.501062333583831787e-03 -1.416714496826898539e-07 5.000000000000000000e+01 1.000000000000000000e+00
4.742135405540466309e-01 4.606202244758605957e-01 -3.071992658078670502e-02 -2.866496890783309937e-02 -2.295276260375976562e+01 -1.009702682495117188e-04 -9.501062333583831787e-03 -1.416714496826898539e-07 5.000000000000000000e+01 1.000000000000000000e+00
4.742135405540466309e-01 4.606202244758605957e-01 -3.071992658078670502e-02 -2.866496890783309937e-02 -2.295276260375976562e+01 -1.009702682495117188e-04 -9.501062333583831787e-03 -1.416714496826898539e-07 5.000000000000000000e+01 1.000000000000000000e+00
4.742135405540466309e-01 4.606202244758605957e-01 -3.071992658078670502e-02 -2.866496890783309937e-02 -2.295276260375976562e+01 -1.009702682495117188e-04 -9.501062333583831787e-03 -1.416714496826898539e-07 5.000000000000000000e+01 1.000000000000000000e+00
4.742135405540466309e-01 4.606202244758605957e-01 -3.071992658078670502e-02 -2.866496890783309937e-02 -2.295276260375976562e+01 -1.009702682495117188e-04 -9.501062333583831787e-03 -1.416714496826898539e-07 5.000000000000000000e+01 1.000000000000000000e+00
4.742135405540466309e-01 4.606202244758605957e-01 -3.071992658078670502e-02 -2.866496890783309937e-02 -2.295276260375976562e+01 -1.009702682495117188e-04 -9.501062333583831787e-03 -1.416714496826898539e-07 5.000000000000000000e+01 1.000000000000000000e+00
4.742135405540466309e-01 4.606202244758605957e-01 -3.071992658078670502e-02 -2.866496890783309937e-02 -2.295276260375976562e+01 -1.009702682495117188e-04 -9.501062333583831787e-03 -1.416714496826898539e-07 5.000000000000000000e+01 1.000000000000000000e+00
4.742135405540466309e-01 4.606202244758605957e-01 -3.071992658078670502e-02 -2.866496890783309937e-02 -2.295276260375976562e+01 -1.009702682495117188e-04 -9.501062333583831787e-03 -1.416714496826898539e-07 5.000000000000000000e+01 1.000000000000000000e+00
4.742135405540466309e-01 4.606202244758605957e-01 -3.071992658078670502e-02 -2.866496890783309937e-02 -2.295276260375976562e+01 -1.009702682495117188e-04 -9.501062333583831787e-03 -1.416714496826898539e-07 5.000000000000000000e+01 1.000000000000000000e+00
4.742135405540466309e-01 4.606202244758605957e-01 -3.071992658078670502e-02 -2.866496890783309937e-02 -2.295276260375976562e+01 -1.009702682495117188e-04 -9.501062333583831787e-03 -1.416714496826898539e-07 5.000000000000000000e+01 1.000000000000000000e+00
4.742135405540466309e-01 4.606202244758605957e-01 -3.071992658078670502e-02 -2.866496890783309937e-02 -2.295276260375976562e+01 -1.009702682495117188e-04 -9.501062333583831787e-03 -1.416714496826898539e-07 5.000000000000000000e+01 1.000000000000000000e+00
4.742135405540466309e-01 4.606202244758605957e-01 -3.071992658078670502e-02 -2.866496890783309937e-02 -2.295276260375976562e+01 -1.009702682495117188e-04 -9.501062333583831787e-03 -1.416714496826898539e-07 5.000000000000000000e+01 1.000000000000000000e+00
4.742135405540466309e-01 4.587948620319366455e-01 -3.501724824309349060e-02 -3.251421079039573669e-02 -2.295266151428222656e+01 0.000000000000000000e+00 -9.501020424067974091e-03 0.000000000000000000e+00 4.900000000000000000e+01 0.000000000000000000e+00
4.742135405540466309e-01 4.587948620319366455e-01 -3.501724824309349060e-02 -3.251421079039573669e-02 -2.295266151428222656e+01 0.000000000000000000e+00 -9.501020424067974091e-03 0.000000000000000000e+00 4.900000000000000000e+01 0.000000000000000000e+00
4.742135405540466309e-01 4.587948620319366455e-01 -3.501724824309349060e-02 -3.251421079039573669e-02 -2.295266151428222656e+01 0.000000000000000000e+00 -9.501020424067974091e-03 0.000000000000000000e+00 4.900000000000000000e+01 0.000000000000000000e+00
4.742135405540466309e-01 4.587948620319366455e-01 -3.501724824309349060e-02 -3.251421079039573669e-02 -2.295266151428222656e+01 0.000000000000000000e+00 -9.501020424067974091e-03 0.000000000000000000e+00 4.900000000000000000e+01 0.000000000000000000e+00
4.742135405540466309e-01 4.587948620319366455e-01 -3.501724824309349060e-02 -3.251421079039573669e-02 -2.295266151428222656e+01 0.000000000000000000e+00 -9.501020424067974091e-03 0.000000000000000000e+00 4.900000000000000000e+01 0.000000000000000000e+00
4.742135405540466309e-01 4.587948620319366455e-01 -3.501724824309349060e-02 -3.251421079039573669e-02 -2.295266151428222656e+01 0.000000000000000000e+00 -9.501020424067974091e-03 0.000000000000000000e+00 4.900000000000000000e+01 0.000000000000000000e+00
4.742135405540466309e-01 4.587948620319366455e-01 -3.501724824309349060e-02 -3.251421079039573669e-02 -2.295266151428222656e+01 0.000000000000000000e+00 -9.501020424067974091e-03 0.000000000000000000e+00 4.900000000000000000e+01 0.000000000000000000e+00
4.742135405540466309e-01 4.587948620319366455e-01 -3.501724824309349060e-02 -3.251421079039573669e-02 -2.295266151428222656e+01 0.000000000000000000e+00 -9.501020424067974091e-03 0.000000000000000000e+00 4.900000000000000000e+01 0.000000000000000000e+00
4.742135405540466309e-01 4.587948620319366455e-01 -3.501724824309349060e-02 -3.251421079039573669e-02 -2.295266151428222656e+01 0.000000000000000000e+00 -9.501020424067974091e-03 0.000000000000000000e+00 4.900000000000000000e+01 0.000000000000000000e+00
4.742135405540466309e-01 4.587948620319366455e-01 -3.501724824309349060e-02 -3.251421079039573669e-02 -2.295266151428222656e+01 0.000000000000000000e+00 -9.501020424067974091e-03 0.000000000000000000e+00 4.900000000000000000e+01 0.000000000000000000e+00
4.742135405540466309e-01 4.587948620319366455e-01 -3.501724824309349060e-02 -3.251421079039573669e-02 -2.295266151428222656e+01 0.000000000000000000e+00 -9.501020424067974091e-03 0.000000000000000000e+00 4.900000000000000000e+01 0.000000000000000000e+00
4.742135405540466309e-01 4.587948620319366455e-01 -3.501724824309349060e-02 -3.251421079039573669e-02 -2.295266151428222656e+01 0.000000000000000000e+00 -9.501020424067974091e-03 0.000000000000000000e+00 4.900000000000000000e+01 0.000000000000000000e+00
4.742135405540466309e-01 4.587948620319366455e-01 -3.501724824309349060e-02 -3.251421079039573669e-02 -2.295266151428222656e+01 0.000000000000000000e+00 -9.501020424067974091e-03 0.000000000000000000e+00 4.900000000000000000e+01 0.000000000000000000e+00
4.742135405540466309e-01 4.587948620319366455e-01 -3.501724824309349060e-02 -3.251421079039573669e-02 -2.295266151428222656e+01 0.000000000000000000e+00 -9.501020424067974091e-03 0.000000000000000000e+00 4.900000000000000000e+01 0.000000000000000000e+00
4.742135405540466309e-01 4.587948620319366455e-01 -3.501724824309349060e-02 -3.251421079039573669e-02 -2.295266151428222656e+01 0.000000000000000000e+00 -9.501020424067974091e-03 0.000000000000000000e+00 4.900000000000000000e+01 0.000000000000000000e+00
4.742135405540466309e-01 4.587948620319366455e-01 -3.501724824309349060e-02 -3.251421079039573669e-02 -2.295266151428222656e+01 0.000000000000000000e+00 -9.501020424067974091e-03 0.000000000000000000e+00 4.900000000000000000e+01 0.000000000000000000e+00
4.742135405540466309e-01 4.587948620319366455e-01 -3.501724824309349060e-02 -3.251421079039573669e-02 -2.295266151428222656e+01 0.000000000000000000e+00 -9.501020424067974091e-03 0.000000000000000000e+00 4.900000000000000000e+01 0.000000000000000000e+00
4.742135405540466309e-01 4.587948620319366455e-01 -3.501724824309349060e-02 -3.251421079039573669e-02 -2.295266151428222656e+01 0.000000000000000000e+00 -9.501020424067974091e-03 0.000000000000000000e+00 4.900000000000000000e+01 0.000000000000000000e+00
4.742135405540466309e-01 4.587948620319366455e-01 -3.501724824309349060e-02 -3.251421079039573669e-02 -2.295266151428222656e+01 0.000000000000000000e+00 -9.501020424067974091e-03 0.000000000000000000e+00 4.900000000000000000e+01 0.000000000000000000e+00
4.742135405540466309e-01 4.587948620319366455e-01 -3.501724824309349060e-02 -3.251421079039573669e-02 -2.295266151428222656e+01 0.000000000000000000e+00 -9.501020424067974091e-03 0.000000000000000000e+00 4.900000000000000000e+01 0.000000000000000000e+00
4.742135405540466309e-01 4.587948620319366455e-01 -3.501724824309349060e-02 -3.251421079039573669e-02 -2.295266151428222656e+01 0.000000000000000000e+00 -9.501020424067974091e-03 0.000000000000000000e+00 4.900000000000000000e+01 0.000000000000000000e+00
4.742135405540466309e-01 4.587948620319366455e-01 -3.501724824309349060e-02 -3.251421079039573669e-02 -2.295266151428222656e+01 0.000000000000000000e+00 -9.501020424067974091e-03 0.000000000000000000e+00 4.900000000000000000e+01 0.000000000000000000e+00
4.742135405540466309e-01 4.587948620319366455e-01 -3.501724824309349060e-02 -3.251421079039573669e-02 -2.295266151428222656e+01 0.000000000000000000e+00 -9.501020424067974091e-03 0.000000000000000000e+00 4.900000000000000000e+01 0.000000000000000000e+00
4.742135405540466309e-01 4.587948620319366455e-01 -3.501724824309349060e-02 -3.251421079039573669e-02 -2.295266151428222656e+01 0.000000000000000000e+00 -9.501020424067974091e-03 0.000000000000000000e+00 4.900000000000000000e+01 0.000000000000000000e+00
4.742135405540466309e-01 4.587948620319366455e-01 -3.501724824309349060e-02 -3.251421079039573669e-02 -2.295266151428222656e+01 0.000000000000000000e+00 -9.501020424067974091e-03 0.000000000000000000e+00 4.900000000000000000e+01 0.000000000000000000e+00
4.742135405540466309e-01 4.587948620319366455e-01 -3.501724824309349060e-02 -3.251421079039573669e-02 -2.295266151428222656e+01 0.000000000000000000e+00 -9.501020424067974091e-03 0.000000000000000000e+00 4.900000000000000000e+01 0.000000000000000000e+00
4.742135405540466309e-01 4.587948620319366455e-01 -3.501724824309349060e-02 -3.251421079039573669e-02 -2.295266151428222656e+01 0.000000000000000000e+00 -9.501020424067974091e-03 0.000000000000000000e+00 4.900000000000000000e+01 0.000000000000000000e+00
4.742135405540466309e-01 4.587948620319366455e-01 -3.501724824309349060e-02 -3.251421079039573669e-02 -2.295266151428222656e+01 0.000000000000000000e+00 -9.501020424067974091e-03 0.000000000000000000e+00 4.900000000000000000e+01 0.000000000000000000e+00
4.742135405540466309e-01 4.587948620319366455e-01 -3.501724824309349060e-02 -3.251421079039573669e-02 -2.295266151428222656e+01 0.000000000000000000e+00 -9.501020424067974091e-03 0.000000000000000000e+00 4.900000000000000000e+01 0.000000000000000000e+00
4.742135405540466309e-01 4.587948620319366455e-01 -3.501724824309349060e-02 -3.251421079039573669e-02 -2.295266151428222656e+01 0.000000000000000000e+00 -9.501020424067974091e-03 0.000000000000000000e+00 4.900000000000000000e+01 0.000000000000000000e+00
4.742135405540466309e-01 4.587948620319366455e-01 -3.501724824309349060e-02 -3.251421079039573669e-02 -2.295266151428222656e+01 0.000000000000000000e+00 -9.501020424067974091e-03 0.000000000000000000e+00 4.900000000000000000e+01 0.000000000000000000e+00
4.742135405540466309e-01 4.587948620319366455e-01 -3.501724824309349060e-02 -3.251421079039573669e-02 -2.295266151428222656e+01 0.000000000000000000e+00 -9.501020424067974091e-03 0.000000000000000000e+00 4.900000000000000000e+01 0.000000000000000000e+00
