4.795874059200286865e-01 5.708642005920410156e-01 1.578414440155029297e-01 1.903235912322998047e-01 -6.708835601806640625e+01 -5.472546386718750000e+01 -2.777054347097873688e-02 -7.344069331884384155e-02 2.620000000000000000e+02 2.120000000000000000e+02
4.795874059200286865e-01 6.324442625045776367e-01 3.035292029380798340e-01 3.187257647514343262e-01 -2.966581344604492188e+01 -1.730291938781738281e+01 -1.227986160665750504e-02 -2.322023920714855194e-02 1.700000000000000000e+02 1.200000000000000000e+02
4.795874059200286865e-01 6.058163046836853027e-01 2.449824512004852295e-01 2.632031142711639404e-01 -2.885461425781250000e+01 -1.649172210693359375e+01 -1.194407418370246887e-02 -2.213162556290626526e-02 1.570000000000000000e+02 1.070000000000000000e+02
4.795874059200286865e-01 6.090766191482543945e-01 2.512274980545043945e-01 2.700012922286987305e-01 -2.830936050415039062e+01 -1.594646739959716797e+01 -1.171837188303470612e-02 -2.139990217983722687e-02 1.530000000000000000e+02 1.030000000000000000e+02
4.795874059200286865e-01 6.076687574386596680e-01 2.468000203371047974e-01 2.670657038688659668e-01 -2.759192466735839844e+01 -1.522903251647949219e+01 -1.142139639705419540e-02 -2.043711766600608826e-02 1.510000000000000000e+02 1.010000000000000000e+02
4.795874059200286865e-01 5.919637680053710938e-01 2.144837677478790283e-01 2.343188375234603882e-01 -2.688800239562988281e+01 -1.452511215209960938e+01 -1.113001536577939987e-02 -1.949246786534786224e-02 1.510000000000000000e+02 1.010000000000000000e+02
4.795874059200286865e-01 5.932615995407104492e-01 2.157877236604690552e-01 2.370249778032302856e-01 -2.665233802795410156e+01 -1.428944587707519531e+01 -1.103246398270130157e-02 -1.917620748281478882e-02 1.470000000000000000e+02 9.700000000000000000e+01
4.795874059200286865e-01 5.985490083694458008e-01 2.271522134542465210e-01 2.480498850345611572e-01 -2.634903717041015625e+01 -1.398614501953125000e+01 -1.090691611170768738e-02 -1.876918226480484009e-02 1.460000000000000000e+02 9.600000000000000000e+01
4.795874059200286865e-01 6.007962226867675781e-01 2.321448773145675659e-01 2.527356147766113281e-01 -2.571344375610351562e+01 -1.335055160522460938e+01 -1.064381841570138931e-02 -1.791622489690780640e-02 1.450000000000000000e+02 9.500000000000000000e+01
4.795874059200286865e-01 6.007962226867675781e-01 2.321448773145675659e-01 2.527356147766113281e-01 -2.571344375610351562e+01 -1.335055160522460938e+01 -1.064381841570138931e-02 -1.791622489690780640e-02 1.450000000000000000e+02 9.500000000000000000e+01
4.795874059200286865e-01 5.855672359466552734e-01 2.006346285343170166e-01 2.209812551736831665e-01 -2.511422348022460938e+01 -1.275133228302001953e+01 -1.039577741175889969e-02 -1.711208373308181763e-02 1.440000000000000000e+02 9.400000000000000000e+01
4.795874059200286865e-01 5.944206714630126953e-01 2.197158783674240112e-01 2.394417822360992432e-01 -2.409244728088378906e+01 -1.172955513000488281e+01 -9.972823783755302429e-03 -1.574087515473365784e-02 1.350000000000000000e+02 8.500000000000000000e+01
4.795874059200286865e-01 5.883212685585021973e-01 2.060353010892868042e-01 2.267237603664398193e-01 -2.280177688598632812e+01 -1.043888473510742188e+01 -9.438563138246536255e-03 -1.400881540030241013e-02 1.260000000000000000e+02 7.600000000000000000e+01
4.795874059200286865e-01 5.883793234825134277e-01 2.061419785022735596e-01 2.268448173999786377e-01 -2.262337493896484375e+01 -1.026048278808593750e+01 -9.364715777337551117e-03 -1.376940310001373291e-02 1.240000000000000000e+02 7.400000000000000000e+01
4.795874059200286865e-01 5.895093083381652832e-01 2.102322280406951904e-01 2.292009741067886353e-01 -2.169988822937011719e+01 -9.336997032165527344e+00 -8.982447907328605652e-03 -1.253009960055351257e-02 1.230000000000000000e+02 7.300000000000000000e+01
4.795874059200286865e-01 5.974883437156677246e-01 2.273707836866378784e-01 2.458382695913314819e-01 -2.032728767395019531e+01 -7.964395523071289062e+00 -8.414274081587791443e-03 -1.068809069693088531e-02 1.210000000000000000e+02 7.100000000000000000e+01
4.795874059200286865e-01 5.955199003219604492e-01 2.237996011972427368e-01 2.417338192462921143e-01 -2.031182861328125000e+01 -7.948936939239501953e+00 -8.407874964177608490e-03 -1.066734548658132553e-02 1.200000000000000000e+02 7.000000000000000000e+01
4.795874059200286865e-01 5.997412204742431641e-01 2.345297932624816895e-01 2.505357861518859863e-01 -2.007723617553710938e+01 -7.714344501495361328e+00 -8.310767821967601776e-03 -1.035252679139375687e-02 1.200000000000000000e+02 7.000000000000000000e+01
4.795874059200286865e-01 5.971347093582153320e-01 2.295678257942199707e-01 2.451009005308151245e-01 -2.004862976074218750e+01 -7.685737609863281250e+00 -8.298926055431365967e-03 -1.031413674354553223e-02 1.180000000000000000e+02 6.800000000000000000e+01
4.795874059200286865e-01 5.949285030364990234e-01 2.273852080106735229e-01 2.405006736516952515e-01 -1.958866882324218750e+01 -7.225776672363281250e+00 -8.108530193567276001e-03 -9.696876630187034607e-03 1.170000000000000000e+02 6.700000000000000000e+01
4.795874059200286865e-01 6.006165146827697754e-01 2.379034310579299927e-01 2.523609101772308350e-01 -1.926194000244140625e+01 -6.899048805236816406e+00 -7.973284460604190826e-03 -9.258412756025791168e-03 1.120000000000000000e+02 6.200000000000000000e+01
4.795874059200286865e-01 5.894669294357299805e-01 2.149550914764404297e-01 2.291126102209091187e-01 -1.832401275634765625e+01 -5.961122512817382812e+00 -7.585038896650075912e-03 -7.999730296432971954e-03 1.070000000000000000e+02 5.700000000000000000e+01
4.795874059200286865e-01 6.039139628410339355e-01 2.447425723075866699e-01 2.592364847660064697e-01 -1.747772598266601562e+01 -5.114833831787109375e+00 -7.234727032482624054e-03 -6.864024791866540909e-03 1.070000000000000000e+02 5.700000000000000000e+01
4.795874059200286865e-01 6.023935079574584961e-01 2.410199046134948730e-01 2.560661435127258301e-01 -1.687345886230468750e+01 -4.510567188262939453e+00 -6.984596606343984604e-03 -6.053108721971511841e-03 1.020000000000000000e+02 5.200000000000000000e+01
4.795874059200286865e-01 6.039137244224548340e-01 2.464873641729354858e-01 2.592360079288482666e-01 -1.658112716674804688e+01 -4.218236923217773438e+00 -6.863588932901620865e-03 -5.660806316882371902e-03 9.900000000000000000e+01 4.900000000000000000e+01
4.795874059200286865e-01 5.860729813575744629e-01 2.125286459922790527e-01 2.220358103513717651e-01 -1.623443412780761719e+01 -3.871542692184448242e+00 -6.720078643411397934e-03 -5.195548292249441147e-03 9.600000000000000000e+01 4.600000000000000000e+01
4.795874059200286865e-01 5.879120230674743652e-01 2.170368731021881104e-01 2.258704304695129395e-01 -1.621513366699218750e+01 -3.852241992950439453e+00 -6.712089758366346359e-03 -5.169646814465522766e-03 9.500000000000000000e+01 4.500000000000000000e+01
4.795874059200286865e-01 5.832333564758300781e-01 2.055386304855346680e-01 2.161148339509963989e-01 -1.602692794799804688e+01 -3.664036273956298828e+00 -6.634183693677186966e-03 -4.917077720165252686e-03 9.200000000000000000e+01 4.200000000000000000e+01
4.795874059200286865e-01 5.967538952827453613e-01 2.353522032499313354e-01 2.443068474531173706e-01 -1.536089706420898438e+01 -2.998004913330078125e+00 -6.358487065881490707e-03 -4.023274406790733337e-03 9.100000000000000000e+01 4.100000000000000000e+01
4.795874059200286865e-01 5.880442261695861816e-01 2.239115536212921143e-01 2.261461019515991211e-01 -1.435043525695800781e+01 -1.987543582916259766e+00 -5.940216593444347382e-03 -2.667251508682966232e-03 8.500000000000000000e+01 3.500000000000000000e+01
4.795874059200286865e-01 5.583335757255554199e-01 1.640610694885253906e-01 1.641956567764282227e-01 -1.343947029113769531e+01 -1.076578736305236816e+00 -5.563131999224424362e-03 -1.444751396775245667e-03 7.900000000000000000e+01 2.900000000000000000e+01
4.795874059200286865e-01 5.538605451583862305e-01 1.548288613557815552e-01 1.548688262701034546e-01 -1.333902931213378906e+01 -9.761367440223693848e-01 -5.521555431187152863e-03 -1.309959799982607365e-03 7.700000000000000000e+01 2.700000000000000000e+01
4.795874059200286865e-01 5.524173378944396973e-01 1.518470048904418945e-01 1.518595516681671143e-01 -1.332964706420898438e+01 -9.667544960975646973e-01 -5.517671816051006317e-03 -1.297369017265737057e-03 7.600000000000000000e+01 2.600000000000000000e+01
4.795874059200286865e-01 5.513766407966613770e-01 1.496565639972686768e-01 1.496895700693130493e-01 -1.292780494689941406e+01 -5.649132728576660156e-01 -5.351333413273096085e-03 -7.581045501865446568e-04 7.500000000000000000e+01 2.500000000000000000e+01
4.795874059200286865e-01 5.470814108848571777e-01 1.393085867166519165e-01 1.407334804534912109e-01 -1.286773395538330078e+01 -5.048422813415527344e-01 -5.326467566192150116e-03 -6.774902576580643654e-04 7.300000000000000000e+01 2.300000000000000000e+01
4.795874059200286865e-01 5.417188405990600586e-01 1.253423988819122314e-01 1.295518428087234497e-01 -1.262899684906005859e+01 -2.661057114601135254e-01 -5.227644927799701691e-03 -3.571095876395702362e-04 6.900000000000000000e+01 1.900000000000000000e+01
4.795874059200286865e-01 5.417188405990600586e-01 1.253423988819122314e-01 1.295518428087234497e-01 -1.262899684906005859e+01 -2.661057114601135254e-01 -5.227644927799701691e-03 -3.571095876395702362e-04 6.900000000000000000e+01 1.900000000000000000e+01
4.795874059200286865e-01 5.410178303718566895e-01 1.239161342382431030e-01 1.280901581048965454e-01 -1.261853694915771484e+01 -2.556458115577697754e-01 -5.223315209150314331e-03 -3.430725773796439171e-04 6.800000000000000000e+01 1.800000000000000000e+01
4.795874059200286865e-01 5.160218477249145508e-01 6.907239556312561035e-02 7.597038894891738892e-02 -1.243101119995117188e+01 -6.811976432800292969e-02 -5.145690869539976120e-03 -9.141562622971832752e-05 6.200000000000000000e+01 1.200000000000000000e+01
4.795874059200286865e-01 5.017523169517517090e-01 4.057931900024414062e-02 4.621662572026252747e-02 -1.239004135131835938e+01 -2.714908123016357422e-02 -5.128731485456228256e-03 -3.643363015726208687e-05 5.800000000000000000e+01 8.000000000000000000e+00
4.795874059200286865e-01 5.017523169517517090e-01 4.057931900024414062e-02 4.621662572026252747e-02 -1.239004135131835938e+01 -2.714908123016357422e-02 -5.128731485456228256e-03 -3.643363015726208687e-05 5.800000000000000000e+01 8.000000000000000000e+00
4.795874059200286865e-01 5.052399039268493652e-01 4.709150642156600952e-02 5.348868295550346375e-02 -1.237748718261718750e+01 -1.459550857543945312e-02 -5.123534705489873886e-03 -1.958693792403209955e-05 5.600000000000000000e+01 6.000000000000000000e+00
4.795874059200286865e-01 5.052399039268493652e-01 4.709150642156600952e-02 5.348868295550346375e-02 -1.237748718261718750e+01 -1.459550857543945312e-02 -5.123534705489873886e-03 -1.958693792403209955e-05 5.600000000000000000e+01 6.000000000000000000e+00
4.795874059200286865e-01 5.023337602615356445e-01 4.177994653582572937e-02 4.742900654673576355e-02 -1.237375831604003906e+01 -1.086682081222534180e-02 -5.121991503983736038e-03 -1.458309907320654020e-05 5.500000000000000000e+01 5.000000000000000000e+00
4.795874059200286865e-01 5.009371638298034668e-01 3.921841457486152649e-02 4.451692849397659302e-02 -1.237226676940917969e+01 -9.374678134918212891e-03 -5.121374037116765976e-03 -1.258066731679718941e-05 5.400000000000000000e+01 4.000000000000000000e+00
4.795874059200286865e-01 5.009371638298034668e-01 3.921841457486152649e-02 4.451692849397659302e-02 -1.237226676940917969e+01 -9.374678134918212891e-03 -5.121374037116765976e-03 -1.258066731679718941e-05 5.400000000000000000e+01 4.000000000000000000e+00
4.795874059200286865e-01 5.009371638298034668e-01 3.921841457486152649e-02 4.451692849397659302e-02 -1.237226676940917969e+01 -9.374678134918212891e-03 -5.121374037116765976e-03 -1.258066731679718941e-05 5.400000000000000000e+01 4.000000000000000000e+00
4.795874059200286865e-01 4.962444901466369629e-01 3.084987029433250427e-02 3.473211452364921570e-02 -1.236378955841064453e+01 -8.978247642517089844e-04 -5.117864813655614853e-03 -1.204866407533700112e-06 5.100000000000000000e+01 1.000000000000000000e+00
4.795874059200286865e-01 4.867631793022155762e-01 1.257266569882631302e-02 1.496238913387060165e-02 -1.236289215087890625e+01 0.000000000000000000e+00 -5.117493681609630585e-03 0.000000000000000000e+00 5.000000000000000000e+01 0.000000000000000000e+00
4.795874059200286865e-01 4.867631793022155762e-01 1.257266569882631302e-02 1.496238913387060165e-02 -1.236289215087890625e+01 0.000000000000000000e+00 -5.117493681609630585e-03 0.000000000000000000e+00 5.000000000000000000e+01 0.000000000000000000e+00
4.795874059200286865e-01 4.867631793022155762e-01 1.257266569882631302e-02 1.496238913387060165e-02 -1.236289215087890625e+01 0.000000000000000000e+00 -5.117493681609630585e-03 0.000000000000000000e+00 5.000000000000000000e+01 0.000000000000000000e+00
4.795874059200286865e-01 4.867631793022155762e-01 1.257266569882631302e-02 1.496238913387060165e-02 -1.236289215087890625e+01 0.000000000000000000e+00 -5.117493681609630585e-03 0.000000000000000000e+00 5.000000000000000000e+01 0.000000000000000000e+00
4.795874059200286865e-01 4.867631793022155762e-01 1.257266569882631302e-02 1.496238913387060165e-02 -1.236289215087890625e+01 0.000000000000000000e+00 -5.117493681609630585e-03 0.000000000000000000e+00 5.000000000000000000e+01 0.000000000000000000e+00
4.795874059200286865e-01 4.867631793022155762e-01 1.257266569882631302e-02 1.496238913387060165e-02 -1.236289215087890625e+01 0.000000000000000000e+00 -5.117493681609630585e-03 0.000000000000000000e+00 5.000000000000000000e+01 0.000000000000000000e+00
4.795874059200286865e-01 4.867631793022155762e-01 1.257266569882631302e-02 1.496238913387060165e-02 -1.236289215087890625e+01 0.000000000000000000e+00 -5.117493681609630585e-03 0.000000000000000000e+00 5.000000000000000000e+01 0.000000000000000000e+00
4.795874059200286865e-01 4.867631793022155762e-01 1.257266569882631302e-02 1.496238913387060165e-02 -1.236289215087890625e+01 0.000000000000000000e+00 -5.117493681609630585e-03 0.000000000000000000e+00 5.000000000000000000e+01 0.000000000000000000e+00
4.795874059200286865e-01 4.867631793022155762e-01 1.257266569882631302e-02 1.496238913387060165e-02 -1.236289215087890625e+01 0.000000000000000000e+00 -5.117493681609630585e-03 0.000000000000000000e+00 5.000000000000000000e+01 0.000000000000000000e+00
4.795874059200286865e-01 4.867631793022155762e-01 1.257266569882631302e-02 1.496238913387060165e-02 -1.236289215087890625e+01 0.000000000000000000e+00 -5.117493681609630585e-03 0.000000000000000000e+00 5.000000000000000000e+01 0.000000000000000000e+00
4.795874059200286865e-01 4.867631793022155762e-01 1.257266569882631302e-02 1.496238913387060165e-02 -1.236289215087890625e+01 0.000000000000000000e+00 -5.117493681609630585e-03 0.000000000000000000e+00 5.000000000000000000e+01 0.000000000000000000e+00
4.795874059200286865e-01 4.867631793022155762e-01 1.257266569882631302e-02 1.496238913387060165e-02 -1.236289215087890625e+01 0.000000000000000000e+00 -5.117493681609630585e-03 0.000000000000000000e+00 5.000000000000000000e+01 0.000000000000000000e+00
4.795874059200286865e-01 4.867631793022155762e-01 1.257266569882631302e-02 1.496238913387060165e-02 -1.236289215087890625e+01 0.000000000000000000e+00 -5.117493681609630585e-03 0.000000000000000000e+00 5.000000000000000000e+01 0.000000000000000000e+00
4.795874059200286865e-01 4.867631793022155762e-01 1.257266569882631302e-02 1.496238913387060165e-02 -1.236289215087890625e+01 0.000000000000000000e+00 -5.117493681609630585e-03 0.000000000000000000e+00 5.000000000000000000e+01 0.000000000000000000e+00
4.795874059200286865e-01 4.867631793022155762e-01 1.257266569882631302e-02 1.496238913387060165e-02 -1.236289215087890625e+01 0.000000000000000000e+00 -5.117493681609630585e-03 0.000000000000000000e+00 5.000000000000000000e+01 0.000000000000000000e+00
4.795874059200286865e-01 4.867631793022155762e-01 1.257266569882631302e-02 1.496238913387060165e-02 -1.236289215087890625e+01 0.000000000000000000e+00 -5.117493681609630585e-03 0.000000000000000000e+00 5.000000000000000000e+01 0.000000000000000000e+00
4.795874059200286865e-01 4.867631793022155762e-01 1.257266569882631302e-02 1.496238913387060165e-02 -1.236289215087890625e+01 0.000000000000000000e+00 -5.117493681609630585e-03 0.000000000000000000e+00 5.000000000000000000e+01 0.000000000000000000e+00
4.795874059200286865e-01 4.867631793022155762e-01 1.257266569882631302e-02 1.496238913387060165e-02 -1.236289215087890625e+01 0.000000000000000000e+00 -5.117493681609630585e-03 0.000000000000000000e+00 5.000000000000000000e+01 0.000000000000000000e+00
4.795874059200286865e-01 4.867631793022155762e-01 1.257266569882631302e-02 1.496238913387060165e-02 -1.236289215087890625e+01 0.000000000000000000e+00 -5.117493681609630585e-03 0.000000000000000000e+00 5.000000000000000000e+01 0.000000000000000000e+00
4.795874059200286865e-01 4.867631793022155762e-01 1.257266569882631302e-02 1.496238913387060165e-02 -1.236289215087890625e+01 0.000000000000000000e+00 -5.117493681609630585e-03 0.000000000000000000e+00 5.000000000000000000e+01 0.000000000000000000e+00
4.795874059200286865e-01 4.867631793022155762e-01 1.257266569882631302e-02 1.496238913387060165e-02 -1.236289215087890625e+01 0.000000000000000000e+00 -5.117493681609630585e-03 0.000000000000000000e+00 5.000000000000000000e+01 0.000000000000000000e+00
4.795874059200286865e-01 4.867631793022155762e-01 1.257266569882631302e-02 1.496238913387060165e-02 -1.236289215087890625e+01 0.000000000000000000e+00 -5.117493681609630585e-03 0.000000000000000000e+00 5.000000000000000000e+01 0.000000000000000000e+00
4.795874059200286865e-01 4.867631793022155762e-01 1.257266569882631302e-02 1.496238913387060165e-02 -1.236289215087890625e+01 0.000000000000000000e+00 -5.117493681609630585e-03 0.000000000000000000e+00 5.000000000000000000e+01 0.000000000000000000e+00
4.795874059200286865e-01 4.867631793022155762e-01 1.257266569882631302e-02 1.496238913387060165e-02 -1.236289215087890625e+01 0.000000000000000000e+00 -5.117493681609630585e-03 0.000000000000000000e+00 5.000000000000000000e+01 0.000000000000000000e+00
4.795874059200286865e-01 4.867631793022155762e-01 1.257266569882631302e-02 1.496238913387060165e-02 -1.236289215087890625e+01 0.000000000000000000e+00 -5.117493681609630585e-03 0.000000000000000000e+00 5.000000000000000000e+01 0.000000000000000000e+00
4.795874059200286865e-01 4.867631793022155762e-01 1.257266569882631302e-02 1.496238913387060165e-02 -1.236289215087890625e+01 0.000000000000000000e+00 -5.117493681609630585e-03 0.000000000000000000e+00 5.000000000000000000e+01 0.000000000000000000e+00
4.795874059200286865e-01 4.867631793022155762e-01 1.257266569882631302e-02 1.496238913387060165e-02 -1.236289215087890625e+01 0.000000000000000000e+00 -5.117493681609630585e-03 0.000000000000000000e+00 5.000000000000000000e+01 0.000000000000000000e+00
4.795874059200286865e-01 4.867631793022155762e-01 1.257266569882631302e-02 1.496238913387060165e-02 -1.236289215087890625e+01 0.000000000000000000e+00 -5.117493681609630585e-03 0.000000000000000000e+00 5.000000000000000000e+01 0.000000000000000000e+00
4.795874059200286865e-01 4.867631793022155762e-01 1.257266569882631302e-02 1.496238913387060165e-02 -1.236289215087890625e+01 0.000000000000000000e+00 -5.117493681609630585e-03 0.000000000000000000e+00 5.000000000000000000e+01 0.000000000000000000e+00
4.795874059200286865e-01 4.867631793022155762e-01 1.257266569882631302e-02 1.496238913387060165e-02 -1.236289215087890625e+01 0.000000000000000000e+00 -5.117493681609630585e-03 0.000000000000000000e+00 5.000000000000000000e+01 0.000000000000000000e+00
4.795874059200286865e-01 4.867631793022155762e-01 1.257266569882631302e-02 1.496238913387060165e-02 -1.236289215087890625e+01 0.000000000000000000e+00 -5.117493681609630585e-03 0.000000000000000000e+00 5.000000000000000000e+01 0.000000000000000000e+00
4.795874059200286865e-01 4.867631793022155762e-01 1.257266569882631302e-02 1.496238913387060165e-02 -1.236289215087890625e+01 0.000000000000000000e+00 -5.117493681609630585e-03 0.000000000000000000e+00 5.000000000000000000e+01 0.000000000000000000e+00
4.795874059200286865e-01 4.867631793022155762e-01 1.257266569882631302e-02 1.496238913387060165e-02 -1.236289215087890625e+01 0.000000000000000000e+00 -5.117493681609630585e-03 0.000000000000000000e+00 5.000000000000000000e+01 0.000000000000000000e+00
4.795874059200286865e-01 4.867631793022155762e-01 1.257266569882631302e-02 1.496238913387060165e-02 -1.236289215087890625e+01 0.000000000000000000e+00 -5.117493681609630585e-03 0.000000000000000000e+00 5.000000000000000000e+01 0.000000000000000000e+00
4.795874059200286865e-01 4.867631793022155762e-01 1.257266569882631302e-02 1.496238913387060165e-02 -1.236289215087890625e+01 0.000000000000000000e+00 -5.117493681609630585e-03 0.000000000000000000e+00 5.000000000000000000e+01 0.000000000000000000e+00
4.795874059200286865e-01 4.867631793022155762e-01 1.257266569882631302e-02 1.496238913387060165e-02 -1.236289215087890625e+01 0.000000000000000000e+00 -5.117493681609630585e-03 0.000000000000000000e+00 5.000000000000000000e+01 0.000000000000000000e+00
4.795874059200286865e-01 4.867631793022155762e-01 1.257266569882631302e-02 1.496238913387060165e-02 -1.236289215087890625e+01 0.000000000000000000e+00 -5.117493681609630585e-03 0.000000000000000000e+00 5.000000000000000000e+01 0.000000000000000000e+00
4.795874059200286865e-01 4.867631793022155762e-01 1.257266569882631302e-02 1.496238913387060165e-02 -1.236289215087890625e+01 0.000000000000000000e+00 -5.117493681609630585e-03 0.000000000000000000e+00 5.000000000000000000e+01 0.000000000000000000e+00
4.795874059200286865e-01 4.867631793022155762e-01 1.257266569882631302e-02 1.496238913387060165e-02 -1.236289215087890625e+01 0.000000000000000000e+00 -5.117493681609630585e-03 0.000000000000000000e+00 5.000000000000000000e+01 0.000000000000000000e+00
4.795874059200286865e-01 4.867631793022155762e-01 1.257266569882631302e-02 1.496238913387060165e-02 -1.236289215087890625e+01 0.000000000000000000e+00 -5.117493681609630585e-03 0.000000000000000000e+00 5.000000000000000000e+01 0.000000000000000000e+00
4.795874059200286865e-01 4.867631793022155762e-01 1.257266569882631302e-02 1.496238913387060165e-02 -1.236289215087890625e+01 0.000000000000000000e+00 -5.117493681609630585e-03 0.000000000000000000e+00 5.000000000000000000e+01 0.000000000000000000e+00
4.795874059200286865e-01 4.867631793022155762e-01 1.257266569882631302e-02 1.496238913387060165e-02 -1.236289215087890625e+01 0.000000000000000000e+00 -5.117493681609630585e-03 0.000000000000000000e+00 5.000000000000000000e+01 0.000000000000000000e+00
4.795874059200286865e-01 4.867631793022155762e-01 1.257266569882631302e-02 1.496238913387060165e-02 -1.236289215087890625e+01 0.000000000000000000e+00 -5.117493681609630585e-03 0.000000000000000000e+00 5.000000000000000000e+01 0.000000000000000000e+00
