4.388711750507354736e-01 3.062321543693542480e-01 -3.230032026767730713e-01 -3.022276759147644043e-01 -5.500717163085937500e+01 -2.131349563598632812e+01 -2.276965975761413574e-02 -2.429576590657234192e-02 1.020000000000000000e+02 5.200000000000000000e+01
4.388711750507354736e-01 3.162967860698699951e-01 -3.019582629203796387e-01 -2.792946994304656982e-01 -5.077906036376953125e+01 -1.708538436889648438e+01 -2.101947553455829620e-02 -1.947603933513164520e-02 9.300000000000000000e+01 4.300000000000000000e+01
4.388711750507354736e-01 3.172572851181030273e-01 -2.996325790882110596e-01 -2.771061360836029053e-01 -4.917473220825195312e+01 -1.548105525970458984e+01 -2.035538107156753540e-02 -1.764722727239131927e-02 9.000000000000000000e+01 4.000000000000000000e+01
4.388711750507354736e-01 3.190732002258300781e-01 -2.950983643531799316e-01 -2.729684412479400635e-01 -4.866476058959960938e+01 -1.497108459472656250e+01 -2.014428190886974335e-02 -1.706589944660663605e-02 8.800000000000000000e+01 3.800000000000000000e+01
4.388711750507354736e-01 3.200344145298004150e-01 -2.930025756359100342e-01 -2.707782387733459473e-01 -4.853054046630859375e+01 -1.483686256408691406e+01 -2.008872292935848236e-02 -1.691289618611335754e-02 8.700000000000000000e+01 3.700000000000000000e+01
4.388711750507354736e-01 3.218155205249786377e-01 -2.882793843746185303e-01 -2.667198479175567627e-01 -4.628769683837890625e+01 -1.259402370452880859e+01 -1.916032098233699799e-02 -1.435622945427894592e-02 8.300000000000000000e+01 3.300000000000000000e+01
4.388711750507354736e-01 3.218155205249786377e-01 -2.882793843746185303e-01 -2.667198479175567627e-01 -4.628769683837890625e+01 -1.259402370452880859e+01 -1.916032098233699799e-02 -1.435622945427894592e-02 8.300000000000000000e+01 3.300000000000000000e+01
4.388711750507354736e-01 3.218155205249786377e-01 -2.882793843746185303e-01 -2.667198479175567627e-01 -4.628769683837890625e+01 -1.259402370452880859e+01 -1.916032098233699799e-02 -1.435622945427894592e-02 8.300000000000000000e+01 3.300000000000000000e+01
4.388711750507354736e-01 3.218155205249786377e-01 -2.882793843746185303e-01 -2.667198479175567627e-01 -4.628769683837890625e+01 -1.259402370452880859e+01 -1.916032098233699799e-02 -1.435622945427894592e-02 8.300000000000000000e+01 3.300000000000000000e+01
4.388711750507354736e-01 3.218155205249786377e-01 -2.882793843746185303e-01 -2.667198479175567627e-01 -4.628769683837890625e+01 -1.259402370452880859e+01 -1.916032098233699799e-02 -1.435622945427894592e-02 8.300000000000000000e+01 3.300000000000000000e+01
4.388711750507354736e-01 3.218155205249786377e-01 -2.882793843746185303e-01 -2.667198479175567627e-01 -4.628769683837890625e+01 -1.259402370452880859e+01 -1.916032098233699799e-02 -1.435622945427894592e-02 8.300000000000000000e+01 3.300000000000000000e+01
4.388711750507354736e-01 3.267975151538848877e-01 -2.750570178031921387e-01 -2.553680241107940674e-01 -4.448216247558593750e+01 -1.078848457336425781e+01 -1.841293834149837494e-02 -1.229805219918489456e-02 7.800000000000000000e+01 2.800000000000000000e+01
4.388711750507354736e-01 3.282745778560638428e-01 -2.711253166198730469e-01 -2.520024180412292480e-01 -4.358108901977539062e+01 -9.887413024902343750e+00 -1.803994923830032349e-02 -1.127089932560920715e-02 7.600000000000000000e+01 2.600000000000000000e+01
4.388711750507354736e-01 3.300157487392425537e-01 -2.669784426689147949e-01 -2.480350285768508911e-01 -4.287876892089843750e+01 -9.185092926025390625e+00 -1.774922944605350494e-02 -1.047030743211507797e-02 7.300000000000000000e+01 2.300000000000000000e+01
4.388711750507354736e-01 3.283576965332031250e-01 -2.699639797210693359e-01 -2.518130242824554443e-01 -4.130033874511718750e+01 -7.606666088104248047e+00 -1.709585450589656830e-02 -8.671021088957786560e-03 7.200000000000000000e+01 2.200000000000000000e+01
4.388711750507354736e-01 3.310175538063049316e-01 -2.631766796112060547e-01 -2.457523494958877563e-01 -4.042842864990234375e+01 -6.734751701354980469e+00 -1.673493720591068268e-02 -7.677105255424976349e-03 7.000000000000000000e+01 2.000000000000000000e+01
4.388711750507354736e-01 3.310175538063049316e-01 -2.631766796112060547e-01 -2.457523494958877563e-01 -4.042842864990234375e+01 -6.734751701354980469e+00 -1.673493720591068268e-02 -7.677105255424976349e-03 7.000000000000000000e+01 2.000000000000000000e+01
4.388711750507354736e-01 3.298300802707672119e-01 -2.663266658782958984e-01 -2.484580874443054199e-01 -3.990285491943359375e+01 -6.209181785583496094e+00 -1.651738025248050690e-02 -7.077995222061872482e-03 6.900000000000000000e+01 1.900000000000000000e+01
4.388711750507354736e-01 3.298300802707672119e-01 -2.663266658782958984e-01 -2.484580874443054199e-01 -3.990285491943359375e+01 -6.209181785583496094e+00 -1.651738025248050690e-02 -7.077995222061872482e-03 6.900000000000000000e+01 1.900000000000000000e+01
4.388711750507354736e-01 3.363269865512847900e-01 -2.528873383998870850e-01 -2.336544096469879150e-01 -3.974155044555664062e+01 -6.047876358032226562e+00 -1.645061001181602478e-02 -6.894119549542665482e-03 6.800000000000000000e+01 1.800000000000000000e+01
4.388711750507354736e-01 3.545723259449005127e-01 -2.054495215415954590e-01 -1.920810788869857788e-01 -3.691163635253906250e+01 -3.217963218688964844e+00 -1.527919620275497437e-02 -3.668233519420027733e-03 6.200000000000000000e+01 1.200000000000000000e+01
4.388711750507354736e-01 3.614323437213897705e-01 -1.882831603288650513e-01 -1.764500290155410767e-01 -3.601834487915039062e+01 -2.324669361114501953e+00 -1.490942761301994324e-02 -2.649946371093392372e-03 6.000000000000000000e+01 1.000000000000000000e+01
4.388711750507354736e-01 3.630218505859375000e-01 -1.840682178735733032e-01 -1.728282272815704346e-01 -3.591483306884765625e+01 -2.221157789230346680e+00 -1.486658025532960892e-02 -2.531951060518622398e-03 5.900000000000000000e+01 9.000000000000000000e+00
4.388711750507354736e-01 3.652798831462860107e-01 -1.788245290517807007e-01 -1.676831245422363281e-01 -3.576656341552734375e+01 -2.072889328002929688e+00 -1.480520516633987427e-02 -2.362936269491910934e-03 5.800000000000000000e+01 8.000000000000000000e+00
4.388711750507354736e-01 3.629330992698669434e-01 -1.842859834432601929e-01 -1.730304509401321411e-01 -3.523291015625000000e+01 -1.539234399795532227e+00 -1.458430476486682892e-02 -1.754610217176377773e-03 5.700000000000000000e+01 7.000000000000000000e+00
4.388711750507354736e-01 3.646062016487121582e-01 -1.798369139432907104e-01 -1.692181676626205444e-01 -3.483674621582031250e+01 -1.143071413040161133e+00 -1.442031655460596085e-02 -1.303014578297734261e-03 5.600000000000000000e+01 6.000000000000000000e+00
4.388711750507354736e-01 3.644306063652038574e-01 -1.801522374153137207e-01 -1.696182638406753540e-01 -3.451846313476562500e+01 -8.247880935668945312e-01 -1.428856700658798218e-02 -9.401957504451274872e-04 5.500000000000000000e+01 5.000000000000000000e+00
4.388711750507354736e-01 3.644306063652038574e-01 -1.801522225141525269e-01 -1.696182638406753540e-01 -3.451846313476562500e+01 -8.247880935668945312e-01 -1.428856700658798218e-02 -9.401957504451274872e-04 5.500000000000000000e+01 5.000000000000000000e+00
4.388711750507354736e-01 3.644306063652038574e-01 -1.801522225141525269e-01 -1.696182638406753540e-01 -3.451846313476562500e+01 -8.247880935668945312e-01 -1.428856700658798218e-02 -9.401957504451274872e-04 5.500000000000000000e+01 5.000000000000000000e+00
4.388711750507354736e-01 3.630692064762115479e-01 -1.832556426525115967e-01 -1.727203130722045898e-01 -3.391950988769531250e+01 -2.258336544036865234e-01 -1.404063589870929718e-02 -2.574332174845039845e-04 5.200000000000000000e+01 2.000000000000000000e+00
4.388711750507354736e-01 3.706224858760833740e-01 -1.677347719669342041e-01 -1.555096209049224854e-01 -3.374605560302734375e+01 -5.237853527069091797e-02 -1.396883651614189148e-02 -5.970754864392802119e-05 5.100000000000000000e+01 1.000000000000000000e+00
4.388711750507354736e-01 3.732922375202178955e-01 -1.606355607509613037e-01 -1.494264006614685059e-01 -3.369367599487304688e+01 0.000000000000000000e+00 -1.394715439528226852e-02 0.000000000000000000e+00 5.000000000000000000e+01 0.000000000000000000e+00
4.388711750507354736e-01 3.732922375202178955e-01 -1.606355756521224976e-01 -1.494264006614685059e-01 -3.369367599487304688e+01 0.000000000000000000e+00 -1.394715439528226852e-02 0.000000000000000000e+00 5.000000000000000000e+01 0.000000000000000000e+00
4.388711750507354736e-01 3.732922375202178955e-01 -1.606355756521224976e-01 -1.494264006614685059e-01 -3.369367599487304688e+01 0.000000000000000000e+00 -1.394715439528226852e-02 0.000000000000000000e+00 5.000000000000000000e+01 0.000000000000000000e+00
4.388711750507354736e-01 3.732922375202178955e-01 -1.606355607509613037e-01 -1.494264006614685059e-01 -3.369367599487304688e+01 0.000000000000000000e+00 -1.394715439528226852e-02 0.000000000000000000e+00 5.000000000000000000e+01 0.000000000000000000e+00
4.388711750507354736e-01 3.732922375202178955e-01 -1.606355607509613037e-01 -1.494264006614685059e-01 -3.369367599487304688e+01 0.000000000000000000e+00 -1.394715439528226852e-02 0.000000000000000000e+00 5.000000000000000000e+01 0.000000000000000000e+00
4.388711750507354736e-01 3.732922375202178955e-01 -1.606355756521224976e-01 -1.494264006614685059e-01 -3.369367599487304688e+01 0.000000000000000000e+00 -1.394715439528226852e-02 0.000000000000000000e+00 5.000000000000000000e+01 0.000000000000000000e+00
4.388711750507354736e-01 3.732922375202178955e-01 -1.606355756521224976e-01 -1.494264006614685059e-01 -3.369367599487304688e+01 0.000000000000000000e+00 -1.394715439528226852e-02 0.000000000000000000e+00 5.000000000000000000e+01 0.000000000000000000e+00
4.388711750507354736e-01 3.732922375202178955e-01 -1.606355607509613037e-01 -1.494264006614685059e-01 -3.369367599487304688e+01 0.000000000000000000e+00 -1.394715439528226852e-02 0.000000000000000000e+00 5.000000000000000000e+01 0.000000000000000000e+00
4.388711750507354736e-01 3.732922375202178955e-01 -1.606355607509613037e-01 -1.494264006614685059e-01 -3.369367599487304688e+01 0.000000000000000000e+00 -1.394715439528226852e-02 0.000000000000000000e+00 5.000000000000000000e+01 0.000000000000000000e+00
4.388711750507354736e-01 3.732922375202178955e-01 -1.606355607509613037e-01 -1.494264006614685059e-01 -3.369367599487304688e+01 0.000000000000000000e+00 -1.394715439528226852e-02 0.000000000000000000e+00 5.000000000000000000e+01 0.000000000000000000e+00
4.388711750507354736e-01 3.732922375202178955e-01 -1.606355607509613037e-01 -1.494264006614685059e-01 -3.369367599487304688e+01 0.000000000000000000e+00 -1.394715439528226852e-02 0.000000000000000000e+00 5.000000000000000000e+01 0.000000000000000000e+00
4.388711750507354736e-01 3.732922375202178955e-01 -1.606355756521224976e-01 -1.494264006614685059e-01 -3.369367599487304688e+01 0.000000000000000000e+00 -1.394715439528226852e-02 0.000000000000000000e+00 5.000000000000000000e+01 0.000000000000000000e+00
4.388711750507354736e-01 3.732922375202178955e-01 -1.606355756521224976e-01 -1.494264006614685059e-01 -3.369367599487304688e+01 0.000000000000000000e+00 -1.394715439528226852e-02 0.000000000000000000e+00 5.000000000000000000e+01 0.000000000000000000e+00
4.388711750507354736e-01 3.732922375202178955e-01 -1.606355607509613037e-01 -1.494264006614685059e-01 -3.369367599487304688e+01 0.000000000000000000e+00 -1.394715439528226852e-02 0.000000000000000000e+00 5.000000000000000000e+01 0.000000000000000000e+00
4.388711750507354736e-01 3.732922375202178955e-01 -1.606355756521224976e-01 -1.494264006614685059e-01 -3.369367599487304688e+01 0.000000000000000000e+00 -1.394715439528226852e-02 0.000000000000000000e+00 5.000000000000000000e+01 0.000000000000000000e+00
4.388711750507354736e-01 3.732922375202178955e-01 -1.606355756521224976e-01 -1.494264006614685059e-01 -3.369367599487304688e+01 0.000000000000000000e+00 -1.394715439528226852e-02 0.000000000000000000e+00 5.000000000000000000e+01 0.000000000000000000e+00
4.388711750507354736e-01 3.732922375202178955e-01 -1.606355607509613037e-01 -1.494264006614685059e-01 -3.369367599487304688e+01 0.000000000000000000e+00 -1.394715439528226852e-02 0.000000000000000000e+00 5.000000000000000000e+01 0.000000000000000000e+00
4.388711750507354736e-01 3.732922375202178955e-01 -1.606355607509613037e-01 -1.494264006614685059e-01 -3.369367599487304688e+01 0.000000000000000000e+00 -1.394715439528226852e-02 0.000000000000000000e+00 5.000000000000000000e+01 0.000000000000000000e+00
4.388711750507354736e-01 3.732922375202178955e-01 -1.606355756521224976e-01 -1.494264006614685059e-01 -3.369367599487304688e+01 0.000000000000000000e+00 -1.394715439528226852e-02 0.000000000000000000e+00 5.000000000000000000e+01 0.000000000000000000e+00
4.388711750507354736e-01 3.732922375202178955e-01 -1.606355607509613037e-01 -1.494264006614685059e-01 -3.369367599487304688e+01 0.000000000000000000e+00 -1.394715439528226852e-02 0.000000000000000000e+00 5.000000000000000000e+01 0.000000000000000000e+00
4.388711750507354736e-01 3.732922375202178955e-01 -1.606355756521224976e-01 -1.494264006614685059e-01 -3.369367599487304688e+01 0.000000000000000000e+00 -1.394715439528226852e-02 0.000000000000000000e+00 5.000000000000000000e+01 0.000000000000000000e+00
4.388711750507354736e-01 3.732922375202178955e-01 -1.606355756521224976e-01 -1.494264006614685059e-01 -3.369367599487304688e+01 0.000000000000000000e+00 -1.394715439528226852e-02 0.000000000000000000e+00 5.000000000000000000e+01 0.000000000000000000e+00
4.388711750507354736e-01 3.732922375202178955e-01 -1.606355607509613037e-01 -1.494264006614685059e-01 -3.369367599487304688e+01 0.000000000000000000e+00 -1.394715439528226852e-02 0.000000000000000000e+00 5.000000000000000000e+01 0.000000000000000000e+00
4.388711750507354736e-01 3.732922375202178955e-01 -1.606355756521224976e-01 -1.494264006614685059e-01 -3.369367599487304688e+01 0.000000000000000000e+00 -1.394715439528226852e-02 0.000000000000000000e+00 5.000000000000000000e+01 0.000000000000000000e+00
4.388711750507354736e-01 3.732922375202178955e-01 -1.606355756521224976e-01 -1.494264006614685059e-01 -3.369367599487304688e+01 0.000000000000000000e+00 -1.394715439528226852e-02 0.000000000000000000e+00 5.000000000000000000e+01 0.000000000000000000e+00
4.388711750507354736e-01 3.732922375202178955e-01 -1.606355607509613037e-01 -1.494264006614685059e-01 -3.369367599487304688e+01 0.000000000000000000e+00 -1.394715439528226852e-02 0.000000000000000000e+00 5.000000000000000000e+01 0.000000000000000000e+00
4.388711750507354736e-01 3.732922375202178955e-01 -1.606355756521224976e-01 -1.494264006614685059e-01 -3.369367599487304688e+01 0.000000000000000000e+00 -1.394715439528226852e-02 0.000000000000000000e+00 5.000000000000000000e+01 0.000000000000000000e+00
4.388711750507354736e-01 3.732922375202178955e-01 -1.606355756521224976e-01 -1.494264006614685059e-01 -3.369367599487304688e+01 0.000000000000000000e+00 -1.394715439528226852e-02 0.000000000000000000e+00 5.000000000000000000e+01 0.000000000000000000e+00
4.388711750507354736e-01 3.732922375202178955e-01 -1.606355756521224976e-01 -1.494264006614685059e-01 -3.369367599487304688e+01 0.000000000000000000e+00 -1.394715439528226852e-02 0.000000000000000000e+00 5.000000000000000000e+01 0.000000000000000000e+00
4.388711750507354736e-01 3.732922375202178955e-01 -1.606355756521224976e-01 -1.494264006614685059e-01 -3.369367599487304688e+01 0.000000000000000000e+00 -1.394715439528226852e-02 0.000000000000000000e+00 5.000000000000000000e+01 0.000000000000000000e+00
4.388711750507354736e-01 3.732922375202178955e-01 -1.606355756521224976e-01 -1.494264006614685059e-01 -3.369367599487304688e+01 0.000000000000000000e+00 -1.394715439528226852e-02 0.000000000000000000e+00 5.000000000000000000e+01 0.000000000000000000e+00
4.388711750507354736e-01 3.732922375202178955e-01 -1.606355607509613037e-01 -1.494264006614685059e-01 -3.369367599487304688e+01 0.000000000000000000e+00 -1.394715439528226852e-02 0.000000000000000000e+00 5.000000000000000000e+01 0.000000000000000000e+00
4.388711750507354736e-01 3.732922375202178955e-01 -1.606355607509613037e-01 -1.494264006614685059e-01 -3.369367599487304688e+01 0.000000000000000000e+00 -1.394715439528226852e-02 0.000000000000000000e+00 5.000000000000000000e+01 0.000000000000000000e+00
4.388711750507354736e-01 3.732922375202178955e-01 -1.606355756521224976e-01 -1.494264006614685059e-01 -3.369367599487304688e+01 0.000000000000000000e+00 -1.394715439528226852e-02 0.000000000000000000e+00 5.000000000000000000e+01 0.000000000000000000e+00
4.388711750507354736e-01 3.732922375202178955e-01 -1.606355756521224976e-01 -1.494264006614685059e-01 -3.369367599487304688e+01 0.000000000000000000e+00 -1.394715439528226852e-02 0.000000000000000000e+00 5.000000000000000000e+01 0.000000000000000000e+00
4.388711750507354736e-01 3.732922375202178955e-01 -1.606355756521224976e-01 -1.494264006614685059e-01 -3.369367599487304688e+01 0.000000000000000000e+00 -1.394715439528226852e-02 0.000000000000000000e+00 5.000000000000000000e+01 0.000000000000000000e+00
4.388711750507354736e-01 3.732922375202178955e-01 -1.606355756521224976e-01 -1.494264006614685059e-01 -3.369367599487304688e+01 0.000000000000000000e+00 -1.394715439528226852e-02 0.000000000000000000e+00 5.000000000000000000e+01 0.000000000000000000e+00
4.388711750507354736e-01 3.732922375202178955e-01 -1.606355607509613037e-01 -1.494264006614685059e-01 -3.369367599487304688e+01 0.000000000000000000e+00 -1.394715439528226852e-02 0.000000000000000000e+00 5.000000000000000000e+01 0.000000000000000000e+00
4.388711750507354736e-01 3.732922375202178955e-01 -1.606355756521224976e-01 -1.494264006614685059e-01 -3.369367599487304688e+01 0.000000000000000000e+00 -1.394715439528226852e-02 0.000000000000000000e+00 5.000000000000000000e+01 0.000000000000000000e+00
4.388711750507354736e-01 3.732922375202178955e-01 -1.606355756521224976e-01 -1.494264006614685059e-01 -3.369367599487304688e+01 0.000000000000000000e+00 -1.394715439528226852e-02 0.000000000000000000e+00 5.000000000000000000e+01 0.000000000000000000e+00
4.388711750507354736e-01 3.732922375202178955e-01 -1.606355607509613037e-01 -1.494264006614685059e-01 -3.369367599487304688e+01 0.000000000000000000e+00 -1.394715439528226852e-02 0.000000000000000000e+00 5.000000000000000000e+01 0.000000000000000000e+00
4.388711750507354736e-01 3.732922375202178955e-01 -1.606355756521224976e-01 -1.494264006614685059e-01 -3.369367599487304688e+01 0.000000000000000000e+00 -1.394715439528226852e-02 0.000000000000000000e+00 5.000000000000000000e+01 0.000000000000000000e+00
4.388711750507354736e-01 3.732922375202178955e-01 -1.606355756521224976e-01 -1.494264006614685059e-01 -3.369367599487304688e+01 0.000000000000000000e+00 -1.394715439528226852e-02 0.000000000000000000e+00 5.000000000000000000e+01 0.000000000000000000e+00
4.388711750507354736e-01 3.732922375202178955e-01 -1.606355756521224976e-01 -1.494264006614685059e-01 -3.369367599487304688e+01 0.000000000000000000e+00 -1.394715439528226852e-02 0.000000000000000000e+00 5.000000000000000000e+01 0.000000000000000000e+00
4.388711750507354736e-01 3.732922375202178955e-01 -1.606355756521224976e-01 -1.494264006614685059e-01 -3.369367599487304688e+01 0.000000000000000000e+00 -1.394715439528226852e-02 0.000000000000000000e+00 5.000000000000000000e+01 0.000000000000000000e+00
4.388711750507354736e-01 3.732922375202178955e-01 -1.606355756521224976e-01 -1.494264006614685059e-01 -3.369367599487304688e+01 0.000000000000000000e+00 -1.394715439528226852e-02 0.000000000000000000e+00 5.000000000000000000e+01 0.000000000000000000e+00
4.388711750507354736e-01 3.732922375202178955e-01 -1.606355756521224976e-01 -1.494264006614685059e-01 -3.369367599487304688e+01 0.000000000000000000e+00 -1.394715439528226852e-02 0.000000000000000000e+00 5.000000000000000000e+01 0.000000000000000000e+00
4.388711750507354736e-01 3.732922375202178955e-01 -1.606355607509613037e-01 -1.494264006614685059e-01 -3.369367599487304688e+01 0.000000000000000000e+00 -1.394715439528226852e-02 0.000000000000000000e+00 5.000000000000000000e+01 0.000000000000000000e+00
4.388711750507354736e-01 3.732922375202178955e-01 -1.606355756521224976e-01 -1.494264006614685059e-01 -3.369367599487304688e+01 0.000000000000000000e+00 -1.394715439528226852e-02 0.000000000000000000e+00 5.000000000000000000e+01 0.000000000000000000e+00
4.388711750507354736e-01 3.732922375202178955e-01 -1.606355756521224976e-01 -1.494264006614685059e-01 -3.369367599487304688e+01 0.000000000000000000e+00 -1.394715439528226852e-02 0.000000000000000000e+00 5.000000000000000000e+01 0.000000000000000000e+00
4.388711750507354736e-01 3.732922375202178955e-01 -1.606355756521224976e-01 -1.494264006614685059e-01 -3.369367599487304688e+01 0.000000000000000000e+00 -1.394715439528226852e-02 0.000000000000000000e+00 5.000000000000000000e+01 0.000000000000000000e+00
4.388711750507354736e-01 3.732922375202178955e-01 -1.606355756521224976e-01 -1.494264006614685059e-01 -3.369367599487304688e+01 0.000000000000000000e+00 -1.394715439528226852e-02 0.000000000000000000e+00 5.000000000000000000e+01 0.000000000000000000e+00
4.388711750507354736e-01 3.732922375202178955e-01 -1.606355756521224976e-01 -1.494264006614685059e-01 -3.369367599487304688e+01 0.000000000000000000e+00 -1.394715439528226852e-02 0.000000000000000000e+00 5.000000000000000000e+01 0.000000000000000000e+00
4.388711750507354736e-01 3.732922375202178955e-01 -1.606355756521224976e-01 -1.494264006614685059e-01 -3.369367599487304688e+01 0.000000000000000000e+00 -1.394715439528226852e-02 0.000000000000000000e+00 5.000000000000000000e+01 0.000000000000000000e+00
4.388711750507354736e-01 3.732922375202178955e-01 -1.606355756521224976e-01 -1.494264006614685059e-01 -3.369367599487304688e+01 0.000000000000000000e+00 -1.394715439528226852e-02 0.000000000000000000e+00 5.000000000000000000e+01 0.000000000000000000e+00
4.388711750507354736e-01 3.732922375202178955e-01 -1.606355756521224976e-01 -1.494264006614685059e-01 -3.369367599487304688e+01 0.000000000000000000e+00 -1.394715439528226852e-02 0.000000000000000000e+00 5.000000000000000000e+01 0.000000000000000000e+00
4.388711750507354736e-01 3.732922375202178955e-01 -1.606355607509613037e-01 -1.494264006614685059e-01 -3.369367599487304688e+01 0.000000000000000000e+00 -1.394715439528226852e-02 0.000000000000000000e+00 5.000000000000000000e+01 0.000000000000000000e+00
4.388711750507354736e-01 3.732922375202178955e-01 -1.606355607509613037e-01 -1.494264006614685059e-01 -3.369367599487304688e+01 0.000000000000000000e+00 -1.394715439528226852e-02 0.000000000000000000e+00 5.000000000000000000e+01 0.000000000000000000e+00
4.388711750507354736e-01 3.732922375202178955e-01 -1.606355756521224976e-01 -1.494264006614685059e-01 -3.369367599487304688e+01 0.000000000000000000e+00 -1.394715439528226852e-02 0.000000000000000000e+00 5.000000000000000000e+01 0.000000000000000000e+00
4.388711750507354736e-01 3.732922375202178955e-01 -1.606355756521224976e-01 -1.494264006614685059e-01 -3.369367599487304688e+01 0.000000000000000000e+00 -1.394715439528226852e-02 0.000000000000000000e+00 5.000000000000000000e+01 0.000000000000000000e+00
