4.785035550594329834e-01 5.988334417343139648e-01 2.309278100728988647e-01 2.514712512493133545e-01 -2.530333518981933594e+01 -1.624562072753906250e+01 -1.047405786812305450e-02 -2.007704414427280426e-02 1.640000000000000000e+02 1.140000000000000000e+02
4.785035550594329834e-01 6.234735250473022461e-01 2.930727601051330566e-01 3.029652833938598633e-01 -1.696509742736816406e+01 -7.907382965087890625e+00 -7.022529374808073044e-03 -9.772286750376224518e-03 1.210000000000000000e+02 7.100000000000000000e+01
4.785035550594329834e-01 6.258044838905334473e-01 2.988670170307159424e-01 3.078366518020629883e-01 -1.614974212646484375e+01 -7.092028617858886719e+00 -6.685021333396434784e-03 -8.764636702835559845e-03 1.150000000000000000e+02 6.500000000000000000e+01
4.785035550594329834e-01 6.282998323440551758e-01 3.037478029727935791e-01 3.130515515804290771e-01 -1.607748413085937500e+01 -7.019771575927734375e+00 -6.655110977590084076e-03 -8.675338700413703918e-03 1.140000000000000000e+02 6.400000000000000000e+01
4.785035550594329834e-01 6.321843862533569336e-01 3.116975724697113037e-01 3.211696743965148926e-01 -1.570668220520019531e+01 -6.648967266082763672e+00 -6.501621101051568985e-03 -8.217082358896732330e-03 1.110000000000000000e+02 6.100000000000000000e+01
4.785035550594329834e-01 6.316348314285278320e-01 3.100960850715637207e-01 3.200211822986602783e-01 -1.513543605804443359e+01 -6.077721595764160156e+00 -6.265159696340560913e-03 -7.511112373322248459e-03 1.090000000000000000e+02 5.900000000000000000e+01
4.785035550594329834e-01 6.365253329277038574e-01 3.209715187549591064e-01 3.302415907382965088e-01 -1.520625686645507812e+01 -6.148542404174804688e+00 -6.294475402683019638e-03 -7.598635740578174591e-03 1.100000000000000000e+02 6.000000000000000000e+01
4.785035550594329834e-01 6.165188550949096680e-01 2.775674760341644287e-01 2.884310781955718994e-01 -1.488954448699951172e+01 -5.831830978393554688e+00 -6.163375452160835266e-03 -7.207229733467102051e-03 1.110000000000000000e+02 6.100000000000000000e+01
4.785035550594329834e-01 6.002049446105957031e-01 2.440313100814819336e-01 2.543374896049499512e-01 -1.475925827026367188e+01 -5.701543807983398438e+00 -6.109444890171289444e-03 -7.046215236186981201e-03 1.070000000000000000e+02 5.700000000000000000e+01
4.785035550594329834e-01 5.984248518943786621e-01 2.403316795825958252e-01 2.506173551082611084e-01 -1.433232688903808594e+01 -5.274612426757812500e+00 -5.932720843702554703e-03 -6.518594920635223389e-03 1.050000000000000000e+02 5.500000000000000000e+01
4.785035550594329834e-01 5.943685770034790039e-01 2.315259128808975220e-01 2.421403527259826660e-01 -1.431371212005615234e+01 -5.255998134613037109e+00 -5.925015546381473541e-03 -6.495590787380933762e-03 1.040000000000000000e+02 5.400000000000000000e+01
4.785035550594329834e-01 5.901796817779541016e-01 2.278318703174591064e-01 2.333862036466598511e-01 -1.350657653808593750e+01 -4.448862075805664062e+00 -5.590910091996192932e-03 -5.498096812516450882e-03 9.900000000000000000e+01 4.900000000000000000e+01
4.785035550594329834e-01 5.810414552688598633e-01 2.087342590093612671e-01 2.142886966466903687e-01 -1.324914646148681641e+01 -4.191431999206542969e+00 -5.484349559992551804e-03 -5.179953761398792267e-03 9.600000000000000000e+01 4.600000000000000000e+01
4.785035550594329834e-01 5.754917263984680176e-01 1.980656385421752930e-01 2.026906013488769531e-01 -1.312159061431884766e+01 -4.063876152038574219e+00 -5.431549157947301865e-03 -5.022314377129077911e-03 9.400000000000000000e+01 4.400000000000000000e+01
4.785035550594329834e-01 6.021686792373657227e-01 2.532964050769805908e-01 2.584413886070251465e-01 -1.301420974731445312e+01 -3.956496000289916992e+00 -5.387099925428628922e-03 -4.889609292149543762e-03 9.400000000000000000e+01 4.400000000000000000e+01
4.785035550594329834e-01 5.993410944938659668e-01 2.471376508474349976e-01 2.525321543216705322e-01 -1.294865989685058594e+01 -3.890945434570312500e+00 -5.359965842217206955e-03 -4.808599129319190979e-03 9.200000000000000000e+01 4.200000000000000000e+01
4.785035550594329834e-01 5.904873609542846680e-01 2.282305508852005005e-01 2.340292036533355713e-01 -1.275066471099853516e+01 -3.692950248718261719e+00 -5.278008058667182922e-03 -4.563908092677593231e-03 9.200000000000000000e+01 4.200000000000000000e+01
4.785035550594329834e-01 5.885814428329467773e-01 2.239708602428436279e-01 2.300461232662200928e-01 -1.262161254882812500e+01 -3.563898086547851562e+00 -5.224588327109813690e-03 -4.404420033097267151e-03 9.000000000000000000e+01 4.000000000000000000e+01
4.785035550594329834e-01 5.889824628829956055e-01 2.250289618968963623e-01 2.308841943740844727e-01 -1.241032218933105469e+01 -3.352608203887939453e+00 -5.137126427143812180e-03 -4.143298603594303131e-03 8.900000000000000000e+01 3.900000000000000000e+01
4.785035550594329834e-01 5.845655202865600586e-01 2.169392108917236328e-01 2.216534465551376343e-01 -1.239864921569824219e+01 -3.340934753417968750e+00 -5.132294725626707077e-03 -4.128872416913509369e-03 8.900000000000000000e+01 3.900000000000000000e+01
4.785035550594329834e-01 5.933952331542968750e-01 2.409463971853256226e-01 2.401062101125717163e-01 -1.196522903442382812e+01 -2.907514810562133789e+00 -4.952884744852781296e-03 -3.593232948333024979e-03 8.500000000000000000e+01 3.500000000000000000e+01
4.785035550594329834e-01 6.089080572128295898e-01 2.711732089519500732e-01 2.725256681442260742e-01 -1.176370620727539062e+01 -2.705991506576538086e+00 -4.869466647505760193e-03 -3.344181692227721214e-03 8.400000000000000000e+01 3.400000000000000000e+01
4.785035550594329834e-01 6.089080572128295898e-01 2.711732089519500732e-01 2.725256681442260742e-01 -1.176370620727539062e+01 -2.705991506576538086e+00 -4.869466647505760193e-03 -3.344181692227721214e-03 8.400000000000000000e+01 3.400000000000000000e+01
4.785035550594329834e-01 5.815297365188598633e-01 2.132797986268997192e-01 2.153091281652450562e-01 -1.170609664916992188e+01 -2.648382186889648438e+00 -4.845619667321443558e-03 -3.272985573858022690e-03 8.100000000000000000e+01 3.100000000000000000e+01
4.785035550594329834e-01 6.115474700927734375e-01 2.798120975494384766e-01 2.780416309833526611e-01 -1.147146224975585938e+01 -2.413748264312744141e+00 -4.748495295643806458e-03 -2.983014797791838646e-03 8.000000000000000000e+01 3.000000000000000000e+01
4.785035550594329834e-01 6.115474700927734375e-01 2.798120975494384766e-01 2.780416309833526611e-01 -1.147146224975585938e+01 -2.413748264312744141e+00 -4.748495295643806458e-03 -2.983014797791838646e-03 8.000000000000000000e+01 3.000000000000000000e+01
4.785035550594329834e-01 6.182947754859924316e-01 2.943763136863708496e-01 2.921424806118011475e-01 -1.133799839019775391e+01 -2.280284404754638672e+00 -4.693249240517616272e-03 -2.818074543029069901e-03 7.900000000000000000e+01 2.900000000000000000e+01
4.785035550594329834e-01 6.139112114906311035e-01 2.843420803546905518e-01 2.829815149307250977e-01 -1.125029945373535156e+01 -2.192585706710815430e+00 -4.656947217881679535e-03 -2.709692576900124550e-03 7.800000000000000000e+01 2.800000000000000000e+01
4.785035550594329834e-01 6.096248626708984375e-01 2.760061025619506836e-01 2.740236818790435791e-01 -1.120059967041015625e+01 -2.142884731292724609e+00 -4.636374302208423615e-03 -2.648269990459084511e-03 7.700000000000000000e+01 2.700000000000000000e+01
4.785035550594329834e-01 5.489913225173950195e-01 1.471311300992965698e-01 1.473087668418884277e-01 -1.045814228057861328e+01 -1.400428414344787598e+00 -4.329041577875614166e-03 -1.730710268020629883e-03 7.000000000000000000e+01 2.000000000000000000e+01
4.785035550594329834e-01 5.521311163902282715e-01 1.464791595935821533e-01 1.538704633712768555e-01 -1.020768451690673828e+01 -1.149970293045043945e+00 -4.225367214530706406e-03 -1.421183231286704540e-03 6.900000000000000000e+01 1.900000000000000000e+01
4.785035550594329834e-01 5.548297166824340820e-01 1.622661203145980835e-01 1.595101207494735718e-01 -1.008760929107666016e+01 -1.029894590377807617e+00 -4.175663460046052933e-03 -1.272788387723267078e-03 6.700000000000000000e+01 1.700000000000000000e+01
4.785035550594329834e-01 4.823254346847534180e-01 1.369667006656527519e-03 7.987149991095066071e-03 -9.655665397644042969e+00 -5.979511737823486328e-01 -3.996864426881074905e-03 -7.389740203507244587e-04 6.100000000000000000e+01 1.100000000000000000e+01
4.785035550594329834e-01 4.710331559181213379e-01 -1.370996888726949692e-02 -1.561200339347124100e-02 -9.539352416992187500e+00 -4.816389083862304688e-01 -3.948717843741178513e-03 -5.952302599325776100e-04 6.100000000000000000e+01 1.100000000000000000e+01
4.785035550594329834e-01 4.710331559181213379e-01 -1.370996888726949692e-02 -1.561200339347124100e-02 -9.539352416992187500e+00 -4.816389083862304688e-01 -3.948717843741178513e-03 -5.952302599325776100e-04 6.100000000000000000e+01 1.100000000000000000e+01
4.785035550594329834e-01 4.935671985149383545e-01 3.246321156620979309e-02 3.148073330521583557e-02 -9.400230407714843750e+00 -3.425161242485046387e-01 -3.891129745170474052e-03 -4.232962965033948421e-04 5.900000000000000000e+01 9.000000000000000000e+00
4.785035550594329834e-01 4.947120547294616699e-01 3.456008061766624451e-02 3.387331217527389526e-02 -9.336118698120117188e+00 -2.784051299095153809e-01 -3.864591475576162338e-03 -3.440651344135403633e-04 5.800000000000000000e+01 8.000000000000000000e+00
4.785035550594329834e-01 5.008920431137084961e-01 4.812453687191009521e-02 4.678855091333389282e-02 -9.291973114013671875e+00 -2.342586517333984375e-01 -3.846317762508988380e-03 -2.895070065278559923e-04 5.800000000000000000e+01 8.000000000000000000e+00
4.785035550594329834e-01 4.746343493461608887e-01 -6.182434502989053726e-03 -8.086054585874080658e-03 -9.085067749023437500e+00 -2.735334634780883789e-02 -3.760671475902199745e-03 -3.380445195944048464e-05 5.200000000000000000e+01 2.000000000000000000e+00
4.785035550594329834e-01 4.746343493461608887e-01 -6.182434502989053726e-03 -8.086054585874080658e-03 -9.085067749023437500e+00 -2.735334634780883789e-02 -3.760671475902199745e-03 -3.380445195944048464e-05 5.200000000000000000e+01 2.000000000000000000e+00
4.785035550594329834e-01 4.645228087902069092e-01 -2.896002307534217834e-02 -2.921764366328716278e-02 -9.057714462280273438e+00 0.000000000000000000e+00 -3.749348688870668411e-03 0.000000000000000000e+00 5.000000000000000000e+01 0.000000000000000000e+00
4.785035550594329834e-01 4.645228087902069092e-01 -2.896002307534217834e-02 -2.921764366328716278e-02 -9.057714462280273438e+00 0.000000000000000000e+00 -3.749348688870668411e-03 0.000000000000000000e+00 5.000000000000000000e+01 0.000000000000000000e+00
4.785035550594329834e-01 4.645228087902069092e-01 -2.896002307534217834e-02 -2.921764366328716278e-02 -9.057714462280273438e+00 0.000000000000000000e+00 -3.749348688870668411e-03 0.000000000000000000e+00 5.000000000000000000e+01 0.000000000000000000e+00
4.785035550594329834e-01 4.645228087902069092e-01 -2.896002307534217834e-02 -2.921764366328716278e-02 -9.057714462280273438e+00 0.000000000000000000e+00 -3.749348688870668411e-03 0.000000000000000000e+00 5.000000000000000000e+01 0.000000000000000000e+00
4.785035550594329834e-01 4.645228087902069092e-01 -2.896002307534217834e-02 -2.921764366328716278e-02 -9.057714462280273438e+00 0.000000000000000000e+00 -3.749348688870668411e-03 0.000000000000000000e+00 5.000000000000000000e+01 0.000000000000000000e+00
4.785035550594329834e-01 4.645228087902069092e-01 -2.896002307534217834e-02 -2.921764366328716278e-02 -9.057714462280273438e+00 0.000000000000000000e+00 -3.749348688870668411e-03 0.000000000000000000e+00 5.000000000000000000e+01 0.000000000000000000e+00
4.785035550594329834e-01 4.645228087902069092e-01 -2.896002307534217834e-02 -2.921764366328716278e-02 -9.057714462280273438e+00 0.000000000000000000e+00 -3.749348688870668411e-03 0.000000000000000000e+00 5.000000000000000000e+01 0.000000000000000000e+00
4.785035550594329834e-01 4.645228087902069092e-01 -2.896002307534217834e-02 -2.921764366328716278e-02 -9.057714462280273438e+00 0.000000000000000000e+00 -3.749348688870668411e-03 0.000000000000000000e+00 5.000000000000000000e+01 0.000000000000000000e+00
4.785035550594329834e-01 4.645228087902069092e-01 -2.896002307534217834e-02 -2.921764366328716278e-02 -9.057714462280273438e+00 0.000000000000000000e+00 -3.749348688870668411e-03 0.000000000000000000e+00 5.000000000000000000e+01 0.000000000000000000e+00
4.785035550594329834e-01 4.645228087902069092e-01 -2.896002307534217834e-02 -2.921764366328716278e-02 -9.057714462280273438e+00 0.000000000000000000e+00 -3.749348688870668411e-03 0.000000000000000000e+00 5.000000000000000000e+01 0.000000000000000000e+00
4.785035550594329834e-01 4.645228087902069092e-01 -2.896002307534217834e-02 -2.921764366328716278e-02 -9.057714462280273438e+00 0.000000000000000000e+00 -3.749348688870668411e-03 0.000000000000000000e+00 5.000000000000000000e+01 0.000000000000000000e+00
4.785035550594329834e-01 4.645228087902069092e-01 -2.896002307534217834e-02 -2.921764366328716278e-02 -9.057714462280273438e+00 0.000000000000000000e+00 -3.749348688870668411e-03 0.000000000000000000e+00 5.000000000000000000e+01 0.000000000000000000e+00
4.785035550594329834e-01 4.645228087902069092e-01 -2.896002307534217834e-02 -2.921764366328716278e-02 -9.057714462280273438e+00 0.000000000000000000e+00 -3.749348688870668411e-03 0.000000000000000000e+00 5.000000000000000000e+01 0.000000000000000000e+00
4.785035550594329834e-01 4.645228087902069092e-01 -2.896002307534217834e-02 -2.921764366328716278e-02 -9.057714462280273438e+00 0.000000000000000000e+00 -3.749348688870668411e-03 0.000000000000000000e+00 5.000000000000000000e+01 0.000000000000000000e+00
4.785035550594329834e-01 4.645228087902069092e-01 -2.896002307534217834e-02 -2.921764366328716278e-02 -9.057714462280273438e+00 0.000000000000000000e+00 -3.749348688870668411e-03 0.000000000000000000e+00 5.000000000000000000e+01 0.000000000000000000e+00
4.785035550594329834e-01 4.645228087902069092e-01 -2.896002307534217834e-02 -2.921764366328716278e-02 -9.057714462280273438e+00 0.000000000000000000e+00 -3.749348688870668411e-03 0.000000000000000000e+00 5.000000000000000000e+01 0.000000000000000000e+00
4.785035550594329834e-01 4.645228087902069092e-01 -2.896002307534217834e-02 -2.921764366328716278e-02 -9.057714462280273438e+00 0.000000000000000000e+00 -3.749348688870668411e-03 0.000000000000000000e+00 5.000000000000000000e+01 0.000000000000000000e+00
4.785035550594329834e-01 4.645228087902069092e-01 -2.896002307534217834e-02 -2.921764366328716278e-02 -9.057714462280273438e+00 0.000000000000000000e+00 -3.749348688870668411e-03 0.000000000000000000e+00 5.000000000000000000e+01 0.000000000000000000e+00
4.785035550594329834e-01 4.645228087902069092e-01 -2.896002307534217834e-02 -2.921764366328716278e-02 -9.057714462280273438e+00 0.000000000000000000e+00 -3.749348688870668411e-03 0.000000000000000000e+00 5.000000000000000000e+01 0.000000000000000000e+00
4.785035550594329834e-01 4.645228087902069092e-01 -2.896002307534217834e-02 -2.921764366328716278e-02 -9.057714462280273438e+00 0.000000000000000000e+00 -3.749348688870668411e-03 0.000000000000000000e+00 5.000000000000000000e+01 0.000000000000000000e+00
4.785035550594329834e-01 4.645228087902069092e-01 -2.896002307534217834e-02 -2.921764366328716278e-02 -9.057714462280273438e+00 0.000000000000000000e+00 -3.749348688870668411e-03 0.000000000000000000e+00 5.000000000000000000e+01 0.000000000000000000e+00
4.785035550594329834e-01 4.645228087902069092e-01 -2.896002307534217834e-02 -2.921764366328716278e-02 -9.057714462280273438e+00 0.000000000000000000e+00 -3.749348688870668411e-03 0.000000000000000000e+00 5.000000000000000000e+01 0.000000000000000000e+00
4.785035550594329834e-01 4.645228087902069092e-01 -2.896002307534217834e-02 -2.921764366328716278e-02 -9.057714462280273438e+00 0.000000000000000000e+00 -3.749348688870668411e-03 0.000000000000000000e+00 5.000000000000000000e+01 0.000000000000000000e+00
4.785035550594329834e-01 4.645228087902069092e-01 -2.896002307534217834e-02 -2.921764366328716278e-02 -9.057714462280273438e+00 0.000000000000000000e+00 -3.749348688870668411e-03 0.000000000000000000e+00 5.000000000000000000e+01 0.000000000000000000e+00
4.785035550594329834e-01 4.645228087902069092e-01 -2.896002307534217834e-02 -2.921764366328716278e-02 -9.057714462280273438e+00 0.000000000000000000e+00 -3.749348688870668411e-03 0.000000000000000000e+00 5.000000000000000000e+01 0.000000000000000000e+00
4.785035550594329834e-01 4.645228087902069092e-01 -2.896002307534217834e-02 -2.921764366328716278e-02 -9.057714462280273438e+00 0.000000000000000000e+00 -3.749348688870668411e-03 0.000000000000000000e+00 5.000000000000000000e+01 0.000000000000000000e+00
4.785035550594329834e-01 4.645228087902069092e-01 -2.896002307534217834e-02 -2.921764366328716278e-02 -9.057714462280273438e+00 0.000000000000000000e+00 -3.749348688870668411e-03 0.000000000000000000e+00 5.000000000000000000e+01 0.000000000000000000e+00
4.785035550594329834e-01 4.645228087902069092e-01 -2.896002307534217834e-02 -2.921764366328716278e-02 -9.057714462280273438e+00 0.000000000000000000e+00 -3.749348688870668411e-03 0.000000000000000000e+00 5.000000000000000000e+01 0.000000000000000000e+00
4.785035550594329834e-01 4.645228087902069092e-01 -2.896002307534217834e-02 -2.921764366328716278e-02 -9.057714462280273438e+00 0.000000000000000000e+00 -3.749348688870668411e-03 0.000000000000000000e+00 5.000000000000000000e+01 0.000000000000000000e+00
4.785035550594329834e-01 4.645228087902069092e-01 -2.896002307534217834e-02 -2.921764366328716278e-02 -9.057714462280273438e+00 0.000000000000000000e+00 -3.749348688870668411e-03 0.000000000000000000e+00 5.000000000000000000e+01 0.000000000000000000e+00
4.785035550594329834e-01 4.645228087902069092e-01 -2.896002307534217834e-02 -2.921764366328716278e-02 -9.057714462280273438e+00 0.000000000000000000e+00 -3.749348688870668411e-03 0.000000000000000000e+00 5.000000000000000000e+01 0.000000000000000000e+00
4.785035550594329834e-01 4.645228087902069092e-01 -2.896002307534217834e-02 -2.921764366328716278e-02 -9.057714462280273438e+00 0.000000000000000000e+00 -3.749348688870668411e-03 0.000000000000000000e+00 5.000000000000000000e+01 0.000000000000000000e+00
4.785035550594329834e-01 4.645228087902069092e-01 -2.896002307534217834e-02 -2.921764366328716278e-02 -9.057714462280273438e+00 0.000000000000000000e+00 -3.749348688870668411e-03 0.000000000000000000e+00 5.000000000000000000e+01 0.000000000000000000e+00
4.785035550594329834e-01 4.645228087902069092e-01 -2.896002307534217834e-02 -2.921764366328716278e-02 -9.057714462280273438e+00 0.000000000000000000e+00 -3.749348688870668411e-03 0.000000000000000000e+00 5.000000000000000000e+01 0.000000000000000000e+00
4.785035550594329834e-01 4.645228087902069092e-01 -2.896002307534217834e-02 -2.921764366328716278e-02 -9.057714462280273438e+00 0.000000000000000000e+00 -3.749348688870668411e-03 0.000000000000000000e+00 5.000000000000000000e+01 0.000000000000000000e+00
4.785035550594329834e-01 4.645228087902069092e-01 -2.896002307534217834e-02 -2.921764366328716278e-02 -9.057714462280273438e+00 0.000000000000000000e+00 -3.749348688870668411e-03 0.000000000000000000e+00 5.000000000000000000e+01 0.000000000000000000e+00
4.785035550594329834e-01 4.645228087902069092e-01 -2.896002307534217834e-02 -2.921764366328716278e-02 -9.057714462280273438e+00 0.000000000000000000e+00 -3.749348688870668411e-03 0.000000000000000000e+00 5.000000000000000000e+01 0.000000000000000000e+00
4.785035550594329834e-01 4.645228087902069092e-01 -2.896002307534217834e-02 -2.921764366328716278e-02 -9.057714462280273438e+00 0.000000000000000000e+00 -3.749348688870668411e-03 0.000000000000000000e+00 5.000000000000000000e+01 0.000000000000000000e+00
4.785035550594329834e-01 4.645228087902069092e-01 -2.896002307534217834e-02 -2.921764366328716278e-02 -9.057714462280273438e+00 0.000000000000000000e+00 -3.749348688870668411e-03 0.000000000000000000e+00 5.000000000000000000e+01 0.000000000000000000e+00
4.785035550594329834e-01 4.645228087902069092e-01 -2.896002307534217834e-02 -2.921764366328716278e-02 -9.057714462280273438e+00 0.000000000000000000e+00 -3.749348688870668411e-03 0.000000000000000000e+00 5.000000000000000000e+01 0.000000000000000000e+00
4.785035550594329834e-01 4.645228087902069092e-01 -2.896002307534217834e-02 -2.921764366328716278e-02 -9.057714462280273438e+00 0.000000000000000000e+00 -3.749348688870668411e-03 0.000000000000000000e+00 5.000000000000000000e+01 0.000000000000000000e+00
4.785035550594329834e-01 4.645228087902069092e-01 -2.896002307534217834e-02 -2.921764366328716278e-02 -9.057714462280273438e+00 0.000000000000000000e+00 -3.749348688870668411e-03 0.000000000000000000e+00 5.000000000000000000e+01 0.000000000000000000e+00
4.785035550594329834e-01 4.645228087902069092e-01 -2.896002307534217834e-02 -2.921764366328716278e-02 -9.057714462280273438e+00 0.000000000000000000e+00 -3.749348688870668411e-03 0.000000000000000000e+00 5.000000000000000000e+01 0.000000000000000000e+00
4.785035550594329834e-01 4.645228087902069092e-01 -2.896002307534217834e-02 -2.921764366328716278e-02 -9.057714462280273438e+00 0.000000000000000000e+00 -3.749348688870668411e-03 0.000000000000000000e+00 5.000000000000000000e+01 0.000000000000000000e+00
4.785035550594329834e-01 4.645228087902069092e-01 -2.896002307534217834e-02 -2.921764366328716278e-02 -9.057714462280273438e+00 0.000000000000000000e+00 -3.749348688870668411e-03 0.000000000000000000e+00 5.000000000000000000e+01 0.000000000000000000e+00
4.785035550594329834e-01 4.645228087902069092e-01 -2.896002307534217834e-02 -2.921764366328716278e-02 -9.057714462280273438e+00 0.000000000000000000e+00 -3.749348688870668411e-03 0.000000000000000000e+00 5.000000000000000000e+01 0.000000000000000000e+00
4.785035550594329834e-01 4.645228087902069092e-01 -2.896002307534217834e-02 -2.921764366328716278e-02 -9.057714462280273438e+00 0.000000000000000000e+00 -3.749348688870668411e-03 0.000000000000000000e+00 5.000000000000000000e+01 0.000000000000000000e+00
4.785035550594329834e-01 4.645228087902069092e-01 -2.896002307534217834e-02 -2.921764366328716278e-02 -9.057714462280273438e+00 0.000000000000000000e+00 -3.749348688870668411e-03 0.000000000000000000e+00 5.000000000000000000e+01 0.000000000000000000e+00
4.785035550594329834e-01 4.645228087902069092e-01 -2.896002307534217834e-02 -2.921764366328716278e-02 -9.057714462280273438e+00 0.000000000000000000e+00 -3.749348688870668411e-03 0.000000000000000000e+00 5.000000000000000000e+01 0.000000000000000000e+00
4.785035550594329834e-01 4.645228087902069092e-01 -2.896002307534217834e-02 -2.921764366328716278e-02 -9.057714462280273438e+00 0.000000000000000000e+00 -3.749348688870668411e-03 0.000000000000000000e+00 5.000000000000000000e+01 0.000000000000000000e+00
4.785035550594329834e-01 4.645228087902069092e-01 -2.896002307534217834e-02 -2.921764366328716278e-02 -9.057714462280273438e+00 0.000000000000000000e+00 -3.749348688870668411e-03 0.000000000000000000e+00 5.000000000000000000e+01 0.000000000000000000e+00
