4.257590472698211670e-01 4.017060697078704834e-01 -8.222010731697082520e-02 -5.649434402585029602e-02 -4.948924636840820312e+01 -2.209343910217285156e+01 -2.048557065427303314e-02 -2.643185108900070190e-02 1.720000000000000000e+02 1.220000000000000000e+02
4.257590472698211670e-01 4.004769921302795410e-01 -8.620130270719528198e-02 -5.938113480806350708e-02 -4.710104751586914062e+01 -1.970524215698242188e+01 -1.949699968099594116e-02 -2.357469126582145691e-02 1.500000000000000000e+02 1.000000000000000000e+02
4.257590472698211670e-01 4.061602652072906494e-01 -7.284840196371078491e-02 -4.603256657719612122e-02 -4.521694946289062500e+01 -1.782114028930664062e+01 -1.871709711849689484e-02 -2.132061496376991272e-02 1.440000000000000000e+02 9.400000000000000000e+01
4.257590472698211670e-01 4.068333208560943604e-01 -7.105602324008941650e-02 -4.445173218846321106e-02 -4.484573745727539062e+01 -1.744993209838867188e+01 -1.856343634426593781e-02 -2.087651379406452179e-02 1.430000000000000000e+02 9.300000000000000000e+01
4.257590472698211670e-01 4.046076834201812744e-01 -7.516954094171524048e-02 -4.967918992042541504e-02 -4.463796997070312500e+01 -1.724216079711914062e+01 -1.847743429243564606e-02 -2.062794379889965057e-02 1.390000000000000000e+02 8.900000000000000000e+01
4.257590472698211670e-01 4.053830504417419434e-01 -7.310441136360168457e-02 -4.785804823040962219e-02 -4.350881195068359375e+01 -1.611300468444824219e+01 -1.801002956926822662e-02 -1.927705854177474976e-02 1.360000000000000000e+02 8.600000000000000000e+01
4.257590472698211670e-01 4.042611718177795410e-01 -7.600925862789154053e-02 -5.049305781722068787e-02 -4.325212097167968750e+01 -1.585631561279296875e+01 -1.790377497673034668e-02 -1.896996423602104187e-02 1.340000000000000000e+02 8.400000000000000000e+01
4.257590472698211670e-01 4.042611718177795410e-01 -7.600925862789154053e-02 -5.049305781722068787e-02 -4.325212097167968750e+01 -1.585631561279296875e+01 -1.790377497673034668e-02 -1.896996423602104187e-02 1.340000000000000000e+02 8.400000000000000000e+01
4.257590472698211670e-01 3.990914523601531982e-01 -8.661033213138580322e-02 -6.263541430234909058e-02 -4.311563491821289062e+01 -1.571982765197753906e+01 -1.784727908670902252e-02 -1.880667544901371002e-02 1.330000000000000000e+02 8.300000000000000000e+01
4.257590472698211670e-01 3.990914523601531982e-01 -8.661033213138580322e-02 -6.263541430234909058e-02 -4.311563491821289062e+01 -1.571982765197753906e+01 -1.784727908670902252e-02 -1.880667544901371002e-02 1.330000000000000000e+02 8.300000000000000000e+01
4.257590472698211670e-01 3.956365585327148438e-01 -9.392961114645004272e-02 -7.075008749961853027e-02 -4.306039047241210938e+01 -1.566458225250244141e+01 -1.782441139221191406e-02 -1.874058134853839874e-02 1.320000000000000000e+02 8.200000000000000000e+01
4.257590472698211670e-01 4.022151231765747070e-01 -7.909329980611801147e-02 -5.529870465397834778e-02 -4.145053863525390625e+01 -1.405472946166992188e+01 -1.715802960097789764e-02 -1.681460812687873840e-02 1.290000000000000000e+02 7.900000000000000000e+01
4.257590472698211670e-01 4.076078832149505615e-01 -6.497354805469512939e-02 -4.263247922062873840e-02 -3.966428375244140625e+01 -1.226847648620605469e+01 -1.641862653195858002e-02 -1.467759441584348679e-02 1.260000000000000000e+02 7.600000000000000000e+01
4.257590472698211670e-01 4.151014685630798340e-01 -4.671051353216171265e-02 -2.503194846212863922e-02 -3.855279541015625000e+01 -1.115698909759521484e+01 -1.595853827893733978e-02 -1.334784831851720810e-02 1.230000000000000000e+02 7.300000000000000000e+01
4.257590472698211670e-01 4.162476658821105957e-01 -4.378257691860198975e-02 -2.233982272446155548e-02 -3.807317352294921875e+01 -1.067737007141113281e+01 -1.576000265777111053e-02 -1.277404744178056717e-02 1.170000000000000000e+02 6.700000000000000000e+01
4.257590472698211670e-01 4.213079810142517090e-01 -3.138915076851844788e-02 -1.045442558825016022e-02 -3.619805526733398438e+01 -8.802247047424316406e+00 -1.498381700366735458e-02 -1.053071394562721252e-02 1.150000000000000000e+02 6.500000000000000000e+01
4.257590472698211670e-01 4.216150641441345215e-01 -2.989796176552772522e-02 -9.733165614306926727e-03 -3.558587646484375000e+01 -8.190069198608398438e+00 -1.473041158169507980e-02 -9.798324666917324066e-03 1.110000000000000000e+02 6.100000000000000000e+01
4.257590472698211670e-01 4.234406054019927979e-01 -2.502772584557533264e-02 -5.445431917905807495e-03 -3.494989013671875000e+01 -7.554082393646240234e+00 -1.446715183556079865e-02 -9.037450887262821198e-03 1.090000000000000000e+02 5.900000000000000000e+01
4.257590472698211670e-01 4.244493842124938965e-01 -2.232669293880462646e-02 -3.076066263020038605e-03 -3.437909698486328125e+01 -6.983290672302246094e+00 -1.423087716102600098e-02 -8.354575373232364655e-03 1.080000000000000000e+02 5.800000000000000000e+01
4.257590472698211670e-01 4.332366585731506348e-01 -4.333422053605318069e-03 1.756301149725914001e-02 -3.409360504150390625e+01 -6.697796821594238281e+00 -1.411270070821046829e-02 -8.013019338250160217e-03 1.070000000000000000e+02 5.700000000000000000e+01
4.257590472698211670e-01 4.349648058414459229e-01 -8.458924130536615849e-04 2.162199094891548157e-02 -3.298222351074218750e+01 -5.586415290832519531e+00 -1.365265622735023499e-02 -6.683399900794029236e-03 1.030000000000000000e+02 5.300000000000000000e+01
4.257590472698211670e-01 4.358890354633331299e-01 2.259780187159776688e-03 2.379277348518371582e-02 -3.211734008789062500e+01 -4.721531867980957031e+00 -1.329464651644229889e-02 -5.648682359606027603e-03 9.900000000000000000e+01 4.900000000000000000e+01
4.257590472698211670e-01 4.358890354633331299e-01 2.259780187159776688e-03 2.379277348518371582e-02 -3.211734008789062500e+01 -4.721531867980957031e+00 -1.329464651644229889e-02 -5.648682359606027603e-03 9.900000000000000000e+01 4.900000000000000000e+01
4.257590472698211670e-01 4.405730366706848145e-01 1.348879560828208923e-02 3.479430451989173889e-02 -3.142306327819824219e+01 -4.027256965637207031e+00 -1.300725713372230530e-02 -4.818075336515903473e-03 9.800000000000000000e+01 4.800000000000000000e+01
4.257590472698211670e-01 4.450295567512512207e-01 2.371555194258689880e-02 4.526153951883316040e-02 -3.087132263183593750e+01 -3.475515842437744141e+00 -1.277886983007192612e-02 -4.157990682870149612e-03 9.400000000000000000e+01 4.400000000000000000e+01
4.257590472698211670e-01 4.460702538490295410e-01 2.650878578424453735e-02 4.770587012171745300e-02 -2.977979660034179688e+01 -2.383989810943603516e+00 -1.232704427093267441e-02 -2.852125559002161026e-03 8.800000000000000000e+01 3.800000000000000000e+01
4.257590472698211670e-01 4.499748051166534424e-01 3.676825761795043945e-02 5.687667056918144226e-02 -2.920808410644531250e+01 -1.812277555465698242e+00 -1.209038961678743362e-02 -2.168148057535290718e-03 8.700000000000000000e+01 3.700000000000000000e+01
4.257590472698211670e-01 4.530517458915710449e-01 4.336922988295555115e-02 6.410362571477890015e-02 -2.889000129699707031e+01 -1.494195818901062012e+00 -1.195872202515602112e-02 -1.787605811841785908e-03 8.600000000000000000e+01 3.600000000000000000e+01
4.257590472698211670e-01 4.538306593894958496e-01 4.494490846991539001e-02 6.593309342861175537e-02 -2.882330894470214844e+01 -1.427501916885375977e+00 -1.193111576139926910e-02 -1.707815448753535748e-03 8.500000000000000000e+01 3.500000000000000000e+01
4.257590472698211670e-01 4.614234864711761475e-01 6.399586796760559082e-02 8.376672118902206421e-02 -2.845547485351562500e+01 -1.059669017791748047e+00 -1.177885476499795914e-02 -1.267752493731677532e-03 8.200000000000000000e+01 3.200000000000000000e+01
4.257590472698211670e-01 4.603804051876068115e-01 6.132024526596069336e-02 8.131678402423858643e-02 -2.839834594726562500e+01 -1.002537965774536133e+00 -1.175520662218332291e-02 -1.199402846395969391e-03 8.100000000000000000e+01 3.100000000000000000e+01
4.257590472698211670e-01 4.567475020885467529e-01 5.537225678563117981e-02 7.278402149677276611e-02 -2.806071281433105469e+01 -6.649054884910583496e-01 -1.161544676870107651e-02 -7.954706670716404915e-04 7.500000000000000000e+01 2.500000000000000000e+01
4.257590472698211670e-01 4.496559500694274902e-01 4.087818413972854614e-02 5.612776428461074829e-02 -2.787499618530273438e+01 -4.791872501373291016e-01 -1.153857074677944183e-02 -5.732835852541029453e-04 7.300000000000000000e+01 2.300000000000000000e+01
4.257590472698211670e-01 4.516009390354156494e-01 4.602007940411567688e-02 6.069604679942131042e-02 -2.780227279663085938e+01 -4.064658284187316895e-01 -1.150846760720014572e-02 -4.862821078859269619e-04 7.100000000000000000e+01 2.100000000000000000e+01
4.257590472698211670e-01 4.457591474056243896e-01 3.383437916636466980e-02 4.697516188025474548e-02 -2.772675514221191406e+01 -3.309482932090759277e-01 -1.147720869630575180e-02 -3.959354653488844633e-04 6.900000000000000000e+01 1.900000000000000000e+01
4.257590472698211670e-01 4.347864091396331787e-01 3.950495738536119461e-03 2.120298333466053009e-02 -2.762158203125000000e+01 -2.257744073867797852e-01 -1.143367309123277664e-02 -2.701089251786470413e-04 6.700000000000000000e+01 1.700000000000000000e+01
4.257590472698211670e-01 4.347864091396331787e-01 3.950495738536119461e-03 2.120298333466053009e-02 -2.762158203125000000e+01 -2.257744073867797852e-01 -1.143367309123277664e-02 -2.701089251786470413e-04 6.700000000000000000e+01 1.700000000000000000e+01
4.257590472698211670e-01 4.319054782390594482e-01 -3.995165694504976273e-03 1.443640701472759247e-02 -2.755769920349121094e+01 -1.618915200233459473e-01 -1.140722911804914474e-02 -1.936815970111638308e-04 6.500000000000000000e+01 1.500000000000000000e+01
4.257590472698211670e-01 4.266802370548248291e-01 -1.478672958910465240e-02 2.163641154766082764e-03 -2.752901649475097656e+01 -1.332091689109802246e-01 -1.139535661786794662e-02 -1.593669876456260681e-04 6.200000000000000000e+01 1.200000000000000000e+01
4.257590472698211670e-01 4.138687849044799805e-01 -4.287709295749664307e-02 -2.792721055448055267e-02 -2.746180152893066406e+01 -6.599450111389160156e-02 -1.136753335595130920e-02 -7.895361341070383787e-05 5.700000000000000000e+01 7.000000000000000000e+00
4.257590472698211670e-01 4.073271751403808594e-01 -5.927617102861404419e-02 -4.329179227352142334e-02 -2.743844604492187500e+01 -4.263699054718017578e-02 -1.135786529630422592e-02 -5.100946873426437378e-05 5.600000000000000000e+01 6.000000000000000000e+00
4.257590472698211670e-01 3.982411026954650879e-01 -7.797756791114807129e-02 -6.463266909122467041e-02 -2.742837524414062500e+01 -3.256869316101074219e-02 -1.135369669646024704e-02 -3.896409180015325546e-05 5.500000000000000000e+01 5.000000000000000000e+00
4.257590472698211670e-01 3.935652375221252441e-01 -8.720180392265319824e-02 -7.561509311199188232e-02 -2.740663909912109375e+01 -1.083266735076904297e-02 -1.134469918906688690e-02 -1.295984020543983206e-05 5.200000000000000000e+01 2.000000000000000000e+00
4.257590472698211670e-01 3.862726390361785889e-01 -1.033038049936294556e-01 -9.274355322122573853e-02 -2.739909172058105469e+01 -3.285229206085205078e-03 -1.134157553315162659e-02 -3.930338152713375166e-06 5.100000000000000000e+01 1.000000000000000000e+00
4.257590472698211670e-01 3.862726390361785889e-01 -1.033038049936294556e-01 -9.274355322122573853e-02 -2.739909172058105469e+01 -3.285229206085205078e-03 -1.134157553315162659e-02 -3.930338152713375166e-06 5.100000000000000000e+01 1.000000000000000000e+00
4.257590472698211670e-01 3.848786354064941406e-01 -1.063362285494804382e-01 -9.601771831512451172e-02 -2.739580726623535156e+01 0.000000000000000000e+00 -1.134021580219268799e-02 0.000000000000000000e+00 5.000000000000000000e+01 0.000000000000000000e+00
4.257590472698211670e-01 3.848786354064941406e-01 -1.063362285494804382e-01 -9.601771831512451172e-02 -2.739580726623535156e+01 0.000000000000000000e+00 -1.134021580219268799e-02 0.000000000000000000e+00 5.000000000000000000e+01 0.000000000000000000e+00
4.257590472698211670e-01 3.848786354064941406e-01 -1.063362285494804382e-01 -9.601771831512451172e-02 -2.739580726623535156e+01 0.000000000000000000e+00 -1.134021580219268799e-02 0.000000000000000000e+00 5.000000000000000000e+01 0.000000000000000000e+00
4.257590472698211670e-01 3.848786354064941406e-01 -1.063362285494804382e-01 -9.601771831512451172e-02 -2.739580726623535156e+01 0.000000000000000000e+00 -1.134021580219268799e-02 0.000000000000000000e+00 5.000000000000000000e+01 0.000000000000000000e+00
4.257590472698211670e-01 3.848786354064941406e-01 -1.063362285494804382e-01 -9.601771831512451172e-02 -2.739580726623535156e+01 0.000000000000000000e+00 -1.134021580219268799e-02 0.000000000000000000e+00 5.000000000000000000e+01 0.000000000000000000e+00
4.257590472698211670e-01 3.848786354064941406e-01 -1.063362285494804382e-01 -9.601771831512451172e-02 -2.739580726623535156e+01 0.000000000000000000e+00 -1.134021580219268799e-02 0.000000000000000000e+00 5.000000000000000000e+01 0.000000000000000000e+00
4.257590472698211670e-01 3.848786354064941406e-01 -1.063362285494804382e-01 -9.601771831512451172e-02 -2.739580726623535156e+01 0.000000000000000000e+00 -1.134021580219268799e-02 0.000000000000000000e+00 5.000000000000000000e+01 0.000000000000000000e+00
4.257590472698211670e-01 3.848786354064941406e-01 -1.063362285494804382e-01 -9.601771831512451172e-02 -2.739580726623535156e+01 0.000000000000000000e+00 -1.134021580219268799e-02 0.000000000000000000e+00 5.000000000000000000e+01 0.000000000000000000e+00
4.257590472698211670e-01 3.848786354064941406e-01 -1.063362285494804382e-01 -9.601771831512451172e-02 -2.739580726623535156e+01 0.000000000000000000e+00 -1.134021580219268799e-02 0.000000000000000000e+00 5.000000000000000000e+01 0.000000000000000000e+00
4.257590472698211670e-01 3.848786354064941406e-01 -1.063362285494804382e-01 -9.601771831512451172e-02 -2.739580726623535156e+01 0.000000000000000000e+00 -1.134021580219268799e-02 0.000000000000000000e+00 5.000000000000000000e+01 0.000000000000000000e+00
4.257590472698211670e-01 3.848786354064941406e-01 -1.063362285494804382e-01 -9.601771831512451172e-02 -2.739580726623535156e+01 0.000000000000000000e+00 -1.134021580219268799e-02 0.000000000000000000e+00 5.000000000000000000e+01 0.000000000000000000e+00
4.257590472698211670e-01 3.848786354064941406e-01 -1.063362285494804382e-01 -9.601771831512451172e-02 -2.739580726623535156e+01 0.000000000000000000e+00 -1.134021580219268799e-02 0.000000000000000000e+00 5.000000000000000000e+01 0.000000000000000000e+00
4.257590472698211670e-01 3.848786354064941406e-01 -1.063362285494804382e-01 -9.601771831512451172e-02 -2.739580726623535156e+01 0.000000000000000000e+00 -1.134021580219268799e-02 0.000000000000000000e+00 5.000000000000000000e+01 0.000000000000000000e+00
4.257590472698211670e-01 3.848786354064941406e-01 -1.063362285494804382e-01 -9.601771831512451172e-02 -2.739580726623535156e+01 0.000000000000000000e+00 -1.134021580219268799e-02 0.000000000000000000e+00 5.000000000000000000e+01 0.000000000000000000e+00
4.257590472698211670e-01 3.848786354064941406e-01 -1.063362285494804382e-01 -9.601771831512451172e-02 -2.739580726623535156e+01 0.000000000000000000e+00 -1.134021580219268799e-02 0.000000000000000000e+00 5.000000000000000000e+01 0.000000000000000000e+00
4.257590472698211670e-01 3.848786354064941406e-01 -1.063362285494804382e-01 -9.601771831512451172e-02 -2.739580726623535156e+01 0.000000000000000000e+00 -1.134021580219268799e-02 0.000000000000000000e+00 5.000000000000000000e+01 0.000000000000000000e+00
4.257590472698211670e-01 3.848786354064941406e-01 -1.063362285494804382e-01 -9.601771831512451172e-02 -2.739580726623535156e+01 0.000000000000000000e+00 -1.134021580219268799e-02 0.000000000000000000e+00 5.000000000000000000e+01 0.000000000000000000e+00
4.257590472698211670e-01 3.848786354064941406e-01 -1.063362285494804382e-01 -9.601771831512451172e-02 -2.739580726623535156e+01 0.000000000000000000e+00 -1.134021580219268799e-02 0.000000000000000000e+00 5.000000000000000000e+01 0.000000000000000000e+00
4.257590472698211670e-01 3.848786354064941406e-01 -1.063362285494804382e-01 -9.601771831512451172e-02 -2.739580726623535156e+01 0.000000000000000000e+00 -1.134021580219268799e-02 0.000000000000000000e+00 5.000000000000000000e+01 0.000000000000000000e+00
4.257590472698211670e-01 3.848786354064941406e-01 -1.063362285494804382e-01 -9.601771831512451172e-02 -2.739580726623535156e+01 0.000000000000000000e+00 -1.134021580219268799e-02 0.000000000000000000e+00 5.000000000000000000e+01 0.000000000000000000e+00
4.257590472698211670e-01 3.848786354064941406e-01 -1.063362285494804382e-01 -9.601771831512451172e-02 -2.739580726623535156e+01 0.000000000000000000e+00 -1.134021580219268799e-02 0.000000000000000000e+00 5.000000000000000000e+01 0.000000000000000000e+00
4.257590472698211670e-01 3.848786354064941406e-01 -1.063362285494804382e-01 -9.601771831512451172e-02 -2.739580726623535156e+01 0.000000000000000000e+00 -1.134021580219268799e-02 0.000000000000000000e+00 5.000000000000000000e+01 0.000000000000000000e+00
4.257590472698211670e-01 3.848786354064941406e-01 -1.063362285494804382e-01 -9.601771831512451172e-02 -2.739580726623535156e+01 0.000000000000000000e+00 -1.134021580219268799e-02 0.000000000000000000e+00 5.000000000000000000e+01 0.000000000000000000e+00
4.257590472698211670e-01 3.848786354064941406e-01 -1.063362285494804382e-01 -9.601771831512451172e-02 -2.739580726623535156e+01 0.000000000000000000e+00 -1.134021580219268799e-02 0.000000000000000000e+00 5.000000000000000000e+01 0.000000000000000000e+00
4.257590472698211670e-01 3.848786354064941406e-01 -1.063362285494804382e-01 -9.601771831512451172e-02 -2.739580726623535156e+01 0.000000000000000000e+00 -1.134021580219268799e-02 0.000000000000000000e+00 5.000000000000000000e+01 0.000000000000000000e+00
4.257590472698211670e-01 3.848786354064941406e-01 -1.063362285494804382e-01 -9.601771831512451172e-02 -2.739580726623535156e+01 0.000000000000000000e+00 -1.134021580219268799e-02 0.000000000000000000e+00 5.000000000000000000e+01 0.000000000000000000e+00
4.257590472698211670e-01 3.848786354064941406e-01 -1.063362285494804382e-01 -9.601771831512451172e-02 -2.739580726623535156e+01 0.000000000000000000e+00 -1.134021580219268799e-02 0.000000000000000000e+00 5.000000000000000000e+01 0.000000000000000000e+00
4.257590472698211670e-01 3.848786354064941406e-01 -1.063362285494804382e-01 -9.601771831512451172e-02 -2.739580726623535156e+01 0.000000000000000000e+00 -1.134021580219268799e-02 0.000000000000000000e+00 5.000000000000000000e+01 0.000000000000000000e+00
4.257590472698211670e-01 3.848786354064941406e-01 -1.063362285494804382e-01 -9.601771831512451172e-02 -2.739580726623535156e+01 0.000000000000000000e+00 -1.134021580219268799e-02 0.000000000000000000e+00 5.000000000000000000e+01 0.000000000000000000e+00
4.257590472698211670e-01 3.848786354064941406e-01 -1.063362285494804382e-01 -9.601771831512451172e-02 -2.739580726623535156e+01 0.000000000000000000e+00 -1.134021580219268799e-02 0.000000000000000000e+00 5.000000000000000000e+01 0.000000000000000000e+00
4.257590472698211670e-01 3.848786354064941406e-01 -1.063362285494804382e-01 -9.601771831512451172e-02 -2.739580726623535156e+01 0.000000000000000000e+00 -1.134021580219268799e-02 0.000000000000000000e+00 5.000000000000000000e+01 0.000000000000000000e+00
4.257590472698211670e-01 3.848786354064941406e-01 -1.063362285494804382e-01 -9.601771831512451172e-02 -2.739580726623535156e+01 0.000000000000000000e+00 -1.134021580219268799e-02 0.000000000000000000e+00 5.000000000000000000e+01 0.000000000000000000e+00
4.257590472698211670e-01 3.848786354064941406e-01 -1.063362285494804382e-01 -9.601771831512451172e-02 -2.739580726623535156e+01 0.000000000000000000e+00 -1.134021580219268799e-02 0.000000000000000000e+00 5.000000000000000000e+01 0.000000000000000000e+00
4.257590472698211670e-01 3.848786354064941406e-01 -1.063362285494804382e-01 -9.601771831512451172e-02 -2.739580726623535156e+01 0.000000000000000000e+00 -1.134021580219268799e-02 0.000000000000000000e+00 5.000000000000000000e+01 0.000000000000000000e+00
4.257590472698211670e-01 3.848786354064941406e-01 -1.063362285494804382e-01 -9.601771831512451172e-02 -2.739580726623535156e+01 0.000000000000000000e+00 -1.134021580219268799e-02 0.000000000000000000e+00 5.000000000000000000e+01 0.000000000000000000e+00
4.257590472698211670e-01 3.848786354064941406e-01 -1.063362285494804382e-01 -9.601771831512451172e-02 -2.739580726623535156e+01 0.000000000000000000e+00 -1.134021580219268799e-02 0.000000000000000000e+00 5.000000000000000000e+01 0.000000000000000000e+00
4.257590472698211670e-01 3.848786354064941406e-01 -1.063362285494804382e-01 -9.601771831512451172e-02 -2.739580726623535156e+01 0.000000000000000000e+00 -1.134021580219268799e-02 0.000000000000000000e+00 5.000000000000000000e+01 0.000000000000000000e+00
4.257590472698211670e-01 3.848786354064941406e-01 -1.063362285494804382e-01 -9.601771831512451172e-02 -2.739580726623535156e+01 0.000000000000000000e+00 -1.134021580219268799e-02 0.000000000000000000e+00 5.000000000000000000e+01 0.000000000000000000e+00
4.257590472698211670e-01 3.848786354064941406e-01 -1.063362285494804382e-01 -9.601771831512451172e-02 -2.739580726623535156e+01 0.000000000000000000e+00 -1.134021580219268799e-02 0.000000000000000000e+00 5.000000000000000000e+01 0.000000000000000000e+00
4.257590472698211670e-01 3.848786354064941406e-01 -1.063362285494804382e-01 -9.601771831512451172e-02 -2.739580726623535156e+01 0.000000000000000000e+00 -1.134021580219268799e-02 0.000000000000000000e+00 5.000000000000000000e+01 0.000000000000000000e+00
4.257590472698211670e-01 3.848786354064941406e-01 -1.063362285494804382e-01 -9.601771831512451172e-02 -2.739580726623535156e+01 0.000000000000000000e+00 -1.134021580219268799e-02 0.000000000000000000e+00 5.000000000000000000e+01 0.000000000000000000e+00
4.257590472698211670e-01 3.848786354064941406e-01 -1.063362285494804382e-01 -9.601771831512451172e-02 -2.739580726623535156e+01 0.000000000000000000e+00 -1.134021580219268799e-02 0.000000000000000000e+00 5.000000000000000000e+01 0.000000000000000000e+00
4.257590472698211670e-01 3.848786354064941406e-01 -1.063362285494804382e-01 -9.601771831512451172e-02 -2.739580726623535156e+01 0.000000000000000000e+00 -1.134021580219268799e-02 0.000000000000000000e+00 5.000000000000000000e+01 0.000000000000000000e+00
4.257590472698211670e-01 3.848786354064941406e-01 -1.063362285494804382e-01 -9.601771831512451172e-02 -2.739580726623535156e+01 0.000000000000000000e+00 -1.134021580219268799e-02 0.000000000000000000e+00 5.000000000000000000e+01 0.000000000000000000e+00
4.257590472698211670e-01 3.848786354064941406e-01 -1.063362285494804382e-01 -9.601771831512451172e-02 -2.739580726623535156e+01 0.000000000000000000e+00 -1.134021580219268799e-02 0.000000000000000000e+00 5.000000000000000000e+01 0.000000000000000000e+00
4.257590472698211670e-01 3.848786354064941406e-01 -1.063362285494804382e-01 -9.601771831512451172e-02 -2.739580726623535156e+01 0.000000000000000000e+00 -1.134021580219268799e-02 0.000000000000000000e+00 5.000000000000000000e+01 0.000000000000000000e+00
