4.453803300857543945e-01 3.131125271320343018e-01 -3.573002815246582031e-01 -2.969771921634674072e-01 -1.175058898925781250e+02 -9.334729003906250000e+01 -4.864036664366722107e-02 -9.702976793050765991e-02 2.850000000000000000e+02 2.350000000000000000e+02
4.453803300857543945e-01 3.046937584877014160e-01 -3.732238411903381348e-01 -3.158796131610870361e-01 -9.718708801269531250e+01 -7.302849578857421875e+01 -4.022960737347602844e-02 -7.590941339731216431e-02 2.320000000000000000e+02 1.820000000000000000e+02
4.453803300857543945e-01 3.058016002178192139e-01 -3.709887266159057617e-01 -3.133922219276428223e-01 -9.396556091308593750e+01 -6.980696105957031250e+01 -3.889608755707740784e-02 -7.256078720092773438e-02 2.230000000000000000e+02 1.730000000000000000e+02
4.453803300857543945e-01 3.040350377559661865e-01 -3.744542896747589111e-01 -3.173586428165435791e-01 -9.269475555419921875e+01 -6.853616333007812500e+01 -3.837005048990249634e-02 -7.123985886573791504e-02 2.190000000000000000e+02 1.690000000000000000e+02
4.453803300857543945e-01 3.048562407493591309e-01 -3.711702525615692139e-01 -3.155148029327392578e-01 -9.112670135498046875e+01 -6.696810913085937500e+01 -3.772097080945968628e-02 -6.960994750261306763e-02 2.130000000000000000e+02 1.630000000000000000e+02
4.453803300857543945e-01 3.067079186439514160e-01 -3.664404451847076416e-01 -3.113572895526885986e-01 -8.977341461181640625e+01 -6.561482238769531250e+01 -3.716079145669937134e-02 -6.820327788591384888e-02 2.110000000000000000e+02 1.610000000000000000e+02
4.453803300857543945e-01 3.053851127624511719e-01 -3.698478341102600098e-01 -3.143273591995239258e-01 -8.896294403076171875e+01 -6.480434417724609375e+01 -3.682530671358108521e-02 -6.736082583665847778e-02 2.090000000000000000e+02 1.590000000000000000e+02
4.453803300857543945e-01 3.135494291782379150e-01 -3.523705303668975830e-01 -2.959962487220764160e-01 -8.820269012451171875e+01 -6.404409027099609375e+01 -3.651060536503791809e-02 -6.657058000564575195e-02 2.070000000000000000e+02 1.570000000000000000e+02
4.453803300857543945e-01 3.129012882709503174e-01 -3.536604344844818115e-01 -2.974514961242675781e-01 -8.805973815917968750e+01 -6.390114212036132812e+01 -3.645143285393714905e-02 -6.642199307680130005e-02 2.060000000000000000e+02 1.560000000000000000e+02
4.453803300857543945e-01 3.143379092216491699e-01 -3.504896163940429688e-01 -2.942258715629577637e-01 -8.697994232177734375e+01 -6.282134246826171875e+01 -3.600446134805679321e-02 -6.529959291219711304e-02 2.030000000000000000e+02 1.530000000000000000e+02
4.453803300857543945e-01 3.143605589866638184e-01 -3.504299819469451904e-01 -2.941750288009643555e-01 -8.606686401367187500e+01 -6.190826416015625000e+01 -3.562650457024574280e-02 -6.435049325227737427e-02 2.010000000000000000e+02 1.510000000000000000e+02
4.453803300857543945e-01 3.281663358211517334e-01 -3.176332712173461914e-01 -2.631773054599761963e-01 -7.936711883544921875e+01 -5.520851898193359375e+01 -3.285321220755577087e-02 -5.738645046949386597e-02 1.870000000000000000e+02 1.370000000000000000e+02
4.453803300857543945e-01 3.325566053390502930e-01 -3.061597645282745361e-01 -2.533199489116668701e-01 -7.419827270507812500e+01 -5.003967285156250000e+01 -3.071361966431140900e-02 -5.201369896531105042e-02 1.780000000000000000e+02 1.280000000000000000e+02
4.453803300857543945e-01 3.383316993713378906e-01 -2.942966520786285400e-01 -2.403533011674880981e-01 -6.754525756835937500e+01 -4.338665771484375000e+01 -2.795967273414134979e-02 -4.509822651743888855e-02 1.680000000000000000e+02 1.180000000000000000e+02
4.453803300857543945e-01 3.453440070152282715e-01 -2.733885049819946289e-01 -2.246087640523910522e-01 -6.438572692871093750e+01 -4.022713088989257812e+01 -2.665181644260883331e-02 -4.181405901908874512e-02 1.610000000000000000e+02 1.110000000000000000e+02
4.453803300857543945e-01 3.490156531333923340e-01 -2.640605568885803223e-01 -2.163649201393127441e-01 -6.212110900878906250e+01 -3.796250915527343750e+01 -2.571440115571022034e-02 -3.946010023355484009e-02 1.570000000000000000e+02 1.070000000000000000e+02
4.453803300857543945e-01 3.503507077693939209e-01 -2.599370777606964111e-01 -2.133673578500747681e-01 -6.053129577636718750e+01 -3.637269592285156250e+01 -2.505631372332572937e-02 -3.780756890773773193e-02 1.530000000000000000e+02 1.030000000000000000e+02
4.453803300857543945e-01 3.598160147666931152e-01 -2.350956499576568604e-01 -1.921151578426361084e-01 -5.929884719848632812e+01 -3.514025115966796875e+01 -2.454615384340286255e-02 -3.652650490403175354e-02 1.510000000000000000e+02 1.010000000000000000e+02
4.453803300857543945e-01 3.631846904754638672e-01 -2.277004569768905640e-01 -1.845515668392181396e-01 -5.443674468994140625e+01 -3.027814865112304688e+01 -2.253353595733642578e-02 -3.147259727120399475e-02 1.430000000000000000e+02 9.300000000000000000e+01
4.453803300857543945e-01 3.626098036766052246e-01 -2.287769019603729248e-01 -1.858423501253128052e-01 -5.122153472900390625e+01 -2.706293869018554688e+01 -2.120263315737247467e-02 -2.813054993748664856e-02 1.350000000000000000e+02 8.500000000000000000e+01
4.453803300857543945e-01 3.711991012096405029e-01 -2.011082470417022705e-01 -1.665570437908172607e-01 -4.092917633056640625e+01 -1.677057647705078125e+01 -1.694221608340740204e-02 -1.743216253817081451e-02 1.110000000000000000e+02 6.100000000000000000e+01
4.453803300857543945e-01 3.795028626918792725e-01 -1.800251901149749756e-01 -1.479128301143646240e-01 -3.491446685791015625e+01 -1.075586891174316406e+01 -1.445248816162347794e-02 -1.118017919361591339e-02 9.400000000000000000e+01 4.400000000000000000e+01
4.453803300857543945e-01 3.809053599834442139e-01 -1.749552339315414429e-01 -1.447638422250747681e-01 -3.413467788696289062e+01 -9.976078033447265625e+00 -1.412970293313264847e-02 -1.036962680518627167e-02 9.100000000000000000e+01 4.100000000000000000e+01
4.453803300857543945e-01 3.733392357826232910e-01 -1.855761706829071045e-01 -1.617518514394760132e-01 -3.252257156372070312e+01 -8.363973617553710938e+00 -1.346238795667886734e-02 -8.693926036357879639e-03 8.700000000000000000e+01 3.700000000000000000e+01
4.453803300857543945e-01 3.867687880992889404e-01 -1.536052823066711426e-01 -1.315988600254058838e-01 -3.207147216796875000e+01 -7.912871360778808594e+00 -1.327565964311361313e-02 -8.225027471780776978e-03 8.400000000000000000e+01 3.400000000000000000e+01
4.453803300857543945e-01 4.035202562808990479e-01 -1.200552433729171753e-01 -9.398725628852844238e-02 -3.071560096740722656e+01 -6.557002067565917969e+00 -1.271441020071506500e-02 -6.815670523792505264e-03 8.200000000000000000e+01 3.200000000000000000e+01
4.453803300857543945e-01 3.894197344779968262e-01 -1.512710005044937134e-01 -1.256467550992965698e-01 -3.037690353393554688e+01 -6.218303680419921875e+00 -1.257420983165502548e-02 -6.463611032813787460e-03 8.000000000000000000e+01 3.000000000000000000e+01
4.453803300857543945e-01 3.922574520111083984e-01 -1.460447311401367188e-01 -1.192753091454505920e-01 -2.960449981689453125e+01 -5.445900917053222656e+00 -1.225448120385408401e-02 -5.660737399011850357e-03 7.900000000000000000e+01 2.900000000000000000e+01
4.453803300857543945e-01 3.874075710773468018e-01 -1.571181714534759521e-01 -1.301646083593368530e-01 -2.886704635620117188e+01 -4.708446502685546875e+00 -1.194921974092721939e-02 -4.894190933555364609e-03 7.600000000000000000e+01 2.600000000000000000e+01
4.453803300857543945e-01 3.957363367080688477e-01 -1.315238624811172485e-01 -1.114642694592475891e-01 -2.690956115722656250e+01 -2.750961542129516602e+00 -1.113893929868936539e-02 -2.859484869986772537e-03 6.800000000000000000e+01 1.800000000000000000e+01
4.453803300857543945e-01 3.895110189914703369e-01 -1.408253759145736694e-01 -1.254418045282363892e-01 -2.559943771362304688e+01 -1.440841197967529297e+00 -1.059662643820047379e-02 -1.497681252658367157e-03 6.200000000000000000e+01 1.200000000000000000e+01
4.453803300857543945e-01 3.640194237232208252e-01 -1.926361769437789917e-01 -1.826773732900619507e-01 -2.462428283691406250e+01 -4.656841754913330078e-01 -1.019297167658805847e-02 -4.840550536755472422e-04 5.600000000000000000e+01 6.000000000000000000e+00
4.453803300857543945e-01 3.640194237232208252e-01 -1.926361769437789917e-01 -1.826773732900619507e-01 -2.462428283691406250e+01 -4.656841754913330078e-01 -1.019297167658805847e-02 -4.840550536755472422e-04 5.600000000000000000e+01 6.000000000000000000e+00
4.453803300857543945e-01 3.649232387542724609e-01 -1.902671754360198975e-01 -1.806480586528778076e-01 -2.454996871948242188e+01 -3.913711905479431152e-01 -1.016221009194850922e-02 -4.068104608450084925e-04 5.500000000000000000e+01 5.000000000000000000e+00
4.453803300857543945e-01 3.645660281181335449e-01 -1.911465376615524292e-01 -1.814500987529754639e-01 -2.449389648437500000e+01 -3.352988958358764648e-01 -1.013899967074394226e-02 -3.485261695459485054e-04 5.400000000000000000e+01 4.000000000000000000e+00
4.453803300857543945e-01 3.771856725215911865e-01 -1.665097028017044067e-01 -1.531155556440353394e-01 -2.429479217529296875e+01 -1.361928582191467285e-01 -1.005658227950334549e-02 -1.415655569871887565e-04 5.300000000000000000e+01 3.000000000000000000e+00
4.453803300857543945e-01 3.771856725215911865e-01 -1.665097028017044067e-01 -1.531155556440353394e-01 -2.429479217529296875e+01 -1.361928582191467285e-01 -1.005658227950334549e-02 -1.415655569871887565e-04 5.300000000000000000e+01 3.000000000000000000e+00
4.453803300857543945e-01 3.732562661170959473e-01 -1.762227267026901245e-01 -1.619381457567214966e-01 -2.420732498168945312e+01 -4.872697591781616211e-02 -1.002037618309259415e-02 -5.064921788289211690e-05 5.100000000000000000e+01 1.000000000000000000e+00
4.453803300857543945e-01 3.757081627845764160e-01 -1.713586896657943726e-01 -1.564329713582992554e-01 -2.415859794616699219e+01 0.000000000000000000e+00 -1.000020559877157211e-02 0.000000000000000000e+00 5.000000000000000000e+01 0.000000000000000000e+00
4.453803300857543945e-01 3.757081627845764160e-01 -1.713586896657943726e-01 -1.564329713582992554e-01 -2.415859794616699219e+01 0.000000000000000000e+00 -1.000020559877157211e-02 0.000000000000000000e+00 5.000000000000000000e+01 0.000000000000000000e+00
4.453803300857543945e-01 3.757081627845764160e-01 -1.713586896657943726e-01 -1.564329713582992554e-01 -2.415859794616699219e+01 0.000000000000000000e+00 -1.000020559877157211e-02 0.000000000000000000e+00 5.000000000000000000e+01 0.000000000000000000e+00
4.453803300857543945e-01 3.757081627845764160e-01 -1.713586896657943726e-01 -1.564329713582992554e-01 -2.415859794616699219e+01 0.000000000000000000e+00 -1.000020559877157211e-02 0.000000000000000000e+00 5.000000000000000000e+01 0.000000000000000000e+00
4.453803300857543945e-01 3.757081627845764160e-01 -1.713586896657943726e-01 -1.564329713582992554e-01 -2.415859794616699219e+01 0.000000000000000000e+00 -1.000020559877157211e-02 0.000000000000000000e+00 5.000000000000000000e+01 0.000000000000000000e+00
4.453803300857543945e-01 3.757081627845764160e-01 -1.713586896657943726e-01 -1.564329713582992554e-01 -2.415859794616699219e+01 0.000000000000000000e+00 -1.000020559877157211e-02 0.000000000000000000e+00 5.000000000000000000e+01 0.000000000000000000e+00
4.453803300857543945e-01 3.757081627845764160e-01 -1.713586896657943726e-01 -1.564329713582992554e-01 -2.415859794616699219e+01 0.000000000000000000e+00 -1.000020559877157211e-02 0.000000000000000000e+00 5.000000000000000000e+01 0.000000000000000000e+00
4.453803300857543945e-01 3.757081627845764160e-01 -1.713586896657943726e-01 -1.564329713582992554e-01 -2.415859794616699219e+01 0.000000000000000000e+00 -1.000020559877157211e-02 0.000000000000000000e+00 5.000000000000000000e+01 0.000000000000000000e+00
4.453803300857543945e-01 3.757081627845764160e-01 -1.713586896657943726e-01 -1.564329713582992554e-01 -2.415859794616699219e+01 0.000000000000000000e+00 -1.000020559877157211e-02 0.000000000000000000e+00 5.000000000000000000e+01 0.000000000000000000e+00
4.453803300857543945e-01 3.757081627845764160e-01 -1.713586896657943726e-01 -1.564329713582992554e-01 -2.415859794616699219e+01 0.000000000000000000e+00 -1.000020559877157211e-02 0.000000000000000000e+00 5.000000000000000000e+01 0.000000000000000000e+00
4.453803300857543945e-01 3.757081627845764160e-01 -1.713586896657943726e-01 -1.564329713582992554e-01 -2.415859794616699219e+01 0.000000000000000000e+00 -1.000020559877157211e-02 0.000000000000000000e+00 5.000000000000000000e+01 0.000000000000000000e+00
4.453803300857543945e-01 3.757081627845764160e-01 -1.713586896657943726e-01 -1.564329713582992554e-01 -2.415859794616699219e+01 0.000000000000000000e+00 -1.000020559877157211e-02 0.000000000000000000e+00 5.000000000000000000e+01 0.000000000000000000e+00
4.453803300857543945e-01 3.757081627845764160e-01 -1.713586896657943726e-01 -1.564329713582992554e-01 -2.415859794616699219e+01 0.000000000000000000e+00 -1.000020559877157211e-02 0.000000000000000000e+00 5.000000000000000000e+01 0.000000000000000000e+00
4.453803300857543945e-01 3.757081627845764160e-01 -1.713586896657943726e-01 -1.564329713582992554e-01 -2.415859794616699219e+01 0.000000000000000000e+00 -1.000020559877157211e-02 0.000000000000000000e+00 5.000000000000000000e+01 0.000000000000000000e+00
4.453803300857543945e-01 3.757081627845764160e-01 -1.713586896657943726e-01 -1.564329713582992554e-01 -2.415859794616699219e+01 0.000000000000000000e+00 -1.000020559877157211e-02 0.000000000000000000e+00 5.000000000000000000e+01 0.000000000000000000e+00
4.453803300857543945e-01 3.757081627845764160e-01 -1.713586896657943726e-01 -1.564329713582992554e-01 -2.415859794616699219e+01 0.000000000000000000e+00 -1.000020559877157211e-02 0.000000000000000000e+00 5.000000000000000000e+01 0.000000000000000000e+00
4.453803300857543945e-01 3.757081627845764160e-01 -1.713586896657943726e-01 -1.564329713582992554e-01 -2.415859794616699219e+01 0.000000000000000000e+00 -1.000020559877157211e-02 0.000000000000000000e+00 5.000000000000000000e+01 0.000000000000000000e+00
4.453803300857543945e-01 3.757081627845764160e-01 -1.713586896657943726e-01 -1.564329713582992554e-01 -2.415859794616699219e+01 0.000000000000000000e+00 -1.000020559877157211e-02 0.000000000000000000e+00 5.000000000000000000e+01 0.000000000000000000e+00
4.453803300857543945e-01 3.757081627845764160e-01 -1.713586896657943726e-01 -1.564329713582992554e-01 -2.415859794616699219e+01 0.000000000000000000e+00 -1.000020559877157211e-02 0.000000000000000000e+00 5.000000000000000000e+01 0.000000000000000000e+00
4.453803300857543945e-01 3.757081627845764160e-01 -1.713586896657943726e-01 -1.564329713582992554e-01 -2.415859794616699219e+01 0.000000000000000000e+00 -1.000020559877157211e-02 0.000000000000000000e+00 5.000000000000000000e+01 0.000000000000000000e+00
4.453803300857543945e-01 3.757081627845764160e-01 -1.713586896657943726e-01 -1.564329713582992554e-01 -2.415859794616699219e+01 0.000000000000000000e+00 -1.000020559877157211e-02 0.000000000000000000e+00 5.000000000000000000e+01 0.000000000000000000e+00
4.453803300857543945e-01 3.757081627845764160e-01 -1.713586896657943726e-01 -1.564329713582992554e-01 -2.415859794616699219e+01 0.000000000000000000e+00 -1.000020559877157211e-02 0.000000000000000000e+00 5.000000000000000000e+01 0.000000000000000000e+00
4.453803300857543945e-01 3.757081627845764160e-01 -1.713586896657943726e-01 -1.564329713582992554e-01 -2.415859794616699219e+01 0.000000000000000000e+00 -1.000020559877157211e-02 0.000000000000000000e+00 5.000000000000000000e+01 0.000000000000000000e+00
4.453803300857543945e-01 3.757081627845764160e-01 -1.713586896657943726e-01 -1.564329713582992554e-01 -2.415859794616699219e+01 0.000000000000000000e+00 -1.000020559877157211e-02 0.000000000000000000e+00 5.000000000000000000e+01 0.000000000000000000e+00
4.453803300857543945e-01 3.757081627845764160e-01 -1.713586896657943726e-01 -1.564329713582992554e-01 -2.415859794616699219e+01 0.000000000000000000e+00 -1.000020559877157211e-02 0.000000000000000000e+00 5.000000000000000000e+01 0.000000000000000000e+00
4.453803300857543945e-01 3.757081627845764160e-01 -1.713586896657943726e-01 -1.564329713582992554e-01 -2.415859794616699219e+01 0.000000000000000000e+00 -1.000020559877157211e-02 0.000000000000000000e+00 5.000000000000000000e+01 0.000000000000000000e+00
4.453803300857543945e-01 3.757081627845764160e-01 -1.713586896657943726e-01 -1.564329713582992554e-01 -2.415859794616699219e+01 0.000000000000000000e+00 -1.000020559877157211e-02 0.000000000000000000e+00 5.000000000000000000e+01 0.000000000000000000e+00
4.453803300857543945e-01 3.757081627845764160e-01 -1.713586896657943726e-01 -1.564329713582992554e-01 -2.415859794616699219e+01 0.000000000000000000e+00 -1.000020559877157211e-02 0.000000000000000000e+00 5.000000000000000000e+01 0.000000000000000000e+00
4.453803300857543945e-01 3.757081627845764160e-01 -1.713586896657943726e-01 -1.564329713582992554e-01 -2.415859794616699219e+01 0.000000000000000000e+00 -1.000020559877157211e-02 0.000000000000000000e+00 5.000000000000000000e+01 0.000000000000000000e+00
4.453803300857543945e-01 3.757081627845764160e-01 -1.713586896657943726e-01 -1.564329713582992554e-01 -2.415859794616699219e+01 0.000000000000000000e+00 -1.000020559877157211e-02 0.000000000000000000e+00 5.000000000000000000e+01 0.000000000000000000e+00
4.453803300857543945e-01 3.757081627845764160e-01 -1.713586896657943726e-01 -1.564329713582992554e-01 -2.415859794616699219e+01 0.000000000000000000e+00 -1.000020559877157211e-02 0.000000000000000000e+00 5.000000000000000000e+01 0.000000000000000000e+00
4.453803300857543945e-01 3.757081627845764160e-01 -1.713586896657943726e-01 -1.564329713582992554e-01 -2.415859794616699219e+01 0.000000000000000000e+00 -1.000020559877157211e-02 0.000000000000000000e+00 5.000000000000000000e+01 0.000000000000000000e+00
4.453803300857543945e-01 3.757081627845764160e-01 -1.713586896657943726e-01 -1.564329713582992554e-01 -2.415859794616699219e+01 0.000000000000000000e+00 -1.000020559877157211e-02 0.000000000000000000e+00 5.000000000000000000e+01 0.000000000000000000e+00
4.453803300857543945e-01 3.757081627845764160e-01 -1.713586896657943726e-01 -1.564329713582992554e-01 -2.415859794616699219e+01 0.000000000000000000e+00 -1.000020559877157211e-02 0.000000000000000000e+00 5.000000000000000000e+01 0.000000000000000000e+00
4.453803300857543945e-01 3.757081627845764160e-01 -1.713586896657943726e-01 -1.564329713582992554e-01 -2.415859794616699219e+01 0.000000000000000000e+00 -1.000020559877157211e-02 0.000000000000000000e+00 5.000000000000000000e+01 0.000000000000000000e+00
4.453803300857543945e-01 3.757081627845764160e-01 -1.713586896657943726e-01 -1.564329713582992554e-01 -2.415859794616699219e+01 0.000000000000000000e+00 -1.000020559877157211e-02 0.000000000000000000e+00 5.000000000000000000e+01 0.000000000000000000e+00
4.453803300857543945e-01 3.757081627845764160e-01 -1.713586896657943726e-01 -1.564329713582992554e-01 -2.415859794616699219e+01 0.000000000000000000e+00 -1.000020559877157211e-02 0.000000000000000000e+00 5.000000000000000000e+01 0.000000000000000000e+00
4.453803300857543945e-01 3.757081627845764160e-01 -1.713586896657943726e-01 -1.564329713582992554e-01 -2.415859794616699219e+01 0.000000000000000000e+00 -1.000020559877157211e-02 0.000000000000000000e+00 5.000000000000000000e+01 0.000000000000000000e+00
4.453803300857543945e-01 3.757081627845764160e-01 -1.713586896657943726e-01 -1.564329713582992554e-01 -2.415859794616699219e+01 0.000000000000000000e+00 -1.000020559877157211e-02 0.000000000000000000e+00 5.000000000000000000e+01 0.000000000000000000e+00
4.453803300857543945e-01 3.757081627845764160e-01 -1.713586896657943726e-01 -1.564329713582992554e-01 -2.415859794616699219e+01 0.000000000000000000e+00 -1.000020559877157211e-02 0.000000000000000000e+00 5.000000000000000000e+01 0.000000000000000000e+00
4.453803300857543945e-01 3.757081627845764160e-01 -1.713586896657943726e-01 -1.564329713582992554e-01 -2.415859794616699219e+01 0.000000000000000000e+00 -1.000020559877157211e-02 0.000000000000000000e+00 5.000000000000000000e+01 0.000000000000000000e+00
4.453803300857543945e-01 3.757081627845764160e-01 -1.713586896657943726e-01 -1.564329713582992554e-01 -2.415859794616699219e+01 0.000000000000000000e+00 -1.000020559877157211e-02 0.000000000000000000e+00 5.000000000000000000e+01 0.000000000000000000e+00
4.453803300857543945e-01 3.757081627845764160e-01 -1.713586896657943726e-01 -1.564329713582992554e-01 -2.415859794616699219e+01 0.000000000000000000e+00 -1.000020559877157211e-02 0.000000000000000000e+00 5.000000000000000000e+01 0.000000000000000000e+00
4.453803300857543945e-01 3.757081627845764160e-01 -1.713586896657943726e-01 -1.564329713582992554e-01 -2.415859794616699219e+01 0.000000000000000000e+00 -1.000020559877157211e-02 0.000000000000000000e+00 5.000000000000000000e+01 0.000000000000000000e+00
4.453803300857543945e-01 3.757081627845764160e-01 -1.713586896657943726e-01 -1.564329713582992554e-01 -2.415859794616699219e+01 0.000000000000000000e+00 -1.000020559877157211e-02 0.000000000000000000e+00 5.000000000000000000e+01 0.000000000000000000e+00
4.453803300857543945e-01 3.757081627845764160e-01 -1.713586896657943726e-01 -1.564329713582992554e-01 -2.415859794616699219e+01 0.000000000000000000e+00 -1.000020559877157211e-02 0.000000000000000000e+00 5.000000000000000000e+01 0.000000000000000000e+00
4.453803300857543945e-01 3.757081627845764160e-01 -1.713586896657943726e-01 -1.564329713582992554e-01 -2.415859794616699219e+01 0.000000000000000000e+00 -1.000020559877157211e-02 0.000000000000000000e+00 5.000000000000000000e+01 0.000000000000000000e+00
4.453803300857543945e-01 3.757081627845764160e-01 -1.713586896657943726e-01 -1.564329713582992554e-01 -2.415859794616699219e+01 0.000000000000000000e+00 -1.000020559877157211e-02 0.000000000000000000e+00 5.000000000000000000e+01 0.000000000000000000e+00
4.453803300857543945e-01 3.757081627845764160e-01 -1.713586896657943726e-01 -1.564329713582992554e-01 -2.415859794616699219e+01 0.000000000000000000e+00 -1.000020559877157211e-02 0.000000000000000000e+00 5.000000000000000000e+01 0.000000000000000000e+00
4.453803300857543945e-01 3.757081627845764160e-01 -1.713586896657943726e-01 -1.564329713582992554e-01 -2.415859794616699219e+01 0.000000000000000000e+00 -1.000020559877157211e-02 0.000000000000000000e+00 5.000000000000000000e+01 0.000000000000000000e+00
4.453803300857543945e-01 3.757081627845764160e-01 -1.713586896657943726e-01 -1.564329713582992554e-01 -2.415859794616699219e+01 0.000000000000000000e+00 -1.000020559877157211e-02 0.000000000000000000e+00 5.000000000000000000e+01 0.000000000000000000e+00
4.453803300857543945e-01 3.757081627845764160e-01 -1.713586896657943726e-01 -1.564329713582992554e-01 -2.415859794616699219e+01 0.000000000000000000e+00 -1.000020559877157211e-02 0.000000000000000000e+00 5.000000000000000000e+01 0.000000000000000000e+00
4.453803300857543945e-01 3.757081627845764160e-01 -1.713586896657943726e-01 -1.564329713582992554e-01 -2.415859794616699219e+01 0.000000000000000000e+00 -1.000020559877157211e-02 0.000000000000000000e+00 5.000000000000000000e+01 0.000000000000000000e+00
