4.765105247497558594e-01 3.546606004238128662e-01 -2.710490226745605469e-01 -2.557129859924316406e-01 -6.067082214355468750e+01 -2.605066680908203125e+01 -2.511406876146793365e-02 -3.399662673473358154e-02 1.120000000000000000e+02 6.200000000000000000e+01
4.765105247497558594e-01 3.582124710083007812e-01 -2.639385163784027100e-01 -2.482590526342391968e-01 -5.883890533447265625e+01 -2.421874809265136719e+01 -2.435576543211936951e-02 -3.160593658685684204e-02 1.070000000000000000e+02 5.700000000000000000e+01
4.765105247497558594e-01 3.604550063610076904e-01 -2.591837942600250244e-01 -2.435528934001922607e-01 -5.826838684082031250e+01 -2.364822578430175781e+01 -2.411960624158382416e-02 -3.086139447987079620e-02 1.050000000000000000e+02 5.500000000000000000e+01
4.765105247497558594e-01 3.623737394809722900e-01 -2.553806006908416748e-01 -2.395262569189071655e-01 -5.727718353271484375e+01 -2.265702819824218750e+01 -2.370930835604667664e-02 -2.956786192953586578e-02 1.020000000000000000e+02 5.200000000000000000e+01
4.765105247497558594e-01 3.623737394809722900e-01 -2.553806006908416748e-01 -2.395262569189071655e-01 -5.727718353271484375e+01 -2.265702819824218750e+01 -2.370930835604667664e-02 -2.956786192953586578e-02 1.020000000000000000e+02 5.200000000000000000e+01
4.765105247497558594e-01 3.587932586669921875e-01 -2.628866434097290039e-01 -2.470402270555496216e-01 -5.574787139892578125e+01 -2.112771415710449219e+01 -2.307626418769359589e-02 -2.757207863032817841e-02 9.900000000000000000e+01 4.900000000000000000e+01
4.765105247497558594e-01 3.587932586669921875e-01 -2.628866434097290039e-01 -2.470402270555496216e-01 -5.574787139892578125e+01 -2.112771415710449219e+01 -2.307626418769359589e-02 -2.757207863032817841e-02 9.900000000000000000e+01 4.900000000000000000e+01
4.765105247497558594e-01 3.595334887504577637e-01 -2.614522576332092285e-01 -2.454867810010910034e-01 -5.563534545898437500e+01 -2.101518630981445312e+01 -2.302968502044677734e-02 -2.742522768676280975e-02 9.800000000000000000e+01 4.800000000000000000e+01
4.765105247497558594e-01 3.595334887504577637e-01 -2.614522576332092285e-01 -2.454867810010910034e-01 -5.563534545898437500e+01 -2.101518630981445312e+01 -2.302968502044677734e-02 -2.742522768676280975e-02 9.800000000000000000e+01 4.800000000000000000e+01
4.765105247497558594e-01 3.595334887504577637e-01 -2.614522576332092285e-01 -2.454867810010910034e-01 -5.563534545898437500e+01 -2.101518630981445312e+01 -2.302968502044677734e-02 -2.742522768676280975e-02 9.800000000000000000e+01 4.800000000000000000e+01
4.765105247497558594e-01 3.591111600399017334e-01 -2.624024450778961182e-01 -2.463730722665786743e-01 -5.539491271972656250e+01 -2.077475357055664062e+01 -2.293016016483306885e-02 -2.711145766079425812e-02 9.700000000000000000e+01 4.700000000000000000e+01
4.765105247497558594e-01 3.630343973636627197e-01 -2.524970471858978271e-01 -2.381398081779479980e-01 -5.197447586059570312e+01 -1.735432052612304688e+01 -2.151430584490299225e-02 -2.264772541821002960e-02 9.000000000000000000e+01 4.000000000000000000e+01
4.765105247497558594e-01 3.748752474784851074e-01 -2.283397167921066284e-01 -2.132907360792160034e-01 -4.913081741333007812e+01 -1.451066112518310547e+01 -2.033720165491104126e-02 -1.893669553101062775e-02 8.400000000000000000e+01 3.400000000000000000e+01
4.765105247497558594e-01 3.748752474784851074e-01 -2.283397167921066284e-01 -2.132907360792160034e-01 -4.913081741333007812e+01 -1.451066112518310547e+01 -2.033720165491104126e-02 -1.893669553101062775e-02 8.400000000000000000e+01 3.400000000000000000e+01
4.765105247497558594e-01 3.749931156635284424e-01 -2.280245572328567505e-01 -2.130433768033981323e-01 -4.879384231567382812e+01 -1.417368507385253906e+01 -2.019771561026573181e-02 -1.849693432450294495e-02 8.300000000000000000e+01 3.300000000000000000e+01
4.765105247497558594e-01 3.786231875419616699e-01 -2.205490767955780029e-01 -2.054253369569778442e-01 -4.773265075683593750e+01 -1.311249732971191406e+01 -1.975844614207744598e-02 -1.711206510663032532e-02 8.100000000000000000e+01 3.100000000000000000e+01
4.765105247497558594e-01 3.786231875419616699e-01 -2.205490767955780029e-01 -2.054253369569778442e-01 -4.773265075683593750e+01 -1.311249732971191406e+01 -1.975844614207744598e-02 -1.711206510663032532e-02 8.100000000000000000e+01 3.100000000000000000e+01
4.765105247497558594e-01 3.833782970905303955e-01 -2.108594030141830444e-01 -1.954463124275207520e-01 -4.615000915527343750e+01 -1.152985477447509766e+01 -1.910332776606082916e-02 -1.504668500274419785e-02 7.900000000000000000e+01 2.900000000000000000e+01
4.765105247497558594e-01 3.867869973182678223e-01 -2.032354325056076050e-01 -1.882928609848022461e-01 -4.530042266845703125e+01 -1.068026542663574219e+01 -1.875164918601512909e-02 -1.393795385956764221e-02 7.700000000000000000e+01 2.700000000000000000e+01
4.765105247497558594e-01 3.867869973182678223e-01 -2.032354325056076050e-01 -1.882928609848022461e-01 -4.530042266845703125e+01 -1.068026542663574219e+01 -1.875164918601512909e-02 -1.393795385956764221e-02 7.700000000000000000e+01 2.700000000000000000e+01
4.765105247497558594e-01 3.950226604938507080e-01 -1.856096535921096802e-01 -1.710095852613449097e-01 -4.320525360107421875e+01 -8.585098266601562500e+00 -1.788437552750110626e-02 -1.120372023433446884e-02 7.200000000000000000e+01 2.200000000000000000e+01
4.765105247497558594e-01 4.013413786888122559e-01 -1.733554452657699585e-01 -1.577491760253906250e-01 -4.111138153076171875e+01 -6.491220951080322266e+00 -1.701763831079006195e-02 -8.471169508993625641e-03 6.700000000000000000e+01 1.700000000000000000e+01
4.765105247497558594e-01 4.014839828014373779e-01 -1.721135526895523071e-01 -1.574499160051345825e-01 -3.992417907714843750e+01 -5.304020881652832031e+00 -1.652620732784271240e-02 -6.921850610524415970e-03 6.300000000000000000e+01 1.300000000000000000e+01
4.765105247497558594e-01 3.982847630977630615e-01 -1.790157705545425415e-01 -1.641637682914733887e-01 -3.908171081542968750e+01 -4.461553573608398438e+00 -1.617747731506824493e-02 -5.822414066642522812e-03 6.200000000000000000e+01 1.200000000000000000e+01
4.765105247497558594e-01 4.180043339729309082e-01 -1.347032338380813599e-01 -1.227804794907569885e-01 -3.764519500732421875e+01 -3.025036573410034180e+00 -1.558284554630517960e-02 -3.947731573134660721e-03 5.900000000000000000e+01 9.000000000000000000e+00
4.765105247497558594e-01 4.160288572311401367e-01 -1.384103596210479736e-01 -1.269261986017227173e-01 -3.735578918457031250e+01 -2.735633850097656250e+00 -1.546304859220981598e-02 -3.570055356249213219e-03 5.800000000000000000e+01 8.000000000000000000e+00
4.765105247497558594e-01 4.204635620117187500e-01 -1.266503930091857910e-01 -1.176195666193962097e-01 -3.693735504150390625e+01 -2.317196846008300781e+00 -1.528984215110540390e-02 -3.023986937478184700e-03 5.700000000000000000e+01 7.000000000000000000e+00
4.765105247497558594e-01 4.230096638202667236e-01 -1.189145445823669434e-01 -1.122763454914093018e-01 -3.588542938232421875e+01 -1.265273809432983398e+00 -1.485440880060195923e-02 -1.651206985116004944e-03 5.500000000000000000e+01 5.000000000000000000e+00
4.765105247497558594e-01 4.301454424858093262e-01 -1.005139723420143127e-01 -9.730127453804016113e-02 -3.538712310791015625e+01 -7.669671177864074707e-01 -1.464813947677612305e-02 -1.000907039269804955e-03 5.400000000000000000e+01 4.000000000000000000e+00
4.765105247497558594e-01 4.392092823982238770e-01 -8.289348334074020386e-02 -7.827999442815780640e-02 -3.514912414550781250e+01 -5.289704799652099609e-01 -1.454962231218814850e-02 -6.903167814016342163e-04 5.200000000000000000e+01 2.000000000000000000e+00
4.765105247497558594e-01 4.567788839340209961e-01 -4.088376462459564209e-02 -4.140861332416534424e-02 -3.462015533447265625e+01 0.000000000000000000e+00 -1.433066092431545258e-02 0.000000000000000000e+00 5.000000000000000000e+01 0.000000000000000000e+00
4.765105247497558594e-01 4.567788839340209961e-01 -4.088376462459564209e-02 -4.140861332416534424e-02 -3.462015533447265625e+01 0.000000000000000000e+00 -1.433066092431545258e-02 0.000000000000000000e+00 5.000000000000000000e+01 0.000000000000000000e+00
4.765105247497558594e-01 4.567788839340209961e-01 -4.088376462459564209e-02 -4.140861332416534424e-02 -3.462015533447265625e+01 0.000000000000000000e+00 -1.433066092431545258e-02 0.000000000000000000e+00 5.000000000000000000e+01 0.000000000000000000e+00
4.765105247497558594e-01 4.567788839340209961e-01 -4.088376834988594055e-02 -4.140861332416534424e-02 -3.462015533447265625e+01 0.000000000000000000e+00 -1.433066092431545258e-02 0.000000000000000000e+00 5.000000000000000000e+01 0.000000000000000000e+00
4.765105247497558594e-01 4.567788839340209961e-01 -4.088376462459564209e-02 -4.140861332416534424e-02 -3.462015533447265625e+01 0.000000000000000000e+00 -1.433066092431545258e-02 0.000000000000000000e+00 5.000000000000000000e+01 0.000000000000000000e+00
4.765105247497558594e-01 4.567788839340209961e-01 -4.088376834988594055e-02 -4.140861332416534424e-02 -3.462015533447265625e+01 0.000000000000000000e+00 -1.433066092431545258e-02 0.000000000000000000e+00 5.000000000000000000e+01 0.000000000000000000e+00
4.765105247497558594e-01 4.567788839340209961e-01 -4.088376462459564209e-02 -4.140861332416534424e-02 -3.462015533447265625e+01 0.000000000000000000e+00 -1.433066092431545258e-02 0.000000000000000000e+00 5.000000000000000000e+01 0.000000000000000000e+00
4.765105247497558594e-01 4.567788839340209961e-01 -4.088376834988594055e-02 -4.140861332416534424e-02 -3.462015533447265625e+01 0.000000000000000000e+00 -1.433066092431545258e-02 0.000000000000000000e+00 5.000000000000000000e+01 0.000000000000000000e+00
4.765105247497558594e-01 4.567788839340209961e-01 -4.088376462459564209e-02 -4.140861332416534424e-02 -3.462015533447265625e+01 0.000000000000000000e+00 -1.433066092431545258e-02 0.000000000000000000e+00 5.000000000000000000e+01 0.000000000000000000e+00
4.765105247497558594e-01 4.567788839340209961e-01 -4.088376834988594055e-02 -4.140861332416534424e-02 -3.462015533447265625e+01 0.000000000000000000e+00 -1.433066092431545258e-02 0.000000000000000000e+00 5.000000000000000000e+01 0.000000000000000000e+00
4.765105247497558594e-01 4.567788839340209961e-01 -4.088376462459564209e-02 -4.140861332416534424e-02 -3.462015533447265625e+01 0.000000000000000000e+00 -1.433066092431545258e-02 0.000000000000000000e+00 5.000000000000000000e+01 0.000000000000000000e+00
4.765105247497558594e-01 4.567788839340209961e-01 -4.088376834988594055e-02 -4.140861332416534424e-02 -3.462015533447265625e+01 0.000000000000000000e+00 -1.433066092431545258e-02 0.000000000000000000e+00 5.000000000000000000e+01 0.000000000000000000e+00
4.765105247497558594e-01 4.567788839340209961e-01 -4.088376834988594055e-02 -4.140861332416534424e-02 -3.462015533447265625e+01 0.000000000000000000e+00 -1.433066092431545258e-02 0.000000000000000000e+00 5.000000000000000000e+01 0.000000000000000000e+00
4.765105247497558594e-01 4.567788839340209961e-01 -4.088376834988594055e-02 -4.140861332416534424e-02 -3.462015533447265625e+01 0.000000000000000000e+00 -1.433066092431545258e-02 0.000000000000000000e+00 5.000000000000000000e+01 0.000000000000000000e+00
4.765105247497558594e-01 4.567788839340209961e-01 -4.088376834988594055e-02 -4.140861332416534424e-02 -3.462015533447265625e+01 0.000000000000000000e+00 -1.433066092431545258e-02 0.000000000000000000e+00 5.000000000000000000e+01 0.000000000000000000e+00
4.765105247497558594e-01 4.567788839340209961e-01 -4.088376462459564209e-02 -4.140861332416534424e-02 -3.462015533447265625e+01 0.000000000000000000e+00 -1.433066092431545258e-02 0.000000000000000000e+00 5.000000000000000000e+01 0.000000000000000000e+00
4.765105247497558594e-01 4.567788839340209961e-01 -4.088376834988594055e-02 -4.140861332416534424e-02 -3.462015533447265625e+01 0.000000000000000000e+00 -1.433066092431545258e-02 0.000000000000000000e+00 5.000000000000000000e+01 0.000000000000000000e+00
4.765105247497558594e-01 4.567788839340209961e-01 -4.088376834988594055e-02 -4.140861332416534424e-02 -3.462015533447265625e+01 0.000000000000000000e+00 -1.433066092431545258e-02 0.000000000000000000e+00 5.000000000000000000e+01 0.000000000000000000e+00
4.765105247497558594e-01 4.567788839340209961e-01 -4.088376462459564209e-02 -4.140861332416534424e-02 -3.462015533447265625e+01 0.000000000000000000e+00 -1.433066092431545258e-02 0.000000000000000000e+00 5.000000000000000000e+01 0.000000000000000000e+00
4.765105247497558594e-01 4.567788839340209961e-01 -4.088376462459564209e-02 -4.140861332416534424e-02 -3.462015533447265625e+01 0.000000000000000000e+00 -1.433066092431545258e-02 0.000000000000000000e+00 5.000000000000000000e+01 0.000000000000000000e+00
4.765105247497558594e-01 4.567788839340209961e-01 -4.088376462459564209e-02 -4.140861332416534424e-02 -3.462015533447265625e+01 0.000000000000000000e+00 -1.433066092431545258e-02 0.000000000000000000e+00 5.000000000000000000e+01 0.000000000000000000e+00
4.765105247497558594e-01 4.567788839340209961e-01 -4.088376462459564209e-02 -4.140861332416534424e-02 -3.462015533447265625e+01 0.000000000000000000e+00 -1.433066092431545258e-02 0.000000000000000000e+00 5.000000000000000000e+01 0.000000000000000000e+00
4.765105247497558594e-01 4.567788839340209961e-01 -4.088376834988594055e-02 -4.140861332416534424e-02 -3.462015533447265625e+01 0.000000000000000000e+00 -1.433066092431545258e-02 0.000000000000000000e+00 5.000000000000000000e+01 0.000000000000000000e+00
4.765105247497558594e-01 4.567788839340209961e-01 -4.088376834988594055e-02 -4.140861332416534424e-02 -3.462015533447265625e+01 0.000000000000000000e+00 -1.433066092431545258e-02 0.000000000000000000e+00 5.000000000000000000e+01 0.000000000000000000e+00
4.765105247497558594e-01 4.567788839340209961e-01 -4.088376462459564209e-02 -4.140861332416534424e-02 -3.462015533447265625e+01 0.000000000000000000e+00 -1.433066092431545258e-02 0.000000000000000000e+00 5.000000000000000000e+01 0.000000000000000000e+00
4.765105247497558594e-01 4.567788839340209961e-01 -4.088376462459564209e-02 -4.140861332416534424e-02 -3.462015533447265625e+01 0.000000000000000000e+00 -1.433066092431545258e-02 0.000000000000000000e+00 5.000000000000000000e+01 0.000000000000000000e+00
4.765105247497558594e-01 4.567788839340209961e-01 -4.088376462459564209e-02 -4.140861332416534424e-02 -3.462015533447265625e+01 0.000000000000000000e+00 -1.433066092431545258e-02 0.000000000000000000e+00 5.000000000000000000e+01 0.000000000000000000e+00
4.765105247497558594e-01 4.567788839340209961e-01 -4.088376834988594055e-02 -4.140861332416534424e-02 -3.462015533447265625e+01 0.000000000000000000e+00 -1.433066092431545258e-02 0.000000000000000000e+00 5.000000000000000000e+01 0.000000000000000000e+00
4.765105247497558594e-01 4.567788839340209961e-01 -4.088376462459564209e-02 -4.140861332416534424e-02 -3.462015533447265625e+01 0.000000000000000000e+00 -1.433066092431545258e-02 0.000000000000000000e+00 5.000000000000000000e+01 0.000000000000000000e+00
4.765105247497558594e-01 4.567788839340209961e-01 -4.088376834988594055e-02 -4.140861332416534424e-02 -3.462015533447265625e+01 0.000000000000000000e+00 -1.433066092431545258e-02 0.000000000000000000e+00 5.000000000000000000e+01 0.000000000000000000e+00
4.765105247497558594e-01 4.567788839340209961e-01 -4.088376462459564209e-02 -4.140861332416534424e-02 -3.462015533447265625e+01 0.000000000000000000e+00 -1.433066092431545258e-02 0.000000000000000000e+00 5.000000000000000000e+01 0.000000000000000000e+00
4.765105247497558594e-01 4.567788839340209961e-01 -4.088376462459564209e-02 -4.140861332416534424e-02 -3.462015533447265625e+01 0.000000000000000000e+00 -1.433066092431545258e-02 0.000000000000000000e+00 5.000000000000000000e+01 0.000000000000000000e+00
4.765105247497558594e-01 4.567788839340209961e-01 -4.088376462459564209e-02 -4.140861332416534424e-02 -3.462015533447265625e+01 0.000000000000000000e+00 -1.433066092431545258e-02 0.000000000000000000e+00 5.000000000000000000e+01 0.000000000000000000e+00
4.765105247497558594e-01 4.567788839340209961e-01 -4.088376462459564209e-02 -4.140861332416534424e-02 -3.462015533447265625e+01 0.000000000000000000e+00 -1.433066092431545258e-02 0.000000000000000000e+00 5.000000000000000000e+01 0.000000000000000000e+00
4.765105247497558594e-01 4.567788839340209961e-01 -4.088376462459564209e-02 -4.140861332416534424e-02 -3.462015533447265625e+01 0.000000000000000000e+00 -1.433066092431545258e-02 0.000000000000000000e+00 5.000000000000000000e+01 0.000000000000000000e+00
4.765105247497558594e-01 4.567788839340209961e-01 -4.088376834988594055e-02 -4.140861332416534424e-02 -3.462015533447265625e+01 0.000000000000000000e+00 -1.433066092431545258e-02 0.000000000000000000e+00 5.000000000000000000e+01 0.000000000000000000e+00
4.765105247497558594e-01 4.567788839340209961e-01 -4.088376834988594055e-02 -4.140861332416534424e-02 -3.462015533447265625e+01 0.000000000000000000e+00 -1.433066092431545258e-02 0.000000000000000000e+00 5.000000000000000000e+01 0.000000000000000000e+00
4.765105247497558594e-01 4.567788839340209961e-01 -4.088376462459564209e-02 -4.140861332416534424e-02 -3.462015533447265625e+01 0.000000000000000000e+00 -1.433066092431545258e-02 0.000000000000000000e+00 5.000000000000000000e+01 0.000000000000000000e+00
4.765105247497558594e-01 4.567788839340209961e-01 -4.088376834988594055e-02 -4.140861332416534424e-02 -3.462015533447265625e+01 0.000000000000000000e+00 -1.433066092431545258e-02 0.000000000000000000e+00 5.000000000000000000e+01 0.000000000000000000e+00
4.765105247497558594e-01 4.567788839340209961e-01 -4.088376834988594055e-02 -4.140861332416534424e-02 -3.462015533447265625e+01 0.000000000000000000e+00 -1.433066092431545258e-02 0.000000000000000000e+00 5.000000000000000000e+01 0.000000000000000000e+00
4.765105247497558594e-01 4.567788839340209961e-01 -4.088376462459564209e-02 -4.140861332416534424e-02 -3.462015533447265625e+01 0.000000000000000000e+00 -1.433066092431545258e-02 0.000000000000000000e+00 5.000000000000000000e+01 0.000000000000000000e+00
4.765105247497558594e-01 4.567788839340209961e-01 -4.088376834988594055e-02 -4.140861332416534424e-02 -3.462015533447265625e+01 0.000000000000000000e+00 -1.433066092431545258e-02 0.000000000000000000e+00 5.000000000000000000e+01 0.000000000000000000e+00
4.765105247497558594e-01 4.567788839340209961e-01 -4.088376834988594055e-02 -4.140861332416534424e-02 -3.462015533447265625e+01 0.000000000000000000e+00 -1.433066092431545258e-02 0.000000000000000000e+00 5.000000000000000000e+01 0.000000000000000000e+00
4.765105247497558594e-01 4.567788839340209961e-01 -4.088376462459564209e-02 -4.140861332416534424e-02 -3.462015533447265625e+01 0.000000000000000000e+00 -1.433066092431545258e-02 0.000000000000000000e+00 5.000000000000000000e+01 0.000000000000000000e+00
4.765105247497558594e-01 4.567788839340209961e-01 -4.088376834988594055e-02 -4.140861332416534424e-02 -3.462015533447265625e+01 0.000000000000000000e+00 -1.433066092431545258e-02 0.000000000000000000e+00 5.000000000000000000e+01 0.000000000000000000e+00
4.765105247497558594e-01 4.567788839340209961e-01 -4.088376834988594055e-02 -4.140861332416534424e-02 -3.462015533447265625e+01 0.000000000000000000e+00 -1.433066092431545258e-02 0.000000000000000000e+00 5.000000000000000000e+01 0.000000000000000000e+00
4.765105247497558594e-01 4.567788839340209961e-01 -4.088376462459564209e-02 -4.140861332416534424e-02 -3.462015533447265625e+01 0.000000000000000000e+00 -1.433066092431545258e-02 0.000000000000000000e+00 5.000000000000000000e+01 0.000000000000000000e+00
4.765105247497558594e-01 4.567788839340209961e-01 -4.088376462459564209e-02 -4.140861332416534424e-02 -3.462015533447265625e+01 0.000000000000000000e+00 -1.433066092431545258e-02 0.000000000000000000e+00 5.000000000000000000e+01 0.000000000000000000e+00
4.765105247497558594e-01 4.567788839340209961e-01 -4.088376462459564209e-02 -4.140861332416534424e-02 -3.462015533447265625e+01 0.000000000000000000e+00 -1.433066092431545258e-02 0.000000000000000000e+00 5.000000000000000000e+01 0.000000000000000000e+00
4.765105247497558594e-01 4.567788839340209961e-01 -4.088376834988594055e-02 -4.140861332416534424e-02 -3.462015533447265625e+01 0.000000000000000000e+00 -1.433066092431545258e-02 0.000000000000000000e+00 5.000000000000000000e+01 0.000000000000000000e+00
4.765105247497558594e-01 4.567788839340209961e-01 -4.088376462459564209e-02 -4.140861332416534424e-02 -3.462015533447265625e+01 0.000000000000000000e+00 -1.433066092431545258e-02 0.000000000000000000e+00 5.000000000000000000e+01 0.000000000000000000e+00
4.765105247497558594e-01 4.567788839340209961e-01 -4.088376834988594055e-02 -4.140861332416534424e-02 -3.462015533447265625e+01 0.000000000000000000e+00 -1.433066092431545258e-02 0.000000000000000000e+00 5.000000000000000000e+01 0.000000000000000000e+00
4.765105247497558594e-01 4.567788839340209961e-01 -4.088376834988594055e-02 -4.140861332416534424e-02 -3.462015533447265625e+01 0.000000000000000000e+00 -1.433066092431545258e-02 0.000000000000000000e+00 5.000000000000000000e+01 0.000000000000000000e+00
4.765105247497558594e-01 4.567788839340209961e-01 -4.088376462459564209e-02 -4.140861332416534424e-02 -3.462015533447265625e+01 0.000000000000000000e+00 -1.433066092431545258e-02 0.000000000000000000e+00 5.000000000000000000e+01 0.000000000000000000e+00
4.765105247497558594e-01 4.567788839340209961e-01 -4.088376462459564209e-02 -4.140861332416534424e-02 -3.462015533447265625e+01 0.000000000000000000e+00 -1.433066092431545258e-02 0.000000000000000000e+00 5.000000000000000000e+01 0.000000000000000000e+00
4.765105247497558594e-01 4.567788839340209961e-01 -4.088376834988594055e-02 -4.140861332416534424e-02 -3.462015533447265625e+01 0.000000000000000000e+00 -1.433066092431545258e-02 0.000000000000000000e+00 5.000000000000000000e+01 0.000000000000000000e+00
4.765105247497558594e-01 4.567788839340209961e-01 -4.088376834988594055e-02 -4.140861332416534424e-02 -3.462015533447265625e+01 0.000000000000000000e+00 -1.433066092431545258e-02 0.000000000000000000e+00 5.000000000000000000e+01 0.000000000000000000e+00
4.765105247497558594e-01 4.567788839340209961e-01 -4.088376462459564209e-02 -4.140861332416534424e-02 -3.462015533447265625e+01 0.000000000000000000e+00 -1.433066092431545258e-02 0.000000000000000000e+00 5.000000000000000000e+01 0.000000000000000000e+00
4.765105247497558594e-01 4.567788839340209961e-01 -4.088376462459564209e-02 -4.140861332416534424e-02 -3.462015533447265625e+01 0.000000000000000000e+00 -1.433066092431545258e-02 0.000000000000000000e+00 5.000000000000000000e+01 0.000000000000000000e+00
4.765105247497558594e-01 4.567788839340209961e-01 -4.088376462459564209e-02 -4.140861332416534424e-02 -3.462015533447265625e+01 0.000000000000000000e+00 -1.433066092431545258e-02 0.000000000000000000e+00 5.000000000000000000e+01 0.000000000000000000e+00
4.765105247497558594e-01 4.567788839340209961e-01 -4.088376462459564209e-02 -4.140861332416534424e-02 -3.462015533447265625e+01 0.000000000000000000e+00 -1.433066092431545258e-02 0.000000000000000000e+00 5.000000000000000000e+01 0.000000000000000000e+00
