4.507146477699279785e-01 3.070273101329803467e-01 -3.268390595912933350e-01 -3.187988996505737305e-01 -7.196138000488281250e+01 -3.839614105224609375e+01 -2.978768199682235718e-02 -5.042182654142379761e-02 1.360000000000000000e+02 8.600000000000000000e+01
4.507146477699279785e-01 3.102881312370300293e-01 -3.204153478145599365e-01 -3.115641176700592041e-01 -5.975824356079101562e+01 -2.619299697875976562e+01 -2.473631687462329865e-02 -3.439665213227272034e-02 1.100000000000000000e+02 6.000000000000000000e+01
4.507146477699279785e-01 3.103615343570709229e-01 -3.202591538429260254e-01 -3.114012777805328369e-01 -5.887470626831054688e+01 -2.530946350097656250e+01 -2.437058649957180023e-02 -3.323639556765556335e-02 1.090000000000000000e+02 5.900000000000000000e+01
4.507146477699279785e-01 3.107730150222778320e-01 -3.194277584552764893e-01 -3.104883134365081787e-01 -5.859054565429687500e+01 -2.502529907226562500e+01 -2.425296045839786530e-02 -3.286323323845863342e-02 1.080000000000000000e+02 5.800000000000000000e+01
4.507146477699279785e-01 3.124277293682098389e-01 -3.157931566238403320e-01 -3.068169951438903809e-01 -5.719715499877929688e+01 -2.363190841674804688e+01 -2.367618121206760406e-02 -3.103343024849891663e-02 1.050000000000000000e+02 5.500000000000000000e+01
4.507146477699279785e-01 3.139351308345794678e-01 -3.124177157878875732e-01 -3.034725487232208252e-01 -5.650212097167968750e+01 -2.293687438964843750e+01 -2.338847890496253967e-02 -3.012071177363395691e-02 1.030000000000000000e+02 5.300000000000000000e+01
4.507146477699279785e-01 3.139351308345794678e-01 -3.124177157878875732e-01 -3.034725487232208252e-01 -5.650212097167968750e+01 -2.293687438964843750e+01 -2.338847890496253967e-02 -3.012071177363395691e-02 1.030000000000000000e+02 5.300000000000000000e+01
4.507146477699279785e-01 3.149190247058868408e-01 -3.102507591247558594e-01 -3.012895584106445312e-01 -5.511248016357421875e+01 -2.154723739624023438e+01 -2.281325124204158783e-02 -2.829584106802940369e-02 1.000000000000000000e+02 5.000000000000000000e+01
4.507146477699279785e-01 3.149190247058868408e-01 -3.102507591247558594e-01 -3.012895584106445312e-01 -5.511248016357421875e+01 -2.154723739624023438e+01 -2.281325124204158783e-02 -2.829584106802940369e-02 1.000000000000000000e+02 5.000000000000000000e+01
4.507146477699279785e-01 3.160260319709777832e-01 -3.080139160156250000e-01 -2.988334596157073975e-01 -5.492440795898437500e+01 -2.135916137695312500e+01 -2.273540012538433075e-02 -2.804885804653167725e-02 9.900000000000000000e+01 4.900000000000000000e+01
4.507146477699279785e-01 3.175859451293945312e-01 -3.038520216941833496e-01 -2.953724861145019531e-01 -5.450697326660156250e+01 -2.094173049926757812e+01 -2.256260626018047333e-02 -2.750068902969360352e-02 9.800000000000000000e+01 4.800000000000000000e+01
4.507146477699279785e-01 3.196480572223663330e-01 -2.994676828384399414e-01 -2.907972633838653564e-01 -5.287234497070312500e+01 -1.930710029602050781e+01 -2.188596874475479126e-02 -2.535409107804298401e-02 9.500000000000000000e+01 4.500000000000000000e+01
4.507146477699279785e-01 3.223823010921478271e-01 -2.938355207443237305e-01 -2.847308218479156494e-01 -5.179360198974609375e+01 -1.822835731506347656e+01 -2.143943496048450470e-02 -2.393748611211776733e-02 9.300000000000000000e+01 4.300000000000000000e+01
4.507146477699279785e-01 3.223823010921478271e-01 -2.938355207443237305e-01 -2.847308218479156494e-01 -5.179360198974609375e+01 -1.822835731506347656e+01 -2.143943496048450470e-02 -2.393748611211776733e-02 9.300000000000000000e+01 4.300000000000000000e+01
4.507146477699279785e-01 3.237861990928649902e-01 -2.902314066886901855e-01 -2.816159725189208984e-01 -5.038770675659179688e+01 -1.682246398925781250e+01 -2.085747942328453064e-02 -2.209126576781272888e-02 9.100000000000000000e+01 4.100000000000000000e+01
4.507146477699279785e-01 3.261061906814575195e-01 -2.844639122486114502e-01 -2.764686346054077148e-01 -4.887145614624023438e+01 -1.530621147155761719e+01 -2.022984251379966736e-02 -2.010012231767177582e-02 8.900000000000000000e+01 3.900000000000000000e+01
4.507146477699279785e-01 3.266165852546691895e-01 -2.833527922630310059e-01 -2.753362059593200684e-01 -4.805440139770507812e+01 -1.448915863037109375e+01 -1.989163085818290710e-02 -1.902716793119907379e-02 8.700000000000000000e+01 3.700000000000000000e+01
4.507146477699279785e-01 3.266165852546691895e-01 -2.833527922630310059e-01 -2.753362059593200684e-01 -4.805440139770507812e+01 -1.448915863037109375e+01 -1.989163085818290710e-02 -1.902716793119907379e-02 8.700000000000000000e+01 3.700000000000000000e+01
4.507146477699279785e-01 3.266165852546691895e-01 -2.833527922630310059e-01 -2.753362059593200684e-01 -4.805440139770507812e+01 -1.448915863037109375e+01 -1.989163085818290710e-02 -1.902716793119907379e-02 8.700000000000000000e+01 3.700000000000000000e+01
4.507146477699279785e-01 3.266165852546691895e-01 -2.833527922630310059e-01 -2.753362059593200684e-01 -4.805440139770507812e+01 -1.448915863037109375e+01 -1.989163085818290710e-02 -1.902716793119907379e-02 8.700000000000000000e+01 3.700000000000000000e+01
4.507146477699279785e-01 3.396281599998474121e-01 -2.530413866043090820e-01 -2.464674413204193115e-01 -4.519909667968750000e+01 -1.163385200500488281e+01 -1.870970614254474640e-02 -1.527757849544286728e-02 8.200000000000000000e+01 3.200000000000000000e+01
4.507146477699279785e-01 3.729321062564849854e-01 -1.754106879234313965e-01 -1.725760251283645630e-01 -3.882222747802734375e+01 -5.256980419158935547e+00 -1.607006601989269257e-02 -6.903468631207942963e-03 6.700000000000000000e+01 1.700000000000000000e+01
4.507146477699279785e-01 3.791274130344390869e-01 -1.611481010913848877e-01 -1.588305085897445679e-01 -3.748900604248046875e+01 -3.923763275146484375e+00 -1.551819313317537308e-02 -5.152687430381774902e-03 6.200000000000000000e+01 1.200000000000000000e+01
4.507146477699279785e-01 3.860201835632324219e-01 -1.435453742742538452e-01 -1.435375213623046875e-01 -3.676535034179687500e+01 -3.200108051300048828e+00 -1.521864254027605057e-02 -4.202383104711771011e-03 6.000000000000000000e+01 1.000000000000000000e+01
4.507146477699279785e-01 3.873670995235443115e-01 -1.388246119022369385e-01 -1.405491232872009277e-01 -3.506739425659179688e+01 -1.502149820327758789e+00 -1.451579108834266663e-02 -1.972623635083436966e-03 5.600000000000000000e+01 6.000000000000000000e+00
4.507146477699279785e-01 3.873670995235443115e-01 -1.388246119022369385e-01 -1.405491232872009277e-01 -3.506739425659179688e+01 -1.502149820327758789e+00 -1.451579108834266663e-02 -1.972623635083436966e-03 5.600000000000000000e+01 6.000000000000000000e+00
4.507146477699279785e-01 3.933978676795959473e-01 -1.227662637829780579e-01 -1.271686702966690063e-01 -3.473176193237304688e+01 -1.166516542434692383e+00 -1.437685918062925339e-02 -1.531869987957179546e-03 5.500000000000000000e+01 5.000000000000000000e+00
4.507146477699279785e-01 3.933978676795959473e-01 -1.227662637829780579e-01 -1.271686702966690063e-01 -3.473176193237304688e+01 -1.166516542434692383e+00 -1.437685918062925339e-02 -1.531869987957179546e-03 5.500000000000000000e+01 5.000000000000000000e+00
4.507146477699279785e-01 4.006748795509338379e-01 -1.054414138197898865e-01 -1.110231652855873108e-01 -3.403612518310546875e+01 -4.708788394927978516e-01 -1.408890821039676666e-02 -6.183582590892910957e-04 5.300000000000000000e+01 3.000000000000000000e+00
4.507146477699279785e-01 4.130250513553619385e-01 -7.792755216360092163e-02 -8.362185955047607422e-02 -3.356524658203125000e+01 0.000000000000000000e+00 -1.389399264007806778e-02 0.000000000000000000e+00 5.000000000000000000e+01 0.000000000000000000e+00
4.507146477699279785e-01 4.130250513553619385e-01 -7.792755216360092163e-02 -8.362185955047607422e-02 -3.356524658203125000e+01 0.000000000000000000e+00 -1.389399264007806778e-02 0.000000000000000000e+00 5.000000000000000000e+01 0.000000000000000000e+00
4.507146477699279785e-01 4.130250513553619385e-01 -7.792755216360092163e-02 -8.362185955047607422e-02 -3.356524658203125000e+01 0.000000000000000000e+00 -1.389399264007806778e-02 0.000000000000000000e+00 5.000000000000000000e+01 0.000000000000000000e+00
4.507146477699279785e-01 4.130250513553619385e-01 -7.792755216360092163e-02 -8.362185955047607422e-02 -3.356524658203125000e+01 0.000000000000000000e+00 -1.389399264007806778e-02 0.000000000000000000e+00 5.000000000000000000e+01 0.000000000000000000e+00
4.507146477699279785e-01 4.130250513553619385e-01 -7.792755216360092163e-02 -8.362185955047607422e-02 -3.356524658203125000e+01 0.000000000000000000e+00 -1.389399264007806778e-02 0.000000000000000000e+00 5.000000000000000000e+01 0.000000000000000000e+00
4.507146477699279785e-01 4.130250513553619385e-01 -7.792755216360092163e-02 -8.362185955047607422e-02 -3.356524658203125000e+01 0.000000000000000000e+00 -1.389399264007806778e-02 0.000000000000000000e+00 5.000000000000000000e+01 0.000000000000000000e+00
4.507146477699279785e-01 4.130250513553619385e-01 -7.792755216360092163e-02 -8.362185955047607422e-02 -3.356524658203125000e+01 0.000000000000000000e+00 -1.389399264007806778e-02 0.000000000000000000e+00 5.000000000000000000e+01 0.000000000000000000e+00
4.507146477699279785e-01 4.130250513553619385e-01 -7.792755216360092163e-02 -8.362185955047607422e-02 -3.356524658203125000e+01 0.000000000000000000e+00 -1.389399264007806778e-02 0.000000000000000000e+00 5.000000000000000000e+01 0.000000000000000000e+00
4.507146477699279785e-01 4.130250513553619385e-01 -7.792755216360092163e-02 -8.362185955047607422e-02 -3.356524658203125000e+01 0.000000000000000000e+00 -1.389399264007806778e-02 0.000000000000000000e+00 5.000000000000000000e+01 0.000000000000000000e+00
4.507146477699279785e-01 4.130250513553619385e-01 -7.792755216360092163e-02 -8.362185955047607422e-02 -3.356524658203125000e+01 0.000000000000000000e+00 -1.389399264007806778e-02 0.000000000000000000e+00 5.000000000000000000e+01 0.000000000000000000e+00
4.507146477699279785e-01 4.130250513553619385e-01 -7.792755216360092163e-02 -8.362185955047607422e-02 -3.356524658203125000e+01 0.000000000000000000e+00 -1.389399264007806778e-02 0.000000000000000000e+00 5.000000000000000000e+01 0.000000000000000000e+00
4.507146477699279785e-01 4.130250513553619385e-01 -7.792755216360092163e-02 -8.362185955047607422e-02 -3.356524658203125000e+01 0.000000000000000000e+00 -1.389399264007806778e-02 0.000000000000000000e+00 5.000000000000000000e+01 0.000000000000000000e+00
4.507146477699279785e-01 4.130250513553619385e-01 -7.792755216360092163e-02 -8.362185955047607422e-02 -3.356524658203125000e+01 0.000000000000000000e+00 -1.389399264007806778e-02 0.000000000000000000e+00 5.000000000000000000e+01 0.000000000000000000e+00
4.507146477699279785e-01 4.130250513553619385e-01 -7.792755216360092163e-02 -8.362185955047607422e-02 -3.356524658203125000e+01 0.000000000000000000e+00 -1.389399264007806778e-02 0.000000000000000000e+00 5.000000000000000000e+01 0.000000000000000000e+00
4.507146477699279785e-01 4.130250513553619385e-01 -7.792755216360092163e-02 -8.362185955047607422e-02 -3.356524658203125000e+01 0.000000000000000000e+00 -1.389399264007806778e-02 0.000000000000000000e+00 5.000000000000000000e+01 0.000000000000000000e+00
4.507146477699279785e-01 4.130250513553619385e-01 -7.792755216360092163e-02 -8.362185955047607422e-02 -3.356524658203125000e+01 0.000000000000000000e+00 -1.389399264007806778e-02 0.000000000000000000e+00 5.000000000000000000e+01 0.000000000000000000e+00
4.507146477699279785e-01 4.130250513553619385e-01 -7.792755216360092163e-02 -8.362185955047607422e-02 -3.356524658203125000e+01 0.000000000000000000e+00 -1.389399264007806778e-02 0.000000000000000000e+00 5.000000000000000000e+01 0.000000000000000000e+00
4.507146477699279785e-01 4.130250513553619385e-01 -7.792755216360092163e-02 -8.362185955047607422e-02 -3.356524658203125000e+01 0.000000000000000000e+00 -1.389399264007806778e-02 0.000000000000000000e+00 5.000000000000000000e+01 0.000000000000000000e+00
4.507146477699279785e-01 4.130250513553619385e-01 -7.792755216360092163e-02 -8.362185955047607422e-02 -3.356524658203125000e+01 0.000000000000000000e+00 -1.389399264007806778e-02 0.000000000000000000e+00 5.000000000000000000e+01 0.000000000000000000e+00
4.507146477699279785e-01 4.130250513553619385e-01 -7.792755216360092163e-02 -8.362185955047607422e-02 -3.356524658203125000e+01 0.000000000000000000e+00 -1.389399264007806778e-02 0.000000000000000000e+00 5.000000000000000000e+01 0.000000000000000000e+00
4.507146477699279785e-01 4.130250513553619385e-01 -7.792755216360092163e-02 -8.362185955047607422e-02 -3.356524658203125000e+01 0.000000000000000000e+00 -1.389399264007806778e-02 0.000000000000000000e+00 5.000000000000000000e+01 0.000000000000000000e+00
4.507146477699279785e-01 4.130250513553619385e-01 -7.792755216360092163e-02 -8.362185955047607422e-02 -3.356524658203125000e+01 0.000000000000000000e+00 -1.389399264007806778e-02 0.000000000000000000e+00 5.000000000000000000e+01 0.000000000000000000e+00
4.507146477699279785e-01 4.130250513553619385e-01 -7.792755216360092163e-02 -8.362185955047607422e-02 -3.356524658203125000e+01 0.000000000000000000e+00 -1.389399264007806778e-02 0.000000000000000000e+00 5.000000000000000000e+01 0.000000000000000000e+00
4.507146477699279785e-01 4.130250513553619385e-01 -7.792755216360092163e-02 -8.362185955047607422e-02 -3.356524658203125000e+01 0.000000000000000000e+00 -1.389399264007806778e-02 0.000000000000000000e+00 5.000000000000000000e+01 0.000000000000000000e+00
4.507146477699279785e-01 4.130250513553619385e-01 -7.792755216360092163e-02 -8.362185955047607422e-02 -3.356524658203125000e+01 0.000000000000000000e+00 -1.389399264007806778e-02 0.000000000000000000e+00 5.000000000000000000e+01 0.000000000000000000e+00
4.507146477699279785e-01 4.130250513553619385e-01 -7.792755216360092163e-02 -8.362185955047607422e-02 -3.356524658203125000e+01 0.000000000000000000e+00 -1.389399264007806778e-02 0.000000000000000000e+00 5.000000000000000000e+01 0.000000000000000000e+00
4.507146477699279785e-01 4.130250513553619385e-01 -7.792755216360092163e-02 -8.362185955047607422e-02 -3.356524658203125000e+01 0.000000000000000000e+00 -1.389399264007806778e-02 0.000000000000000000e+00 5.000000000000000000e+01 0.000000000000000000e+00
4.507146477699279785e-01 4.130250513553619385e-01 -7.792755216360092163e-02 -8.362185955047607422e-02 -3.356524658203125000e+01 0.000000000000000000e+00 -1.389399264007806778e-02 0.000000000000000000e+00 5.000000000000000000e+01 0.000000000000000000e+00
4.507146477699279785e-01 4.130250513553619385e-01 -7.792755216360092163e-02 -8.362185955047607422e-02 -3.356524658203125000e+01 0.000000000000000000e+00 -1.389399264007806778e-02 0.000000000000000000e+00 5.000000000000000000e+01 0.000000000000000000e+00
4.507146477699279785e-01 4.130250513553619385e-01 -7.792755216360092163e-02 -8.362185955047607422e-02 -3.356524658203125000e+01 0.000000000000000000e+00 -1.389399264007806778e-02 0.000000000000000000e+00 5.000000000000000000e+01 0.000000000000000000e+00
4.507146477699279785e-01 4.130250513553619385e-01 -7.792755216360092163e-02 -8.362185955047607422e-02 -3.356524658203125000e+01 0.000000000000000000e+00 -1.389399264007806778e-02 0.000000000000000000e+00 5.000000000000000000e+01 0.000000000000000000e+00
4.507146477699279785e-01 4.130250513553619385e-01 -7.792755216360092163e-02 -8.362185955047607422e-02 -3.356524658203125000e+01 0.000000000000000000e+00 -1.389399264007806778e-02 0.000000000000000000e+00 5.000000000000000000e+01 0.000000000000000000e+00
4.507146477699279785e-01 4.130250513553619385e-01 -7.792755216360092163e-02 -8.362185955047607422e-02 -3.356524658203125000e+01 0.000000000000000000e+00 -1.389399264007806778e-02 0.000000000000000000e+00 5.000000000000000000e+01 0.000000000000000000e+00
4.507146477699279785e-01 4.130250513553619385e-01 -7.792755216360092163e-02 -8.362185955047607422e-02 -3.356524658203125000e+01 0.000000000000000000e+00 -1.389399264007806778e-02 0.000000000000000000e+00 5.000000000000000000e+01 0.000000000000000000e+00
4.507146477699279785e-01 4.130250513553619385e-01 -7.792755216360092163e-02 -8.362185955047607422e-02 -3.356524658203125000e+01 0.000000000000000000e+00 -1.389399264007806778e-02 0.000000000000000000e+00 5.000000000000000000e+01 0.000000000000000000e+00
4.507146477699279785e-01 4.130250513553619385e-01 -7.792755216360092163e-02 -8.362185955047607422e-02 -3.356524658203125000e+01 0.000000000000000000e+00 -1.389399264007806778e-02 0.000000000000000000e+00 5.000000000000000000e+01 0.000000000000000000e+00
4.507146477699279785e-01 4.130250513553619385e-01 -7.792755216360092163e-02 -8.362185955047607422e-02 -3.356524658203125000e+01 0.000000000000000000e+00 -1.389399264007806778e-02 0.000000000000000000e+00 5.000000000000000000e+01 0.000000000000000000e+00
4.507146477699279785e-01 4.130250513553619385e-01 -7.792755216360092163e-02 -8.362185955047607422e-02 -3.356524658203125000e+01 0.000000000000000000e+00 -1.389399264007806778e-02 0.000000000000000000e+00 5.000000000000000000e+01 0.000000000000000000e+00
4.507146477699279785e-01 4.130250513553619385e-01 -7.792755216360092163e-02 -8.362185955047607422e-02 -3.356524658203125000e+01 0.000000000000000000e+00 -1.389399264007806778e-02 0.000000000000000000e+00 5.000000000000000000e+01 0.000000000000000000e+00
4.507146477699279785e-01 4.130250513553619385e-01 -7.792755216360092163e-02 -8.362185955047607422e-02 -3.356524658203125000e+01 0.000000000000000000e+00 -1.389399264007806778e-02 0.000000000000000000e+00 5.000000000000000000e+01 0.000000000000000000e+00
4.507146477699279785e-01 4.130250513553619385e-01 -7.792755216360092163e-02 -8.362185955047607422e-02 -3.356524658203125000e+01 0.000000000000000000e+00 -1.389399264007806778e-02 0.000000000000000000e+00 5.000000000000000000e+01 0.000000000000000000e+00
4.507146477699279785e-01 4.130250513553619385e-01 -7.792755216360092163e-02 -8.362185955047607422e-02 -3.356524658203125000e+01 0.000000000000000000e+00 -1.389399264007806778e-02 0.000000000000000000e+00 5.000000000000000000e+01 0.000000000000000000e+00
4.507146477699279785e-01 4.130250513553619385e-01 -7.792755216360092163e-02 -8.362185955047607422e-02 -3.356524658203125000e+01 0.000000000000000000e+00 -1.389399264007806778e-02 0.000000000000000000e+00 5.000000000000000000e+01 0.000000000000000000e+00
4.507146477699279785e-01 4.130250513553619385e-01 -7.792755216360092163e-02 -8.362185955047607422e-02 -3.356524658203125000e+01 0.000000000000000000e+00 -1.389399264007806778e-02 0.000000000000000000e+00 5.000000000000000000e+01 0.000000000000000000e+00
4.507146477699279785e-01 4.130250513553619385e-01 -7.792755216360092163e-02 -8.362185955047607422e-02 -3.356524658203125000e+01 0.000000000000000000e+00 -1.389399264007806778e-02 0.000000000000000000e+00 5.000000000000000000e+01 0.000000000000000000e+00
4.507146477699279785e-01 4.130250513553619385e-01 -7.792755216360092163e-02 -8.362185955047607422e-02 -3.356524658203125000e+01 0.000000000000000000e+00 -1.389399264007806778e-02 0.000000000000000000e+00 5.000000000000000000e+01 0.000000000000000000e+00
4.507146477699279785e-01 4.130250513553619385e-01 -7.792755216360092163e-02 -8.362185955047607422e-02 -3.356524658203125000e+01 0.000000000000000000e+00 -1.389399264007806778e-02 0.000000000000000000e+00 5.000000000000000000e+01 0.000000000000000000e+00
4.507146477699279785e-01 4.130250513553619385e-01 -7.792755216360092163e-02 -8.362185955047607422e-02 -3.356524658203125000e+01 0.000000000000000000e+00 -1.389399264007806778e-02 0.000000000000000000e+00 5.000000000000000000e+01 0.000000000000000000e+00
4.507146477699279785e-01 4.130250513553619385e-01 -7.792755216360092163e-02 -8.362185955047607422e-02 -3.356524658203125000e+01 0.000000000000000000e+00 -1.389399264007806778e-02 0.000000000000000000e+00 5.000000000000000000e+01 0.000000000000000000e+00
4.507146477699279785e-01 4.130250513553619385e-01 -7.792755216360092163e-02 -8.362185955047607422e-02 -3.356524658203125000e+01 0.000000000000000000e+00 -1.389399264007806778e-02 0.000000000000000000e+00 5.000000000000000000e+01 0.000000000000000000e+00
4.507146477699279785e-01 4.130250513553619385e-01 -7.792755216360092163e-02 -8.362185955047607422e-02 -3.356524658203125000e+01 0.000000000000000000e+00 -1.389399264007806778e-02 0.000000000000000000e+00 5.000000000000000000e+01 0.000000000000000000e+00
4.507146477699279785e-01 4.130250513553619385e-01 -7.792755216360092163e-02 -8.362185955047607422e-02 -3.356524658203125000e+01 0.000000000000000000e+00 -1.389399264007806778e-02 0.000000000000000000e+00 5.000000000000000000e+01 0.000000000000000000e+00
4.507146477699279785e-01 4.130250513553619385e-01 -7.792755216360092163e-02 -8.362185955047607422e-02 -3.356524658203125000e+01 0.000000000000000000e+00 -1.389399264007806778e-02 0.000000000000000000e+00 5.000000000000000000e+01 0.000000000000000000e+00
4.507146477699279785e-01 4.130250513553619385e-01 -7.792755216360092163e-02 -8.362185955047607422e-02 -3.356524658203125000e+01 0.000000000000000000e+00 -1.389399264007806778e-02 0.000000000000000000e+00 5.000000000000000000e+01 0.000000000000000000e+00
4.507146477699279785e-01 4.130250513553619385e-01 -7.792755216360092163e-02 -8.362185955047607422e-02 -3.356524658203125000e+01 0.000000000000000000e+00 -1.389399264007806778e-02 0.000000000000000000e+00 5.000000000000000000e+01 0.000000000000000000e+00
4.507146477699279785e-01 4.130250513553619385e-01 -7.792755216360092163e-02 -8.362185955047607422e-02 -3.356524658203125000e+01 0.000000000000000000e+00 -1.389399264007806778e-02 0.000000000000000000e+00 5.000000000000000000e+01 0.000000000000000000e+00
4.507146477699279785e-01 4.130250513553619385e-01 -7.792755216360092163e-02 -8.362185955047607422e-02 -3.356524658203125000e+01 0.000000000000000000e+00 -1.389399264007806778e-02 0.000000000000000000e+00 5.000000000000000000e+01 0.000000000000000000e+00
4.507146477699279785e-01 4.130250513553619385e-01 -7.792755216360092163e-02 -8.362185955047607422e-02 -3.356524658203125000e+01 0.000000000000000000e+00 -1.389399264007806778e-02 0.000000000000000000e+00 5.000000000000000000e+01 0.000000000000000000e+00
4.507146477699279785e-01 4.130250513553619385e-01 -7.792755216360092163e-02 -8.362185955047607422e-02 -3.356524658203125000e+01 0.000000000000000000e+00 -1.389399264007806778e-02 0.000000000000000000e+00 5.000000000000000000e+01 0.000000000000000000e+00
4.507146477699279785e-01 4.130250513553619385e-01 -7.792755216360092163e-02 -8.362185955047607422e-02 -3.356524658203125000e+01 0.000000000000000000e+00 -1.389399264007806778e-02 0.000000000000000000e+00 5.000000000000000000e+01 0.000000000000000000e+00
4.507146477699279785e-01 4.130250513553619385e-01 -7.792755216360092163e-02 -8.362185955047607422e-02 -3.356524658203125000e+01 0.000000000000000000e+00 -1.389399264007806778e-02 0.000000000000000000e+00 5.000000000000000000e+01 0.000000000000000000e+00
4.507146477699279785e-01 4.130250513553619385e-01 -7.792755216360092163e-02 -8.362185955047607422e-02 -3.356524658203125000e+01 0.000000000000000000e+00 -1.389399264007806778e-02 0.000000000000000000e+00 5.000000000000000000e+01 0.000000000000000000e+00
