4.268417954444885254e-01 2.262315005064010620e-01 -4.689952731132507324e-01 -4.699874818325042725e-01 -6.997964477539062500e+01 -2.821252822875976562e+01 -2.896736189723014832e-02 -2.615839801728725433e-02 1.230000000000000000e+02 7.300000000000000000e+01
4.268417954444885254e-01 2.408293932676315308e-01 -4.365483820438385010e-01 -4.357877075672149658e-01 -6.580632019042968750e+01 -2.403920555114746094e+01 -2.723985724151134491e-02 -2.228893153369426727e-02 1.120000000000000000e+02 6.200000000000000000e+01
4.268417954444885254e-01 2.408293932676315308e-01 -4.365483820438385010e-01 -4.357877075672149658e-01 -6.580632019042968750e+01 -2.403920555114746094e+01 -2.723985724151134491e-02 -2.228893153369426727e-02 1.120000000000000000e+02 6.200000000000000000e+01
4.268417954444885254e-01 2.408294230699539185e-01 -4.365482926368713379e-01 -4.357876181602478027e-01 -6.491903686523437500e+01 -2.315192413330078125e+01 -2.687257528305053711e-02 -2.146625146269798279e-02 1.110000000000000000e+02 6.100000000000000000e+01
4.268417954444885254e-01 2.434969991445541382e-01 -4.300796091556549072e-01 -4.295380711555480957e-01 -6.381974792480468750e+01 -2.205263328552246094e+01 -2.641753479838371277e-02 -2.044699899852275848e-02 1.090000000000000000e+02 5.900000000000000000e+01
4.268417954444885254e-01 2.434969991445541382e-01 -4.300796091556549072e-01 -4.295380711555480957e-01 -6.381974792480468750e+01 -2.205263328552246094e+01 -2.641753479838371277e-02 -2.044699899852275848e-02 1.090000000000000000e+02 5.900000000000000000e+01
4.268417954444885254e-01 2.435379028320312500e-01 -4.299721419811248779e-01 -4.294422268867492676e-01 -6.342454528808593750e+01 -2.165743064880371094e+01 -2.625394612550735474e-02 -2.008057199418544769e-02 1.080000000000000000e+02 5.800000000000000000e+01
4.268417954444885254e-01 2.445388287305831909e-01 -4.275473356246948242e-01 -4.270972609519958496e-01 -6.332630157470703125e+01 -2.155918693542480469e+01 -2.621327899396419525e-02 -1.998948119580745697e-02 1.070000000000000000e+02 5.700000000000000000e+01
4.268417954444885254e-01 2.505507469177246094e-01 -4.145198762416839600e-01 -4.130126237869262695e-01 -6.274317932128906250e+01 -2.097606277465820312e+01 -2.597190067172050476e-02 -1.944881305098533630e-02 1.060000000000000000e+02 5.600000000000000000e+01
4.268417954444885254e-01 2.520496249198913574e-01 -4.109867811203002930e-01 -4.095010757446289062e-01 -6.190046691894531250e+01 -2.013335037231445312e+01 -2.562306821346282959e-02 -1.866745762526988983e-02 1.050000000000000000e+02 5.500000000000000000e+01
4.268417954444885254e-01 2.540700137615203857e-01 -4.067535400390625000e-01 -4.047677218914031982e-01 -6.185846328735351562e+01 -2.009134674072265625e+01 -2.560568228363990784e-02 -1.862851344048976898e-02 1.040000000000000000e+02 5.400000000000000000e+01
4.268417954444885254e-01 2.580070197582244873e-01 -3.967349827289581299e-01 -3.955441415309906006e-01 -4.799761962890625000e+01 -6.230505943298339844e+00 -1.986812613904476166e-02 -5.776868201792240143e-03 6.800000000000000000e+01 1.800000000000000000e+01
4.268417954444885254e-01 2.609454393386840820e-01 -3.899823427200317383e-01 -3.886600434780120850e-01 -4.790671539306640625e+01 -6.139597892761230469e+00 -1.983049698173999786e-02 -5.692578852176666260e-03 6.700000000000000000e+01 1.700000000000000000e+01
4.268417954444885254e-01 2.630798220634460449e-01 -3.852925300598144531e-01 -3.836596608161926270e-01 -4.727952575683593750e+01 -5.512410163879394531e+00 -1.957087963819503784e-02 -5.111056379973888397e-03 6.500000000000000000e+01 1.500000000000000000e+01
4.268417954444885254e-01 2.643745839595794678e-01 -3.818786442279815674e-01 -3.806262910366058350e-01 -4.564961242675781250e+01 -3.882496356964111328e+00 -1.889619231224060059e-02 -3.599815070629119873e-03 6.300000000000000000e+01 1.300000000000000000e+01
4.268417954444885254e-01 2.647198736667633057e-01 -3.809707462787628174e-01 -3.798173666000366211e-01 -4.506859588623046875e+01 -3.301480770111083984e+00 -1.865568757057189941e-02 -3.061102703213691711e-03 6.200000000000000000e+01 1.200000000000000000e+01
4.268417954444885254e-01 2.699765861034393311e-01 -3.676335811614990234e-01 -3.675020039081573486e-01 -4.419187164306640625e+01 -2.424751281738281250e+00 -1.829277537763118744e-02 -2.248207107186317444e-03 6.000000000000000000e+01 1.000000000000000000e+01
4.268417954444885254e-01 2.708868384361267090e-01 -3.652442395687103271e-01 -3.653694689273834229e-01 -4.397310638427734375e+01 -2.205986261367797852e+00 -1.820222102105617523e-02 -2.045370172709226608e-03 5.900000000000000000e+01 9.000000000000000000e+00
4.268417954444885254e-01 2.708868384361267090e-01 -3.652442395687103271e-01 -3.653694689273834229e-01 -4.397310638427734375e+01 -2.205986261367797852e+00 -1.820222102105617523e-02 -2.045370172709226608e-03 5.900000000000000000e+01 9.000000000000000000e+00
4.268417954444885254e-01 2.736194729804992676e-01 -3.599717915058135986e-01 -3.589674830436706543e-01 -4.393111419677734375e+01 -2.163997173309326172e+00 -1.818483695387840271e-02 -2.006438327953219414e-03 5.800000000000000000e+01 8.000000000000000000e+00
4.268417954444885254e-01 2.745276689529418945e-01 -3.575840294361114502e-01 -3.568397760391235352e-01 -4.350023651123046875e+01 -1.733120441436767578e+00 -1.800648123025894165e-02 -1.606933423317968845e-03 5.700000000000000000e+01 7.000000000000000000e+00
4.268417954444885254e-01 2.745276689529418945e-01 -3.575840294361114502e-01 -3.568397760391235352e-01 -4.350023651123046875e+01 -1.733120441436767578e+00 -1.800648123025894165e-02 -1.606933423317968845e-03 5.700000000000000000e+01 7.000000000000000000e+00
4.268417954444885254e-01 2.828801572322845459e-01 -3.356399536132812500e-01 -3.372716605663299561e-01 -4.226074600219726562e+01 -4.936273694038391113e-01 -1.749340631067752838e-02 -4.576867795549333096e-04 5.300000000000000000e+01 3.000000000000000000e+00
4.268417954444885254e-01 2.828801572322845459e-01 -3.356399536132812500e-01 -3.372716605663299561e-01 -4.226074600219726562e+01 -4.936273694038391113e-01 -1.749340631067752838e-02 -4.576867795549333096e-04 5.300000000000000000e+01 3.000000000000000000e+00
4.268417954444885254e-01 2.828801572322845459e-01 -3.356399536132812500e-01 -3.372716605663299561e-01 -4.226074600219726562e+01 -4.936273694038391113e-01 -1.749340631067752838e-02 -4.576867795549333096e-04 5.300000000000000000e+01 3.000000000000000000e+00
4.268417954444885254e-01 2.828801572322845459e-01 -3.356399536132812500e-01 -3.372716605663299561e-01 -4.226074600219726562e+01 -4.936273694038391113e-01 -1.749340631067752838e-02 -4.576867795549333096e-04 5.300000000000000000e+01 3.000000000000000000e+00
4.268417954444885254e-01 2.869832813739776611e-01 -3.244596719741821289e-01 -3.276588916778564453e-01 -4.206201934814453125e+01 -2.948996424674987793e-01 -1.741114445030689240e-02 -2.734282461460679770e-04 5.200000000000000000e+01 2.000000000000000000e+00
4.268417954444885254e-01 2.869832813739776611e-01 -3.244596719741821289e-01 -3.276588916778564453e-01 -4.206201934814453125e+01 -2.948996424674987793e-01 -1.741114445030689240e-02 -2.734282461460679770e-04 5.200000000000000000e+01 2.000000000000000000e+00
4.268417954444885254e-01 2.869832813739776611e-01 -3.244596719741821289e-01 -3.276588916778564453e-01 -4.206201934814453125e+01 -2.948996424674987793e-01 -1.741114445030689240e-02 -2.734282461460679770e-04 5.200000000000000000e+01 2.000000000000000000e+00
4.268417954444885254e-01 2.869832813739776611e-01 -3.244596719741821289e-01 -3.276588916778564453e-01 -4.206201934814453125e+01 -2.948996424674987793e-01 -1.741114445030689240e-02 -2.734282461460679770e-04 5.200000000000000000e+01 2.000000000000000000e+00
4.268417954444885254e-01 2.869832813739776611e-01 -3.244596719741821289e-01 -3.276588916778564453e-01 -4.206201934814453125e+01 -2.948996424674987793e-01 -1.741114445030689240e-02 -2.734282461460679770e-04 5.200000000000000000e+01 2.000000000000000000e+00
4.268417954444885254e-01 2.969856262207031250e-01 -2.981196045875549316e-01 -3.042255342006683350e-01 -4.176711654663085938e+01 0.000000000000000000e+00 -1.728907227516174316e-02 0.000000000000000000e+00 5.000000000000000000e+01 0.000000000000000000e+00
4.268417954444885254e-01 2.969856262207031250e-01 -2.981196045875549316e-01 -3.042255342006683350e-01 -4.176711654663085938e+01 0.000000000000000000e+00 -1.728907227516174316e-02 0.000000000000000000e+00 5.000000000000000000e+01 0.000000000000000000e+00
4.268417954444885254e-01 2.969856262207031250e-01 -2.981196045875549316e-01 -3.042255342006683350e-01 -4.176711654663085938e+01 0.000000000000000000e+00 -1.728907227516174316e-02 0.000000000000000000e+00 5.000000000000000000e+01 0.000000000000000000e+00
4.268417954444885254e-01 2.969856262207031250e-01 -2.981196045875549316e-01 -3.042255342006683350e-01 -4.176711654663085938e+01 0.000000000000000000e+00 -1.728907227516174316e-02 0.000000000000000000e+00 5.000000000000000000e+01 0.000000000000000000e+00
4.268417954444885254e-01 2.969856262207031250e-01 -2.981196343898773193e-01 -3.042255342006683350e-01 -4.176711654663085938e+01 0.000000000000000000e+00 -1.728907227516174316e-02 0.000000000000000000e+00 5.000000000000000000e+01 0.000000000000000000e+00
4.268417954444885254e-01 2.969856262207031250e-01 -2.981196343898773193e-01 -3.042255342006683350e-01 -4.176711654663085938e+01 0.000000000000000000e+00 -1.728907227516174316e-02 0.000000000000000000e+00 5.000000000000000000e+01 0.000000000000000000e+00
4.268417954444885254e-01 2.969856262207031250e-01 -2.981196343898773193e-01 -3.042255342006683350e-01 -4.176711654663085938e+01 0.000000000000000000e+00 -1.728907227516174316e-02 0.000000000000000000e+00 5.000000000000000000e+01 0.000000000000000000e+00
4.268417954444885254e-01 2.969856262207031250e-01 -2.981196343898773193e-01 -3.042255342006683350e-01 -4.176711654663085938e+01 0.000000000000000000e+00 -1.728907227516174316e-02 0.000000000000000000e+00 5.000000000000000000e+01 0.000000000000000000e+00
4.268417954444885254e-01 2.969856262207031250e-01 -2.981196045875549316e-01 -3.042255342006683350e-01 -4.176711654663085938e+01 0.000000000000000000e+00 -1.728907227516174316e-02 0.000000000000000000e+00 5.000000000000000000e+01 0.000000000000000000e+00
4.268417954444885254e-01 2.969856262207031250e-01 -2.981196343898773193e-01 -3.042255342006683350e-01 -4.176711654663085938e+01 0.000000000000000000e+00 -1.728907227516174316e-02 0.000000000000000000e+00 5.000000000000000000e+01 0.000000000000000000e+00
4.268417954444885254e-01 2.969856262207031250e-01 -2.981196045875549316e-01 -3.042255342006683350e-01 -4.176711654663085938e+01 0.000000000000000000e+00 -1.728907227516174316e-02 0.000000000000000000e+00 5.000000000000000000e+01 0.000000000000000000e+00
4.268417954444885254e-01 2.969856262207031250e-01 -2.981196343898773193e-01 -3.042255342006683350e-01 -4.176711654663085938e+01 0.000000000000000000e+00 -1.728907227516174316e-02 0.000000000000000000e+00 5.000000000000000000e+01 0.000000000000000000e+00
4.268417954444885254e-01 2.969856262207031250e-01 -2.981196343898773193e-01 -3.042255342006683350e-01 -4.176711654663085938e+01 0.000000000000000000e+00 -1.728907227516174316e-02 0.000000000000000000e+00 5.000000000000000000e+01 0.000000000000000000e+00
4.268417954444885254e-01 2.969856262207031250e-01 -2.981196343898773193e-01 -3.042255342006683350e-01 -4.176711654663085938e+01 0.000000000000000000e+00 -1.728907227516174316e-02 0.000000000000000000e+00 5.000000000000000000e+01 0.000000000000000000e+00
4.268417954444885254e-01 2.969856262207031250e-01 -2.981196045875549316e-01 -3.042255342006683350e-01 -4.176711654663085938e+01 0.000000000000000000e+00 -1.728907227516174316e-02 0.000000000000000000e+00 5.000000000000000000e+01 0.000000000000000000e+00
4.268417954444885254e-01 2.969856262207031250e-01 -2.981196343898773193e-01 -3.042255342006683350e-01 -4.176711654663085938e+01 0.000000000000000000e+00 -1.728907227516174316e-02 0.000000000000000000e+00 5.000000000000000000e+01 0.000000000000000000e+00
4.268417954444885254e-01 2.969856262207031250e-01 -2.981196045875549316e-01 -3.042255342006683350e-01 -4.176711654663085938e+01 0.000000000000000000e+00 -1.728907227516174316e-02 0.000000000000000000e+00 5.000000000000000000e+01 0.000000000000000000e+00
4.268417954444885254e-01 2.969856262207031250e-01 -2.981196045875549316e-01 -3.042255342006683350e-01 -4.176711654663085938e+01 0.000000000000000000e+00 -1.728907227516174316e-02 0.000000000000000000e+00 5.000000000000000000e+01 0.000000000000000000e+00
4.268417954444885254e-01 2.969856262207031250e-01 -2.981196045875549316e-01 -3.042255342006683350e-01 -4.176711654663085938e+01 0.000000000000000000e+00 -1.728907227516174316e-02 0.000000000000000000e+00 5.000000000000000000e+01 0.000000000000000000e+00
4.268417954444885254e-01 2.969856262207031250e-01 -2.981196045875549316e-01 -3.042255342006683350e-01 -4.176711654663085938e+01 0.000000000000000000e+00 -1.728907227516174316e-02 0.000000000000000000e+00 5.000000000000000000e+01 0.000000000000000000e+00
4.268417954444885254e-01 2.969856262207031250e-01 -2.981196343898773193e-01 -3.042255342006683350e-01 -4.176711654663085938e+01 0.000000000000000000e+00 -1.728907227516174316e-02 0.000000000000000000e+00 5.000000000000000000e+01 0.000000000000000000e+00
4.268417954444885254e-01 2.969856262207031250e-01 -2.981196343898773193e-01 -3.042255342006683350e-01 -4.176711654663085938e+01 0.000000000000000000e+00 -1.728907227516174316e-02 0.000000000000000000e+00 5.000000000000000000e+01 0.000000000000000000e+00
4.268417954444885254e-01 2.969856262207031250e-01 -2.981196045875549316e-01 -3.042255342006683350e-01 -4.176711654663085938e+01 0.000000000000000000e+00 -1.728907227516174316e-02 0.000000000000000000e+00 5.000000000000000000e+01 0.000000000000000000e+00
4.268417954444885254e-01 2.969856262207031250e-01 -2.981196343898773193e-01 -3.042255342006683350e-01 -4.176711654663085938e+01 0.000000000000000000e+00 -1.728907227516174316e-02 0.000000000000000000e+00 5.000000000000000000e+01 0.000000000000000000e+00
4.268417954444885254e-01 2.969856262207031250e-01 -2.981196045875549316e-01 -3.042255342006683350e-01 -4.176711654663085938e+01 0.000000000000000000e+00 -1.728907227516174316e-02 0.000000000000000000e+00 5.000000000000000000e+01 0.000000000000000000e+00
4.268417954444885254e-01 2.969856262207031250e-01 -2.981196343898773193e-01 -3.042255342006683350e-01 -4.176711654663085938e+01 0.000000000000000000e+00 -1.728907227516174316e-02 0.000000000000000000e+00 5.000000000000000000e+01 0.000000000000000000e+00
4.268417954444885254e-01 2.969856262207031250e-01 -2.981196343898773193e-01 -3.042255342006683350e-01 -4.176711654663085938e+01 0.000000000000000000e+00 -1.728907227516174316e-02 0.000000000000000000e+00 5.000000000000000000e+01 0.000000000000000000e+00
4.268417954444885254e-01 2.969856262207031250e-01 -2.981196045875549316e-01 -3.042255342006683350e-01 -4.176711654663085938e+01 0.000000000000000000e+00 -1.728907227516174316e-02 0.000000000000000000e+00 5.000000000000000000e+01 0.000000000000000000e+00
4.268417954444885254e-01 2.969856262207031250e-01 -2.981196343898773193e-01 -3.042255342006683350e-01 -4.176711654663085938e+01 0.000000000000000000e+00 -1.728907227516174316e-02 0.000000000000000000e+00 5.000000000000000000e+01 0.000000000000000000e+00
4.268417954444885254e-01 2.969856262207031250e-01 -2.981196343898773193e-01 -3.042255342006683350e-01 -4.176711654663085938e+01 0.000000000000000000e+00 -1.728907227516174316e-02 0.000000000000000000e+00 5.000000000000000000e+01 0.000000000000000000e+00
4.268417954444885254e-01 2.969856262207031250e-01 -2.981196343898773193e-01 -3.042255342006683350e-01 -4.176711654663085938e+01 0.000000000000000000e+00 -1.728907227516174316e-02 0.000000000000000000e+00 5.000000000000000000e+01 0.000000000000000000e+00
4.268417954444885254e-01 2.969856262207031250e-01 -2.981196343898773193e-01 -3.042255342006683350e-01 -4.176711654663085938e+01 0.000000000000000000e+00 -1.728907227516174316e-02 0.000000000000000000e+00 5.000000000000000000e+01 0.000000000000000000e+00
4.268417954444885254e-01 2.969856262207031250e-01 -2.981196045875549316e-01 -3.042255342006683350e-01 -4.176711654663085938e+01 0.000000000000000000e+00 -1.728907227516174316e-02 0.000000000000000000e+00 5.000000000000000000e+01 0.000000000000000000e+00
4.268417954444885254e-01 2.969856262207031250e-01 -2.981196343898773193e-01 -3.042255342006683350e-01 -4.176711654663085938e+01 0.000000000000000000e+00 -1.728907227516174316e-02 0.000000000000000000e+00 5.000000000000000000e+01 0.000000000000000000e+00
4.268417954444885254e-01 2.969856262207031250e-01 -2.981196343898773193e-01 -3.042255342006683350e-01 -4.176711654663085938e+01 0.000000000000000000e+00 -1.728907227516174316e-02 0.000000000000000000e+00 5.000000000000000000e+01 0.000000000000000000e+00
4.268417954444885254e-01 2.969856262207031250e-01 -2.981196343898773193e-01 -3.042255342006683350e-01 -4.176711654663085938e+01 0.000000000000000000e+00 -1.728907227516174316e-02 0.000000000000000000e+00 5.000000000000000000e+01 0.000000000000000000e+00
4.268417954444885254e-01 2.969856262207031250e-01 -2.981196045875549316e-01 -3.042255342006683350e-01 -4.176711654663085938e+01 0.000000000000000000e+00 -1.728907227516174316e-02 0.000000000000000000e+00 5.000000000000000000e+01 0.000000000000000000e+00
4.268417954444885254e-01 2.969856262207031250e-01 -2.981196343898773193e-01 -3.042255342006683350e-01 -4.176711654663085938e+01 0.000000000000000000e+00 -1.728907227516174316e-02 0.000000000000000000e+00 5.000000000000000000e+01 0.000000000000000000e+00
4.268417954444885254e-01 2.969856262207031250e-01 -2.981196343898773193e-01 -3.042255342006683350e-01 -4.176711654663085938e+01 0.000000000000000000e+00 -1.728907227516174316e-02 0.000000000000000000e+00 5.000000000000000000e+01 0.000000000000000000e+00
4.268417954444885254e-01 2.969856262207031250e-01 -2.981196343898773193e-01 -3.042255342006683350e-01 -4.176711654663085938e+01 0.000000000000000000e+00 -1.728907227516174316e-02 0.000000000000000000e+00 5.000000000000000000e+01 0.000000000000000000e+00
4.268417954444885254e-01 2.969856262207031250e-01 -2.981196343898773193e-01 -3.042255342006683350e-01 -4.176711654663085938e+01 0.000000000000000000e+00 -1.728907227516174316e-02 0.000000000000000000e+00 5.000000000000000000e+01 0.000000000000000000e+00
4.268417954444885254e-01 2.969856262207031250e-01 -2.981196045875549316e-01 -3.042255342006683350e-01 -4.176711654663085938e+01 0.000000000000000000e+00 -1.728907227516174316e-02 0.000000000000000000e+00 5.000000000000000000e+01 0.000000000000000000e+00
4.268417954444885254e-01 2.969856262207031250e-01 -2.981196343898773193e-01 -3.042255342006683350e-01 -4.176711654663085938e+01 0.000000000000000000e+00 -1.728907227516174316e-02 0.000000000000000000e+00 5.000000000000000000e+01 0.000000000000000000e+00
4.268417954444885254e-01 2.969856262207031250e-01 -2.981196045875549316e-01 -3.042255342006683350e-01 -4.176711654663085938e+01 0.000000000000000000e+00 -1.728907227516174316e-02 0.000000000000000000e+00 5.000000000000000000e+01 0.000000000000000000e+00
4.268417954444885254e-01 2.969856262207031250e-01 -2.981196343898773193e-01 -3.042255342006683350e-01 -4.176711654663085938e+01 0.000000000000000000e+00 -1.728907227516174316e-02 0.000000000000000000e+00 5.000000000000000000e+01 0.000000000000000000e+00
4.268417954444885254e-01 2.969856262207031250e-01 -2.981196343898773193e-01 -3.042255342006683350e-01 -4.176711654663085938e+01 0.000000000000000000e+00 -1.728907227516174316e-02 0.000000000000000000e+00 5.000000000000000000e+01 0.000000000000000000e+00
4.268417954444885254e-01 2.969856262207031250e-01 -2.981196343898773193e-01 -3.042255342006683350e-01 -4.176711654663085938e+01 0.000000000000000000e+00 -1.728907227516174316e-02 0.000000000000000000e+00 5.000000000000000000e+01 0.000000000000000000e+00
4.268417954444885254e-01 2.969856262207031250e-01 -2.981196045875549316e-01 -3.042255342006683350e-01 -4.176711654663085938e+01 0.000000000000000000e+00 -1.728907227516174316e-02 0.000000000000000000e+00 5.000000000000000000e+01 0.000000000000000000e+00
4.268417954444885254e-01 2.969856262207031250e-01 -2.981196343898773193e-01 -3.042255342006683350e-01 -4.176711654663085938e+01 0.000000000000000000e+00 -1.728907227516174316e-02 0.000000000000000000e+00 5.000000000000000000e+01 0.000000000000000000e+00
4.268417954444885254e-01 2.969856262207031250e-01 -2.981196343898773193e-01 -3.042255342006683350e-01 -4.176711654663085938e+01 0.000000000000000000e+00 -1.728907227516174316e-02 0.000000000000000000e+00 5.000000000000000000e+01 0.000000000000000000e+00
4.268417954444885254e-01 2.969856262207031250e-01 -2.981196343898773193e-01 -3.042255342006683350e-01 -4.176711654663085938e+01 0.000000000000000000e+00 -1.728907227516174316e-02 0.000000000000000000e+00 5.000000000000000000e+01 0.000000000000000000e+00
4.268417954444885254e-01 2.969856262207031250e-01 -2.981196045875549316e-01 -3.042255342006683350e-01 -4.176711654663085938e+01 0.000000000000000000e+00 -1.728907227516174316e-02 0.000000000000000000e+00 5.000000000000000000e+01 0.000000000000000000e+00
4.268417954444885254e-01 2.969856262207031250e-01 -2.981196343898773193e-01 -3.042255342006683350e-01 -4.176711654663085938e+01 0.000000000000000000e+00 -1.728907227516174316e-02 0.000000000000000000e+00 5.000000000000000000e+01 0.000000000000000000e+00
4.268417954444885254e-01 2.969856262207031250e-01 -2.981196343898773193e-01 -3.042255342006683350e-01 -4.176711654663085938e+01 0.000000000000000000e+00 -1.728907227516174316e-02 0.000000000000000000e+00 5.000000000000000000e+01 0.000000000000000000e+00
4.268417954444885254e-01 2.969856262207031250e-01 -2.981196343898773193e-01 -3.042255342006683350e-01 -4.176711654663085938e+01 0.000000000000000000e+00 -1.728907227516174316e-02 0.000000000000000000e+00 5.000000000000000000e+01 0.000000000000000000e+00
4.268417954444885254e-01 2.969856262207031250e-01 -2.981196343898773193e-01 -3.042255342006683350e-01 -4.176711654663085938e+01 0.000000000000000000e+00 -1.728907227516174316e-02 0.000000000000000000e+00 5.000000000000000000e+01 0.000000000000000000e+00
4.268417954444885254e-01 2.969856262207031250e-01 -2.981196343898773193e-01 -3.042255342006683350e-01 -4.176711654663085938e+01 0.000000000000000000e+00 -1.728907227516174316e-02 0.000000000000000000e+00 5.000000000000000000e+01 0.000000000000000000e+00
4.268417954444885254e-01 2.969856262207031250e-01 -2.981196045875549316e-01 -3.042255342006683350e-01 -4.176711654663085938e+01 0.000000000000000000e+00 -1.728907227516174316e-02 0.000000000000000000e+00 5.000000000000000000e+01 0.000000000000000000e+00
4.268417954444885254e-01 2.969856262207031250e-01 -2.981196343898773193e-01 -3.042255342006683350e-01 -4.176711654663085938e+01 0.000000000000000000e+00 -1.728907227516174316e-02 0.000000000000000000e+00 5.000000000000000000e+01 0.000000000000000000e+00
4.268417954444885254e-01 2.969856262207031250e-01 -2.981196045875549316e-01 -3.042255342006683350e-01 -4.176711654663085938e+01 0.000000000000000000e+00 -1.728907227516174316e-02 0.000000000000000000e+00 5.000000000000000000e+01 0.000000000000000000e+00
