4.287039935588836670e-01 2.304340749979019165e-01 -4.862065911293029785e-01 -4.624867439270019531e-01 -8.484059143066406250e+01 -4.942116928100585938e+01 -3.511890023946762085e-02 -5.943049117922782898e-02 1.440000000000000000e+02 9.400000000000000000e+01
4.287039935588836670e-01 2.308146208524703979e-01 -4.851891994476318359e-01 -4.615990817546844482e-01 -8.413026428222656250e+01 -4.871084213256835938e+01 -3.482486680150032043e-02 -5.857630074024200439e-02 1.430000000000000000e+02 9.300000000000000000e+01
4.287039935588836670e-01 2.308146208524703979e-01 -4.851891994476318359e-01 -4.615990817546844482e-01 -8.413026428222656250e+01 -4.871084213256835938e+01 -3.482486680150032043e-02 -5.857630074024200439e-02 1.430000000000000000e+02 9.300000000000000000e+01
4.287039935588836670e-01 2.375962734222412109e-01 -4.685211479663848877e-01 -4.457801282405853271e-01 -8.085073852539062500e+01 -4.543132019042968750e+01 -3.346734121441841125e-02 -5.463257431983947754e-02 1.390000000000000000e+02 8.900000000000000000e+01
4.287039935588836670e-01 2.375963181257247925e-01 -4.685210585594177246e-01 -4.457800090312957764e-01 -8.006322479248046875e+01 -4.464379882812500000e+01 -3.314135596156120300e-02 -5.368555337190628052e-02 1.380000000000000000e+02 8.800000000000000000e+01
4.287039935588836670e-01 2.375963181257247925e-01 -4.685210585594177246e-01 -4.457800090312957764e-01 -8.006322479248046875e+01 -4.464379882812500000e+01 -3.314135596156120300e-02 -5.368555337190628052e-02 1.380000000000000000e+02 8.800000000000000000e+01
4.287039935588836670e-01 2.375970631837844849e-01 -4.685190916061401367e-01 -4.457782804965972900e-01 -7.967663574218750000e+01 -4.425721740722656250e+01 -3.298133239150047302e-02 -5.322067812085151672e-02 1.370000000000000000e+02 8.700000000000000000e+01
4.287039935588836670e-01 2.376554459333419800e-01 -4.683941304683685303e-01 -4.456421136856079102e-01 -7.908222961425781250e+01 -4.366281509399414062e+01 -3.273528441786766052e-02 -5.250589177012443542e-02 1.360000000000000000e+02 8.600000000000000000e+01
4.287039935588836670e-01 2.376566231250762939e-01 -4.683910310268402100e-01 -4.456393420696258545e-01 -7.851626586914062500e+01 -4.309683990478515625e+01 -3.250100836157798767e-02 -5.182528868317604065e-02 1.350000000000000000e+02 8.500000000000000000e+01
4.287039935588836670e-01 2.376566231250762939e-01 -4.683910310268402100e-01 -4.456393420696258545e-01 -7.851626586914062500e+01 -4.309683990478515625e+01 -3.250100836157798767e-02 -5.182528868317604065e-02 1.350000000000000000e+02 8.500000000000000000e+01
4.287039935588836670e-01 2.376566231250762939e-01 -4.683910310268402100e-01 -4.456393420696258545e-01 -7.851626586914062500e+01 -4.309683990478515625e+01 -3.250100836157798767e-02 -5.182528868317604065e-02 1.350000000000000000e+02 8.500000000000000000e+01
4.287039935588836670e-01 2.403489649295806885e-01 -4.623191058635711670e-01 -4.393591582775115967e-01 -7.217186737060546875e+01 -3.675244903564453125e+01 -2.987481094896793365e-02 -4.419596120715141296e-02 1.240000000000000000e+02 7.400000000000000000e+01
4.287039935588836670e-01 2.450082153081893921e-01 -4.516906738281250000e-01 -4.284909367561340332e-01 -6.543859100341796875e+01 -3.001917266845703125e+01 -2.708764001727104187e-02 -3.609898686408996582e-02 1.140000000000000000e+02 6.400000000000000000e+01
4.287039935588836670e-01 2.522515356540679932e-01 -4.340158700942993164e-01 -4.115950763225555420e-01 -6.072957229614257812e+01 -2.531015396118164062e+01 -2.513838931918144226e-02 -3.043624572455883026e-02 1.060000000000000000e+02 5.600000000000000000e+01
4.287039935588836670e-01 2.496693879365921021e-01 -4.398379921913146973e-01 -4.176182448863983154e-01 -5.803567504882812500e+01 -2.261625671386718750e+01 -2.402327768504619598e-02 -2.719675190746784210e-02 1.010000000000000000e+02 5.100000000000000000e+01
4.287039935588836670e-01 2.534119784832000732e-01 -4.302543997764587402e-01 -4.088882207870483398e-01 -5.489107513427734375e+01 -1.947166061401367188e+01 -2.272160165011882782e-02 -2.341527678072452545e-02 9.600000000000000000e+01 4.600000000000000000e+01
4.287039935588836670e-01 2.549848854541778564e-01 -4.261011779308319092e-01 -4.052192568778991699e-01 -5.349703979492187500e+01 -1.807762145996093750e+01 -2.214455604553222656e-02 -2.173890173435211182e-02 9.300000000000000000e+01 4.300000000000000000e+01
4.287039935588836670e-01 2.617494761943817139e-01 -4.083793461322784424e-01 -3.894400894641876221e-01 -5.039221572875976562e+01 -1.497279930114746094e+01 -2.085934579372406006e-02 -1.800525560975074768e-02 8.800000000000000000e+01 3.800000000000000000e+01
4.287039935588836670e-01 2.618223130702972412e-01 -4.081874787807464600e-01 -3.892701864242553711e-01 -4.999433135986328125e+01 -1.457491588592529297e+01 -2.069464512169361115e-02 -1.752678863704204559e-02 8.700000000000000000e+01 3.700000000000000000e+01
4.287039935588836670e-01 2.621902525424957275e-01 -4.072244167327880859e-01 -3.884119093418121338e-01 -4.931795501708984375e+01 -1.389853477478027344e+01 -2.041466534137725830e-02 -1.671341992914676666e-02 8.600000000000000000e+01 3.600000000000000000e+01
4.287039935588836670e-01 2.822307348251342773e-01 -3.573555052280426025e-01 -3.416652679443359375e-01 -4.274639129638671875e+01 -7.326975345611572266e+00 -1.769443415105342865e-02 -8.810915052890777588e-03 7.400000000000000000e+01 2.400000000000000000e+01
4.287039935588836670e-01 2.822307348251342773e-01 -3.573555052280426025e-01 -3.416652679443359375e-01 -4.274639129638671875e+01 -7.326975345611572266e+00 -1.769443415105342865e-02 -8.810915052890777588e-03 7.400000000000000000e+01 2.400000000000000000e+01
4.287039935588836670e-01 2.916681468486785889e-01 -3.336210250854492188e-01 -3.196514248847961426e-01 -4.132638931274414062e+01 -5.906972408294677734e+00 -1.710663922131061554e-02 -7.103317882865667343e-03 7.000000000000000000e+01 2.000000000000000000e+01
4.287039935588836670e-01 2.999639511108398438e-01 -3.121095895767211914e-01 -3.003005385398864746e-01 -3.917861175537109375e+01 -3.759193897247314453e+00 -1.621758751571178436e-02 -4.520547576248645782e-03 6.700000000000000000e+01 1.700000000000000000e+01
4.287039935588836670e-01 3.026185929775238037e-01 -3.056802153587341309e-01 -2.941083014011383057e-01 -3.872346496582031250e+01 -3.304047584533691406e+00 -1.602918468415737152e-02 -3.973220009356737137e-03 6.600000000000000000e+01 1.600000000000000000e+01
4.287039935588836670e-01 3.066664040088653564e-01 -2.967647016048431396e-01 -2.846663296222686768e-01 -3.819664382934570312e+01 -2.777226924896240234e+00 -1.581111177802085876e-02 -3.339701564982533455e-03 6.500000000000000000e+01 1.500000000000000000e+01
4.287039935588836670e-01 3.063797950744628906e-01 -2.972950935363769531e-01 -2.853348851203918457e-01 -3.771027755737304688e+01 -2.290860176086425781e+00 -1.560978591442108154e-02 -2.754830522462725639e-03 6.400000000000000000e+01 1.400000000000000000e+01
4.287039935588836670e-01 3.119173049926757812e-01 -2.839535176753997803e-01 -2.724180221557617188e-01 -3.704214477539062500e+01 -1.622729301452636719e+00 -1.533321943134069443e-02 -1.951382379047572613e-03 6.100000000000000000e+01 1.100000000000000000e+01
4.287039935588836670e-01 3.164413273334503174e-01 -2.724629640579223633e-01 -2.618652284145355225e-01 -3.650734710693359375e+01 -1.087932348251342773e+00 -1.511184498667716980e-02 -1.308272476308047771e-03 5.900000000000000000e+01 9.000000000000000000e+00
4.287039935588836670e-01 3.319963812828063965e-01 -2.372543811798095703e-01 -2.255813181400299072e-01 -3.562071990966796875e+01 -2.012996673583984375e-01 -1.474483497440814972e-02 -2.420691016595810652e-04 5.500000000000000000e+01 5.000000000000000000e+00
4.287039935588836670e-01 3.360822200775146484e-01 -2.271269410848617554e-01 -2.160506397485733032e-01 -3.557513427734375000e+01 -1.557171940803527832e-01 -1.472596451640129089e-02 -1.872547582024708390e-04 5.300000000000000000e+01 3.000000000000000000e+00
4.287039935588836670e-01 3.392376601696014404e-01 -2.204201817512512207e-01 -2.086902260780334473e-01 -3.546179962158203125e+01 -4.238057136535644531e-02 -1.467905100435018539e-02 -5.096395398140884936e-05 5.100000000000000000e+01 1.000000000000000000e+00
4.287039935588836670e-01 3.392376601696014404e-01 -2.204201817512512207e-01 -2.086902260780334473e-01 -3.546179962158203125e+01 -4.238057136535644531e-02 -1.467905100435018539e-02 -5.096395398140884936e-05 5.100000000000000000e+01 1.000000000000000000e+00
4.287039935588836670e-01 3.440156579017639160e-01 -2.078201174736022949e-01 -1.975450068712234497e-01 -3.541941833496093750e+01 0.000000000000000000e+00 -1.466150768101215363e-02 0.000000000000000000e+00 5.000000000000000000e+01 0.000000000000000000e+00
4.287039935588836670e-01 3.440156579017639160e-01 -2.078201174736022949e-01 -1.975450068712234497e-01 -3.541941833496093750e+01 0.000000000000000000e+00 -1.466150768101215363e-02 0.000000000000000000e+00 5.000000000000000000e+01 0.000000000000000000e+00
4.287039935588836670e-01 3.440156579017639160e-01 -2.078201174736022949e-01 -1.975450068712234497e-01 -3.541941833496093750e+01 0.000000000000000000e+00 -1.466150768101215363e-02 0.000000000000000000e+00 5.000000000000000000e+01 0.000000000000000000e+00
4.287039935588836670e-01 3.440156579017639160e-01 -2.078201174736022949e-01 -1.975450068712234497e-01 -3.541941833496093750e+01 0.000000000000000000e+00 -1.466150768101215363e-02 0.000000000000000000e+00 5.000000000000000000e+01 0.000000000000000000e+00
4.287039935588836670e-01 3.440156579017639160e-01 -2.078201174736022949e-01 -1.975450068712234497e-01 -3.541941833496093750e+01 0.000000000000000000e+00 -1.466150768101215363e-02 0.000000000000000000e+00 5.000000000000000000e+01 0.000000000000000000e+00
4.287039935588836670e-01 3.440156579017639160e-01 -2.078201174736022949e-01 -1.975450068712234497e-01 -3.541941833496093750e+01 0.000000000000000000e+00 -1.466150768101215363e-02 0.000000000000000000e+00 5.000000000000000000e+01 0.000000000000000000e+00
4.287039935588836670e-01 3.440156579017639160e-01 -2.078201174736022949e-01 -1.975450068712234497e-01 -3.541941833496093750e+01 0.000000000000000000e+00 -1.466150768101215363e-02 0.000000000000000000e+00 5.000000000000000000e+01 0.000000000000000000e+00
4.287039935588836670e-01 3.440156579017639160e-01 -2.078201174736022949e-01 -1.975450068712234497e-01 -3.541941833496093750e+01 0.000000000000000000e+00 -1.466150768101215363e-02 0.000000000000000000e+00 5.000000000000000000e+01 0.000000000000000000e+00
4.287039935588836670e-01 3.440156579017639160e-01 -2.078201174736022949e-01 -1.975450068712234497e-01 -3.541941833496093750e+01 0.000000000000000000e+00 -1.466150768101215363e-02 0.000000000000000000e+00 5.000000000000000000e+01 0.000000000000000000e+00
4.287039935588836670e-01 3.440156579017639160e-01 -2.078201174736022949e-01 -1.975450068712234497e-01 -3.541941833496093750e+01 0.000000000000000000e+00 -1.466150768101215363e-02 0.000000000000000000e+00 5.000000000000000000e+01 0.000000000000000000e+00
4.287039935588836670e-01 3.440156579017639160e-01 -2.078201174736022949e-01 -1.975450068712234497e-01 -3.541941833496093750e+01 0.000000000000000000e+00 -1.466150768101215363e-02 0.000000000000000000e+00 5.000000000000000000e+01 0.000000000000000000e+00
4.287039935588836670e-01 3.440156579017639160e-01 -2.078201174736022949e-01 -1.975450068712234497e-01 -3.541941833496093750e+01 0.000000000000000000e+00 -1.466150768101215363e-02 0.000000000000000000e+00 5.000000000000000000e+01 0.000000000000000000e+00
4.287039935588836670e-01 3.440156579017639160e-01 -2.078201174736022949e-01 -1.975450068712234497e-01 -3.541941833496093750e+01 0.000000000000000000e+00 -1.466150768101215363e-02 0.000000000000000000e+00 5.000000000000000000e+01 0.000000000000000000e+00
4.287039935588836670e-01 3.440156579017639160e-01 -2.078201174736022949e-01 -1.975450068712234497e-01 -3.541941833496093750e+01 0.000000000000000000e+00 -1.466150768101215363e-02 0.000000000000000000e+00 5.000000000000000000e+01 0.000000000000000000e+00
4.287039935588836670e-01 3.440156579017639160e-01 -2.078201174736022949e-01 -1.975450068712234497e-01 -3.541941833496093750e+01 0.000000000000000000e+00 -1.466150768101215363e-02 0.000000000000000000e+00 5.000000000000000000e+01 0.000000000000000000e+00
4.287039935588836670e-01 3.440156579017639160e-01 -2.078201174736022949e-01 -1.975450068712234497e-01 -3.541941833496093750e+01 0.000000000000000000e+00 -1.466150768101215363e-02 0.000000000000000000e+00 5.000000000000000000e+01 0.000000000000000000e+00
4.287039935588836670e-01 3.440156579017639160e-01 -2.078201174736022949e-01 -1.975450068712234497e-01 -3.541941833496093750e+01 0.000000000000000000e+00 -1.466150768101215363e-02 0.000000000000000000e+00 5.000000000000000000e+01 0.000000000000000000e+00
4.287039935588836670e-01 3.440156579017639160e-01 -2.078201174736022949e-01 -1.975450068712234497e-01 -3.541941833496093750e+01 0.000000000000000000e+00 -1.466150768101215363e-02 0.000000000000000000e+00 5.000000000000000000e+01 0.000000000000000000e+00
4.287039935588836670e-01 3.440156579017639160e-01 -2.078201174736022949e-01 -1.975450068712234497e-01 -3.541941833496093750e+01 0.000000000000000000e+00 -1.466150768101215363e-02 0.000000000000000000e+00 5.000000000000000000e+01 0.000000000000000000e+00
4.287039935588836670e-01 3.440156579017639160e-01 -2.078201174736022949e-01 -1.975450068712234497e-01 -3.541941833496093750e+01 0.000000000000000000e+00 -1.466150768101215363e-02 0.000000000000000000e+00 5.000000000000000000e+01 0.000000000000000000e+00
4.287039935588836670e-01 3.440156579017639160e-01 -2.078201174736022949e-01 -1.975450068712234497e-01 -3.541941833496093750e+01 0.000000000000000000e+00 -1.466150768101215363e-02 0.000000000000000000e+00 5.000000000000000000e+01 0.000000000000000000e+00
4.287039935588836670e-01 3.440156579017639160e-01 -2.078201174736022949e-01 -1.975450068712234497e-01 -3.541941833496093750e+01 0.000000000000000000e+00 -1.466150768101215363e-02 0.000000000000000000e+00 5.000000000000000000e+01 0.000000000000000000e+00
4.287039935588836670e-01 3.440156579017639160e-01 -2.078201174736022949e-01 -1.975450068712234497e-01 -3.541941833496093750e+01 0.000000000000000000e+00 -1.466150768101215363e-02 0.000000000000000000e+00 5.000000000000000000e+01 0.000000000000000000e+00
4.287039935588836670e-01 3.440156579017639160e-01 -2.078201174736022949e-01 -1.975450068712234497e-01 -3.541941833496093750e+01 0.000000000000000000e+00 -1.466150768101215363e-02 0.000000000000000000e+00 5.000000000000000000e+01 0.000000000000000000e+00
4.287039935588836670e-01 3.440156579017639160e-01 -2.078201174736022949e-01 -1.975450068712234497e-01 -3.541941833496093750e+01 0.000000000000000000e+00 -1.466150768101215363e-02 0.000000000000000000e+00 5.000000000000000000e+01 0.000000000000000000e+00
4.287039935588836670e-01 3.440156579017639160e-01 -2.078201174736022949e-01 -1.975450068712234497e-01 -3.541941833496093750e+01 0.000000000000000000e+00 -1.466150768101215363e-02 0.000000000000000000e+00 5.000000000000000000e+01 0.000000000000000000e+00
4.287039935588836670e-01 3.440156579017639160e-01 -2.078201174736022949e-01 -1.975450068712234497e-01 -3.541941833496093750e+01 0.000000000000000000e+00 -1.466150768101215363e-02 0.000000000000000000e+00 5.000000000000000000e+01 0.000000000000000000e+00
4.287039935588836670e-01 3.440156579017639160e-01 -2.078201174736022949e-01 -1.975450068712234497e-01 -3.541941833496093750e+01 0.000000000000000000e+00 -1.466150768101215363e-02 0.000000000000000000e+00 5.000000000000000000e+01 0.000000000000000000e+00
4.287039935588836670e-01 3.440156579017639160e-01 -2.078201174736022949e-01 -1.975450068712234497e-01 -3.541941833496093750e+01 0.000000000000000000e+00 -1.466150768101215363e-02 0.000000000000000000e+00 5.000000000000000000e+01 0.000000000000000000e+00
4.287039935588836670e-01 3.440156579017639160e-01 -2.078201174736022949e-01 -1.975450068712234497e-01 -3.541941833496093750e+01 0.000000000000000000e+00 -1.466150768101215363e-02 0.000000000000000000e+00 5.000000000000000000e+01 0.000000000000000000e+00
4.287039935588836670e-01 3.440156579017639160e-01 -2.078201174736022949e-01 -1.975450068712234497e-01 -3.541941833496093750e+01 0.000000000000000000e+00 -1.466150768101215363e-02 0.000000000000000000e+00 5.000000000000000000e+01 0.000000000000000000e+00
4.287039935588836670e-01 3.440156579017639160e-01 -2.078201174736022949e-01 -1.975450068712234497e-01 -3.541941833496093750e+01 0.000000000000000000e+00 -1.466150768101215363e-02 0.000000000000000000e+00 5.000000000000000000e+01 0.000000000000000000e+00
4.287039935588836670e-01 3.440156579017639160e-01 -2.078201174736022949e-01 -1.975450068712234497e-01 -3.541941833496093750e+01 0.000000000000000000e+00 -1.466150768101215363e-02 0.000000000000000000e+00 5.000000000000000000e+01 0.000000000000000000e+00
4.287039935588836670e-01 3.440156579017639160e-01 -2.078201174736022949e-01 -1.975450068712234497e-01 -3.541941833496093750e+01 0.000000000000000000e+00 -1.466150768101215363e-02 0.000000000000000000e+00 5.000000000000000000e+01 0.000000000000000000e+00
4.287039935588836670e-01 3.440156579017639160e-01 -2.078201174736022949e-01 -1.975450068712234497e-01 -3.541941833496093750e+01 0.000000000000000000e+00 -1.466150768101215363e-02 0.000000000000000000e+00 5.000000000000000000e+01 0.000000000000000000e+00
4.287039935588836670e-01 3.440156579017639160e-01 -2.078201174736022949e-01 -1.975450068712234497e-01 -3.541941833496093750e+01 0.000000000000000000e+00 -1.466150768101215363e-02 0.000000000000000000e+00 5.000000000000000000e+01 0.000000000000000000e+00
4.287039935588836670e-01 3.440156579017639160e-01 -2.078201174736022949e-01 -1.975450068712234497e-01 -3.541941833496093750e+01 0.000000000000000000e+00 -1.466150768101215363e-02 0.000000000000000000e+00 5.000000000000000000e+01 0.000000000000000000e+00
4.287039935588836670e-01 3.440156579017639160e-01 -2.078201174736022949e-01 -1.975450068712234497e-01 -3.541941833496093750e+01 0.000000000000000000e+00 -1.466150768101215363e-02 0.000000000000000000e+00 5.000000000000000000e+01 0.000000000000000000e+00
4.287039935588836670e-01 3.440156579017639160e-01 -2.078201174736022949e-01 -1.975450068712234497e-01 -3.541941833496093750e+01 0.000000000000000000e+00 -1.466150768101215363e-02 0.000000000000000000e+00 5.000000000000000000e+01 0.000000000000000000e+00
4.287039935588836670e-01 3.440156579017639160e-01 -2.078201174736022949e-01 -1.975450068712234497e-01 -3.541941833496093750e+01 0.000000000000000000e+00 -1.466150768101215363e-02 0.000000000000000000e+00 5.000000000000000000e+01 0.000000000000000000e+00
4.287039935588836670e-01 3.440156579017639160e-01 -2.078201174736022949e-01 -1.975450068712234497e-01 -3.541941833496093750e+01 0.000000000000000000e+00 -1.466150768101215363e-02 0.000000000000000000e+00 5.000000000000000000e+01 0.000000000000000000e+00
4.287039935588836670e-01 3.440156579017639160e-01 -2.078201174736022949e-01 -1.975450068712234497e-01 -3.541941833496093750e+01 0.000000000000000000e+00 -1.466150768101215363e-02 0.000000000000000000e+00 5.000000000000000000e+01 0.000000000000000000e+00
4.287039935588836670e-01 3.440156579017639160e-01 -2.078201174736022949e-01 -1.975450068712234497e-01 -3.541941833496093750e+01 0.000000000000000000e+00 -1.466150768101215363e-02 0.000000000000000000e+00 5.000000000000000000e+01 0.000000000000000000e+00
4.287039935588836670e-01 3.440156579017639160e-01 -2.078201174736022949e-01 -1.975450068712234497e-01 -3.541941833496093750e+01 0.000000000000000000e+00 -1.466150768101215363e-02 0.000000000000000000e+00 5.000000000000000000e+01 0.000000000000000000e+00
4.287039935588836670e-01 3.440156579017639160e-01 -2.078201174736022949e-01 -1.975450068712234497e-01 -3.541941833496093750e+01 0.000000000000000000e+00 -1.466150768101215363e-02 0.000000000000000000e+00 5.000000000000000000e+01 0.000000000000000000e+00
4.287039935588836670e-01 3.440156579017639160e-01 -2.078201174736022949e-01 -1.975450068712234497e-01 -3.541941833496093750e+01 0.000000000000000000e+00 -1.466150768101215363e-02 0.000000000000000000e+00 5.000000000000000000e+01 0.000000000000000000e+00
4.287039935588836670e-01 3.440156579017639160e-01 -2.078201174736022949e-01 -1.975450068712234497e-01 -3.541941833496093750e+01 0.000000000000000000e+00 -1.466150768101215363e-02 0.000000000000000000e+00 5.000000000000000000e+01 0.000000000000000000e+00
4.287039935588836670e-01 3.440156579017639160e-01 -2.078201174736022949e-01 -1.975450068712234497e-01 -3.541941833496093750e+01 0.000000000000000000e+00 -1.466150768101215363e-02 0.000000000000000000e+00 5.000000000000000000e+01 0.000000000000000000e+00
4.287039935588836670e-01 3.440156579017639160e-01 -2.078201174736022949e-01 -1.975450068712234497e-01 -3.541941833496093750e+01 0.000000000000000000e+00 -1.466150768101215363e-02 0.000000000000000000e+00 5.000000000000000000e+01 0.000000000000000000e+00
4.287039935588836670e-01 3.440156579017639160e-01 -2.078201174736022949e-01 -1.975450068712234497e-01 -3.541941833496093750e+01 0.000000000000000000e+00 -1.466150768101215363e-02 0.000000000000000000e+00 5.000000000000000000e+01 0.000000000000000000e+00
4.287039935588836670e-01 3.440156579017639160e-01 -2.078201174736022949e-01 -1.975450068712234497e-01 -3.541941833496093750e+01 0.000000000000000000e+00 -1.466150768101215363e-02 0.000000000000000000e+00 5.000000000000000000e+01 0.000000000000000000e+00
4.287039935588836670e-01 3.440156579017639160e-01 -2.078201174736022949e-01 -1.975450068712234497e-01 -3.541941833496093750e+01 0.000000000000000000e+00 -1.466150768101215363e-02 0.000000000000000000e+00 5.000000000000000000e+01 0.000000000000000000e+00
4.287039935588836670e-01 3.440156579017639160e-01 -2.078201174736022949e-01 -1.975450068712234497e-01 -3.541941833496093750e+01 0.000000000000000000e+00 -1.466150768101215363e-02 0.000000000000000000e+00 5.000000000000000000e+01 0.000000000000000000e+00
4.287039935588836670e-01 3.440156579017639160e-01 -2.078201174736022949e-01 -1.975450068712234497e-01 -3.541941833496093750e+01 0.000000000000000000e+00 -1.466150768101215363e-02 0.000000000000000000e+00 5.000000000000000000e+01 0.000000000000000000e+00
4.287039935588836670e-01 3.440156579017639160e-01 -2.078201174736022949e-01 -1.975450068712234497e-01 -3.541941833496093750e+01 0.000000000000000000e+00 -1.466150768101215363e-02 0.000000000000000000e+00 5.000000000000000000e+01 0.000000000000000000e+00
4.287039935588836670e-01 3.440156579017639160e-01 -2.078201174736022949e-01 -1.975450068712234497e-01 -3.541941833496093750e+01 0.000000000000000000e+00 -1.466150768101215363e-02 0.000000000000000000e+00 5.000000000000000000e+01 0.000000000000000000e+00
4.287039935588836670e-01 3.440156579017639160e-01 -2.078201174736022949e-01 -1.975450068712234497e-01 -3.541941833496093750e+01 0.000000000000000000e+00 -1.466150768101215363e-02 0.000000000000000000e+00 5.000000000000000000e+01 0.000000000000000000e+00
4.287039935588836670e-01 3.440156579017639160e-01 -2.078201174736022949e-01 -1.975450068712234497e-01 -3.541941833496093750e+01 0.000000000000000000e+00 -1.466150768101215363e-02 0.000000000000000000e+00 5.000000000000000000e+01 0.000000000000000000e+00
