4.346651732921600342e-01 3.443746566772460938e-01 -2.337049096822738647e-01 -2.077242881059646606e-01 -8.142048645019531250e+01 -4.494442367553710938e+01 -3.370318189263343811e-02 -3.959261253476142883e-02 1.540000000000000000e+02 1.050000000000000000e+02
4.346651732921600342e-01 3.441051542758941650e-01 -2.331163734197616577e-01 -2.083443105220794678e-01 -6.280766677856445312e+01 -2.633160400390625000e+01 -2.599859423935413361e-02 -2.319613657891750336e-02 1.160000000000000000e+02 6.700000000000000000e+01
4.346651732921600342e-01 3.441051542758941650e-01 -2.331163734197616577e-01 -2.083443105220794678e-01 -6.280766677856445312e+01 -2.633160400390625000e+01 -2.599859423935413361e-02 -2.319613657891750336e-02 1.160000000000000000e+02 6.700000000000000000e+01
4.346651732921600342e-01 3.455285429954528809e-01 -2.293105274438858032e-01 -2.050696462392807007e-01 -6.259515762329101562e+01 -2.611909484863281250e+01 -2.591062895953655243e-02 -2.300893142819404602e-02 1.150000000000000000e+02 6.600000000000000000e+01
4.346651732921600342e-01 3.457303047180175781e-01 -2.288277894258499146e-01 -2.046054601669311523e-01 -6.240800476074218750e+01 -2.593194198608398438e+01 -2.583315782248973846e-02 -2.284406498074531555e-02 1.140000000000000000e+02 6.500000000000000000e+01
4.346651732921600342e-01 3.487235605716705322e-01 -2.227803319692611694e-01 -1.977191120386123657e-01 -6.152136993408203125e+01 -2.504530715942382812e+01 -2.546614594757556915e-02 -2.206300571560859680e-02 1.120000000000000000e+02 6.300000000000000000e+01
4.346651732921600342e-01 3.487235605716705322e-01 -2.227803319692611694e-01 -1.977191120386123657e-01 -6.152136993408203125e+01 -2.504530715942382812e+01 -2.546614594757556915e-02 -2.206300571560859680e-02 1.120000000000000000e+02 6.300000000000000000e+01
4.346651732921600342e-01 3.487235605716705322e-01 -2.227803319692611694e-01 -1.977191120386123657e-01 -6.152136993408203125e+01 -2.504530715942382812e+01 -2.546614594757556915e-02 -2.206300571560859680e-02 1.120000000000000000e+02 6.300000000000000000e+01
4.346651732921600342e-01 3.503638505935668945e-01 -2.192788273096084595e-01 -1.939454227685928345e-01 -6.052737808227539062e+01 -2.405131530761718750e+01 -2.505469322204589844e-02 -2.118737623095512390e-02 1.100000000000000000e+02 6.100000000000000000e+01
4.346651732921600342e-01 3.503638505935668945e-01 -2.192788273096084595e-01 -1.939454227685928345e-01 -6.052737808227539062e+01 -2.405131530761718750e+01 -2.505469322204589844e-02 -2.118737623095512390e-02 1.100000000000000000e+02 6.100000000000000000e+01
4.346651732921600342e-01 3.503638505935668945e-01 -2.192788273096084595e-01 -1.939454227685928345e-01 -6.052737808227539062e+01 -2.405131530761718750e+01 -2.505469322204589844e-02 -2.118737623095512390e-02 1.100000000000000000e+02 6.100000000000000000e+01
4.346651732921600342e-01 3.617273569107055664e-01 -1.925599575042724609e-01 -1.678023040294647217e-01 -5.898989486694335938e+01 -2.251383209228515625e+01 -2.441826649010181427e-02 -1.983297057449817657e-02 1.070000000000000000e+02 5.800000000000000000e+01
4.346651732921600342e-01 3.673413097858428955e-01 -1.806359589099884033e-01 -1.548867225646972656e-01 -5.749878692626953125e+01 -2.102272415161132812e+01 -2.380103804171085358e-02 -1.851941831409931183e-02 1.030000000000000000e+02 5.400000000000000000e+01
4.346651732921600342e-01 3.678322136402130127e-01 -1.793330460786819458e-01 -1.537573337554931641e-01 -5.601376342773437500e+01 -1.953770065307617188e+01 -2.318632788956165314e-02 -1.721122488379478455e-02 1.000000000000000000e+02 5.100000000000000000e+01
4.346651732921600342e-01 3.678322136402130127e-01 -1.793330460786819458e-01 -1.537573337554931641e-01 -5.601376342773437500e+01 -1.953770065307617188e+01 -2.318632788956165314e-02 -1.721122488379478455e-02 1.000000000000000000e+02 5.100000000000000000e+01
4.346651732921600342e-01 3.694578111171722412e-01 -1.750262230634689331e-01 -1.500174552202224731e-01 -5.463305664062500000e+01 -1.815699195861816406e+01 -2.261479757726192474e-02 -1.599492505192756653e-02 9.800000000000000000e+01 4.900000000000000000e+01
4.346651732921600342e-01 3.675331771373748779e-01 -1.774404048919677734e-01 -1.544453054666519165e-01 -5.370927429199218750e+01 -1.723321151733398438e+01 -2.223240770399570465e-02 -1.518114563077688217e-02 9.600000000000000000e+01 4.700000000000000000e+01
4.346651732921600342e-01 3.713211715221405029e-01 -1.678187102079391479e-01 -1.457305699586868286e-01 -5.318109130859375000e+01 -1.670503044128417969e+01 -2.201377227902412415e-02 -1.471585873514413834e-02 9.500000000000000000e+01 4.600000000000000000e+01
4.346651732921600342e-01 3.713211715221405029e-01 -1.678187102079391479e-01 -1.457305699586868286e-01 -5.318109130859375000e+01 -1.670503044128417969e+01 -2.201377227902412415e-02 -1.471585873514413834e-02 9.500000000000000000e+01 4.600000000000000000e+01
4.346651732921600342e-01 3.734192550182342529e-01 -1.623498350381851196e-01 -1.409036666154861450e-01 -5.193636703491210938e+01 -1.546030426025390625e+01 -2.149853110313415527e-02 -1.361934933811426163e-02 9.300000000000000000e+01 4.400000000000000000e+01
4.346651732921600342e-01 3.677586317062377930e-01 -1.720028668642044067e-01 -1.539266258478164673e-01 -4.540997695922851562e+01 -8.933913230895996094e+00 -1.879699714481830597e-02 -7.870096713304519653e-03 8.100000000000000000e+01 3.200000000000000000e+01
4.346651732921600342e-01 3.684261143207550049e-01 -1.687072366476058960e-01 -1.523910015821456909e-01 -4.089132308959960938e+01 -4.415261268615722656e+00 -1.692654751241207123e-02 -3.889508545398712158e-03 7.000000000000000000e+01 2.100000000000000000e+01
4.346651732921600342e-01 3.680767118930816650e-01 -1.695694625377655029e-01 -1.531948447227478027e-01 -4.086837387084960938e+01 -4.392309665679931641e+00 -1.691704802215099335e-02 -3.869289997965097427e-03 6.900000000000000000e+01 2.000000000000000000e+01
4.346651732921600342e-01 3.680767118930816650e-01 -1.695694625377655029e-01 -1.531948447227478027e-01 -4.086837387084960938e+01 -4.392309665679931641e+00 -1.691704802215099335e-02 -3.869289997965097427e-03 6.900000000000000000e+01 2.000000000000000000e+01
4.346651732921600342e-01 3.680767118930816650e-01 -1.695694625377655029e-01 -1.531948447227478027e-01 -4.086837387084960938e+01 -4.392309665679931641e+00 -1.691704802215099335e-02 -3.869289997965097427e-03 6.900000000000000000e+01 2.000000000000000000e+01
4.346651732921600342e-01 3.686606585979461670e-01 -1.679913699626922607e-01 -1.518514007329940796e-01 -3.997998809814453125e+01 -3.503921747207641602e+00 -1.654930971562862396e-02 -3.086687996983528137e-03 6.700000000000000000e+01 1.800000000000000000e+01
4.346651732921600342e-01 3.673593103885650635e-01 -1.718491017818450928e-01 -1.548453122377395630e-01 -3.951232910156250000e+01 -3.036266326904296875e+00 -1.635572686791419983e-02 -2.674719085916876793e-03 6.500000000000000000e+01 1.600000000000000000e+01
4.346651732921600342e-01 3.694793283939361572e-01 -1.676655113697052002e-01 -1.499679535627365112e-01 -3.924540710449218750e+01 -2.769345760345458984e+00 -1.624523662030696869e-02 -2.439582487568259239e-03 6.400000000000000000e+01 1.500000000000000000e+01
4.346651732921600342e-01 3.601151108741760254e-01 -1.875716298818588257e-01 -1.715114712715148926e-01 -3.856568145751953125e+01 -2.089619636535644531e+00 -1.596387103199958801e-02 -1.840795623138546944e-03 6.300000000000000000e+01 1.400000000000000000e+01
4.346651732921600342e-01 3.677458167076110840e-01 -1.671776473522186279e-01 -1.539561003446578979e-01 -3.735208892822265625e+01 -8.760229349136352539e-01 -1.546151749789714813e-02 -7.717094267718493938e-04 5.700000000000000000e+01 8.000000000000000000e+00
4.346651732921600342e-01 3.633541464805603027e-01 -1.773342639207839966e-01 -1.640596687793731689e-01 -3.717517089843750000e+01 -6.991045475006103516e-01 -1.538828387856483459e-02 -6.158578325994312763e-04 5.500000000000000000e+01 6.000000000000000000e+00
4.346651732921600342e-01 3.595602214336395264e-01 -1.854744106531143188e-01 -1.727880537509918213e-01 -3.662793731689453125e+01 -1.518756151199340820e-01 -1.516176201403141022e-02 -1.337908470304682851e-04 5.200000000000000000e+01 3.000000000000000000e+00
4.346651732921600342e-01 3.595602214336395264e-01 -1.854744106531143188e-01 -1.727880537509918213e-01 -3.662793731689453125e+01 -1.518756151199340820e-01 -1.516176201403141022e-02 -1.337908470304682851e-04 5.200000000000000000e+01 3.000000000000000000e+00
4.346651732921600342e-01 3.595602214336395264e-01 -1.854744106531143188e-01 -1.727880537509918213e-01 -3.662793731689453125e+01 -1.518756151199340820e-01 -1.516176201403141022e-02 -1.337908470304682851e-04 5.200000000000000000e+01 3.000000000000000000e+00
4.346651732921600342e-01 3.549500107765197754e-01 -1.950211524963378906e-01 -1.833944022655487061e-01 -3.652112579345703125e+01 -4.506438970565795898e-02 -1.511754840612411499e-02 -3.969829049310646951e-05 5.100000000000000000e+01 2.000000000000000000e+00
4.346651732921600342e-01 3.549500107765197754e-01 -1.950211226940155029e-01 -1.833944022655487061e-01 -3.652112579345703125e+01 -4.506438970565795898e-02 -1.511754840612411499e-02 -3.969829049310646951e-05 5.100000000000000000e+01 2.000000000000000000e+00
4.346651732921600342e-01 3.611051738262176514e-01 -1.815437078475952148e-01 -1.692337095737457275e-01 -3.648671722412109375e+01 -1.065599918365478516e-02 -1.510330568999052048e-02 -9.387123100168537349e-06 5.000000000000000000e+01 1.000000000000000000e+00
4.346651732921600342e-01 3.611051738262176514e-01 -1.815437078475952148e-01 -1.692337095737457275e-01 -3.648671722412109375e+01 -1.065599918365478516e-02 -1.510330568999052048e-02 -9.387123100168537349e-06 5.000000000000000000e+01 1.000000000000000000e+00
4.346651732921600342e-01 3.611051738262176514e-01 -1.815437078475952148e-01 -1.692337095737457275e-01 -3.648671722412109375e+01 -1.065599918365478516e-02 -1.510330568999052048e-02 -9.387123100168537349e-06 5.000000000000000000e+01 1.000000000000000000e+00
4.346651732921600342e-01 3.621548116207122803e-01 -1.791427880525588989e-01 -1.668188869953155518e-01 -3.647606658935546875e+01 0.000000000000000000e+00 -1.509889680892229080e-02 0.000000000000000000e+00 4.900000000000000000e+01 0.000000000000000000e+00
4.346651732921600342e-01 3.621548116207122803e-01 -1.791427880525588989e-01 -1.668188869953155518e-01 -3.647606658935546875e+01 0.000000000000000000e+00 -1.509889680892229080e-02 0.000000000000000000e+00 4.900000000000000000e+01 0.000000000000000000e+00
4.346651732921600342e-01 3.621548116207122803e-01 -1.791427880525588989e-01 -1.668188869953155518e-01 -3.647606658935546875e+01 0.000000000000000000e+00 -1.509889680892229080e-02 0.000000000000000000e+00 4.900000000000000000e+01 0.000000000000000000e+00
4.346651732921600342e-01 3.621548116207122803e-01 -1.791427880525588989e-01 -1.668188869953155518e-01 -3.647606658935546875e+01 0.000000000000000000e+00 -1.509889680892229080e-02 0.000000000000000000e+00 4.900000000000000000e+01 0.000000000000000000e+00
4.346651732921600342e-01 3.621548116207122803e-01 -1.791427880525588989e-01 -1.668188869953155518e-01 -3.647606658935546875e+01 0.000000000000000000e+00 -1.509889680892229080e-02 0.000000000000000000e+00 4.900000000000000000e+01 0.000000000000000000e+00
4.346651732921600342e-01 3.621548116207122803e-01 -1.791427880525588989e-01 -1.668188869953155518e-01 -3.647606658935546875e+01 0.000000000000000000e+00 -1.509889680892229080e-02 0.000000000000000000e+00 4.900000000000000000e+01 0.000000000000000000e+00
4.346651732921600342e-01 3.621548116207122803e-01 -1.791427880525588989e-01 -1.668188869953155518e-01 -3.647606658935546875e+01 0.000000000000000000e+00 -1.509889680892229080e-02 0.000000000000000000e+00 4.900000000000000000e+01 0.000000000000000000e+00
4.346651732921600342e-01 3.621548116207122803e-01 -1.791427880525588989e-01 -1.668188869953155518e-01 -3.647606658935546875e+01 0.000000000000000000e+00 -1.509889680892229080e-02 0.000000000000000000e+00 4.900000000000000000e+01 0.000000000000000000e+00
4.346651732921600342e-01 3.621548116207122803e-01 -1.791427880525588989e-01 -1.668188869953155518e-01 -3.647606658935546875e+01 0.000000000000000000e+00 -1.509889680892229080e-02 0.000000000000000000e+00 4.900000000000000000e+01 0.000000000000000000e+00
4.346651732921600342e-01 3.621548116207122803e-01 -1.791427880525588989e-01 -1.668188869953155518e-01 -3.647606658935546875e+01 0.000000000000000000e+00 -1.509889680892229080e-02 0.000000000000000000e+00 4.900000000000000000e+01 0.000000000000000000e+00
4.346651732921600342e-01 3.621548116207122803e-01 -1.791427880525588989e-01 -1.668188869953155518e-01 -3.647606658935546875e+01 0.000000000000000000e+00 -1.509889680892229080e-02 0.000000000000000000e+00 4.900000000000000000e+01 0.000000000000000000e+00
4.346651732921600342e-01 3.621548116207122803e-01 -1.791427880525588989e-01 -1.668188869953155518e-01 -3.647606658935546875e+01 0.000000000000000000e+00 -1.509889680892229080e-02 0.000000000000000000e+00 4.900000000000000000e+01 0.000000000000000000e+00
4.346651732921600342e-01 3.621548116207122803e-01 -1.791427880525588989e-01 -1.668188869953155518e-01 -3.647606658935546875e+01 0.000000000000000000e+00 -1.509889680892229080e-02 0.000000000000000000e+00 4.900000000000000000e+01 0.000000000000000000e+00
4.346651732921600342e-01 3.621548116207122803e-01 -1.791427880525588989e-01 -1.668188869953155518e-01 -3.647606658935546875e+01 0.000000000000000000e+00 -1.509889680892229080e-02 0.000000000000000000e+00 4.900000000000000000e+01 0.000000000000000000e+00
4.346651732921600342e-01 3.621548116207122803e-01 -1.791427880525588989e-01 -1.668188869953155518e-01 -3.647606658935546875e+01 0.000000000000000000e+00 -1.509889680892229080e-02 0.000000000000000000e+00 4.900000000000000000e+01 0.000000000000000000e+00
4.346651732921600342e-01 3.621548116207122803e-01 -1.791427880525588989e-01 -1.668188869953155518e-01 -3.647606658935546875e+01 0.000000000000000000e+00 -1.509889680892229080e-02 0.000000000000000000e+00 4.900000000000000000e+01 0.000000000000000000e+00
4.346651732921600342e-01 3.621548116207122803e-01 -1.791427880525588989e-01 -1.668188869953155518e-01 -3.647606658935546875e+01 0.000000000000000000e+00 -1.509889680892229080e-02 0.000000000000000000e+00 4.900000000000000000e+01 0.000000000000000000e+00
4.346651732921600342e-01 3.621548116207122803e-01 -1.791427880525588989e-01 -1.668188869953155518e-01 -3.647606658935546875e+01 0.000000000000000000e+00 -1.509889680892229080e-02 0.000000000000000000e+00 4.900000000000000000e+01 0.000000000000000000e+00
4.346651732921600342e-01 3.621548116207122803e-01 -1.791427880525588989e-01 -1.668188869953155518e-01 -3.647606658935546875e+01 0.000000000000000000e+00 -1.509889680892229080e-02 0.000000000000000000e+00 4.900000000000000000e+01 0.000000000000000000e+00
4.346651732921600342e-01 3.621548116207122803e-01 -1.791427880525588989e-01 -1.668188869953155518e-01 -3.647606658935546875e+01 0.000000000000000000e+00 -1.509889680892229080e-02 0.000000000000000000e+00 4.900000000000000000e+01 0.000000000000000000e+00
4.346651732921600342e-01 3.621548116207122803e-01 -1.791427880525588989e-01 -1.668188869953155518e-01 -3.647606658935546875e+01 0.000000000000000000e+00 -1.509889680892229080e-02 0.000000000000000000e+00 4.900000000000000000e+01 0.000000000000000000e+00
4.346651732921600342e-01 3.621548116207122803e-01 -1.791427880525588989e-01 -1.668188869953155518e-01 -3.647606658935546875e+01 0.000000000000000000e+00 -1.509889680892229080e-02 0.000000000000000000e+00 4.900000000000000000e+01 0.000000000000000000e+00
4.346651732921600342e-01 3.621548116207122803e-01 -1.791427880525588989e-01 -1.668188869953155518e-01 -3.647606658935546875e+01 0.000000000000000000e+00 -1.509889680892229080e-02 0.000000000000000000e+00 4.900000000000000000e+01 0.000000000000000000e+00
4.346651732921600342e-01 3.621548116207122803e-01 -1.791427880525588989e-01 -1.668188869953155518e-01 -3.647606658935546875e+01 0.000000000000000000e+00 -1.509889680892229080e-02 0.000000000000000000e+00 4.900000000000000000e+01 0.000000000000000000e+00
4.346651732921600342e-01 3.621548116207122803e-01 -1.791427880525588989e-01 -1.668188869953155518e-01 -3.647606658935546875e+01 0.000000000000000000e+00 -1.509889680892229080e-02 0.000000000000000000e+00 4.900000000000000000e+01 0.000000000000000000e+00
4.346651732921600342e-01 3.621548116207122803e-01 -1.791427880525588989e-01 -1.668188869953155518e-01 -3.647606658935546875e+01 0.000000000000000000e+00 -1.509889680892229080e-02 0.000000000000000000e+00 4.900000000000000000e+01 0.000000000000000000e+00
4.346651732921600342e-01 3.621548116207122803e-01 -1.791427880525588989e-01 -1.668188869953155518e-01 -3.647606658935546875e+01 0.000000000000000000e+00 -1.509889680892229080e-02 0.000000000000000000e+00 4.900000000000000000e+01 0.000000000000000000e+00
4.346651732921600342e-01 3.621548116207122803e-01 -1.791427880525588989e-01 -1.668188869953155518e-01 -3.647606658935546875e+01 0.000000000000000000e+00 -1.509889680892229080e-02 0.000000000000000000e+00 4.900000000000000000e+01 0.000000000000000000e+00
4.346651732921600342e-01 3.621548116207122803e-01 -1.791427880525588989e-01 -1.668188869953155518e-01 -3.647606658935546875e+01 0.000000000000000000e+00 -1.509889680892229080e-02 0.000000000000000000e+00 4.900000000000000000e+01 0.000000000000000000e+00
4.346651732921600342e-01 3.621548116207122803e-01 -1.791427880525588989e-01 -1.668188869953155518e-01 -3.647606658935546875e+01 0.000000000000000000e+00 -1.509889680892229080e-02 0.000000000000000000e+00 4.900000000000000000e+01 0.000000000000000000e+00
4.346651732921600342e-01 3.621548116207122803e-01 -1.791427880525588989e-01 -1.668188869953155518e-01 -3.647606658935546875e+01 0.000000000000000000e+00 -1.509889680892229080e-02 0.000000000000000000e+00 4.900000000000000000e+01 0.000000000000000000e+00
4.346651732921600342e-01 3.621548116207122803e-01 -1.791427880525588989e-01 -1.668188869953155518e-01 -3.647606658935546875e+01 0.000000000000000000e+00 -1.509889680892229080e-02 0.000000000000000000e+00 4.900000000000000000e+01 0.000000000000000000e+00
4.346651732921600342e-01 3.621548116207122803e-01 -1.791427880525588989e-01 -1.668188869953155518e-01 -3.647606658935546875e+01 0.000000000000000000e+00 -1.509889680892229080e-02 0.000000000000000000e+00 4.900000000000000000e+01 0.000000000000000000e+00
4.346651732921600342e-01 3.621548116207122803e-01 -1.791427880525588989e-01 -1.668188869953155518e-01 -3.647606658935546875e+01 0.000000000000000000e+00 -1.509889680892229080e-02 0.000000000000000000e+00 4.900000000000000000e+01 0.000000000000000000e+00
4.346651732921600342e-01 3.621548116207122803e-01 -1.791427880525588989e-01 -1.668188869953155518e-01 -3.647606658935546875e+01 0.000000000000000000e+00 -1.509889680892229080e-02 0.000000000000000000e+00 4.900000000000000000e+01 0.000000000000000000e+00
4.346651732921600342e-01 3.621548116207122803e-01 -1.791427880525588989e-01 -1.668188869953155518e-01 -3.647606658935546875e+01 0.000000000000000000e+00 -1.509889680892229080e-02 0.000000000000000000e+00 4.900000000000000000e+01 0.000000000000000000e+00
4.346651732921600342e-01 3.621548116207122803e-01 -1.791427880525588989e-01 -1.668188869953155518e-01 -3.647606658935546875e+01 0.000000000000000000e+00 -1.509889680892229080e-02 0.000000000000000000e+00 4.900000000000000000e+01 0.000000000000000000e+00
4.346651732921600342e-01 3.621548116207122803e-01 -1.791427880525588989e-01 -1.668188869953155518e-01 -3.647606658935546875e+01 0.000000000000000000e+00 -1.509889680892229080e-02 0.000000000000000000e+00 4.900000000000000000e+01 0.000000000000000000e+00
4.346651732921600342e-01 3.621548116207122803e-01 -1.791427880525588989e-01 -1.668188869953155518e-01 -3.647606658935546875e+01 0.000000000000000000e+00 -1.509889680892229080e-02 0.000000000000000000e+00 4.900000000000000000e+01 0.000000000000000000e+00
4.346651732921600342e-01 3.621548116207122803e-01 -1.791427880525588989e-01 -1.668188869953155518e-01 -3.647606658935546875e+01 0.000000000000000000e+00 -1.509889680892229080e-02 0.000000000000000000e+00 4.900000000000000000e+01 0.000000000000000000e+00
4.346651732921600342e-01 3.621548116207122803e-01 -1.791427880525588989e-01 -1.668188869953155518e-01 -3.647606658935546875e+01 0.000000000000000000e+00 -1.509889680892229080e-02 0.000000000000000000e+00 4.900000000000000000e+01 0.000000000000000000e+00
4.346651732921600342e-01 3.621548116207122803e-01 -1.791427880525588989e-01 -1.668188869953155518e-01 -3.647606658935546875e+01 0.000000000000000000e+00 -1.509889680892229080e-02 0.000000000000000000e+00 4.900000000000000000e+01 0.000000000000000000e+00
4.346651732921600342e-01 3.621548116207122803e-01 -1.791427880525588989e-01 -1.668188869953155518e-01 -3.647606658935546875e+01 0.000000000000000000e+00 -1.509889680892229080e-02 0.000000000000000000e+00 4.900000000000000000e+01 0.000000000000000000e+00
4.346651732921600342e-01 3.621548116207122803e-01 -1.791427880525588989e-01 -1.668188869953155518e-01 -3.647606658935546875e+01 0.000000000000000000e+00 -1.509889680892229080e-02 0.000000000000000000e+00 4.900000000000000000e+01 0.000000000000000000e+00
4.346651732921600342e-01 3.621548116207122803e-01 -1.791427880525588989e-01 -1.668188869953155518e-01 -3.647606658935546875e+01 0.000000000000000000e+00 -1.509889680892229080e-02 0.000000000000000000e+00 4.900000000000000000e+01 0.000000000000000000e+00
4.346651732921600342e-01 3.621548116207122803e-01 -1.791427880525588989e-01 -1.668188869953155518e-01 -3.647606658935546875e+01 0.000000000000000000e+00 -1.509889680892229080e-02 0.000000000000000000e+00 4.900000000000000000e+01 0.000000000000000000e+00
4.346651732921600342e-01 3.621548116207122803e-01 -1.791427880525588989e-01 -1.668188869953155518e-01 -3.647606658935546875e+01 0.000000000000000000e+00 -1.509889680892229080e-02 0.000000000000000000e+00 4.900000000000000000e+01 0.000000000000000000e+00
4.346651732921600342e-01 3.621548116207122803e-01 -1.791427880525588989e-01 -1.668188869953155518e-01 -3.647606658935546875e+01 0.000000000000000000e+00 -1.509889680892229080e-02 0.000000000000000000e+00 4.900000000000000000e+01 0.000000000000000000e+00
4.346651732921600342e-01 3.621548116207122803e-01 -1.791427880525588989e-01 -1.668188869953155518e-01 -3.647606658935546875e+01 0.000000000000000000e+00 -1.509889680892229080e-02 0.000000000000000000e+00 4.900000000000000000e+01 0.000000000000000000e+00
4.346651732921600342e-01 3.621548116207122803e-01 -1.791427880525588989e-01 -1.668188869953155518e-01 -3.647606658935546875e+01 0.000000000000000000e+00 -1.509889680892229080e-02 0.000000000000000000e+00 4.900000000000000000e+01 0.000000000000000000e+00
4.346651732921600342e-01 3.621548116207122803e-01 -1.791427880525588989e-01 -1.668188869953155518e-01 -3.647606658935546875e+01 0.000000000000000000e+00 -1.509889680892229080e-02 0.000000000000000000e+00 4.900000000000000000e+01 0.000000000000000000e+00
4.346651732921600342e-01 3.621548116207122803e-01 -1.791427880525588989e-01 -1.668188869953155518e-01 -3.647606658935546875e+01 0.000000000000000000e+00 -1.509889680892229080e-02 0.000000000000000000e+00 4.900000000000000000e+01 0.000000000000000000e+00
