4.587186276912689209e-01 2.951561510562896729e-01 -4.020183980464935303e-01 -3.565638363361358643e-01 -1.433236236572265625e+02 -1.195444183349609375e+02 -5.932735651731491089e-02 -1.883696764707565308e-01 2.800000000000000000e+02 2.310000000000000000e+02
4.587186276912689209e-01 3.082757890224456787e-01 -3.692618012428283691e-01 -3.279632329940795898e-01 -7.112599182128906250e+01 -4.734679794311523438e+01 -2.944188006222248077e-02 -7.460574805736541748e-02 1.590000000000000000e+02 1.100000000000000000e+02
4.587186276912689209e-01 3.198761045932769775e-01 -3.440907299518585205e-01 -3.026747107505798340e-01 -6.610245513916015625e+01 -4.232325363159179688e+01 -2.736243978142738342e-02 -6.669000536203384399e-02 1.490000000000000000e+02 1.000000000000000000e+02
4.587186276912689209e-01 3.227185308933258057e-01 -3.371185958385467529e-01 -2.964782416820526123e-01 -6.452413940429687500e+01 -4.074494171142578125e+01 -2.670911140739917755e-02 -6.420300900936126709e-02 1.470000000000000000e+02 9.800000000000000000e+01
4.587186276912689209e-01 3.268806040287017822e-01 -3.282589614391326904e-01 -2.874049842357635498e-01 -6.202580261230468750e+01 -3.824659729003906250e+01 -2.567495033144950867e-02 -6.026629731059074402e-02 1.440000000000000000e+02 9.500000000000000000e+01
4.587186276912689209e-01 3.233245313167572021e-01 -3.357496261596679688e-01 -2.951571941375732422e-01 -6.116794586181640625e+01 -3.738874053955078125e+01 -2.531984820961952209e-02 -5.891454592347145081e-02 1.420000000000000000e+02 9.300000000000000000e+01
4.587186276912689209e-01 3.260650634765625000e-01 -3.301932513713836670e-01 -2.891828715801239014e-01 -5.995951461791992188e+01 -3.618031692504882812e+01 -2.481963112950325012e-02 -5.701039731502532959e-02 1.380000000000000000e+02 8.900000000000000000e+01
4.587186276912689209e-01 3.301738202571868896e-01 -3.219741284847259521e-01 -2.802258431911468506e-01 -5.864598083496093750e+01 -3.486678314208984375e+01 -2.427590638399124146e-02 -5.494062229990959167e-02 1.350000000000000000e+02 8.600000000000000000e+01
4.587186276912689209e-01 3.352629542350769043e-01 -3.100388944149017334e-01 -2.691316008567810059e-01 -5.724189376831054688e+01 -3.346269226074218750e+01 -2.369469963014125824e-02 -5.272815376520156860e-02 1.310000000000000000e+02 8.200000000000000000e+01
4.587186276912689209e-01 3.348317742347717285e-01 -3.106846511363983154e-01 -2.700715661048889160e-01 -5.687999725341796875e+01 -3.310079956054687500e+01 -2.354489639401435852e-02 -5.215790867805480957e-02 1.320000000000000000e+02 8.300000000000000000e+01
4.587186276912689209e-01 3.337950706481933594e-01 -3.128429651260375977e-01 -2.723315656185150146e-01 -5.696714019775390625e+01 -3.318793869018554688e+01 -2.358096837997436523e-02 -5.229521915316581726e-02 1.320000000000000000e+02 8.300000000000000000e+01
4.587186276912689209e-01 3.433844447135925293e-01 -2.916322052478790283e-01 -2.514268457889556885e-01 -5.399989318847656250e+01 -3.022069168090820312e+01 -2.235270664095878601e-02 -4.761963710188865662e-02 1.240000000000000000e+02 7.500000000000000000e+01
4.587186276912689209e-01 3.602516949176788330e-01 -2.542628943920135498e-01 -2.146565020084381104e-01 -5.086919403076171875e+01 -2.708999633789062500e+01 -2.105678617954254150e-02 -4.268651083111763000e-02 1.160000000000000000e+02 6.700000000000000000e+01
4.587186276912689209e-01 3.571063876152038574e-01 -2.562077939510345459e-01 -2.215132266283035278e-01 -4.958174514770507812e+01 -2.580254745483398438e+01 -2.052385918796062469e-02 -4.065783694386482239e-02 1.170000000000000000e+02 6.800000000000000000e+01
4.587186276912689209e-01 3.644470870494842529e-01 -2.397360503673553467e-01 -2.055106014013290405e-01 -4.799962234497070312e+01 -2.422042274475097656e+01 -1.986895501613616943e-02 -3.816483542323112488e-02 1.130000000000000000e+02 6.400000000000000000e+01
4.587186276912689209e-01 3.619269430637359619e-01 -2.446609884500503540e-01 -2.110044807195663452e-01 -4.656228637695312500e+01 -2.278308868408203125e+01 -1.927398517727851868e-02 -3.589998558163642883e-02 1.080000000000000000e+02 5.900000000000000000e+01
4.587186276912689209e-01 3.574100434780120850e-01 -2.531671226024627686e-01 -2.208512574434280396e-01 -4.539908599853515625e+01 -2.161988449096679688e+01 -1.879248954355716705e-02 -3.406709060072898865e-02 1.060000000000000000e+02 5.700000000000000000e+01
4.587186276912689209e-01 3.496536910533905029e-01 -2.690167129039764404e-01 -2.377599924802780151e-01 -4.443671035766601562e+01 -2.065750885009765625e+01 -1.839412376284599304e-02 -3.255064785480499268e-02 1.030000000000000000e+02 5.400000000000000000e+01
4.587186276912689209e-01 3.436050415039062500e-01 -2.875111997127532959e-01 -2.509459555149078369e-01 -4.296994400024414062e+01 -1.919074249267578125e+01 -1.778697036206722260e-02 -3.023942187428474426e-02 1.020000000000000000e+02 5.300000000000000000e+01
4.587186276912689209e-01 3.441824316978454590e-01 -2.859936058521270752e-01 -2.496872544288635254e-01 -4.281219100952148438e+01 -1.903298950195312500e+01 -1.772167161107063293e-02 -2.999084442853927612e-02 1.010000000000000000e+02 5.200000000000000000e+01
4.587186276912689209e-01 3.603881299495697021e-01 -2.487592697143554688e-01 -2.143590748310089111e-01 -3.801309204101562500e+01 -1.423388957977294922e+01 -1.573513261973857880e-02 -2.242876216769218445e-02 9.000000000000000000e+01 4.100000000000000000e+01
4.587186276912689209e-01 3.700489699840545654e-01 -2.266174405813217163e-01 -1.932985782623291016e-01 -3.571982192993164062e+01 -1.194061851501464844e+01 -1.478585693985223770e-02 -1.881518587470054626e-02 8.500000000000000000e+01 3.600000000000000000e+01
4.587186276912689209e-01 3.829566538333892822e-01 -1.980827450752258301e-01 -1.651600152254104614e-01 -3.458453750610351562e+01 -1.080533599853515625e+01 -1.431591715663671494e-02 -1.702628843486309052e-02 8.400000000000000000e+01 3.500000000000000000e+01
4.587186276912689209e-01 3.863069713115692139e-01 -1.869127303361892700e-01 -1.578563749790191650e-01 -3.363137817382812500e+01 -9.852175712585449219e+00 -1.392136700451374054e-02 -1.552436500787734985e-02 8.100000000000000000e+01 3.200000000000000000e+01
4.587186276912689209e-01 3.937911391258239746e-01 -1.662594974040985107e-01 -1.415409892797470093e-01 -3.211458206176757812e+01 -8.335380554199218750e+00 -1.329350471496582031e-02 -1.313430629670619965e-02 7.700000000000000000e+01 2.800000000000000000e+01
4.587186276912689209e-01 4.049175083637237549e-01 -1.379988640546798706e-01 -1.172856613993644714e-01 -3.124624633789062500e+01 -7.467044830322265625e+00 -1.293406542390584946e-02 -1.176604349166154861e-02 7.500000000000000000e+01 2.600000000000000000e+01
4.587186276912689209e-01 4.054128825664520264e-01 -1.418197154998779297e-01 -1.162057593464851379e-01 -3.027130508422851562e+01 -6.492105007171630859e+00 -1.253049913793802261e-02 -1.022980175912380219e-02 7.400000000000000000e+01 2.500000000000000000e+01
4.587186276912689209e-01 4.271523654460906982e-01 -9.015144407749176025e-02 -6.881399452686309814e-02 -2.872261810302734375e+01 -4.943416595458984375e+00 -1.188943535089492798e-02 -7.789487950503826141e-03 7.100000000000000000e+01 2.200000000000000000e+01
4.587186276912689209e-01 4.228344261646270752e-01 -9.929443895816802979e-02 -7.822704315185546875e-02 -2.819659805297851562e+01 -4.417397499084472656e+00 -1.167169492691755295e-02 -6.960623897612094879e-03 6.900000000000000000e+01 2.000000000000000000e+01
4.587186276912689209e-01 4.454990923404693604e-01 -4.232749342918395996e-02 -2.881839685142040253e-02 -2.506665611267089844e+01 -1.287455081939697266e+00 -1.037608738988637924e-02 -2.028681105002760887e-03 6.000000000000000000e+01 1.100000000000000000e+01
4.587186276912689209e-01 4.404775202274322510e-01 -5.144140124320983887e-02 -3.976535052061080933e-02 -2.428530311584472656e+01 -5.061021447181701660e-01 -1.005265396088361740e-02 -7.974801119416952133e-04 5.600000000000000000e+01 7.000000000000000000e+00
4.587186276912689209e-01 4.431352019309997559e-01 -4.372578486800193787e-02 -3.397164493799209595e-02 -2.406575202941894531e+01 -2.865500450134277344e-01 -9.961773641407489777e-03 -4.515253822319209576e-04 5.400000000000000000e+01 5.000000000000000000e+00
4.587186276912689209e-01 4.431352019309997559e-01 -4.372578486800193787e-02 -3.397164493799209595e-02 -2.406575202941894531e+01 -2.865500450134277344e-01 -9.961773641407489777e-03 -4.515253822319209576e-04 5.400000000000000000e+01 5.000000000000000000e+00
4.587186276912689209e-01 4.345173239707946777e-01 -6.123208999633789062e-02 -5.275849252939224243e-02 -2.397740936279296875e+01 -1.982079744338989258e-01 -9.925204329192638397e-03 -3.123221686109900475e-04 5.300000000000000000e+01 4.000000000000000000e+00
4.587186276912689209e-01 4.427812099456787109e-01 -4.285441339015960693e-02 -3.474334254860877991e-02 -2.393037605285644531e+01 -1.511746644973754883e-01 -9.905735962092876434e-03 -2.382103994023054838e-04 5.200000000000000000e+01 3.000000000000000000e+00
4.587186276912689209e-01 4.427812099456787109e-01 -4.285441339015960693e-02 -3.474334254860877991e-02 -2.393037605285644531e+01 -1.511746644973754883e-01 -9.905735962092876434e-03 -2.382103994023054838e-04 5.200000000000000000e+01 3.000000000000000000e+00
4.587186276912689209e-01 4.427812099456787109e-01 -4.285441339015960693e-02 -3.474334254860877991e-02 -2.393037605285644531e+01 -1.511746644973754883e-01 -9.905735962092876434e-03 -2.382103994023054838e-04 5.200000000000000000e+01 3.000000000000000000e+00
4.587186276912689209e-01 4.280001223087310791e-01 -7.403407245874404907e-02 -6.696590036153793335e-02 -2.385037422180175781e+01 -7.117372751235961914e-02 -9.872619993984699249e-03 -1.121505483752116561e-04 5.100000000000000000e+01 2.000000000000000000e+00
4.587186276912689209e-01 4.228901863098144531e-01 -8.516635000705718994e-02 -7.810548692941665649e-02 -2.377920150756835938e+01 0.000000000000000000e+00 -9.843158535659313202e-03 0.000000000000000000e+00 4.900000000000000000e+01 0.000000000000000000e+00
4.587186276912689209e-01 4.228901863098144531e-01 -8.516635000705718994e-02 -7.810548692941665649e-02 -2.377920150756835938e+01 0.000000000000000000e+00 -9.843158535659313202e-03 0.000000000000000000e+00 4.900000000000000000e+01 0.000000000000000000e+00
4.587186276912689209e-01 4.228901863098144531e-01 -8.516635000705718994e-02 -7.810548692941665649e-02 -2.377920150756835938e+01 0.000000000000000000e+00 -9.843158535659313202e-03 0.000000000000000000e+00 4.900000000000000000e+01 0.000000000000000000e+00
4.587186276912689209e-01 4.228901863098144531e-01 -8.516635000705718994e-02 -7.810548692941665649e-02 -2.377920150756835938e+01 0.000000000000000000e+00 -9.843158535659313202e-03 0.000000000000000000e+00 4.900000000000000000e+01 0.000000000000000000e+00
4.587186276912689209e-01 4.228901863098144531e-01 -8.516635000705718994e-02 -7.810548692941665649e-02 -2.377920150756835938e+01 0.000000000000000000e+00 -9.843158535659313202e-03 0.000000000000000000e+00 4.900000000000000000e+01 0.000000000000000000e+00
4.587186276912689209e-01 4.228901863098144531e-01 -8.516635000705718994e-02 -7.810548692941665649e-02 -2.377920150756835938e+01 0.000000000000000000e+00 -9.843158535659313202e-03 0.000000000000000000e+00 4.900000000000000000e+01 0.000000000000000000e+00
4.587186276912689209e-01 4.228901863098144531e-01 -8.516635000705718994e-02 -7.810548692941665649e-02 -2.377920150756835938e+01 0.000000000000000000e+00 -9.843158535659313202e-03 0.000000000000000000e+00 4.900000000000000000e+01 0.000000000000000000e+00
4.587186276912689209e-01 4.228901863098144531e-01 -8.516635000705718994e-02 -7.810548692941665649e-02 -2.377920150756835938e+01 0.000000000000000000e+00 -9.843158535659313202e-03 0.000000000000000000e+00 4.900000000000000000e+01 0.000000000000000000e+00
4.587186276912689209e-01 4.228901863098144531e-01 -8.516635000705718994e-02 -7.810548692941665649e-02 -2.377920150756835938e+01 0.000000000000000000e+00 -9.843158535659313202e-03 0.000000000000000000e+00 4.900000000000000000e+01 0.000000000000000000e+00
4.587186276912689209e-01 4.228901863098144531e-01 -8.516635000705718994e-02 -7.810548692941665649e-02 -2.377920150756835938e+01 0.000000000000000000e+00 -9.843158535659313202e-03 0.000000000000000000e+00 4.900000000000000000e+01 0.000000000000000000e+00
4.587186276912689209e-01 4.228901863098144531e-01 -8.516635000705718994e-02 -7.810548692941665649e-02 -2.377920150756835938e+01 0.000000000000000000e+00 -9.843158535659313202e-03 0.000000000000000000e+00 4.900000000000000000e+01 0.000000000000000000e+00
4.587186276912689209e-01 4.228901863098144531e-01 -8.516635000705718994e-02 -7.810548692941665649e-02 -2.377920150756835938e+01 0.000000000000000000e+00 -9.843158535659313202e-03 0.000000000000000000e+00 4.900000000000000000e+01 0.000000000000000000e+00
4.587186276912689209e-01 4.228901863098144531e-01 -8.516635000705718994e-02 -7.810548692941665649e-02 -2.377920150756835938e+01 0.000000000000000000e+00 -9.843158535659313202e-03 0.000000000000000000e+00 4.900000000000000000e+01 0.000000000000000000e+00
4.587186276912689209e-01 4.228901863098144531e-01 -8.516635000705718994e-02 -7.810548692941665649e-02 -2.377920150756835938e+01 0.000000000000000000e+00 -9.843158535659313202e-03 0.000000000000000000e+00 4.900000000000000000e+01 0.000000000000000000e+00
4.587186276912689209e-01 4.228901863098144531e-01 -8.516635000705718994e-02 -7.810548692941665649e-02 -2.377920150756835938e+01 0.000000000000000000e+00 -9.843158535659313202e-03 0.000000000000000000e+00 4.900000000000000000e+01 0.000000000000000000e+00
4.587186276912689209e-01 4.228901863098144531e-01 -8.516635000705718994e-02 -7.810548692941665649e-02 -2.377920150756835938e+01 0.000000000000000000e+00 -9.843158535659313202e-03 0.000000000000000000e+00 4.900000000000000000e+01 0.000000000000000000e+00
4.587186276912689209e-01 4.228901863098144531e-01 -8.516635000705718994e-02 -7.810548692941665649e-02 -2.377920150756835938e+01 0.000000000000000000e+00 -9.843158535659313202e-03 0.000000000000000000e+00 4.900000000000000000e+01 0.000000000000000000e+00
4.587186276912689209e-01 4.228901863098144531e-01 -8.516635000705718994e-02 -7.810548692941665649e-02 -2.377920150756835938e+01 0.000000000000000000e+00 -9.843158535659313202e-03 0.000000000000000000e+00 4.900000000000000000e+01 0.000000000000000000e+00
4.587186276912689209e-01 4.228901863098144531e-01 -8.516635000705718994e-02 -7.810548692941665649e-02 -2.377920150756835938e+01 0.000000000000000000e+00 -9.843158535659313202e-03 0.000000000000000000e+00 4.900000000000000000e+01 0.000000000000000000e+00
4.587186276912689209e-01 4.228901863098144531e-01 -8.516635000705718994e-02 -7.810548692941665649e-02 -2.377920150756835938e+01 0.000000000000000000e+00 -9.843158535659313202e-03 0.000000000000000000e+00 4.900000000000000000e+01 0.000000000000000000e+00
4.587186276912689209e-01 4.228901863098144531e-01 -8.516635000705718994e-02 -7.810548692941665649e-02 -2.377920150756835938e+01 0.000000000000000000e+00 -9.843158535659313202e-03 0.000000000000000000e+00 4.900000000000000000e+01 0.000000000000000000e+00
4.587186276912689209e-01 4.228901863098144531e-01 -8.516635000705718994e-02 -7.810548692941665649e-02 -2.377920150756835938e+01 0.000000000000000000e+00 -9.843158535659313202e-03 0.000000000000000000e+00 4.900000000000000000e+01 0.000000000000000000e+00
4.587186276912689209e-01 4.228901863098144531e-01 -8.516635000705718994e-02 -7.810548692941665649e-02 -2.377920150756835938e+01 0.000000000000000000e+00 -9.843158535659313202e-03 0.000000000000000000e+00 4.900000000000000000e+01 0.000000000000000000e+00
4.587186276912689209e-01 4.228901863098144531e-01 -8.516635000705718994e-02 -7.810548692941665649e-02 -2.377920150756835938e+01 0.000000000000000000e+00 -9.843158535659313202e-03 0.000000000000000000e+00 4.900000000000000000e+01 0.000000000000000000e+00
4.587186276912689209e-01 4.228901863098144531e-01 -8.516635000705718994e-02 -7.810548692941665649e-02 -2.377920150756835938e+01 0.000000000000000000e+00 -9.843158535659313202e-03 0.000000000000000000e+00 4.900000000000000000e+01 0.000000000000000000e+00
4.587186276912689209e-01 4.228901863098144531e-01 -8.516635000705718994e-02 -7.810548692941665649e-02 -2.377920150756835938e+01 0.000000000000000000e+00 -9.843158535659313202e-03 0.000000000000000000e+00 4.900000000000000000e+01 0.000000000000000000e+00
4.587186276912689209e-01 4.228901863098144531e-01 -8.516635000705718994e-02 -7.810548692941665649e-02 -2.377920150756835938e+01 0.000000000000000000e+00 -9.843158535659313202e-03 0.000000000000000000e+00 4.900000000000000000e+01 0.000000000000000000e+00
4.587186276912689209e-01 4.228901863098144531e-01 -8.516635000705718994e-02 -7.810548692941665649e-02 -2.377920150756835938e+01 0.000000000000000000e+00 -9.843158535659313202e-03 0.000000000000000000e+00 4.900000000000000000e+01 0.000000000000000000e+00
4.587186276912689209e-01 4.228901863098144531e-01 -8.516635000705718994e-02 -7.810548692941665649e-02 -2.377920150756835938e+01 0.000000000000000000e+00 -9.843158535659313202e-03 0.000000000000000000e+00 4.900000000000000000e+01 0.000000000000000000e+00
4.587186276912689209e-01 4.228901863098144531e-01 -8.516635000705718994e-02 -7.810548692941665649e-02 -2.377920150756835938e+01 0.000000000000000000e+00 -9.843158535659313202e-03 0.000000000000000000e+00 4.900000000000000000e+01 0.000000000000000000e+00
4.587186276912689209e-01 4.228901863098144531e-01 -8.516635000705718994e-02 -7.810548692941665649e-02 -2.377920150756835938e+01 0.000000000000000000e+00 -9.843158535659313202e-03 0.000000000000000000e+00 4.900000000000000000e+01 0.000000000000000000e+00
4.587186276912689209e-01 4.228901863098144531e-01 -8.516635000705718994e-02 -7.810548692941665649e-02 -2.377920150756835938e+01 0.000000000000000000e+00 -9.843158535659313202e-03 0.000000000000000000e+00 4.900000000000000000e+01 0.000000000000000000e+00
4.587186276912689209e-01 4.228901863098144531e-01 -8.516635000705718994e-02 -7.810548692941665649e-02 -2.377920150756835938e+01 0.000000000000000000e+00 -9.843158535659313202e-03 0.000000000000000000e+00 4.900000000000000000e+01 0.000000000000000000e+00
4.587186276912689209e-01 4.228901863098144531e-01 -8.516635000705718994e-02 -7.810548692941665649e-02 -2.377920150756835938e+01 0.000000000000000000e+00 -9.843158535659313202e-03 0.000000000000000000e+00 4.900000000000000000e+01 0.000000000000000000e+00
4.587186276912689209e-01 4.228901863098144531e-01 -8.516635000705718994e-02 -7.810548692941665649e-02 -2.377920150756835938e+01 0.000000000000000000e+00 -9.843158535659313202e-03 0.000000000000000000e+00 4.900000000000000000e+01 0.000000000000000000e+00
4.587186276912689209e-01 4.228901863098144531e-01 -8.516635000705718994e-02 -7.810548692941665649e-02 -2.377920150756835938e+01 0.000000000000000000e+00 -9.843158535659313202e-03 0.000000000000000000e+00 4.900000000000000000e+01 0.000000000000000000e+00
4.587186276912689209e-01 4.228901863098144531e-01 -8.516635000705718994e-02 -7.810548692941665649e-02 -2.377920150756835938e+01 0.000000000000000000e+00 -9.843158535659313202e-03 0.000000000000000000e+00 4.900000000000000000e+01 0.000000000000000000e+00
4.587186276912689209e-01 4.228901863098144531e-01 -8.516635000705718994e-02 -7.810548692941665649e-02 -2.377920150756835938e+01 0.000000000000000000e+00 -9.843158535659313202e-03 0.000000000000000000e+00 4.900000000000000000e+01 0.000000000000000000e+00
4.587186276912689209e-01 4.228901863098144531e-01 -8.516635000705718994e-02 -7.810548692941665649e-02 -2.377920150756835938e+01 0.000000000000000000e+00 -9.843158535659313202e-03 0.000000000000000000e+00 4.900000000000000000e+01 0.000000000000000000e+00
4.587186276912689209e-01 4.228901863098144531e-01 -8.516635000705718994e-02 -7.810548692941665649e-02 -2.377920150756835938e+01 0.000000000000000000e+00 -9.843158535659313202e-03 0.000000000000000000e+00 4.900000000000000000e+01 0.000000000000000000e+00
4.587186276912689209e-01 4.228901863098144531e-01 -8.516635000705718994e-02 -7.810548692941665649e-02 -2.377920150756835938e+01 0.000000000000000000e+00 -9.843158535659313202e-03 0.000000000000000000e+00 4.900000000000000000e+01 0.000000000000000000e+00
4.587186276912689209e-01 4.228901863098144531e-01 -8.516635000705718994e-02 -7.810548692941665649e-02 -2.377920150756835938e+01 0.000000000000000000e+00 -9.843158535659313202e-03 0.000000000000000000e+00 4.900000000000000000e+01 0.000000000000000000e+00
4.587186276912689209e-01 4.228901863098144531e-01 -8.516635000705718994e-02 -7.810548692941665649e-02 -2.377920150756835938e+01 0.000000000000000000e+00 -9.843158535659313202e-03 0.000000000000000000e+00 4.900000000000000000e+01 0.000000000000000000e+00
4.587186276912689209e-01 4.228901863098144531e-01 -8.516635000705718994e-02 -7.810548692941665649e-02 -2.377920150756835938e+01 0.000000000000000000e+00 -9.843158535659313202e-03 0.000000000000000000e+00 4.900000000000000000e+01 0.000000000000000000e+00
4.587186276912689209e-01 4.228901863098144531e-01 -8.516635000705718994e-02 -7.810548692941665649e-02 -2.377920150756835938e+01 0.000000000000000000e+00 -9.843158535659313202e-03 0.000000000000000000e+00 4.900000000000000000e+01 0.000000000000000000e+00
4.587186276912689209e-01 4.228901863098144531e-01 -8.516635000705718994e-02 -7.810548692941665649e-02 -2.377920150756835938e+01 0.000000000000000000e+00 -9.843158535659313202e-03 0.000000000000000000e+00 4.900000000000000000e+01 0.000000000000000000e+00
4.587186276912689209e-01 4.228901863098144531e-01 -8.516635000705718994e-02 -7.810548692941665649e-02 -2.377920150756835938e+01 0.000000000000000000e+00 -9.843158535659313202e-03 0.000000000000000000e+00 4.900000000000000000e+01 0.000000000000000000e+00
4.587186276912689209e-01 4.228901863098144531e-01 -8.516635000705718994e-02 -7.810548692941665649e-02 -2.377920150756835938e+01 0.000000000000000000e+00 -9.843158535659313202e-03 0.000000000000000000e+00 4.900000000000000000e+01 0.000000000000000000e+00
4.587186276912689209e-01 4.228901863098144531e-01 -8.516635000705718994e-02 -7.810548692941665649e-02 -2.377920150756835938e+01 0.000000000000000000e+00 -9.843158535659313202e-03 0.000000000000000000e+00 4.900000000000000000e+01 0.000000000000000000e+00
4.587186276912689209e-01 4.228901863098144531e-01 -8.516635000705718994e-02 -7.810548692941665649e-02 -2.377920150756835938e+01 0.000000000000000000e+00 -9.843158535659313202e-03 0.000000000000000000e+00 4.900000000000000000e+01 0.000000000000000000e+00
4.587186276912689209e-01 4.228901863098144531e-01 -8.516635000705718994e-02 -7.810548692941665649e-02 -2.377920150756835938e+01 0.000000000000000000e+00 -9.843158535659313202e-03 0.000000000000000000e+00 4.900000000000000000e+01 0.000000000000000000e+00
4.587186276912689209e-01 4.228901863098144531e-01 -8.516635000705718994e-02 -7.810548692941665649e-02 -2.377920150756835938e+01 0.000000000000000000e+00 -9.843158535659313202e-03 0.000000000000000000e+00 4.900000000000000000e+01 0.000000000000000000e+00
4.587186276912689209e-01 4.228901863098144531e-01 -8.516635000705718994e-02 -7.810548692941665649e-02 -2.377920150756835938e+01 0.000000000000000000e+00 -9.843158535659313202e-03 0.000000000000000000e+00 4.900000000000000000e+01 0.000000000000000000e+00
