4.083091616630554199e-01 4.425672348588705063e-03 -9.884527325630187988e-01 -9.891609549522399902e-01 -1.651762542724609375e+02 -1.384372100830078125e+02 -6.837303191423416138e-02 -1.068271994590759277e-01 3.560000000000000000e+02 3.060000000000000000e+02
4.083091616630554199e-01 6.857339758425951004e-03 -9.825460314750671387e-01 -9.832055568695068359e-01 -9.552973937988281250e+01 -6.879071044921875000e+01 -3.954356536269187927e-02 -5.308340862393379211e-02 2.010000000000000000e+02 1.510000000000000000e+02
4.083091616630554199e-01 8.586851879954338074e-03 -9.784066677093505859e-01 -9.789697527885437012e-01 -8.634916687011718750e+01 -5.961012649536132812e+01 -3.574335947632789612e-02 -4.599906876683235168e-02 1.840000000000000000e+02 1.340000000000000000e+02
4.083091616630554199e-01 1.027533225715160370e-02 -9.742355942726135254e-01 -9.748344421386718750e-01 -8.335702514648437500e+01 -5.661799621582031250e+01 -3.450479358434677124e-02 -4.369014501571655273e-02 1.760000000000000000e+02 1.260000000000000000e+02
4.083091616630554199e-01 1.067927479743957520e-02 -9.732100367546081543e-01 -9.738451242446899414e-01 -8.007769775390625000e+01 -5.333866882324218750e+01 -3.314734995365142822e-02 -4.115960374474525452e-02 1.690000000000000000e+02 1.190000000000000000e+02
4.083091616630554199e-01 1.281022839248180389e-02 -9.681031107902526855e-01 -9.686261415481567383e-01 -7.702257537841796875e+01 -5.028354263305664062e+01 -3.188271075487136841e-02 -3.880206868052482605e-02 1.620000000000000000e+02 1.120000000000000000e+02
4.083091616630554199e-01 1.404483057558536530e-02 -9.649780988693237305e-01 -9.656024575233459473e-01 -7.607665252685546875e+01 -4.933762359619140625e+01 -3.149115666747093201e-02 -3.807213529944419861e-02 1.590000000000000000e+02 1.090000000000000000e+02
4.083091616630554199e-01 1.419538259506225586e-02 -9.646345376968383789e-01 -9.652337431907653809e-01 -7.502358245849609375e+01 -4.828455352783203125e+01 -3.105524927377700806e-02 -3.725951537489891052e-02 1.570000000000000000e+02 1.070000000000000000e+02
4.083091616630554199e-01 1.409326866269111633e-02 -9.648902416229248047e-01 -9.654837846755981445e-01 -7.325234985351562500e+01 -4.651332473754882812e+01 -3.032206557691097260e-02 -3.589272126555442810e-02 1.550000000000000000e+02 1.050000000000000000e+02
4.083091616630554199e-01 1.476560533046722412e-02 -9.633011221885681152e-01 -9.638371467590332031e-01 -7.178633117675781250e+01 -4.504729843139648438e+01 -2.971522137522697449e-02 -3.476144000887870789e-02 1.530000000000000000e+02 1.030000000000000000e+02
4.083091616630554199e-01 1.547267381101846695e-02 -9.615530967712402344e-01 -9.621054530143737793e-01 -7.057363891601562500e+01 -4.383460998535156250e+01 -2.921324037015438080e-02 -3.382565081119537354e-02 1.490000000000000000e+02 9.900000000000000000e+01
4.083091616630554199e-01 2.268809825181961060e-02 -9.435795545578002930e-01 -9.444340467453002930e-01 -6.296998977661132812e+01 -3.623095703125000000e+01 -2.606578730046749115e-02 -2.795817330479621887e-02 1.330000000000000000e+02 8.300000000000000000e+01
4.083091616630554199e-01 2.613974735140800476e-02 -9.350091218948364258e-01 -9.359805583953857422e-01 -6.090170288085937500e+01 -3.416267013549804688e+01 -2.520964108407497406e-02 -2.636214904487133026e-02 1.270000000000000000e+02 7.700000000000000000e+01
4.083091616630554199e-01 2.738274075090885162e-02 -9.321388006210327148e-01 -9.329362511634826660e-01 -5.889690399169921875e+01 -3.215787124633789062e+01 -2.437977492809295654e-02 -2.481511421501636505e-02 1.210000000000000000e+02 7.100000000000000000e+01
4.083091616630554199e-01 3.929506614804267883e-02 -9.007798433303833008e-01 -9.037614464759826660e-01 -5.705612945556640625e+01 -3.031709671020507812e+01 -2.361780405044555664e-02 -2.339465357363224030e-02 1.190000000000000000e+02 6.900000000000000000e+01
4.083091616630554199e-01 4.119000956416130066e-02 -8.960664272308349609e-01 -8.991205692291259766e-01 -5.636633300781250000e+01 -2.962730026245117188e+01 -2.333226986229419708e-02 -2.286235988140106201e-02 1.170000000000000000e+02 6.700000000000000000e+01
4.083091616630554199e-01 4.367819800972938538e-02 -8.901034593582153320e-01 -8.930266499519348145e-01 -5.427714157104492188e+01 -2.753811073303222656e+01 -2.246746979653835297e-02 -2.125020511448383331e-02 1.130000000000000000e+02 6.300000000000000000e+01
4.083091616630554199e-01 5.042978003621101379e-02 -8.736417889595031738e-01 -8.764911890029907227e-01 -5.335114288330078125e+01 -2.661210632324218750e+01 -2.208416350185871124e-02 -2.053564041852951050e-02 1.100000000000000000e+02 6.000000000000000000e+01
4.083091616630554199e-01 5.637960880994796753e-02 -8.588618040084838867e-01 -8.619192838668823242e-01 -5.128625488281250000e+01 -2.454721832275390625e+01 -2.122942358255386353e-02 -1.894223690032958984e-02 1.060000000000000000e+02 5.600000000000000000e+01
4.083091616630554199e-01 5.691647902131080627e-02 -8.575353026390075684e-01 -8.606044650077819824e-01 -5.089281845092773438e+01 -2.415378570556640625e+01 -2.106656506657600403e-02 -1.863863877952098846e-02 1.060000000000000000e+02 5.600000000000000000e+01
4.083091616630554199e-01 7.877728343009948730e-02 -8.040099740028381348e-01 -8.070645928382873535e-01 -4.274791336059570312e+01 -1.600888252258300781e+01 -1.769506372511386871e-02 -1.235349941998720169e-02 9.200000000000000000e+01 4.200000000000000000e+01
4.083091616630554199e-01 1.051210537552833557e-01 -7.379240989685058594e-01 -7.425454854965209961e-01 -3.957571411132812500e+01 -1.283668041229248047e+01 -1.638196408748626709e-02 -9.905621409416198730e-03 8.500000000000000000e+01 3.500000000000000000e+01
4.083091616630554199e-01 1.174102723598480225e-01 -7.074112296104431152e-01 -7.124476432800292969e-01 -3.780358123779296875e+01 -1.106455230712890625e+01 -1.564840786159038544e-02 -8.538131602108478546e-03 8.000000000000000000e+01 3.000000000000000000e+01
4.083091616630554199e-01 1.286342740058898926e-01 -6.793838143348693848e-01 -6.849586367607116699e-01 -3.531116867065429688e+01 -8.572137832641601562e+00 -1.461669895797967911e-02 -6.614821497350931168e-03 7.600000000000000000e+01 2.600000000000000000e+01
4.083091616630554199e-01 1.421175450086593628e-01 -6.448891162872314453e-01 -6.519364118576049805e-01 -3.284009170532226562e+01 -6.101058959960937500e+00 -1.359382178634405136e-02 -4.707975778728723526e-03 6.900000000000000000e+01 1.900000000000000000e+01
4.083091616630554199e-01 1.286091655492782593e-01 -6.801564097404479980e-01 -6.850200891494750977e-01 -3.150107192993164062e+01 -4.762037754058837891e+00 -1.303954795002937317e-02 -3.674699459224939346e-03 6.700000000000000000e+01 1.700000000000000000e+01
4.083091616630554199e-01 1.384584605693817139e-01 -6.555971503257751465e-01 -6.608979701995849609e-01 -3.017179870605468750e+01 -3.432767152786254883e+00 -1.248930953443050385e-02 -2.648947527632117271e-03 6.400000000000000000e+01 1.400000000000000000e+01
4.083091616630554199e-01 1.401659399271011353e-01 -6.518586874008178711e-01 -6.567161679267883301e-01 -2.970759963989257812e+01 -2.968568086624145508e+00 -1.229715906083583832e-02 -2.290741074830293655e-03 6.200000000000000000e+01 1.200000000000000000e+01
4.083091616630554199e-01 1.436763405799865723e-01 -6.434637308120727539e-01 -6.481187343597412109e-01 -2.944252204895019531e+01 -2.703490257263183594e+00 -1.218743249773979187e-02 -2.086189808323979378e-03 6.100000000000000000e+01 1.100000000000000000e+01
4.083091616630554199e-01 1.639399230480194092e-01 -5.938189029693603516e-01 -5.984907150268554688e-01 -2.798972702026367188e+01 -1.250694990158081055e+00 -1.158606261014938354e-02 -9.651180007494986057e-04 5.400000000000000000e+01 4.000000000000000000e+00
4.083091616630554199e-01 1.918494403362274170e-01 -5.260983109474182129e-01 -5.301368236541748047e-01 -2.689428710937500000e+01 -1.552553772926330566e-01 -1.113261654973030090e-02 -1.198051904793828726e-04 5.100000000000000000e+01 1.000000000000000000e+00
4.083091616630554199e-01 1.918494403362274170e-01 -5.260983109474182129e-01 -5.301368236541748047e-01 -2.689428710937500000e+01 -1.552553772926330566e-01 -1.113261654973030090e-02 -1.198051904793828726e-04 5.100000000000000000e+01 1.000000000000000000e+00
4.083091616630554199e-01 2.040187716484069824e-01 -4.958312213420867920e-01 -5.003325939178466797e-01 -2.673903274536132812e+01 0.000000000000000000e+00 -1.106835063546895981e-02 0.000000000000000000e+00 5.000000000000000000e+01 0.000000000000000000e+00
4.083091616630554199e-01 2.040187567472457886e-01 -4.958312213420867920e-01 -5.003326535224914551e-01 -2.673903274536132812e+01 0.000000000000000000e+00 -1.106835063546895981e-02 0.000000000000000000e+00 5.000000000000000000e+01 0.000000000000000000e+00
4.083091616630554199e-01 2.040187567472457886e-01 -4.958312213420867920e-01 -5.003326535224914551e-01 -2.673903274536132812e+01 0.000000000000000000e+00 -1.106835063546895981e-02 0.000000000000000000e+00 5.000000000000000000e+01 0.000000000000000000e+00
4.083091616630554199e-01 2.040187567472457886e-01 -4.958312213420867920e-01 -5.003326535224914551e-01 -2.673903274536132812e+01 0.000000000000000000e+00 -1.106835063546895981e-02 0.000000000000000000e+00 5.000000000000000000e+01 0.000000000000000000e+00
4.083091616630554199e-01 2.040187567472457886e-01 -4.958312213420867920e-01 -5.003326535224914551e-01 -2.673903274536132812e+01 0.000000000000000000e+00 -1.106835063546895981e-02 0.000000000000000000e+00 5.000000000000000000e+01 0.000000000000000000e+00
4.083091616630554199e-01 2.040187716484069824e-01 -4.958312213420867920e-01 -5.003325939178466797e-01 -2.673903274536132812e+01 0.000000000000000000e+00 -1.106835063546895981e-02 0.000000000000000000e+00 5.000000000000000000e+01 0.000000000000000000e+00
4.083091616630554199e-01 2.040187567472457886e-01 -4.958312213420867920e-01 -5.003326535224914551e-01 -2.673903274536132812e+01 0.000000000000000000e+00 -1.106835063546895981e-02 0.000000000000000000e+00 5.000000000000000000e+01 0.000000000000000000e+00
4.083091616630554199e-01 2.040187567472457886e-01 -4.958312213420867920e-01 -5.003326535224914551e-01 -2.673903274536132812e+01 0.000000000000000000e+00 -1.106835063546895981e-02 0.000000000000000000e+00 5.000000000000000000e+01 0.000000000000000000e+00
4.083091616630554199e-01 2.040187567472457886e-01 -4.958312213420867920e-01 -5.003326535224914551e-01 -2.673903274536132812e+01 0.000000000000000000e+00 -1.106835063546895981e-02 0.000000000000000000e+00 5.000000000000000000e+01 0.000000000000000000e+00
4.083091616630554199e-01 2.040187567472457886e-01 -4.958312213420867920e-01 -5.003326535224914551e-01 -2.673903274536132812e+01 0.000000000000000000e+00 -1.106835063546895981e-02 0.000000000000000000e+00 5.000000000000000000e+01 0.000000000000000000e+00
4.083091616630554199e-01 2.040187567472457886e-01 -4.958312213420867920e-01 -5.003326535224914551e-01 -2.673903274536132812e+01 0.000000000000000000e+00 -1.106835063546895981e-02 0.000000000000000000e+00 5.000000000000000000e+01 0.000000000000000000e+00
4.083091616630554199e-01 2.040187567472457886e-01 -4.958312213420867920e-01 -5.003326535224914551e-01 -2.673903274536132812e+01 0.000000000000000000e+00 -1.106835063546895981e-02 0.000000000000000000e+00 5.000000000000000000e+01 0.000000000000000000e+00
4.083091616630554199e-01 2.040187567472457886e-01 -4.958312213420867920e-01 -5.003326535224914551e-01 -2.673903274536132812e+01 0.000000000000000000e+00 -1.106835063546895981e-02 0.000000000000000000e+00 5.000000000000000000e+01 0.000000000000000000e+00
4.083091616630554199e-01 2.040187716484069824e-01 -4.958312213420867920e-01 -5.003325939178466797e-01 -2.673903274536132812e+01 0.000000000000000000e+00 -1.106835063546895981e-02 0.000000000000000000e+00 5.000000000000000000e+01 0.000000000000000000e+00
4.083091616630554199e-01 2.040187567472457886e-01 -4.958312213420867920e-01 -5.003326535224914551e-01 -2.673903274536132812e+01 0.000000000000000000e+00 -1.106835063546895981e-02 0.000000000000000000e+00 5.000000000000000000e+01 0.000000000000000000e+00
4.083091616630554199e-01 2.040187716484069824e-01 -4.958312213420867920e-01 -5.003325939178466797e-01 -2.673903274536132812e+01 0.000000000000000000e+00 -1.106835063546895981e-02 0.000000000000000000e+00 5.000000000000000000e+01 0.000000000000000000e+00
4.083091616630554199e-01 2.040187716484069824e-01 -4.958312213420867920e-01 -5.003325939178466797e-01 -2.673903274536132812e+01 0.000000000000000000e+00 -1.106835063546895981e-02 0.000000000000000000e+00 5.000000000000000000e+01 0.000000000000000000e+00
4.083091616630554199e-01 2.040187567472457886e-01 -4.958312213420867920e-01 -5.003326535224914551e-01 -2.673903274536132812e+01 0.000000000000000000e+00 -1.106835063546895981e-02 0.000000000000000000e+00 5.000000000000000000e+01 0.000000000000000000e+00
4.083091616630554199e-01 2.040187567472457886e-01 -4.958312213420867920e-01 -5.003326535224914551e-01 -2.673903274536132812e+01 0.000000000000000000e+00 -1.106835063546895981e-02 0.000000000000000000e+00 5.000000000000000000e+01 0.000000000000000000e+00
4.083091616630554199e-01 2.040187567472457886e-01 -4.958312213420867920e-01 -5.003326535224914551e-01 -2.673903274536132812e+01 0.000000000000000000e+00 -1.106835063546895981e-02 0.000000000000000000e+00 5.000000000000000000e+01 0.000000000000000000e+00
4.083091616630554199e-01 2.040187567472457886e-01 -4.958312213420867920e-01 -5.003326535224914551e-01 -2.673903274536132812e+01 0.000000000000000000e+00 -1.106835063546895981e-02 0.000000000000000000e+00 5.000000000000000000e+01 0.000000000000000000e+00
4.083091616630554199e-01 2.040187567472457886e-01 -4.958312213420867920e-01 -5.003326535224914551e-01 -2.673903274536132812e+01 0.000000000000000000e+00 -1.106835063546895981e-02 0.000000000000000000e+00 5.000000000000000000e+01 0.000000000000000000e+00
4.083091616630554199e-01 2.040187567472457886e-01 -4.958312213420867920e-01 -5.003326535224914551e-01 -2.673903274536132812e+01 0.000000000000000000e+00 -1.106835063546895981e-02 0.000000000000000000e+00 5.000000000000000000e+01 0.000000000000000000e+00
4.083091616630554199e-01 2.040187567472457886e-01 -4.958312213420867920e-01 -5.003326535224914551e-01 -2.673903274536132812e+01 0.000000000000000000e+00 -1.106835063546895981e-02 0.000000000000000000e+00 5.000000000000000000e+01 0.000000000000000000e+00
4.083091616630554199e-01 2.040187567472457886e-01 -4.958312213420867920e-01 -5.003326535224914551e-01 -2.673903274536132812e+01 0.000000000000000000e+00 -1.106835063546895981e-02 0.000000000000000000e+00 5.000000000000000000e+01 0.000000000000000000e+00
4.083091616630554199e-01 2.040187716484069824e-01 -4.958312213420867920e-01 -5.003325939178466797e-01 -2.673903274536132812e+01 0.000000000000000000e+00 -1.106835063546895981e-02 0.000000000000000000e+00 5.000000000000000000e+01 0.000000000000000000e+00
4.083091616630554199e-01 2.040187567472457886e-01 -4.958312213420867920e-01 -5.003326535224914551e-01 -2.673903274536132812e+01 0.000000000000000000e+00 -1.106835063546895981e-02 0.000000000000000000e+00 5.000000000000000000e+01 0.000000000000000000e+00
4.083091616630554199e-01 2.040187567472457886e-01 -4.958312213420867920e-01 -5.003326535224914551e-01 -2.673903274536132812e+01 0.000000000000000000e+00 -1.106835063546895981e-02 0.000000000000000000e+00 5.000000000000000000e+01 0.000000000000000000e+00
4.083091616630554199e-01 2.040187567472457886e-01 -4.958312213420867920e-01 -5.003326535224914551e-01 -2.673903274536132812e+01 0.000000000000000000e+00 -1.106835063546895981e-02 0.000000000000000000e+00 5.000000000000000000e+01 0.000000000000000000e+00
4.083091616630554199e-01 2.040187567472457886e-01 -4.958312213420867920e-01 -5.003326535224914551e-01 -2.673903274536132812e+01 0.000000000000000000e+00 -1.106835063546895981e-02 0.000000000000000000e+00 5.000000000000000000e+01 0.000000000000000000e+00
4.083091616630554199e-01 2.040187567472457886e-01 -4.958312213420867920e-01 -5.003326535224914551e-01 -2.673903274536132812e+01 0.000000000000000000e+00 -1.106835063546895981e-02 0.000000000000000000e+00 5.000000000000000000e+01 0.000000000000000000e+00
4.083091616630554199e-01 2.040187716484069824e-01 -4.958312213420867920e-01 -5.003325939178466797e-01 -2.673903274536132812e+01 0.000000000000000000e+00 -1.106835063546895981e-02 0.000000000000000000e+00 5.000000000000000000e+01 0.000000000000000000e+00
4.083091616630554199e-01 2.040187567472457886e-01 -4.958312213420867920e-01 -5.003326535224914551e-01 -2.673903274536132812e+01 0.000000000000000000e+00 -1.106835063546895981e-02 0.000000000000000000e+00 5.000000000000000000e+01 0.000000000000000000e+00
4.083091616630554199e-01 2.040187567472457886e-01 -4.958312213420867920e-01 -5.003326535224914551e-01 -2.673903274536132812e+01 0.000000000000000000e+00 -1.106835063546895981e-02 0.000000000000000000e+00 5.000000000000000000e+01 0.000000000000000000e+00
4.083091616630554199e-01 2.040187716484069824e-01 -4.958312213420867920e-01 -5.003325939178466797e-01 -2.673903274536132812e+01 0.000000000000000000e+00 -1.106835063546895981e-02 0.000000000000000000e+00 5.000000000000000000e+01 0.000000000000000000e+00
4.083091616630554199e-01 2.040187567472457886e-01 -4.958312213420867920e-01 -5.003326535224914551e-01 -2.673903274536132812e+01 0.000000000000000000e+00 -1.106835063546895981e-02 0.000000000000000000e+00 5.000000000000000000e+01 0.000000000000000000e+00
4.083091616630554199e-01 2.040187567472457886e-01 -4.958312213420867920e-01 -5.003326535224914551e-01 -2.673903274536132812e+01 0.000000000000000000e+00 -1.106835063546895981e-02 0.000000000000000000e+00 5.000000000000000000e+01 0.000000000000000000e+00
4.083091616630554199e-01 2.040187567472457886e-01 -4.958312213420867920e-01 -5.003326535224914551e-01 -2.673903274536132812e+01 0.000000000000000000e+00 -1.106835063546895981e-02 0.000000000000000000e+00 5.000000000000000000e+01 0.000000000000000000e+00
4.083091616630554199e-01 2.040187567472457886e-01 -4.958312213420867920e-01 -5.003326535224914551e-01 -2.673903274536132812e+01 0.000000000000000000e+00 -1.106835063546895981e-02 0.000000000000000000e+00 5.000000000000000000e+01 0.000000000000000000e+00
4.083091616630554199e-01 2.040187567472457886e-01 -4.958312213420867920e-01 -5.003326535224914551e-01 -2.673903274536132812e+01 0.000000000000000000e+00 -1.106835063546895981e-02 0.000000000000000000e+00 5.000000000000000000e+01 0.000000000000000000e+00
4.083091616630554199e-01 2.040187716484069824e-01 -4.958312213420867920e-01 -5.003325939178466797e-01 -2.673903274536132812e+01 0.000000000000000000e+00 -1.106835063546895981e-02 0.000000000000000000e+00 5.000000000000000000e+01 0.000000000000000000e+00
4.083091616630554199e-01 2.040187567472457886e-01 -4.958312213420867920e-01 -5.003326535224914551e-01 -2.673903274536132812e+01 0.000000000000000000e+00 -1.106835063546895981e-02 0.000000000000000000e+00 5.000000000000000000e+01 0.000000000000000000e+00
4.083091616630554199e-01 2.040187716484069824e-01 -4.958312213420867920e-01 -5.003325939178466797e-01 -2.673903274536132812e+01 0.000000000000000000e+00 -1.106835063546895981e-02 0.000000000000000000e+00 5.000000000000000000e+01 0.000000000000000000e+00
4.083091616630554199e-01 2.040187716484069824e-01 -4.958312213420867920e-01 -5.003325939178466797e-01 -2.673903274536132812e+01 0.000000000000000000e+00 -1.106835063546895981e-02 0.000000000000000000e+00 5.000000000000000000e+01 0.000000000000000000e+00
4.083091616630554199e-01 2.040187716484069824e-01 -4.958312213420867920e-01 -5.003325939178466797e-01 -2.673903274536132812e+01 0.000000000000000000e+00 -1.106835063546895981e-02 0.000000000000000000e+00 5.000000000000000000e+01 0.000000000000000000e+00
4.083091616630554199e-01 2.040187567472457886e-01 -4.958312213420867920e-01 -5.003326535224914551e-01 -2.673903274536132812e+01 0.000000000000000000e+00 -1.106835063546895981e-02 0.000000000000000000e+00 5.000000000000000000e+01 0.000000000000000000e+00
4.083091616630554199e-01 2.040187567472457886e-01 -4.958312213420867920e-01 -5.003326535224914551e-01 -2.673903274536132812e+01 0.000000000000000000e+00 -1.106835063546895981e-02 0.000000000000000000e+00 5.000000000000000000e+01 0.000000000000000000e+00
4.083091616630554199e-01 2.040187716484069824e-01 -4.958312213420867920e-01 -5.003325939178466797e-01 -2.673903274536132812e+01 0.000000000000000000e+00 -1.106835063546895981e-02 0.000000000000000000e+00 5.000000000000000000e+01 0.000000000000000000e+00
4.083091616630554199e-01 2.040187567472457886e-01 -4.958312213420867920e-01 -5.003326535224914551e-01 -2.673903274536132812e+01 0.000000000000000000e+00 -1.106835063546895981e-02 0.000000000000000000e+00 5.000000000000000000e+01 0.000000000000000000e+00
4.083091616630554199e-01 2.040187567472457886e-01 -4.958312213420867920e-01 -5.003326535224914551e-01 -2.673903274536132812e+01 0.000000000000000000e+00 -1.106835063546895981e-02 0.000000000000000000e+00 5.000000000000000000e+01 0.000000000000000000e+00
4.083091616630554199e-01 2.040187567472457886e-01 -4.958312213420867920e-01 -5.003326535224914551e-01 -2.673903274536132812e+01 0.000000000000000000e+00 -1.106835063546895981e-02 0.000000000000000000e+00 5.000000000000000000e+01 0.000000000000000000e+00
4.083091616630554199e-01 2.040187567472457886e-01 -4.958312213420867920e-01 -5.003326535224914551e-01 -2.673903274536132812e+01 0.000000000000000000e+00 -1.106835063546895981e-02 0.000000000000000000e+00 5.000000000000000000e+01 0.000000000000000000e+00
4.083091616630554199e-01 2.040187567472457886e-01 -4.958312213420867920e-01 -5.003326535224914551e-01 -2.673903274536132812e+01 0.000000000000000000e+00 -1.106835063546895981e-02 0.000000000000000000e+00 5.000000000000000000e+01 0.000000000000000000e+00
4.083091616630554199e-01 2.040187567472457886e-01 -4.958312213420867920e-01 -5.003326535224914551e-01 -2.673903274536132812e+01 0.000000000000000000e+00 -1.106835063546895981e-02 0.000000000000000000e+00 5.000000000000000000e+01 0.000000000000000000e+00
4.083091616630554199e-01 2.040187567472457886e-01 -4.958312213420867920e-01 -5.003326535224914551e-01 -2.673903274536132812e+01 0.000000000000000000e+00 -1.106835063546895981e-02 0.000000000000000000e+00 5.000000000000000000e+01 0.000000000000000000e+00
4.083091616630554199e-01 2.040187567472457886e-01 -4.958312213420867920e-01 -5.003326535224914551e-01 -2.673903274536132812e+01 0.000000000000000000e+00 -1.106835063546895981e-02 0.000000000000000000e+00 5.000000000000000000e+01 0.000000000000000000e+00
4.083091616630554199e-01 2.040187567472457886e-01 -4.958312213420867920e-01 -5.003326535224914551e-01 -2.673903274536132812e+01 0.000000000000000000e+00 -1.106835063546895981e-02 0.000000000000000000e+00 5.000000000000000000e+01 0.000000000000000000e+00
4.083091616630554199e-01 2.040187567472457886e-01 -4.958312213420867920e-01 -5.003326535224914551e-01 -2.673903274536132812e+01 0.000000000000000000e+00 -1.106835063546895981e-02 0.000000000000000000e+00 5.000000000000000000e+01 0.000000000000000000e+00
4.083091616630554199e-01 2.040187567472457886e-01 -4.958312213420867920e-01 -5.003326535224914551e-01 -2.673903274536132812e+01 0.000000000000000000e+00 -1.106835063546895981e-02 0.000000000000000000e+00 5.000000000000000000e+01 0.000000000000000000e+00
