3.925041258335113525e-01 1.299943923950195312e-01 -6.760022640228271484e-01 -6.688075661659240723e-01 -7.307151031494140625e+01 -3.211956787109375000e+01 -3.024720773100852966e-02 -2.728100307285785675e-02 1.620000000000000000e+02 1.120000000000000000e+02
3.925041258335113525e-01 1.400994658470153809e-01 -6.499890089035034180e-01 -6.430624127388000488e-01 -5.998995208740234375e+01 -1.903801345825195312e+01 -2.483223006129264832e-02 -1.617008447647094727e-02 1.250000000000000000e+02 7.500000000000000000e+01
3.925041258335113525e-01 1.421127617359161377e-01 -6.447762846946716309e-01 -6.379330754280090332e-01 -5.743103790283203125e+01 -1.647909545898437500e+01 -2.377299405634403229e-02 -1.399664673954248428e-02 1.180000000000000000e+02 6.800000000000000000e+01
3.925041258335113525e-01 1.434368342161178589e-01 -6.413154602050781250e-01 -6.345596909523010254e-01 -5.478580856323242188e+01 -1.383386611938476562e+01 -2.267802879214286804e-02 -1.174990087747573853e-02 1.100000000000000000e+02 6.000000000000000000e+01
3.925041258335113525e-01 1.434368342161178589e-01 -6.413154602050781250e-01 -6.345596909523010254e-01 -5.478580856323242188e+01 -1.383386611938476562e+01 -2.267802879214286804e-02 -1.174990087747573853e-02 1.100000000000000000e+02 6.000000000000000000e+01
3.925041258335113525e-01 1.457111537456512451e-01 -6.361213326454162598e-01 -6.287652850151062012e-01 -5.222249221801757812e+01 -1.127055168151855469e+01 -2.161696925759315491e-02 -9.572730399668216705e-03 9.900000000000000000e+01 4.900000000000000000e+01
3.925041258335113525e-01 1.457275897264480591e-01 -6.360781192779541016e-01 -6.287234425544738770e-01 -5.152579879760742188e+01 -1.057385635375976562e+01 -2.132857963442802429e-02 -8.980986662209033966e-03 9.700000000000000000e+01 4.700000000000000000e+01
3.925041258335113525e-01 1.457445621490478516e-01 -6.360345482826232910e-01 -6.286801695823669434e-01 -5.107814407348632812e+01 -1.012620353698730469e+01 -2.114327810704708099e-02 -8.600769564509391785e-03 9.500000000000000000e+01 4.500000000000000000e+01
3.925041258335113525e-01 1.457445621490478516e-01 -6.360345482826232910e-01 -6.286801695823669434e-01 -5.107814407348632812e+01 -1.012620353698730469e+01 -2.114327810704708099e-02 -8.600769564509391785e-03 9.500000000000000000e+01 4.500000000000000000e+01
3.925041258335113525e-01 1.457674056291580200e-01 -6.359735131263732910e-01 -6.286219954490661621e-01 -5.091077041625976562e+01 -9.958831787109375000e+00 -2.107399515807628632e-02 -8.458610624074935913e-03 9.400000000000000000e+01 4.400000000000000000e+01
3.925041258335113525e-01 1.457674056291580200e-01 -6.359735131263732910e-01 -6.286219954490661621e-01 -5.091077041625976562e+01 -9.958831787109375000e+00 -2.107399515807628632e-02 -8.458610624074935913e-03 9.400000000000000000e+01 4.400000000000000000e+01
3.925041258335113525e-01 1.487461030483245850e-01 -6.281889081001281738e-01 -6.210330128669738770e-01 -4.874993515014648438e+01 -7.797992706298828125e+00 -2.017953991889953613e-02 -6.623285356909036636e-03 8.500000000000000000e+01 3.500000000000000000e+01
3.925041258335113525e-01 1.522671878337860107e-01 -6.192438602447509766e-01 -6.120622158050537109e-01 -4.757822418212890625e+01 -6.626280784606933594e+00 -1.969452202320098877e-02 -5.628082901239395142e-03 8.100000000000000000e+01 3.100000000000000000e+01
3.925041258335113525e-01 1.528262048959732056e-01 -6.178180575370788574e-01 -6.106379628181457520e-01 -4.674295043945312500e+01 -5.791010856628417969e+00 -1.934876851737499237e-02 -4.918639548122882843e-03 7.800000000000000000e+01 2.800000000000000000e+01
3.925041258335113525e-01 1.534319818019866943e-01 -6.163958311080932617e-01 -6.090946197509765625e-01 -4.617414474487304688e+01 -5.222202301025390625e+00 -1.911331713199615479e-02 -4.435517825186252594e-03 7.600000000000000000e+01 2.600000000000000000e+01
3.925041258335113525e-01 1.534829884767532349e-01 -6.162605285644531250e-01 -6.089646220207214355e-01 -4.574073028564453125e+01 -4.788790225982666016e+00 -1.893391087651252747e-02 -4.067395813763141632e-03 7.500000000000000000e+01 2.500000000000000000e+01
3.925041258335113525e-01 1.546274274587631226e-01 -6.133109331130981445e-01 -6.060489416122436523e-01 -4.517877960205078125e+01 -4.226837635040283203e+00 -1.870129629969596863e-02 -3.590097185224294662e-03 7.400000000000000000e+01 2.400000000000000000e+01
3.925041258335113525e-01 1.548170298337936401e-01 -6.128047704696655273e-01 -6.055658459663391113e-01 -4.488398742675781250e+01 -3.932046890258789062e+00 -1.857927069067955017e-02 -3.339714370667934418e-03 7.200000000000000000e+01 2.200000000000000000e+01
3.925041258335113525e-01 1.548373401165008545e-01 -6.127505898475646973e-01 -6.055141091346740723e-01 -4.476192474365234375e+01 -3.809984683990478516e+00 -1.852874271571636200e-02 -3.236040007323026657e-03 7.200000000000000000e+01 2.200000000000000000e+01
3.925041258335113525e-01 1.548432558774948120e-01 -6.127347946166992188e-01 -6.054990291595458984e-01 -4.471219635009765625e+01 -3.760254859924316406e+00 -1.850815862417221069e-02 -3.193801501765847206e-03 7.200000000000000000e+01 2.200000000000000000e+01
3.925041258335113525e-01 1.556227654218673706e-01 -6.107282638549804688e-01 -6.035130620002746582e-01 -4.392286682128906250e+01 -2.970924854278564453e+00 -1.818142458796501160e-02 -2.523378003388643265e-03 6.800000000000000000e+01 1.800000000000000000e+01
3.925041258335113525e-01 1.565472483634948730e-01 -6.082649230957031250e-01 -6.011577248573303223e-01 -4.367538070678710938e+01 -2.723440408706665039e+00 -1.807897910475730896e-02 -2.313175238668918610e-03 6.600000000000000000e+01 1.600000000000000000e+01
3.925041258335113525e-01 1.583101451396942139e-01 -6.039071679115295410e-01 -5.966662764549255371e-01 -4.319087982177734375e+01 -2.238936424255371094e+00 -1.787842623889446259e-02 -1.901657902635633945e-03 6.300000000000000000e+01 1.300000000000000000e+01
3.925041258335113525e-01 1.588639765977859497e-01 -6.024331450462341309e-01 -5.952552556991577148e-01 -4.277714538574218750e+01 -1.825203180313110352e+00 -1.770716346800327301e-02 -1.550250453874468803e-03 6.100000000000000000e+01 1.100000000000000000e+01
3.925041258335113525e-01 1.603847146034240723e-01 -5.989332795143127441e-01 -5.913808345794677734e-01 -4.266218566894531250e+01 -1.710242748260498047e+00 -1.765957847237586975e-02 -1.452607917599380016e-03 6.100000000000000000e+01 1.100000000000000000e+01
3.925041258335113525e-01 1.607787609100341797e-01 -5.978874564170837402e-01 -5.903769135475158691e-01 -4.245449829101562500e+01 -1.502554416656494141e+00 -1.757360808551311493e-02 -1.276206225156784058e-03 6.000000000000000000e+01 1.000000000000000000e+01
3.925041258335113525e-01 1.616901904344558716e-01 -5.954570770263671875e-01 -5.880547761917114258e-01 -4.237682342529296875e+01 -1.424880623817443848e+00 -1.754145510494709015e-02 -1.210233313031494617e-03 5.900000000000000000e+01 9.000000000000000000e+00
3.925041258335113525e-01 1.616901904344558716e-01 -5.954570770263671875e-01 -5.880547761917114258e-01 -4.237682342529296875e+01 -1.424880623817443848e+00 -1.754145510494709015e-02 -1.210233313031494617e-03 5.900000000000000000e+01 9.000000000000000000e+00
3.925041258335113525e-01 1.624940484762191772e-01 -5.934686064720153809e-01 -5.860067605972290039e-01 -4.218759155273437500e+01 -1.235651731491088867e+00 -1.746312528848648071e-02 -1.049510319717228413e-03 5.800000000000000000e+01 8.000000000000000000e+00
3.925041258335113525e-01 1.737799048423767090e-01 -5.650925636291503906e-01 -5.572533011436462402e-01 -4.129418182373046875e+01 -3.422428965568542480e-01 -1.709330640733242035e-02 -2.906866429839283228e-04 5.400000000000000000e+01 4.000000000000000000e+00
3.925041258335113525e-01 1.777303963899612427e-01 -5.541539788246154785e-01 -5.471884608268737793e-01 -4.113330841064453125e+01 -1.813687086105346680e-01 -1.702671498060226440e-02 -1.540469093015417457e-04 5.300000000000000000e+01 3.000000000000000000e+00
3.925041258335113525e-01 1.794710308313369751e-01 -5.495023131370544434e-01 -5.427537560462951660e-01 -4.105941390991210938e+01 -1.074712872505187988e-01 -1.699612662196159363e-02 -9.128156671067699790e-05 5.200000000000000000e+01 2.000000000000000000e+00
3.925041258335113525e-01 1.818659752607345581e-01 -5.431018471717834473e-01 -5.366520881652832031e-01 -4.102108764648437500e+01 -6.914484500885009766e-02 -1.698026247322559357e-02 -5.872870679013431072e-05 5.100000000000000000e+01 1.000000000000000000e+00
3.925041258335113525e-01 1.857206374406814575e-01 -5.332660079002380371e-01 -5.268313884735107422e-01 -4.095194244384765625e+01 0.000000000000000000e+00 -1.695163920521736145e-02 0.000000000000000000e+00 5.000000000000000000e+01 0.000000000000000000e+00
3.925041258335113525e-01 1.857206374406814575e-01 -5.332660079002380371e-01 -5.268313884735107422e-01 -4.095194244384765625e+01 0.000000000000000000e+00 -1.695163920521736145e-02 0.000000000000000000e+00 5.000000000000000000e+01 0.000000000000000000e+00
3.925041258335113525e-01 1.857206374406814575e-01 -5.332660079002380371e-01 -5.268313884735107422e-01 -4.095194244384765625e+01 0.000000000000000000e+00 -1.695163920521736145e-02 0.000000000000000000e+00 5.000000000000000000e+01 0.000000000000000000e+00
3.925041258335113525e-01 1.857206374406814575e-01 -5.332660079002380371e-01 -5.268313884735107422e-01 -4.095194244384765625e+01 0.000000000000000000e+00 -1.695163920521736145e-02 0.000000000000000000e+00 5.000000000000000000e+01 0.000000000000000000e+00
3.925041258335113525e-01 1.857206374406814575e-01 -5.332660079002380371e-01 -5.268313884735107422e-01 -4.095194244384765625e+01 0.000000000000000000e+00 -1.695163920521736145e-02 0.000000000000000000e+00 5.000000000000000000e+01 0.000000000000000000e+00
3.925041258335113525e-01 1.857206374406814575e-01 -5.332660079002380371e-01 -5.268313884735107422e-01 -4.095194244384765625e+01 0.000000000000000000e+00 -1.695163920521736145e-02 0.000000000000000000e+00 5.000000000000000000e+01 0.000000000000000000e+00
3.925041258335113525e-01 1.857206374406814575e-01 -5.332660079002380371e-01 -5.268313884735107422e-01 -4.095194244384765625e+01 0.000000000000000000e+00 -1.695163920521736145e-02 0.000000000000000000e+00 5.000000000000000000e+01 0.000000000000000000e+00
3.925041258335113525e-01 1.857206374406814575e-01 -5.332660079002380371e-01 -5.268313884735107422e-01 -4.095194244384765625e+01 0.000000000000000000e+00 -1.695163920521736145e-02 0.000000000000000000e+00 5.000000000000000000e+01 0.000000000000000000e+00
3.925041258335113525e-01 1.857206374406814575e-01 -5.332660079002380371e-01 -5.268313884735107422e-01 -4.095194244384765625e+01 0.000000000000000000e+00 -1.695163920521736145e-02 0.000000000000000000e+00 5.000000000000000000e+01 0.000000000000000000e+00
3.925041258335113525e-01 1.857206374406814575e-01 -5.332660079002380371e-01 -5.268313884735107422e-01 -4.095194244384765625e+01 0.000000000000000000e+00 -1.695163920521736145e-02 0.000000000000000000e+00 5.000000000000000000e+01 0.000000000000000000e+00
3.925041258335113525e-01 1.857206374406814575e-01 -5.332660079002380371e-01 -5.268313884735107422e-01 -4.095194244384765625e+01 0.000000000000000000e+00 -1.695163920521736145e-02 0.000000000000000000e+00 5.000000000000000000e+01 0.000000000000000000e+00
3.925041258335113525e-01 1.857206374406814575e-01 -5.332660079002380371e-01 -5.268313884735107422e-01 -4.095194244384765625e+01 0.000000000000000000e+00 -1.695163920521736145e-02 0.000000000000000000e+00 5.000000000000000000e+01 0.000000000000000000e+00
3.925041258335113525e-01 1.857206374406814575e-01 -5.332660079002380371e-01 -5.268313884735107422e-01 -4.095194244384765625e+01 0.000000000000000000e+00 -1.695163920521736145e-02 0.000000000000000000e+00 5.000000000000000000e+01 0.000000000000000000e+00
3.925041258335113525e-01 1.857206374406814575e-01 -5.332660079002380371e-01 -5.268313884735107422e-01 -4.095194244384765625e+01 0.000000000000000000e+00 -1.695163920521736145e-02 0.000000000000000000e+00 5.000000000000000000e+01 0.000000000000000000e+00
3.925041258335113525e-01 1.857206374406814575e-01 -5.332660079002380371e-01 -5.268313884735107422e-01 -4.095194244384765625e+01 0.000000000000000000e+00 -1.695163920521736145e-02 0.000000000000000000e+00 5.000000000000000000e+01 0.000000000000000000e+00
3.925041258335113525e-01 1.857206374406814575e-01 -5.332660079002380371e-01 -5.268313884735107422e-01 -4.095194244384765625e+01 0.000000000000000000e+00 -1.695163920521736145e-02 0.000000000000000000e+00 5.000000000000000000e+01 0.000000000000000000e+00
3.925041258335113525e-01 1.857206374406814575e-01 -5.332660079002380371e-01 -5.268313884735107422e-01 -4.095194244384765625e+01 0.000000000000000000e+00 -1.695163920521736145e-02 0.000000000000000000e+00 5.000000000000000000e+01 0.000000000000000000e+00
3.925041258335113525e-01 1.857206374406814575e-01 -5.332660079002380371e-01 -5.268313884735107422e-01 -4.095194244384765625e+01 0.000000000000000000e+00 -1.695163920521736145e-02 0.000000000000000000e+00 5.000000000000000000e+01 0.000000000000000000e+00
3.925041258335113525e-01 1.857206374406814575e-01 -5.332660079002380371e-01 -5.268313884735107422e-01 -4.095194244384765625e+01 0.000000000000000000e+00 -1.695163920521736145e-02 0.000000000000000000e+00 5.000000000000000000e+01 0.000000000000000000e+00
3.925041258335113525e-01 1.857206374406814575e-01 -5.332660079002380371e-01 -5.268313884735107422e-01 -4.095194244384765625e+01 0.000000000000000000e+00 -1.695163920521736145e-02 0.000000000000000000e+00 5.000000000000000000e+01 0.000000000000000000e+00
3.925041258335113525e-01 1.857206374406814575e-01 -5.332660079002380371e-01 -5.268313884735107422e-01 -4.095194244384765625e+01 0.000000000000000000e+00 -1.695163920521736145e-02 0.000000000000000000e+00 5.000000000000000000e+01 0.000000000000000000e+00
3.925041258335113525e-01 1.857206374406814575e-01 -5.332660079002380371e-01 -5.268313884735107422e-01 -4.095194244384765625e+01 0.000000000000000000e+00 -1.695163920521736145e-02 0.000000000000000000e+00 5.000000000000000000e+01 0.000000000000000000e+00
3.925041258335113525e-01 1.857206374406814575e-01 -5.332660079002380371e-01 -5.268313884735107422e-01 -4.095194244384765625e+01 0.000000000000000000e+00 -1.695163920521736145e-02 0.000000000000000000e+00 5.000000000000000000e+01 0.000000000000000000e+00
3.925041258335113525e-01 1.857206374406814575e-01 -5.332660079002380371e-01 -5.268313884735107422e-01 -4.095194244384765625e+01 0.000000000000000000e+00 -1.695163920521736145e-02 0.000000000000000000e+00 5.000000000000000000e+01 0.000000000000000000e+00
3.925041258335113525e-01 1.857206374406814575e-01 -5.332660079002380371e-01 -5.268313884735107422e-01 -4.095194244384765625e+01 0.000000000000000000e+00 -1.695163920521736145e-02 0.000000000000000000e+00 5.000000000000000000e+01 0.000000000000000000e+00
3.925041258335113525e-01 1.857206374406814575e-01 -5.332660079002380371e-01 -5.268313884735107422e-01 -4.095194244384765625e+01 0.000000000000000000e+00 -1.695163920521736145e-02 0.000000000000000000e+00 5.000000000000000000e+01 0.000000000000000000e+00
3.925041258335113525e-01 1.857206374406814575e-01 -5.332660079002380371e-01 -5.268313884735107422e-01 -4.095194244384765625e+01 0.000000000000000000e+00 -1.695163920521736145e-02 0.000000000000000000e+00 5.000000000000000000e+01 0.000000000000000000e+00
3.925041258335113525e-01 1.857206374406814575e-01 -5.332660079002380371e-01 -5.268313884735107422e-01 -4.095194244384765625e+01 0.000000000000000000e+00 -1.695163920521736145e-02 0.000000000000000000e+00 5.000000000000000000e+01 0.000000000000000000e+00
3.925041258335113525e-01 1.857206374406814575e-01 -5.332660079002380371e-01 -5.268313884735107422e-01 -4.095194244384765625e+01 0.000000000000000000e+00 -1.695163920521736145e-02 0.000000000000000000e+00 5.000000000000000000e+01 0.000000000000000000e+00
3.925041258335113525e-01 1.857206374406814575e-01 -5.332660079002380371e-01 -5.268313884735107422e-01 -4.095194244384765625e+01 0.000000000000000000e+00 -1.695163920521736145e-02 0.000000000000000000e+00 5.000000000000000000e+01 0.000000000000000000e+00
3.925041258335113525e-01 1.857206374406814575e-01 -5.332660079002380371e-01 -5.268313884735107422e-01 -4.095194244384765625e+01 0.000000000000000000e+00 -1.695163920521736145e-02 0.000000000000000000e+00 5.000000000000000000e+01 0.000000000000000000e+00
3.925041258335113525e-01 1.857206374406814575e-01 -5.332660079002380371e-01 -5.268313884735107422e-01 -4.095194244384765625e+01 0.000000000000000000e+00 -1.695163920521736145e-02 0.000000000000000000e+00 5.000000000000000000e+01 0.000000000000000000e+00
3.925041258335113525e-01 1.857206374406814575e-01 -5.332660079002380371e-01 -5.268313884735107422e-01 -4.095194244384765625e+01 0.000000000000000000e+00 -1.695163920521736145e-02 0.000000000000000000e+00 5.000000000000000000e+01 0.000000000000000000e+00
3.925041258335113525e-01 1.857206374406814575e-01 -5.332660079002380371e-01 -5.268313884735107422e-01 -4.095194244384765625e+01 0.000000000000000000e+00 -1.695163920521736145e-02 0.000000000000000000e+00 5.000000000000000000e+01 0.000000000000000000e+00
3.925041258335113525e-01 1.857206374406814575e-01 -5.332660079002380371e-01 -5.268313884735107422e-01 -4.095194244384765625e+01 0.000000000000000000e+00 -1.695163920521736145e-02 0.000000000000000000e+00 5.000000000000000000e+01 0.000000000000000000e+00
3.925041258335113525e-01 1.857206374406814575e-01 -5.332660079002380371e-01 -5.268313884735107422e-01 -4.095194244384765625e+01 0.000000000000000000e+00 -1.695163920521736145e-02 0.000000000000000000e+00 5.000000000000000000e+01 0.000000000000000000e+00
3.925041258335113525e-01 1.857206374406814575e-01 -5.332660079002380371e-01 -5.268313884735107422e-01 -4.095194244384765625e+01 0.000000000000000000e+00 -1.695163920521736145e-02 0.000000000000000000e+00 5.000000000000000000e+01 0.000000000000000000e+00
3.925041258335113525e-01 1.857206374406814575e-01 -5.332660079002380371e-01 -5.268313884735107422e-01 -4.095194244384765625e+01 0.000000000000000000e+00 -1.695163920521736145e-02 0.000000000000000000e+00 5.000000000000000000e+01 0.000000000000000000e+00
3.925041258335113525e-01 1.857206374406814575e-01 -5.332660079002380371e-01 -5.268313884735107422e-01 -4.095194244384765625e+01 0.000000000000000000e+00 -1.695163920521736145e-02 0.000000000000000000e+00 5.000000000000000000e+01 0.000000000000000000e+00
3.925041258335113525e-01 1.857206374406814575e-01 -5.332660079002380371e-01 -5.268313884735107422e-01 -4.095194244384765625e+01 0.000000000000000000e+00 -1.695163920521736145e-02 0.000000000000000000e+00 5.000000000000000000e+01 0.000000000000000000e+00
3.925041258335113525e-01 1.857206374406814575e-01 -5.332660079002380371e-01 -5.268313884735107422e-01 -4.095194244384765625e+01 0.000000000000000000e+00 -1.695163920521736145e-02 0.000000000000000000e+00 5.000000000000000000e+01 0.000000000000000000e+00
3.925041258335113525e-01 1.857206374406814575e-01 -5.332660079002380371e-01 -5.268313884735107422e-01 -4.095194244384765625e+01 0.000000000000000000e+00 -1.695163920521736145e-02 0.000000000000000000e+00 5.000000000000000000e+01 0.000000000000000000e+00
3.925041258335113525e-01 1.857206374406814575e-01 -5.332660079002380371e-01 -5.268313884735107422e-01 -4.095194244384765625e+01 0.000000000000000000e+00 -1.695163920521736145e-02 0.000000000000000000e+00 5.000000000000000000e+01 0.000000000000000000e+00
3.925041258335113525e-01 1.857206374406814575e-01 -5.332660079002380371e-01 -5.268313884735107422e-01 -4.095194244384765625e+01 0.000000000000000000e+00 -1.695163920521736145e-02 0.000000000000000000e+00 5.000000000000000000e+01 0.000000000000000000e+00
3.925041258335113525e-01 1.857206374406814575e-01 -5.332660079002380371e-01 -5.268313884735107422e-01 -4.095194244384765625e+01 0.000000000000000000e+00 -1.695163920521736145e-02 0.000000000000000000e+00 5.000000000000000000e+01 0.000000000000000000e+00
3.925041258335113525e-01 1.857206374406814575e-01 -5.332660079002380371e-01 -5.268313884735107422e-01 -4.095194244384765625e+01 0.000000000000000000e+00 -1.695163920521736145e-02 0.000000000000000000e+00 5.000000000000000000e+01 0.000000000000000000e+00
3.925041258335113525e-01 1.857206374406814575e-01 -5.332660079002380371e-01 -5.268313884735107422e-01 -4.095194244384765625e+01 0.000000000000000000e+00 -1.695163920521736145e-02 0.000000000000000000e+00 5.000000000000000000e+01 0.000000000000000000e+00
3.925041258335113525e-01 1.857206374406814575e-01 -5.332660079002380371e-01 -5.268313884735107422e-01 -4.095194244384765625e+01 0.000000000000000000e+00 -1.695163920521736145e-02 0.000000000000000000e+00 5.000000000000000000e+01 0.000000000000000000e+00
3.925041258335113525e-01 1.857206374406814575e-01 -5.332660079002380371e-01 -5.268313884735107422e-01 -4.095194244384765625e+01 0.000000000000000000e+00 -1.695163920521736145e-02 0.000000000000000000e+00 5.000000000000000000e+01 0.000000000000000000e+00
3.925041258335113525e-01 1.857206374406814575e-01 -5.332660079002380371e-01 -5.268313884735107422e-01 -4.095194244384765625e+01 0.000000000000000000e+00 -1.695163920521736145e-02 0.000000000000000000e+00 5.000000000000000000e+01 0.000000000000000000e+00
3.925041258335113525e-01 1.857206374406814575e-01 -5.332660079002380371e-01 -5.268313884735107422e-01 -4.095194244384765625e+01 0.000000000000000000e+00 -1.695163920521736145e-02 0.000000000000000000e+00 5.000000000000000000e+01 0.000000000000000000e+00
3.925041258335113525e-01 1.857206374406814575e-01 -5.332660079002380371e-01 -5.268313884735107422e-01 -4.095194244384765625e+01 0.000000000000000000e+00 -1.695163920521736145e-02 0.000000000000000000e+00 5.000000000000000000e+01 0.000000000000000000e+00
3.925041258335113525e-01 1.857206374406814575e-01 -5.332660079002380371e-01 -5.268313884735107422e-01 -4.095194244384765625e+01 0.000000000000000000e+00 -1.695163920521736145e-02 0.000000000000000000e+00 5.000000000000000000e+01 0.000000000000000000e+00
3.925041258335113525e-01 1.857206374406814575e-01 -5.332660079002380371e-01 -5.268313884735107422e-01 -4.095194244384765625e+01 0.000000000000000000e+00 -1.695163920521736145e-02 0.000000000000000000e+00 5.000000000000000000e+01 0.000000000000000000e+00
3.925041258335113525e-01 1.857206374406814575e-01 -5.332660079002380371e-01 -5.268313884735107422e-01 -4.095194244384765625e+01 0.000000000000000000e+00 -1.695163920521736145e-02 0.000000000000000000e+00 5.000000000000000000e+01 0.000000000000000000e+00
3.925041258335113525e-01 1.857206374406814575e-01 -5.332660079002380371e-01 -5.268313884735107422e-01 -4.095194244384765625e+01 0.000000000000000000e+00 -1.695163920521736145e-02 0.000000000000000000e+00 5.000000000000000000e+01 0.000000000000000000e+00
3.925041258335113525e-01 1.857206374406814575e-01 -5.332660079002380371e-01 -5.268313884735107422e-01 -4.095194244384765625e+01 0.000000000000000000e+00 -1.695163920521736145e-02 0.000000000000000000e+00 5.000000000000000000e+01 0.000000000000000000e+00
3.925041258335113525e-01 1.857206374406814575e-01 -5.332660079002380371e-01 -5.268313884735107422e-01 -4.095194244384765625e+01 0.000000000000000000e+00 -1.695163920521736145e-02 0.000000000000000000e+00 5.000000000000000000e+01 0.000000000000000000e+00
