4.797710776329040527e-01 4.063460528850555420e-01 -1.602428406476974487e-01 -1.530417948961257935e-01 -1.524567413330078125e+02 -1.309967651367187500e+02 -6.310791522264480591e-02 -1.726830154657363892e-01 3.500000000000000000e+02 3.000000000000000000e+02
4.797710776329040527e-01 4.047271013259887695e-01 -1.587619334459304810e-01 -1.564162224531173706e-01 -7.723913574218750000e+01 -5.577917098999023438e+01 -3.197235614061355591e-02 -7.352941483259201050e-02 1.820000000000000000e+02 1.320000000000000000e+02
4.797710776329040527e-01 4.309535026550292969e-01 -1.081332191824913025e-01 -1.017518118023872375e-01 -7.132506561279296875e+01 -4.986509704589843750e+01 -2.952428534626960754e-02 -6.573334336280822754e-02 1.670000000000000000e+02 1.170000000000000000e+02
4.797710776329040527e-01 4.442562758922576904e-01 -7.935930788516998291e-02 -7.402447611093521118e-02 -6.592266845703125000e+01 -4.446270370483398438e+01 -2.728801779448986053e-02 -5.861178413033485413e-02 1.550000000000000000e+02 1.050000000000000000e+02
4.797710776329040527e-01 4.488560259342193604e-01 -6.943252682685852051e-02 -6.443709135055541992e-02 -6.452288818359375000e+01 -4.306291961669921875e+01 -2.670859359204769135e-02 -5.676655471324920654e-02 1.520000000000000000e+02 1.020000000000000000e+02
4.797710776329040527e-01 4.441944658756256104e-01 -7.998903840780258179e-02 -7.415330410003662109e-02 -6.304781723022460938e+01 -4.158784484863281250e+01 -2.609800174832344055e-02 -5.482207611203193665e-02 1.480000000000000000e+02 9.800000000000000000e+01
4.797710776329040527e-01 4.450201392173767090e-01 -7.839611172676086426e-02 -7.243233174085617065e-02 -6.270271301269531250e+01 -4.124273681640625000e+01 -2.595514990389347076e-02 -5.436714738607406616e-02 1.470000000000000000e+02 9.700000000000000000e+01
4.797710776329040527e-01 4.377738535404205322e-01 -9.203509986400604248e-02 -8.753596246242523193e-02 -6.164858245849609375e+01 -4.018861389160156250e+01 -2.551880292594432831e-02 -5.297757685184478760e-02 1.460000000000000000e+02 9.600000000000000000e+01
4.797710776329040527e-01 4.296392798423767090e-01 -1.062831208109855652e-01 -1.044910773634910583e-01 -6.021567535400390625e+01 -3.875570678710937500e+01 -2.492566592991352081e-02 -5.108868330717086792e-02 1.420000000000000000e+02 9.200000000000000000e+01
4.797710776329040527e-01 4.256625175476074219e-01 -1.144564822316169739e-01 -1.127799525856971741e-01 -5.978195953369140625e+01 -3.832199096679687500e+01 -2.474613487720489502e-02 -5.051695182919502258e-02 1.410000000000000000e+02 9.100000000000000000e+01
4.797710776329040527e-01 4.256625175476074219e-01 -1.144564822316169739e-01 -1.127799525856971741e-01 -5.978195953369140625e+01 -3.832199096679687500e+01 -2.474613487720489502e-02 -5.051695182919502258e-02 1.410000000000000000e+02 9.100000000000000000e+01
4.797710776329040527e-01 4.421401619911193848e-01 -7.818250358104705811e-02 -7.843514531850814819e-02 -5.546029663085937500e+01 -3.400032806396484375e+01 -2.295722626149654388e-02 -4.482003301382064819e-02 1.300000000000000000e+02 8.000000000000000000e+01
4.797710776329040527e-01 4.383079707622528076e-01 -8.903493732213973999e-02 -8.642268925905227661e-02 -5.276760864257812500e+01 -3.130764007568359375e+01 -2.184261567890644073e-02 -4.127046838402748108e-02 1.230000000000000000e+02 7.300000000000000000e+01
4.797710776329040527e-01 4.436986446380615234e-01 -7.994321733713150024e-02 -7.518675923347473145e-02 -5.035825347900390625e+01 -2.889828681945800781e+01 -2.084528654813766479e-02 -3.809440135955810547e-02 1.180000000000000000e+02 6.800000000000000000e+01
4.797710776329040527e-01 4.547705054283142090e-01 -5.721814930438995361e-02 -5.210937932133674622e-02 -4.888757324218750000e+01 -2.742760658264160156e+01 -2.023651450872421265e-02 -3.615571558475494385e-02 1.150000000000000000e+02 6.500000000000000000e+01
4.797710776329040527e-01 4.619925618171691895e-01 -4.108124598860740662e-02 -3.705624863505363464e-02 -4.721042251586914062e+01 -2.575045204162597656e+01 -1.954227499663829803e-02 -3.394485265016555786e-02 1.110000000000000000e+02 6.100000000000000000e+01
4.797710776329040527e-01 4.629333317279815674e-01 -3.898830339312553406e-02 -3.509537503123283386e-02 -4.654049301147460938e+01 -2.508052062988281250e+01 -1.926496438682079315e-02 -3.306173160672187805e-02 1.090000000000000000e+02 5.900000000000000000e+01
4.797710776329040527e-01 4.650115072727203369e-01 -3.526886552572250366e-02 -3.076377697288990021e-02 -4.610805892944335938e+01 -2.464808654785156250e+01 -1.908596232533454895e-02 -3.249168768525123596e-02 1.080000000000000000e+02 5.800000000000000000e+01
4.797710776329040527e-01 4.754594564437866211e-01 -1.480285637080669403e-02 -8.986829780042171478e-03 -4.505065536499023438e+01 -2.359068870544433594e+01 -1.864826120436191559e-02 -3.109780140221118927e-02 1.060000000000000000e+02 5.600000000000000000e+01
4.797710776329040527e-01 4.765995442867279053e-01 -1.248463336378335953e-02 -6.610513664782047272e-03 -4.459876632690429688e+01 -2.313879776000976562e+01 -1.846120506525039673e-02 -3.050210699439048767e-02 1.050000000000000000e+02 5.500000000000000000e+01
4.797710776329040527e-01 4.828335344791412354e-01 9.621029719710350037e-03 6.383162923157215118e-03 -4.016154479980468750e+01 -1.870157623291015625e+01 -1.662446372210979462e-02 -2.465285733342170715e-02 9.500000000000000000e+01 4.500000000000000000e+01
4.797710776329040527e-01 4.934747219085693359e-01 2.881595119833946228e-02 2.856288105249404907e-02 -3.699996185302734375e+01 -1.553999423980712891e+01 -1.531575806438922882e-02 -2.048518694937229156e-02 8.900000000000000000e+01 3.900000000000000000e+01
4.797710776329040527e-01 5.098670721054077148e-01 6.060421466827392578e-02 6.272990256547927856e-02 -3.393515014648437500e+01 -1.247518157958984375e+01 -1.404711045324802399e-02 -1.644507795572280884e-02 8.100000000000000000e+01 3.100000000000000000e+01
4.797710776329040527e-01 5.150672793388366699e-01 7.350866496562957764e-02 7.356884330511093140e-02 -3.285041809082031250e+01 -1.139044570922851562e+01 -1.359809655696153641e-02 -1.501515321433544159e-02 7.800000000000000000e+01 2.800000000000000000e+01
4.797710776329040527e-01 5.115771293640136719e-01 6.430193781852722168e-02 6.629422307014465332e-02 -3.033229446411132812e+01 -8.872323989868164062e+00 -1.255574449896812439e-02 -1.169570628553628922e-02 7.300000000000000000e+01 2.300000000000000000e+01
4.797710776329040527e-01 4.961580932140350342e-01 3.140337020158767700e-02 3.415590524673461914e-02 -2.909504318237304688e+01 -7.635073661804199219e+00 -1.204359717667102814e-02 -1.006473414599895477e-02 7.000000000000000000e+01 2.000000000000000000e+01
4.797710776329040527e-01 5.065131187438964844e-01 5.101329088211059570e-02 5.573916807770729065e-02 -2.824231719970703125e+01 -6.782345771789550781e+00 -1.169062033295631409e-02 -8.940648287534713745e-03 6.800000000000000000e+01 1.800000000000000000e+01
4.797710776329040527e-01 5.028687715530395508e-01 4.499971866607666016e-02 4.814315587282180786e-02 -2.670811462402343750e+01 -5.248146057128906250e+00 -1.105555240064859390e-02 -6.918229628354310989e-03 6.400000000000000000e+01 1.400000000000000000e+01
4.797710776329040527e-01 4.999616444110870361e-01 3.838999569416046143e-02 4.208375141024589539e-02 -2.603891181945800781e+01 -4.578942775726318359e+00 -1.077854260802268982e-02 -6.036070175468921661e-03 6.200000000000000000e+01 1.200000000000000000e+01
4.797710776329040527e-01 4.981823563575744629e-01 3.747095912694931030e-02 3.837513178586959839e-02 -2.237832641601562500e+01 -9.183567166328430176e-01 -9.263280779123306274e-03 -1.210599439218640327e-03 5.300000000000000000e+01 3.000000000000000000e+00
4.797710776329040527e-01 4.858410656452178955e-01 1.378747634589672089e-02 1.265184208750724792e-02 -2.207532501220703125e+01 -6.153549551963806152e-01 -9.137855842709541321e-03 -8.111753850243985653e-04 5.200000000000000000e+01 2.000000000000000000e+00
4.797710776329040527e-01 4.892375171184539795e-01 2.123106643557548523e-02 1.973115839064121246e-02 -2.145996856689453125e+01 0.000000000000000000e+00 -8.883135393261909485e-03 0.000000000000000000e+00 5.000000000000000000e+01 0.000000000000000000e+00
4.797710776329040527e-01 4.892375171184539795e-01 2.123106643557548523e-02 1.973115839064121246e-02 -2.145996856689453125e+01 0.000000000000000000e+00 -8.883135393261909485e-03 0.000000000000000000e+00 5.000000000000000000e+01 0.000000000000000000e+00
4.797710776329040527e-01 4.892375171184539795e-01 2.123106643557548523e-02 1.973115839064121246e-02 -2.145996856689453125e+01 0.000000000000000000e+00 -8.883135393261909485e-03 0.000000000000000000e+00 5.000000000000000000e+01 0.000000000000000000e+00
4.797710776329040527e-01 4.892375171184539795e-01 2.123106643557548523e-02 1.973115839064121246e-02 -2.145996856689453125e+01 0.000000000000000000e+00 -8.883135393261909485e-03 0.000000000000000000e+00 5.000000000000000000e+01 0.000000000000000000e+00
4.797710776329040527e-01 4.892375171184539795e-01 2.123106643557548523e-02 1.973115839064121246e-02 -2.145996856689453125e+01 0.000000000000000000e+00 -8.883135393261909485e-03 0.000000000000000000e+00 5.000000000000000000e+01 0.000000000000000000e+00
4.797710776329040527e-01 4.892375171184539795e-01 2.123106643557548523e-02 1.973115839064121246e-02 -2.145996856689453125e+01 0.000000000000000000e+00 -8.883135393261909485e-03 0.000000000000000000e+00 5.000000000000000000e+01 0.000000000000000000e+00
4.797710776329040527e-01 4.892375171184539795e-01 2.123106643557548523e-02 1.973115839064121246e-02 -2.145996856689453125e+01 0.000000000000000000e+00 -8.883135393261909485e-03 0.000000000000000000e+00 5.000000000000000000e+01 0.000000000000000000e+00
4.797710776329040527e-01 4.892375171184539795e-01 2.123106643557548523e-02 1.973115839064121246e-02 -2.145996856689453125e+01 0.000000000000000000e+00 -8.883135393261909485e-03 0.000000000000000000e+00 5.000000000000000000e+01 0.000000000000000000e+00
4.797710776329040527e-01 4.892375171184539795e-01 2.123106643557548523e-02 1.973115839064121246e-02 -2.145996856689453125e+01 0.000000000000000000e+00 -8.883135393261909485e-03 0.000000000000000000e+00 5.000000000000000000e+01 0.000000000000000000e+00
4.797710776329040527e-01 4.892375171184539795e-01 2.123106643557548523e-02 1.973115839064121246e-02 -2.145996856689453125e+01 0.000000000000000000e+00 -8.883135393261909485e-03 0.000000000000000000e+00 5.000000000000000000e+01 0.000000000000000000e+00
4.797710776329040527e-01 4.892375171184539795e-01 2.123106643557548523e-02 1.973115839064121246e-02 -2.145996856689453125e+01 0.000000000000000000e+00 -8.883135393261909485e-03 0.000000000000000000e+00 5.000000000000000000e+01 0.000000000000000000e+00
4.797710776329040527e-01 4.892375171184539795e-01 2.123106643557548523e-02 1.973115839064121246e-02 -2.145996856689453125e+01 0.000000000000000000e+00 -8.883135393261909485e-03 0.000000000000000000e+00 5.000000000000000000e+01 0.000000000000000000e+00
4.797710776329040527e-01 4.892375171184539795e-01 2.123106643557548523e-02 1.973115839064121246e-02 -2.145996856689453125e+01 0.000000000000000000e+00 -8.883135393261909485e-03 0.000000000000000000e+00 5.000000000000000000e+01 0.000000000000000000e+00
4.797710776329040527e-01 4.892375171184539795e-01 2.123106643557548523e-02 1.973115839064121246e-02 -2.145996856689453125e+01 0.000000000000000000e+00 -8.883135393261909485e-03 0.000000000000000000e+00 5.000000000000000000e+01 0.000000000000000000e+00
4.797710776329040527e-01 4.892375171184539795e-01 2.123106643557548523e-02 1.973115839064121246e-02 -2.145996856689453125e+01 0.000000000000000000e+00 -8.883135393261909485e-03 0.000000000000000000e+00 5.000000000000000000e+01 0.000000000000000000e+00
4.797710776329040527e-01 4.892375171184539795e-01 2.123106643557548523e-02 1.973115839064121246e-02 -2.145996856689453125e+01 0.000000000000000000e+00 -8.883135393261909485e-03 0.000000000000000000e+00 5.000000000000000000e+01 0.000000000000000000e+00
4.797710776329040527e-01 4.892375171184539795e-01 2.123106643557548523e-02 1.973115839064121246e-02 -2.145996856689453125e+01 0.000000000000000000e+00 -8.883135393261909485e-03 0.000000000000000000e+00 5.000000000000000000e+01 0.000000000000000000e+00
4.797710776329040527e-01 4.892375171184539795e-01 2.123106643557548523e-02 1.973115839064121246e-02 -2.145996856689453125e+01 0.000000000000000000e+00 -8.883135393261909485e-03 0.000000000000000000e+00 5.000000000000000000e+01 0.000000000000000000e+00
4.797710776329040527e-01 4.892375171184539795e-01 2.123106643557548523e-02 1.973115839064121246e-02 -2.145996856689453125e+01 0.000000000000000000e+00 -8.883135393261909485e-03 0.000000000000000000e+00 5.000000000000000000e+01 0.000000000000000000e+00
4.797710776329040527e-01 4.892375171184539795e-01 2.123106643557548523e-02 1.973115839064121246e-02 -2.145996856689453125e+01 0.000000000000000000e+00 -8.883135393261909485e-03 0.000000000000000000e+00 5.000000000000000000e+01 0.000000000000000000e+00
4.797710776329040527e-01 4.892375171184539795e-01 2.123106643557548523e-02 1.973115839064121246e-02 -2.145996856689453125e+01 0.000000000000000000e+00 -8.883135393261909485e-03 0.000000000000000000e+00 5.000000000000000000e+01 0.000000000000000000e+00
4.797710776329040527e-01 4.892375171184539795e-01 2.123106643557548523e-02 1.973115839064121246e-02 -2.145996856689453125e+01 0.000000000000000000e+00 -8.883135393261909485e-03 0.000000000000000000e+00 5.000000000000000000e+01 0.000000000000000000e+00
4.797710776329040527e-01 4.892375171184539795e-01 2.123106643557548523e-02 1.973115839064121246e-02 -2.145996856689453125e+01 0.000000000000000000e+00 -8.883135393261909485e-03 0.000000000000000000e+00 5.000000000000000000e+01 0.000000000000000000e+00
4.797710776329040527e-01 4.892375171184539795e-01 2.123106643557548523e-02 1.973115839064121246e-02 -2.145996856689453125e+01 0.000000000000000000e+00 -8.883135393261909485e-03 0.000000000000000000e+00 5.000000000000000000e+01 0.000000000000000000e+00
4.797710776329040527e-01 4.892375171184539795e-01 2.123106643557548523e-02 1.973115839064121246e-02 -2.145996856689453125e+01 0.000000000000000000e+00 -8.883135393261909485e-03 0.000000000000000000e+00 5.000000000000000000e+01 0.000000000000000000e+00
4.797710776329040527e-01 4.892375171184539795e-01 2.123106643557548523e-02 1.973115839064121246e-02 -2.145996856689453125e+01 0.000000000000000000e+00 -8.883135393261909485e-03 0.000000000000000000e+00 5.000000000000000000e+01 0.000000000000000000e+00
4.797710776329040527e-01 4.892375171184539795e-01 2.123106643557548523e-02 1.973115839064121246e-02 -2.145996856689453125e+01 0.000000000000000000e+00 -8.883135393261909485e-03 0.000000000000000000e+00 5.000000000000000000e+01 0.000000000000000000e+00
4.797710776329040527e-01 4.892375171184539795e-01 2.123106643557548523e-02 1.973115839064121246e-02 -2.145996856689453125e+01 0.000000000000000000e+00 -8.883135393261909485e-03 0.000000000000000000e+00 5.000000000000000000e+01 0.000000000000000000e+00
4.797710776329040527e-01 4.892375171184539795e-01 2.123106643557548523e-02 1.973115839064121246e-02 -2.145996856689453125e+01 0.000000000000000000e+00 -8.883135393261909485e-03 0.000000000000000000e+00 5.000000000000000000e+01 0.000000000000000000e+00
4.797710776329040527e-01 4.892375171184539795e-01 2.123106643557548523e-02 1.973115839064121246e-02 -2.145996856689453125e+01 0.000000000000000000e+00 -8.883135393261909485e-03 0.000000000000000000e+00 5.000000000000000000e+01 0.000000000000000000e+00
4.797710776329040527e-01 4.892375171184539795e-01 2.123106643557548523e-02 1.973115839064121246e-02 -2.145996856689453125e+01 0.000000000000000000e+00 -8.883135393261909485e-03 0.000000000000000000e+00 5.000000000000000000e+01 0.000000000000000000e+00
4.797710776329040527e-01 4.892375171184539795e-01 2.123106643557548523e-02 1.973115839064121246e-02 -2.145996856689453125e+01 0.000000000000000000e+00 -8.883135393261909485e-03 0.000000000000000000e+00 5.000000000000000000e+01 0.000000000000000000e+00
4.797710776329040527e-01 4.892375171184539795e-01 2.123106643557548523e-02 1.973115839064121246e-02 -2.145996856689453125e+01 0.000000000000000000e+00 -8.883135393261909485e-03 0.000000000000000000e+00 5.000000000000000000e+01 0.000000000000000000e+00
4.797710776329040527e-01 4.892375171184539795e-01 2.123106643557548523e-02 1.973115839064121246e-02 -2.145996856689453125e+01 0.000000000000000000e+00 -8.883135393261909485e-03 0.000000000000000000e+00 5.000000000000000000e+01 0.000000000000000000e+00
4.797710776329040527e-01 4.892375171184539795e-01 2.123106643557548523e-02 1.973115839064121246e-02 -2.145996856689453125e+01 0.000000000000000000e+00 -8.883135393261909485e-03 0.000000000000000000e+00 5.000000000000000000e+01 0.000000000000000000e+00
4.797710776329040527e-01 4.892375171184539795e-01 2.123106643557548523e-02 1.973115839064121246e-02 -2.145996856689453125e+01 0.000000000000000000e+00 -8.883135393261909485e-03 0.000000000000000000e+00 5.000000000000000000e+01 0.000000000000000000e+00
4.797710776329040527e-01 4.892375171184539795e-01 2.123106643557548523e-02 1.973115839064121246e-02 -2.145996856689453125e+01 0.000000000000000000e+00 -8.883135393261909485e-03 0.000000000000000000e+00 5.000000000000000000e+01 0.000000000000000000e+00
4.797710776329040527e-01 4.892375171184539795e-01 2.123106643557548523e-02 1.973115839064121246e-02 -2.145996856689453125e+01 0.000000000000000000e+00 -8.883135393261909485e-03 0.000000000000000000e+00 5.000000000000000000e+01 0.000000000000000000e+00
4.797710776329040527e-01 4.892375171184539795e-01 2.123106643557548523e-02 1.973115839064121246e-02 -2.145996856689453125e+01 0.000000000000000000e+00 -8.883135393261909485e-03 0.000000000000000000e+00 5.000000000000000000e+01 0.000000000000000000e+00
4.797710776329040527e-01 4.892375171184539795e-01 2.123106643557548523e-02 1.973115839064121246e-02 -2.145996856689453125e+01 0.000000000000000000e+00 -8.883135393261909485e-03 0.000000000000000000e+00 5.000000000000000000e+01 0.000000000000000000e+00
4.797710776329040527e-01 4.892375171184539795e-01 2.123106643557548523e-02 1.973115839064121246e-02 -2.145996856689453125e+01 0.000000000000000000e+00 -8.883135393261909485e-03 0.000000000000000000e+00 5.000000000000000000e+01 0.000000000000000000e+00
4.797710776329040527e-01 4.892375171184539795e-01 2.123106643557548523e-02 1.973115839064121246e-02 -2.145996856689453125e+01 0.000000000000000000e+00 -8.883135393261909485e-03 0.000000000000000000e+00 5.000000000000000000e+01 0.000000000000000000e+00
4.797710776329040527e-01 4.892375171184539795e-01 2.123106643557548523e-02 1.973115839064121246e-02 -2.145996856689453125e+01 0.000000000000000000e+00 -8.883135393261909485e-03 0.000000000000000000e+00 5.000000000000000000e+01 0.000000000000000000e+00
4.797710776329040527e-01 4.892375171184539795e-01 2.123106643557548523e-02 1.973115839064121246e-02 -2.145996856689453125e+01 0.000000000000000000e+00 -8.883135393261909485e-03 0.000000000000000000e+00 5.000000000000000000e+01 0.000000000000000000e+00
4.797710776329040527e-01 4.892375171184539795e-01 2.123106643557548523e-02 1.973115839064121246e-02 -2.145996856689453125e+01 0.000000000000000000e+00 -8.883135393261909485e-03 0.000000000000000000e+00 5.000000000000000000e+01 0.000000000000000000e+00
4.797710776329040527e-01 4.892375171184539795e-01 2.123106643557548523e-02 1.973115839064121246e-02 -2.145996856689453125e+01 0.000000000000000000e+00 -8.883135393261909485e-03 0.000000000000000000e+00 5.000000000000000000e+01 0.000000000000000000e+00
4.797710776329040527e-01 4.892375171184539795e-01 2.123106643557548523e-02 1.973115839064121246e-02 -2.145996856689453125e+01 0.000000000000000000e+00 -8.883135393261909485e-03 0.000000000000000000e+00 5.000000000000000000e+01 0.000000000000000000e+00
4.797710776329040527e-01 4.892375171184539795e-01 2.123106643557548523e-02 1.973115839064121246e-02 -2.145996856689453125e+01 0.000000000000000000e+00 -8.883135393261909485e-03 0.000000000000000000e+00 5.000000000000000000e+01 0.000000000000000000e+00
4.797710776329040527e-01 4.892375171184539795e-01 2.123106643557548523e-02 1.973115839064121246e-02 -2.145996856689453125e+01 0.000000000000000000e+00 -8.883135393261909485e-03 0.000000000000000000e+00 5.000000000000000000e+01 0.000000000000000000e+00
4.797710776329040527e-01 4.892375171184539795e-01 2.123106643557548523e-02 1.973115839064121246e-02 -2.145996856689453125e+01 0.000000000000000000e+00 -8.883135393261909485e-03 0.000000000000000000e+00 5.000000000000000000e+01 0.000000000000000000e+00
4.797710776329040527e-01 4.892375171184539795e-01 2.123106643557548523e-02 1.973115839064121246e-02 -2.145996856689453125e+01 0.000000000000000000e+00 -8.883135393261909485e-03 0.000000000000000000e+00 5.000000000000000000e+01 0.000000000000000000e+00
4.797710776329040527e-01 4.892375171184539795e-01 2.123106643557548523e-02 1.973115839064121246e-02 -2.145996856689453125e+01 0.000000000000000000e+00 -8.883135393261909485e-03 0.000000000000000000e+00 5.000000000000000000e+01 0.000000000000000000e+00
4.797710776329040527e-01 4.892375171184539795e-01 2.123106643557548523e-02 1.973115839064121246e-02 -2.145996856689453125e+01 0.000000000000000000e+00 -8.883135393261909485e-03 0.000000000000000000e+00 5.000000000000000000e+01 0.000000000000000000e+00
4.797710776329040527e-01 4.892375171184539795e-01 2.123106643557548523e-02 1.973115839064121246e-02 -2.145996856689453125e+01 0.000000000000000000e+00 -8.883135393261909485e-03 0.000000000000000000e+00 5.000000000000000000e+01 0.000000000000000000e+00
4.797710776329040527e-01 4.892375171184539795e-01 2.123106643557548523e-02 1.973115839064121246e-02 -2.145996856689453125e+01 0.000000000000000000e+00 -8.883135393261909485e-03 0.000000000000000000e+00 5.000000000000000000e+01 0.000000000000000000e+00
4.797710776329040527e-01 4.892375171184539795e-01 2.123106643557548523e-02 1.973115839064121246e-02 -2.145996856689453125e+01 0.000000000000000000e+00 -8.883135393261909485e-03 0.000000000000000000e+00 5.000000000000000000e+01 0.000000000000000000e+00
4.797710776329040527e-01 4.892375171184539795e-01 2.123106643557548523e-02 1.973115839064121246e-02 -2.145996856689453125e+01 0.000000000000000000e+00 -8.883135393261909485e-03 0.000000000000000000e+00 5.000000000000000000e+01 0.000000000000000000e+00
4.797710776329040527e-01 4.892375171184539795e-01 2.123106643557548523e-02 1.973115839064121246e-02 -2.145996856689453125e+01 0.000000000000000000e+00 -8.883135393261909485e-03 0.000000000000000000e+00 5.000000000000000000e+01 0.000000000000000000e+00
4.797710776329040527e-01 4.892375171184539795e-01 2.123106643557548523e-02 1.973115839064121246e-02 -2.145996856689453125e+01 0.000000000000000000e+00 -8.883135393261909485e-03 0.000000000000000000e+00 5.000000000000000000e+01 0.000000000000000000e+00
4.797710776329040527e-01 4.892375171184539795e-01 2.123106643557548523e-02 1.973115839064121246e-02 -2.145996856689453125e+01 0.000000000000000000e+00 -8.883135393261909485e-03 0.000000000000000000e+00 5.000000000000000000e+01 0.000000000000000000e+00
