4.816558659076690674e-01 6.887806057929992676e-01 4.300348162651062012e-01 4.300264120101928711e-01 -4.422348785400390625e+01 -2.936906623840332031e+01 -1.830586232244968414e-02 -4.093501344323158264e-02 1.920000000000000000e+02 1.420000000000000000e+02
4.816558659076690674e-01 6.637130379676818848e-01 3.792645931243896484e-01 3.779818415641784668e-01 -2.706136322021484375e+01 -1.220694160461425781e+01 -1.120177563279867172e-02 -1.701420545578002930e-02 1.310000000000000000e+02 8.100000000000000000e+01
4.816558659076690674e-01 6.751466393470764160e-01 4.023897051811218262e-01 4.017199575901031494e-01 -2.645125579833984375e+01 -1.159683513641357422e+01 -1.094922795891761780e-02 -1.616382971405982971e-02 1.280000000000000000e+02 7.800000000000000000e+01
4.816558659076690674e-01 6.783892512321472168e-01 4.094800353050231934e-01 4.084521830081939697e-01 -2.597300720214843750e+01 -1.111858463287353516e+01 -1.075126230716705322e-02 -1.549723837524652481e-02 1.260000000000000000e+02 7.600000000000000000e+01
4.816558659076690674e-01 6.759319901466369629e-01 4.052570164203643799e-01 4.033504724502563477e-01 -2.546013069152832031e+01 -1.060570907592773438e+01 -1.053896173834800720e-02 -1.478238496929407120e-02 1.250000000000000000e+02 7.500000000000000000e+01
4.816558659076690674e-01 6.762061119079589844e-01 4.056834280490875244e-01 4.039196074008941650e-01 -2.545407485961914062e+01 -1.059965133666992188e+01 -1.053645554929971695e-02 -1.477394159883260727e-02 1.250000000000000000e+02 7.500000000000000000e+01
4.816558659076690674e-01 6.723769307136535645e-01 3.980264067649841309e-01 3.959695696830749512e-01 -2.477175521850585938e+01 -9.917333602905273438e+00 -1.025401614606380463e-02 -1.382291782647371292e-02 1.220000000000000000e+02 7.200000000000000000e+01
4.816558659076690674e-01 6.723769307136535645e-01 3.980264067649841309e-01 3.959695696830749512e-01 -2.477175521850585938e+01 -9.917333602905273438e+00 -1.025401614606380463e-02 -1.382291782647371292e-02 1.220000000000000000e+02 7.200000000000000000e+01
4.816558659076690674e-01 6.695008873939514160e-01 3.921801745891571045e-01 3.899984061717987061e-01 -2.462702369689941406e+01 -9.772601127624511719e+00 -1.019410602748394012e-02 -1.362118776887655258e-02 1.200000000000000000e+02 7.000000000000000000e+01
4.816558659076690674e-01 6.721014976501464844e-01 4.002390205860137939e-01 3.953977227210998535e-01 -2.401336669921875000e+01 -9.158944129943847656e+00 -9.940088726580142975e-03 -1.276586391031742096e-02 1.170000000000000000e+02 6.700000000000000000e+01
4.816558659076690674e-01 6.748139262199401855e-01 4.055572152137756348e-01 4.010291993618011475e-01 -2.404523658752441406e+01 -9.190814971923828125e+00 -9.953280910849571228e-03 -1.281028613448143005e-02 1.180000000000000000e+02 6.800000000000000000e+01
4.816558659076690674e-01 6.638170480728149414e-01 3.836560249328613281e-01 3.781977891921997070e-01 -2.360251617431640625e+01 -8.748092651367187500e+00 -9.770021773874759674e-03 -1.219321321696043015e-02 1.120000000000000000e+02 6.200000000000000000e+01
4.816558659076690674e-01 6.609911322593688965e-01 3.776202201843261719e-01 3.723306953907012939e-01 -2.350887298583984375e+01 -8.654449462890625000e+00 -9.731259196996688843e-03 -1.206269208341836929e-02 1.100000000000000000e+02 6.000000000000000000e+01
4.816558659076690674e-01 6.645669937133789062e-01 3.858009278774261475e-01 3.797548115253448486e-01 -2.333021926879882812e+01 -8.475797653198242188e+00 -9.657306596636772156e-03 -1.181368529796600342e-02 1.090000000000000000e+02 5.900000000000000000e+01
4.816558659076690674e-01 6.582261323928833008e-01 3.709432780742645264e-01 3.665900826454162598e-01 -2.324728775024414062e+01 -8.392865180969238281e+00 -9.622978046536445618e-03 -1.169809233397245407e-02 1.070000000000000000e+02 5.700000000000000000e+01
4.816558659076690674e-01 6.557655334472656250e-01 3.659022450447082520e-01 3.614814579486846924e-01 -2.296462631225585938e+01 -8.110204696655273438e+00 -9.505973197519779205e-03 -1.130411680787801743e-02 1.050000000000000000e+02 5.500000000000000000e+01
4.816558659076690674e-01 6.517647504806518555e-01 3.577485680580139160e-01 3.531751632690429688e-01 -2.244227790832519531e+01 -7.587854385375976562e+00 -9.289752691984176636e-03 -1.057605724781751633e-02 1.030000000000000000e+02 5.300000000000000000e+01
4.816558659076690674e-01 6.522152423858642578e-01 3.590506017208099365e-01 3.541104495525360107e-01 -2.199929428100585938e+01 -7.144871234893798828e+00 -9.106383658945560455e-03 -9.958621114492416382e-03 1.030000000000000000e+02 5.300000000000000000e+01
4.816558659076690674e-01 6.460793018341064453e-01 3.448120951652526855e-01 3.413711786270141602e-01 -2.150459289550781250e+01 -6.650168418884277344e+00 -8.901607245206832886e-03 -9.269097819924354553e-03 1.010000000000000000e+02 5.100000000000000000e+01
4.816558659076690674e-01 6.477127671241760254e-01 3.486095368862152100e-01 3.447625339031219482e-01 -2.139213943481445312e+01 -6.537715911865234375e+00 -8.855058811604976654e-03 -9.112359955906867981e-03 1.000000000000000000e+02 5.000000000000000000e+01
4.816558659076690674e-01 6.211712360382080078e-01 2.945954799652099609e-01 2.896577715873718262e-01 -2.065779113769531250e+01 -5.803367614746093750e+00 -8.551082573831081390e-03 -8.088815025985240936e-03 9.300000000000000000e+01 4.300000000000000000e+01
4.816558659076690674e-01 6.310116052627563477e-01 3.172115683555603027e-01 3.100880682468414307e-01 -2.037351036071777344e+01 -5.519087791442871094e+00 -8.433407172560691833e-03 -7.692581508308649063e-03 9.100000000000000000e+01 4.100000000000000000e+01
4.816558659076690674e-01 6.251341104507446289e-01 3.026819229125976562e-01 2.978853881359100342e-01 -2.029200744628906250e+01 -5.437585830688476562e+00 -8.399670012295246124e-03 -7.578982971608638763e-03 8.900000000000000000e+01 3.900000000000000000e+01
4.816558659076690674e-01 6.152840256690979004e-01 2.809343934059143066e-01 2.774349153041839600e-01 -1.985210418701171875e+01 -4.997683525085449219e+00 -8.217576891183853149e-03 -6.965841166675090790e-03 8.700000000000000000e+01 3.700000000000000000e+01
4.816558659076690674e-01 6.027855277061462402e-01 2.528227269649505615e-01 2.514859139919281006e-01 -1.942026710510253906e+01 -4.565845489501953125e+00 -8.038821630179882050e-03 -6.363939028233289719e-03 8.500000000000000000e+01 3.500000000000000000e+01
4.816558659076690674e-01 6.139027476310729980e-01 2.768827676773071289e-01 2.745671570301055908e-01 -1.934497642517089844e+01 -4.490553855895996094e+00 -8.007655851542949677e-03 -6.258996669203042984e-03 8.600000000000000000e+01 3.600000000000000000e+01
4.816558659076690674e-01 6.233085393905639648e-01 2.974967956542968750e-01 2.940951883792877197e-01 -1.885305786132812500e+01 -3.998634338378906250e+00 -7.804031483829021454e-03 -5.573352333158254623e-03 8.400000000000000000e+01 3.400000000000000000e+01
4.816558659076690674e-01 6.165594458580017090e-01 2.852859497070312500e-01 2.800829112529754639e-01 -1.855483245849609375e+01 -3.700409412384033203e+00 -7.680584210902452469e-03 -5.157682113349437714e-03 8.300000000000000000e+01 3.300000000000000000e+01
4.816558659076690674e-01 6.188572645187377930e-01 2.893691956996917725e-01 2.848535776138305664e-01 -1.813009834289550781e+01 -3.275676250457763672e+00 -7.504769600927829742e-03 -4.565683193504810333e-03 8.300000000000000000e+01 3.300000000000000000e+01
4.816558659076690674e-01 5.990513563156127930e-01 2.489435523748397827e-01 2.437331229448318481e-01 -1.674085998535156250e+01 -1.886436939239501953e+00 -6.929708644747734070e-03 -2.629342023283243179e-03 7.600000000000000000e+01 2.600000000000000000e+01
4.816558659076690674e-01 6.058837175369262695e-01 2.669067382812500000e-01 2.579182684421539307e-01 -1.654281234741210938e+01 -1.688389301300048828e+00 -6.847728975117206573e-03 -2.353300573304295540e-03 7.400000000000000000e+01 2.400000000000000000e+01
4.816558659076690674e-01 5.906809568405151367e-01 2.335734814405441284e-01 2.263547480106353760e-01 -1.608147811889648438e+01 -1.227055549621582031e+00 -6.656764075160026550e-03 -1.710287178866565228e-03 7.000000000000000000e+01 2.000000000000000000e+01
4.816558659076690674e-01 5.950880050659179688e-01 2.423674315214157104e-01 2.355045378208160400e-01 -1.590696239471435547e+01 -1.052540540695190430e+00 -6.584525108337402344e-03 -1.467045629397034645e-03 6.800000000000000000e+01 1.800000000000000000e+01
4.816558659076690674e-01 5.805754065513610840e-01 2.075656503438949585e-01 2.053738981485366821e-01 -1.569241428375244141e+01 -8.379921913146972656e-01 -6.495715118944644928e-03 -1.168005168437957764e-03 6.600000000000000000e+01 1.600000000000000000e+01
4.816558659076690674e-01 5.599991679191589355e-01 1.660647094249725342e-01 1.626541018486022949e-01 -1.543764114379882812e+01 -5.832195878028869629e-01 -6.390254478901624680e-03 -8.128996123559772968e-04 6.300000000000000000e+01 1.300000000000000000e+01
4.816558659076690674e-01 5.546072125434875488e-01 1.531961560249328613e-01 1.514594852924346924e-01 -1.541688442230224609e+01 -5.624625682830810547e-01 -6.381662562489509583e-03 -7.839681929908692837e-04 6.300000000000000000e+01 1.300000000000000000e+01
4.816558659076690674e-01 5.341055393218994141e-01 1.118428409099578857e-01 1.088944971561431885e-01 -1.528581237792968750e+01 -4.313904643058776855e-01 -6.327406503260135651e-03 -6.012780359014868736e-04 6.000000000000000000e+01 1.000000000000000000e+01
4.816558659076690674e-01 5.302602052688598633e-01 1.042680144309997559e-01 1.009109243750572205e-01 -1.517053794860839844e+01 -3.161151409149169922e-01 -6.279689725488424301e-03 -4.406056832522153854e-04 5.800000000000000000e+01 8.000000000000000000e+00
4.816558659076690674e-01 4.925556778907775879e-01 2.306984923779964447e-02 2.262987568974494934e-02 -1.486643314361572266e+01 -1.201111078262329102e-02 -6.153808906674385071e-03 -1.674125451245345175e-05 5.100000000000000000e+01 1.000000000000000000e+00
4.816558659076690674e-01 4.925556778907775879e-01 2.306984923779964447e-02 2.262987568974494934e-02 -1.486643314361572266e+01 -1.201111078262329102e-02 -6.153808906674385071e-03 -1.674125451245345175e-05 5.100000000000000000e+01 1.000000000000000000e+00
4.816558659076690674e-01 4.746248126029968262e-01 -1.364711765199899673e-02 -1.459767017513513565e-02 -1.485442256927490234e+01 0.000000000000000000e+00 -6.148837041109800339e-03 0.000000000000000000e+00 5.000000000000000000e+01 0.000000000000000000e+00
4.816558659076690674e-01 4.746248126029968262e-01 -1.364711765199899673e-02 -1.459767017513513565e-02 -1.485442256927490234e+01 0.000000000000000000e+00 -6.148837041109800339e-03 0.000000000000000000e+00 5.000000000000000000e+01 0.000000000000000000e+00
4.816558659076690674e-01 4.746248126029968262e-01 -1.364711765199899673e-02 -1.459767017513513565e-02 -1.485442256927490234e+01 0.000000000000000000e+00 -6.148837041109800339e-03 0.000000000000000000e+00 5.000000000000000000e+01 0.000000000000000000e+00
4.816558659076690674e-01 4.746248126029968262e-01 -1.364711765199899673e-02 -1.459767017513513565e-02 -1.485442256927490234e+01 0.000000000000000000e+00 -6.148837041109800339e-03 0.000000000000000000e+00 5.000000000000000000e+01 0.000000000000000000e+00
4.816558659076690674e-01 4.746248126029968262e-01 -1.364711765199899673e-02 -1.459767017513513565e-02 -1.485442256927490234e+01 0.000000000000000000e+00 -6.148837041109800339e-03 0.000000000000000000e+00 5.000000000000000000e+01 0.000000000000000000e+00
4.816558659076690674e-01 4.746248126029968262e-01 -1.364711765199899673e-02 -1.459767017513513565e-02 -1.485442256927490234e+01 0.000000000000000000e+00 -6.148837041109800339e-03 0.000000000000000000e+00 5.000000000000000000e+01 0.000000000000000000e+00
4.816558659076690674e-01 4.746248126029968262e-01 -1.364711765199899673e-02 -1.459767017513513565e-02 -1.485442256927490234e+01 0.000000000000000000e+00 -6.148837041109800339e-03 0.000000000000000000e+00 5.000000000000000000e+01 0.000000000000000000e+00
4.816558659076690674e-01 4.746248126029968262e-01 -1.364711765199899673e-02 -1.459767017513513565e-02 -1.485442256927490234e+01 0.000000000000000000e+00 -6.148837041109800339e-03 0.000000000000000000e+00 5.000000000000000000e+01 0.000000000000000000e+00
4.816558659076690674e-01 4.746248126029968262e-01 -1.364711765199899673e-02 -1.459767017513513565e-02 -1.485442256927490234e+01 0.000000000000000000e+00 -6.148837041109800339e-03 0.000000000000000000e+00 5.000000000000000000e+01 0.000000000000000000e+00
4.816558659076690674e-01 4.746248126029968262e-01 -1.364711765199899673e-02 -1.459767017513513565e-02 -1.485442256927490234e+01 0.000000000000000000e+00 -6.148837041109800339e-03 0.000000000000000000e+00 5.000000000000000000e+01 0.000000000000000000e+00
4.816558659076690674e-01 4.746248126029968262e-01 -1.364711765199899673e-02 -1.459767017513513565e-02 -1.485442256927490234e+01 0.000000000000000000e+00 -6.148837041109800339e-03 0.000000000000000000e+00 5.000000000000000000e+01 0.000000000000000000e+00
4.816558659076690674e-01 4.746248126029968262e-01 -1.364711765199899673e-02 -1.459767017513513565e-02 -1.485442256927490234e+01 0.000000000000000000e+00 -6.148837041109800339e-03 0.000000000000000000e+00 5.000000000000000000e+01 0.000000000000000000e+00
4.816558659076690674e-01 4.746248126029968262e-01 -1.364711765199899673e-02 -1.459767017513513565e-02 -1.485442256927490234e+01 0.000000000000000000e+00 -6.148837041109800339e-03 0.000000000000000000e+00 5.000000000000000000e+01 0.000000000000000000e+00
4.816558659076690674e-01 4.746248126029968262e-01 -1.364711765199899673e-02 -1.459767017513513565e-02 -1.485442256927490234e+01 0.000000000000000000e+00 -6.148837041109800339e-03 0.000000000000000000e+00 5.000000000000000000e+01 0.000000000000000000e+00
4.816558659076690674e-01 4.746248126029968262e-01 -1.364711765199899673e-02 -1.459767017513513565e-02 -1.485442256927490234e+01 0.000000000000000000e+00 -6.148837041109800339e-03 0.000000000000000000e+00 5.000000000000000000e+01 0.000000000000000000e+00
4.816558659076690674e-01 4.746248126029968262e-01 -1.364711765199899673e-02 -1.459767017513513565e-02 -1.485442256927490234e+01 0.000000000000000000e+00 -6.148837041109800339e-03 0.000000000000000000e+00 5.000000000000000000e+01 0.000000000000000000e+00
4.816558659076690674e-01 4.746248126029968262e-01 -1.364711765199899673e-02 -1.459767017513513565e-02 -1.485442256927490234e+01 0.000000000000000000e+00 -6.148837041109800339e-03 0.000000000000000000e+00 5.000000000000000000e+01 0.000000000000000000e+00
4.816558659076690674e-01 4.746248126029968262e-01 -1.364711765199899673e-02 -1.459767017513513565e-02 -1.485442256927490234e+01 0.000000000000000000e+00 -6.148837041109800339e-03 0.000000000000000000e+00 5.000000000000000000e+01 0.000000000000000000e+00
4.816558659076690674e-01 4.746248126029968262e-01 -1.364711765199899673e-02 -1.459767017513513565e-02 -1.485442256927490234e+01 0.000000000000000000e+00 -6.148837041109800339e-03 0.000000000000000000e+00 5.000000000000000000e+01 0.000000000000000000e+00
4.816558659076690674e-01 4.746248126029968262e-01 -1.364711765199899673e-02 -1.459767017513513565e-02 -1.485442256927490234e+01 0.000000000000000000e+00 -6.148837041109800339e-03 0.000000000000000000e+00 5.000000000000000000e+01 0.000000000000000000e+00
4.816558659076690674e-01 4.746248126029968262e-01 -1.364711765199899673e-02 -1.459767017513513565e-02 -1.485442256927490234e+01 0.000000000000000000e+00 -6.148837041109800339e-03 0.000000000000000000e+00 5.000000000000000000e+01 0.000000000000000000e+00
4.816558659076690674e-01 4.746248126029968262e-01 -1.364711765199899673e-02 -1.459767017513513565e-02 -1.485442256927490234e+01 0.000000000000000000e+00 -6.148837041109800339e-03 0.000000000000000000e+00 5.000000000000000000e+01 0.000000000000000000e+00
4.816558659076690674e-01 4.746248126029968262e-01 -1.364711765199899673e-02 -1.459767017513513565e-02 -1.485442256927490234e+01 0.000000000000000000e+00 -6.148837041109800339e-03 0.000000000000000000e+00 5.000000000000000000e+01 0.000000000000000000e+00
4.816558659076690674e-01 4.746248126029968262e-01 -1.364711765199899673e-02 -1.459767017513513565e-02 -1.485442256927490234e+01 0.000000000000000000e+00 -6.148837041109800339e-03 0.000000000000000000e+00 5.000000000000000000e+01 0.000000000000000000e+00
4.816558659076690674e-01 4.746248126029968262e-01 -1.364711765199899673e-02 -1.459767017513513565e-02 -1.485442256927490234e+01 0.000000000000000000e+00 -6.148837041109800339e-03 0.000000000000000000e+00 5.000000000000000000e+01 0.000000000000000000e+00
4.816558659076690674e-01 4.746248126029968262e-01 -1.364711765199899673e-02 -1.459767017513513565e-02 -1.485442256927490234e+01 0.000000000000000000e+00 -6.148837041109800339e-03 0.000000000000000000e+00 5.000000000000000000e+01 0.000000000000000000e+00
4.816558659076690674e-01 4.746248126029968262e-01 -1.364711765199899673e-02 -1.459767017513513565e-02 -1.485442256927490234e+01 0.000000000000000000e+00 -6.148837041109800339e-03 0.000000000000000000e+00 5.000000000000000000e+01 0.000000000000000000e+00
4.816558659076690674e-01 4.746248126029968262e-01 -1.364711765199899673e-02 -1.459767017513513565e-02 -1.485442256927490234e+01 0.000000000000000000e+00 -6.148837041109800339e-03 0.000000000000000000e+00 5.000000000000000000e+01 0.000000000000000000e+00
4.816558659076690674e-01 4.746248126029968262e-01 -1.364711765199899673e-02 -1.459767017513513565e-02 -1.485442256927490234e+01 0.000000000000000000e+00 -6.148837041109800339e-03 0.000000000000000000e+00 5.000000000000000000e+01 0.000000000000000000e+00
4.816558659076690674e-01 4.746248126029968262e-01 -1.364711765199899673e-02 -1.459767017513513565e-02 -1.485442256927490234e+01 0.000000000000000000e+00 -6.148837041109800339e-03 0.000000000000000000e+00 5.000000000000000000e+01 0.000000000000000000e+00
4.816558659076690674e-01 4.746248126029968262e-01 -1.364711765199899673e-02 -1.459767017513513565e-02 -1.485442256927490234e+01 0.000000000000000000e+00 -6.148837041109800339e-03 0.000000000000000000e+00 5.000000000000000000e+01 0.000000000000000000e+00
4.816558659076690674e-01 4.746248126029968262e-01 -1.364711765199899673e-02 -1.459767017513513565e-02 -1.485442256927490234e+01 0.000000000000000000e+00 -6.148837041109800339e-03 0.000000000000000000e+00 5.000000000000000000e+01 0.000000000000000000e+00
4.816558659076690674e-01 4.746248126029968262e-01 -1.364711765199899673e-02 -1.459767017513513565e-02 -1.485442256927490234e+01 0.000000000000000000e+00 -6.148837041109800339e-03 0.000000000000000000e+00 5.000000000000000000e+01 0.000000000000000000e+00
4.816558659076690674e-01 4.746248126029968262e-01 -1.364711765199899673e-02 -1.459767017513513565e-02 -1.485442256927490234e+01 0.000000000000000000e+00 -6.148837041109800339e-03 0.000000000000000000e+00 5.000000000000000000e+01 0.000000000000000000e+00
4.816558659076690674e-01 4.746248126029968262e-01 -1.364711765199899673e-02 -1.459767017513513565e-02 -1.485442256927490234e+01 0.000000000000000000e+00 -6.148837041109800339e-03 0.000000000000000000e+00 5.000000000000000000e+01 0.000000000000000000e+00
4.816558659076690674e-01 4.746248126029968262e-01 -1.364711765199899673e-02 -1.459767017513513565e-02 -1.485442256927490234e+01 0.000000000000000000e+00 -6.148837041109800339e-03 0.000000000000000000e+00 5.000000000000000000e+01 0.000000000000000000e+00
4.816558659076690674e-01 4.746248126029968262e-01 -1.364711765199899673e-02 -1.459767017513513565e-02 -1.485442256927490234e+01 0.000000000000000000e+00 -6.148837041109800339e-03 0.000000000000000000e+00 5.000000000000000000e+01 0.000000000000000000e+00
4.816558659076690674e-01 4.746248126029968262e-01 -1.364711765199899673e-02 -1.459767017513513565e-02 -1.485442256927490234e+01 0.000000000000000000e+00 -6.148837041109800339e-03 0.000000000000000000e+00 5.000000000000000000e+01 0.000000000000000000e+00
4.816558659076690674e-01 4.746248126029968262e-01 -1.364711765199899673e-02 -1.459767017513513565e-02 -1.485442256927490234e+01 0.000000000000000000e+00 -6.148837041109800339e-03 0.000000000000000000e+00 5.000000000000000000e+01 0.000000000000000000e+00
4.816558659076690674e-01 4.746248126029968262e-01 -1.364711765199899673e-02 -1.459767017513513565e-02 -1.485442256927490234e+01 0.000000000000000000e+00 -6.148837041109800339e-03 0.000000000000000000e+00 5.000000000000000000e+01 0.000000000000000000e+00
4.816558659076690674e-01 4.746248126029968262e-01 -1.364711765199899673e-02 -1.459767017513513565e-02 -1.485442256927490234e+01 0.000000000000000000e+00 -6.148837041109800339e-03 0.000000000000000000e+00 5.000000000000000000e+01 0.000000000000000000e+00
4.816558659076690674e-01 4.746248126029968262e-01 -1.364711765199899673e-02 -1.459767017513513565e-02 -1.485442256927490234e+01 0.000000000000000000e+00 -6.148837041109800339e-03 0.000000000000000000e+00 5.000000000000000000e+01 0.000000000000000000e+00
4.816558659076690674e-01 4.746248126029968262e-01 -1.364711765199899673e-02 -1.459767017513513565e-02 -1.485442256927490234e+01 0.000000000000000000e+00 -6.148837041109800339e-03 0.000000000000000000e+00 5.000000000000000000e+01 0.000000000000000000e+00
4.816558659076690674e-01 4.746248126029968262e-01 -1.364711765199899673e-02 -1.459767017513513565e-02 -1.485442256927490234e+01 0.000000000000000000e+00 -6.148837041109800339e-03 0.000000000000000000e+00 5.000000000000000000e+01 0.000000000000000000e+00
4.816558659076690674e-01 4.746248126029968262e-01 -1.364711765199899673e-02 -1.459767017513513565e-02 -1.485442256927490234e+01 0.000000000000000000e+00 -6.148837041109800339e-03 0.000000000000000000e+00 5.000000000000000000e+01 0.000000000000000000e+00
4.816558659076690674e-01 4.746248126029968262e-01 -1.364711765199899673e-02 -1.459767017513513565e-02 -1.485442256927490234e+01 0.000000000000000000e+00 -6.148837041109800339e-03 0.000000000000000000e+00 5.000000000000000000e+01 0.000000000000000000e+00
4.816558659076690674e-01 4.746248126029968262e-01 -1.364711765199899673e-02 -1.459767017513513565e-02 -1.485442256927490234e+01 0.000000000000000000e+00 -6.148837041109800339e-03 0.000000000000000000e+00 5.000000000000000000e+01 0.000000000000000000e+00
4.816558659076690674e-01 4.746248126029968262e-01 -1.364711765199899673e-02 -1.459767017513513565e-02 -1.485442256927490234e+01 0.000000000000000000e+00 -6.148837041109800339e-03 0.000000000000000000e+00 5.000000000000000000e+01 0.000000000000000000e+00
4.816558659076690674e-01 4.746248126029968262e-01 -1.364711765199899673e-02 -1.459767017513513565e-02 -1.485442256927490234e+01 0.000000000000000000e+00 -6.148837041109800339e-03 0.000000000000000000e+00 5.000000000000000000e+01 0.000000000000000000e+00
4.816558659076690674e-01 4.746248126029968262e-01 -1.364711765199899673e-02 -1.459767017513513565e-02 -1.485442256927490234e+01 0.000000000000000000e+00 -6.148837041109800339e-03 0.000000000000000000e+00 5.000000000000000000e+01 0.000000000000000000e+00
4.816558659076690674e-01 4.746248126029968262e-01 -1.364711765199899673e-02 -1.459767017513513565e-02 -1.485442256927490234e+01 0.000000000000000000e+00 -6.148837041109800339e-03 0.000000000000000000e+00 5.000000000000000000e+01 0.000000000000000000e+00
