4.289718866348266602e-01 2.318194359540939331e-01 -4.579440653324127197e-01 -4.595929384231567383e-01 -8.857543945312500000e+01 -5.704264068603515625e+01 -3.666490316390991211e-02 -7.516957819461822510e-02 1.630000000000000000e+02 1.130000000000000000e+02
4.289718866348266602e-01 2.318194359540939331e-01 -4.579440653324127197e-01 -4.595929384231567383e-01 -8.857543945312500000e+01 -5.704264068603515625e+01 -3.666490316390991211e-02 -7.516957819461822510e-02 1.630000000000000000e+02 1.130000000000000000e+02
4.289718866348266602e-01 2.318194359540939331e-01 -4.579440653324127197e-01 -4.595929384231567383e-01 -8.857543945312500000e+01 -5.704264068603515625e+01 -3.666490316390991211e-02 -7.516957819461822510e-02 1.630000000000000000e+02 1.130000000000000000e+02
4.289718866348266602e-01 2.322462648153305054e-01 -4.569683670997619629e-01 -4.585979282855987549e-01 -8.779006958007812500e+01 -5.625727081298828125e+01 -3.633980453014373779e-02 -7.413463294506072998e-02 1.620000000000000000e+02 1.120000000000000000e+02
4.289718866348266602e-01 2.340187728404998779e-01 -4.532833695411682129e-01 -4.544659554958343506e-01 -8.716639709472656250e+01 -5.563359832763671875e+01 -3.608164191246032715e-02 -7.331277430057525635e-02 1.610000000000000000e+02 1.110000000000000000e+02
4.289718866348266602e-01 2.348893880844116211e-01 -4.512326717376708984e-01 -4.524364173412322998e-01 -8.672326660156250000e+01 -5.519046783447265625e+01 -3.589821234345436096e-02 -7.272882759571075439e-02 1.600000000000000000e+02 1.100000000000000000e+02
4.289718866348266602e-01 2.384293079376220703e-01 -4.428945779800415039e-01 -4.441843032836914062e-01 -8.560701751708984375e+01 -5.407421875000000000e+01 -3.543615341186523438e-02 -7.125785946846008301e-02 1.580000000000000000e+02 1.080000000000000000e+02
4.289718866348266602e-01 2.384293079376220703e-01 -4.428945779800415039e-01 -4.441843032836914062e-01 -8.560701751708984375e+01 -5.407421875000000000e+01 -3.543615341186523438e-02 -7.125785946846008301e-02 1.580000000000000000e+02 1.080000000000000000e+02
4.289718866348266602e-01 2.384430468082427979e-01 -4.428570866584777832e-01 -4.441522657871246338e-01 -8.496408081054687500e+01 -5.343128204345703125e+01 -3.517001867294311523e-02 -7.041060924530029297e-02 1.570000000000000000e+02 1.070000000000000000e+02
4.289718866348266602e-01 2.384430468082427979e-01 -4.428570866584777832e-01 -4.441522657871246338e-01 -8.496408081054687500e+01 -5.343128204345703125e+01 -3.517001867294311523e-02 -7.041060924530029297e-02 1.570000000000000000e+02 1.070000000000000000e+02
4.289718866348266602e-01 2.385257631540298462e-01 -4.426396191120147705e-01 -4.439594447612762451e-01 -8.443250274658203125e+01 -5.289970016479492188e+01 -3.494997695088386536e-02 -6.971009820699691772e-02 1.560000000000000000e+02 1.060000000000000000e+02
4.289718866348266602e-01 2.430433481931686401e-01 -4.324534833431243896e-01 -4.334282577037811279e-01 -8.065605926513671875e+01 -4.912325286865234375e+01 -3.338675573468208313e-02 -6.473357975482940674e-02 1.500000000000000000e+02 1.000000000000000000e+02
4.289718866348266602e-01 2.435638010501861572e-01 -4.314004182815551758e-01 -4.322150051593780518e-01 -7.781460571289062500e+01 -4.628180313110351562e+01 -3.221056610345840454e-02 -6.098917871713638306e-02 1.450000000000000000e+02 9.500000000000000000e+01
4.289718866348266602e-01 2.431071847677230835e-01 -4.334134459495544434e-01 -4.332794547080993652e-01 -7.394434356689453125e+01 -4.241153717041015625e+01 -3.060850873589515686e-02 -5.588902160525321960e-02 1.370000000000000000e+02 8.700000000000000000e+01
4.289718866348266602e-01 2.478331774473190308e-01 -4.224705398082733154e-01 -4.222624301910400391e-01 -7.144125366210937500e+01 -3.990844726562500000e+01 -2.957238070666790009e-02 -5.259050428867340088e-02 1.330000000000000000e+02 8.300000000000000000e+01
4.289718866348266602e-01 2.488726973533630371e-01 -4.198032915592193604e-01 -4.198391437530517578e-01 -6.983364105224609375e+01 -3.830084228515625000e+01 -2.890692465007305145e-02 -5.047203600406646729e-02 1.300000000000000000e+02 8.000000000000000000e+01
4.289718866348266602e-01 2.549660503864288330e-01 -4.056998491287231445e-01 -4.056345820426940918e-01 -6.473045349121093750e+01 -3.319765090942382812e+01 -2.679451368749141693e-02 -4.374716058373451233e-02 1.200000000000000000e+02 7.000000000000000000e+01
4.289718866348266602e-01 2.551362216472625732e-01 -4.052356481552124023e-01 -4.052378833293914795e-01 -6.377555084228515625e+01 -3.224274826049804688e+01 -2.639923989772796631e-02 -4.248880967497825623e-02 1.180000000000000000e+02 6.800000000000000000e+01
4.289718866348266602e-01 2.586629092693328857e-01 -3.971990048885345459e-01 -3.970166444778442383e-01 -6.243323898315429688e+01 -3.090043830871582031e+01 -2.584360353648662567e-02 -4.071994125843048096e-02 1.160000000000000000e+02 6.600000000000000000e+01
4.289718866348266602e-01 2.644939124584197998e-01 -3.839601874351501465e-01 -3.834236562252044678e-01 -6.064219284057617188e+01 -2.910938835144042969e+01 -2.510221861302852631e-02 -3.835973516106605530e-02 1.130000000000000000e+02 6.300000000000000000e+01
4.289718866348266602e-01 2.908083796501159668e-01 -3.204770684242248535e-01 -3.220805525779724121e-01 -5.080207061767578125e+01 -1.926926803588867188e+01 -2.102900110185146332e-02 -2.539263293147087097e-02 9.300000000000000000e+01 4.300000000000000000e+01
4.289718866348266602e-01 3.103241920471191406e-01 -2.734908759593963623e-01 -2.765861749649047852e-01 -4.235056686401367188e+01 -1.081776618957519531e+01 -1.753058657050132751e-02 -1.425542216747999191e-02 7.800000000000000000e+01 2.800000000000000000e+01
4.289718866348266602e-01 3.128569424152374268e-01 -2.659155130386352539e-01 -2.706819474697113037e-01 -4.023399353027343750e+01 -8.701192855834960938e+00 -1.665445230901241302e-02 -1.146624702960252762e-02 7.300000000000000000e+01 2.300000000000000000e+01
4.289718866348266602e-01 3.158572614192962646e-01 -2.595110535621643066e-01 -2.636877298355102539e-01 -3.759647369384765625e+01 -6.063673973083496094e+00 -1.556267775595188141e-02 -7.990580983459949493e-03 6.700000000000000000e+01 1.700000000000000000e+01
4.289718866348266602e-01 3.162218928337097168e-01 -2.585143744945526123e-01 -2.628377079963684082e-01 -3.705955505371093750e+01 -5.526751518249511719e+00 -1.534042600542306900e-02 -7.283035665750503540e-03 6.500000000000000000e+01 1.500000000000000000e+01
4.289718866348266602e-01 3.173973858356475830e-01 -2.558213770389556885e-01 -2.600974738597869873e-01 -3.614202499389648438e+01 -4.609221935272216797e+00 -1.496062334626913071e-02 -6.073934957385063171e-03 6.300000000000000000e+01 1.300000000000000000e+01
4.289718866348266602e-01 3.261027038097381592e-01 -2.353117167949676514e-01 -2.398040145635604858e-01 -3.533322143554687500e+01 -3.800417423248291016e+00 -1.462582778185606003e-02 -5.008109379559755325e-03 6.100000000000000000e+01 1.100000000000000000e+01
4.289718866348266602e-01 3.186389803886413574e-01 -2.552975118160247803e-01 -2.572031021118164062e-01 -3.401915359497070312e+01 -2.486352443695068359e+00 -1.408188231289386749e-02 -3.276462433859705925e-03 5.800000000000000000e+01 8.000000000000000000e+00
4.289718866348266602e-01 3.195116519927978516e-01 -2.533981204032897949e-01 -2.551687955856323242e-01 -3.357693481445312500e+01 -2.044134378433227539e+00 -1.389883086085319519e-02 -2.693716902285814285e-03 5.700000000000000000e+01 7.000000000000000000e+00
4.289718866348266602e-01 3.228351473808288574e-01 -2.500559389591217041e-01 -2.474212050437927246e-01 -3.166136169433593750e+01 -1.285593509674072266e-01 -1.310589816421270370e-02 -1.694127859082072973e-04 5.100000000000000000e+01 1.000000000000000000e+00
4.289718866348266602e-01 3.252907395362854004e-01 -2.444153577089309692e-01 -2.416968345642089844e-01 -3.153280258178710938e+01 0.000000000000000000e+00 -1.305268332362174988e-02 0.000000000000000000e+00 5.000000000000000000e+01 0.000000000000000000e+00
4.289718866348266602e-01 3.252907395362854004e-01 -2.444153577089309692e-01 -2.416968345642089844e-01 -3.153280258178710938e+01 0.000000000000000000e+00 -1.305268332362174988e-02 0.000000000000000000e+00 5.000000000000000000e+01 0.000000000000000000e+00
4.289718866348266602e-01 3.252907395362854004e-01 -2.444153577089309692e-01 -2.416968345642089844e-01 -3.153280258178710938e+01 0.000000000000000000e+00 -1.305268332362174988e-02 0.000000000000000000e+00 5.000000000000000000e+01 0.000000000000000000e+00
4.289718866348266602e-01 3.252907395362854004e-01 -2.444153577089309692e-01 -2.416968345642089844e-01 -3.153280258178710938e+01 0.000000000000000000e+00 -1.305268332362174988e-02 0.000000000000000000e+00 5.000000000000000000e+01 0.000000000000000000e+00
4.289718866348266602e-01 3.252907395362854004e-01 -2.444153577089309692e-01 -2.416968345642089844e-01 -3.153280258178710938e+01 0.000000000000000000e+00 -1.305268332362174988e-02 0.000000000000000000e+00 5.000000000000000000e+01 0.000000000000000000e+00
4.289718866348266602e-01 3.252907395362854004e-01 -2.444153577089309692e-01 -2.416968345642089844e-01 -3.153280258178710938e+01 0.000000000000000000e+00 -1.305268332362174988e-02 0.000000000000000000e+00 5.000000000000000000e+01 0.000000000000000000e+00
4.289718866348266602e-01 3.252907395362854004e-01 -2.444153577089309692e-01 -2.416968345642089844e-01 -3.153280258178710938e+01 0.000000000000000000e+00 -1.305268332362174988e-02 0.000000000000000000e+00 5.000000000000000000e+01 0.000000000000000000e+00
4.289718866348266602e-01 3.252907395362854004e-01 -2.444153577089309692e-01 -2.416968345642089844e-01 -3.153280258178710938e+01 0.000000000000000000e+00 -1.305268332362174988e-02 0.000000000000000000e+00 5.000000000000000000e+01 0.000000000000000000e+00
4.289718866348266602e-01 3.252907395362854004e-01 -2.444153577089309692e-01 -2.416968345642089844e-01 -3.153280258178710938e+01 0.000000000000000000e+00 -1.305268332362174988e-02 0.000000000000000000e+00 5.000000000000000000e+01 0.000000000000000000e+00
4.289718866348266602e-01 3.252907395362854004e-01 -2.444153577089309692e-01 -2.416968345642089844e-01 -3.153280258178710938e+01 0.000000000000000000e+00 -1.305268332362174988e-02 0.000000000000000000e+00 5.000000000000000000e+01 0.000000000000000000e+00
4.289718866348266602e-01 3.252907395362854004e-01 -2.444153577089309692e-01 -2.416968345642089844e-01 -3.153280258178710938e+01 0.000000000000000000e+00 -1.305268332362174988e-02 0.000000000000000000e+00 5.000000000000000000e+01 0.000000000000000000e+00
4.289718866348266602e-01 3.252907395362854004e-01 -2.444153577089309692e-01 -2.416968345642089844e-01 -3.153280258178710938e+01 0.000000000000000000e+00 -1.305268332362174988e-02 0.000000000000000000e+00 5.000000000000000000e+01 0.000000000000000000e+00
4.289718866348266602e-01 3.252907395362854004e-01 -2.444153577089309692e-01 -2.416968345642089844e-01 -3.153280258178710938e+01 0.000000000000000000e+00 -1.305268332362174988e-02 0.000000000000000000e+00 5.000000000000000000e+01 0.000000000000000000e+00
4.289718866348266602e-01 3.252907395362854004e-01 -2.444153577089309692e-01 -2.416968345642089844e-01 -3.153280258178710938e+01 0.000000000000000000e+00 -1.305268332362174988e-02 0.000000000000000000e+00 5.000000000000000000e+01 0.000000000000000000e+00
4.289718866348266602e-01 3.252907395362854004e-01 -2.444153577089309692e-01 -2.416968345642089844e-01 -3.153280258178710938e+01 0.000000000000000000e+00 -1.305268332362174988e-02 0.000000000000000000e+00 5.000000000000000000e+01 0.000000000000000000e+00
4.289718866348266602e-01 3.252907395362854004e-01 -2.444153577089309692e-01 -2.416968345642089844e-01 -3.153280258178710938e+01 0.000000000000000000e+00 -1.305268332362174988e-02 0.000000000000000000e+00 5.000000000000000000e+01 0.000000000000000000e+00
4.289718866348266602e-01 3.252907395362854004e-01 -2.444153577089309692e-01 -2.416968345642089844e-01 -3.153280258178710938e+01 0.000000000000000000e+00 -1.305268332362174988e-02 0.000000000000000000e+00 5.000000000000000000e+01 0.000000000000000000e+00
4.289718866348266602e-01 3.252907395362854004e-01 -2.444153577089309692e-01 -2.416968345642089844e-01 -3.153280258178710938e+01 0.000000000000000000e+00 -1.305268332362174988e-02 0.000000000000000000e+00 5.000000000000000000e+01 0.000000000000000000e+00
4.289718866348266602e-01 3.252907395362854004e-01 -2.444153577089309692e-01 -2.416968345642089844e-01 -3.153280258178710938e+01 0.000000000000000000e+00 -1.305268332362174988e-02 0.000000000000000000e+00 5.000000000000000000e+01 0.000000000000000000e+00
4.289718866348266602e-01 3.252907395362854004e-01 -2.444153577089309692e-01 -2.416968345642089844e-01 -3.153280258178710938e+01 0.000000000000000000e+00 -1.305268332362174988e-02 0.000000000000000000e+00 5.000000000000000000e+01 0.000000000000000000e+00
4.289718866348266602e-01 3.252907395362854004e-01 -2.444153577089309692e-01 -2.416968345642089844e-01 -3.153280258178710938e+01 0.000000000000000000e+00 -1.305268332362174988e-02 0.000000000000000000e+00 5.000000000000000000e+01 0.000000000000000000e+00
4.289718866348266602e-01 3.252907395362854004e-01 -2.444153577089309692e-01 -2.416968345642089844e-01 -3.153280258178710938e+01 0.000000000000000000e+00 -1.305268332362174988e-02 0.000000000000000000e+00 5.000000000000000000e+01 0.000000000000000000e+00
4.289718866348266602e-01 3.252907395362854004e-01 -2.444153577089309692e-01 -2.416968345642089844e-01 -3.153280258178710938e+01 0.000000000000000000e+00 -1.305268332362174988e-02 0.000000000000000000e+00 5.000000000000000000e+01 0.000000000000000000e+00
4.289718866348266602e-01 3.252907395362854004e-01 -2.444153577089309692e-01 -2.416968345642089844e-01 -3.153280258178710938e+01 0.000000000000000000e+00 -1.305268332362174988e-02 0.000000000000000000e+00 5.000000000000000000e+01 0.000000000000000000e+00
4.289718866348266602e-01 3.252907395362854004e-01 -2.444153577089309692e-01 -2.416968345642089844e-01 -3.153280258178710938e+01 0.000000000000000000e+00 -1.305268332362174988e-02 0.000000000000000000e+00 5.000000000000000000e+01 0.000000000000000000e+00
4.289718866348266602e-01 3.252907395362854004e-01 -2.444153577089309692e-01 -2.416968345642089844e-01 -3.153280258178710938e+01 0.000000000000000000e+00 -1.305268332362174988e-02 0.000000000000000000e+00 5.000000000000000000e+01 0.000000000000000000e+00
4.289718866348266602e-01 3.252907395362854004e-01 -2.444153577089309692e-01 -2.416968345642089844e-01 -3.153280258178710938e+01 0.000000000000000000e+00 -1.305268332362174988e-02 0.000000000000000000e+00 5.000000000000000000e+01 0.000000000000000000e+00
4.289718866348266602e-01 3.252907395362854004e-01 -2.444153577089309692e-01 -2.416968345642089844e-01 -3.153280258178710938e+01 0.000000000000000000e+00 -1.305268332362174988e-02 0.000000000000000000e+00 5.000000000000000000e+01 0.000000000000000000e+00
4.289718866348266602e-01 3.252907395362854004e-01 -2.444153577089309692e-01 -2.416968345642089844e-01 -3.153280258178710938e+01 0.000000000000000000e+00 -1.305268332362174988e-02 0.000000000000000000e+00 5.000000000000000000e+01 0.000000000000000000e+00
4.289718866348266602e-01 3.252907395362854004e-01 -2.444153577089309692e-01 -2.416968345642089844e-01 -3.153280258178710938e+01 0.000000000000000000e+00 -1.305268332362174988e-02 0.000000000000000000e+00 5.000000000000000000e+01 0.000000000000000000e+00
4.289718866348266602e-01 3.252907395362854004e-01 -2.444153577089309692e-01 -2.416968345642089844e-01 -3.153280258178710938e+01 0.000000000000000000e+00 -1.305268332362174988e-02 0.000000000000000000e+00 5.000000000000000000e+01 0.000000000000000000e+00
4.289718866348266602e-01 3.252907395362854004e-01 -2.444153577089309692e-01 -2.416968345642089844e-01 -3.153280258178710938e+01 0.000000000000000000e+00 -1.305268332362174988e-02 0.000000000000000000e+00 5.000000000000000000e+01 0.000000000000000000e+00
4.289718866348266602e-01 3.252907395362854004e-01 -2.444153577089309692e-01 -2.416968345642089844e-01 -3.153280258178710938e+01 0.000000000000000000e+00 -1.305268332362174988e-02 0.000000000000000000e+00 5.000000000000000000e+01 0.000000000000000000e+00
4.289718866348266602e-01 3.252907395362854004e-01 -2.444153577089309692e-01 -2.416968345642089844e-01 -3.153280258178710938e+01 0.000000000000000000e+00 -1.305268332362174988e-02 0.000000000000000000e+00 5.000000000000000000e+01 0.000000000000000000e+00
4.289718866348266602e-01 3.252907395362854004e-01 -2.444153577089309692e-01 -2.416968345642089844e-01 -3.153280258178710938e+01 0.000000000000000000e+00 -1.305268332362174988e-02 0.000000000000000000e+00 5.000000000000000000e+01 0.000000000000000000e+00
4.289718866348266602e-01 3.252907395362854004e-01 -2.444153577089309692e-01 -2.416968345642089844e-01 -3.153280258178710938e+01 0.000000000000000000e+00 -1.305268332362174988e-02 0.000000000000000000e+00 5.000000000000000000e+01 0.000000000000000000e+00
4.289718866348266602e-01 3.252907395362854004e-01 -2.444153577089309692e-01 -2.416968345642089844e-01 -3.153280258178710938e+01 0.000000000000000000e+00 -1.305268332362174988e-02 0.000000000000000000e+00 5.000000000000000000e+01 0.000000000000000000e+00
4.289718866348266602e-01 3.252907395362854004e-01 -2.444153577089309692e-01 -2.416968345642089844e-01 -3.153280258178710938e+01 0.000000000000000000e+00 -1.305268332362174988e-02 0.000000000000000000e+00 5.000000000000000000e+01 0.000000000000000000e+00
4.289718866348266602e-01 3.252907395362854004e-01 -2.444153577089309692e-01 -2.416968345642089844e-01 -3.153280258178710938e+01 0.000000000000000000e+00 -1.305268332362174988e-02 0.000000000000000000e+00 5.000000000000000000e+01 0.000000000000000000e+00
4.289718866348266602e-01 3.252907395362854004e-01 -2.444153577089309692e-01 -2.416968345642089844e-01 -3.153280258178710938e+01 0.000000000000000000e+00 -1.305268332362174988e-02 0.000000000000000000e+00 5.000000000000000000e+01 0.000000000000000000e+00
4.289718866348266602e-01 3.252907395362854004e-01 -2.444153577089309692e-01 -2.416968345642089844e-01 -3.153280258178710938e+01 0.000000000000000000e+00 -1.305268332362174988e-02 0.000000000000000000e+00 5.000000000000000000e+01 0.000000000000000000e+00
4.289718866348266602e-01 3.252907395362854004e-01 -2.444153577089309692e-01 -2.416968345642089844e-01 -3.153280258178710938e+01 0.000000000000000000e+00 -1.305268332362174988e-02 0.000000000000000000e+00 5.000000000000000000e+01 0.000000000000000000e+00
4.289718866348266602e-01 3.252907395362854004e-01 -2.444153577089309692e-01 -2.416968345642089844e-01 -3.153280258178710938e+01 0.000000000000000000e+00 -1.305268332362174988e-02 0.000000000000000000e+00 5.000000000000000000e+01 0.000000000000000000e+00
4.289718866348266602e-01 3.252907395362854004e-01 -2.444153577089309692e-01 -2.416968345642089844e-01 -3.153280258178710938e+01 0.000000000000000000e+00 -1.305268332362174988e-02 0.000000000000000000e+00 5.000000000000000000e+01 0.000000000000000000e+00
4.289718866348266602e-01 3.252907395362854004e-01 -2.444153577089309692e-01 -2.416968345642089844e-01 -3.153280258178710938e+01 0.000000000000000000e+00 -1.305268332362174988e-02 0.000000000000000000e+00 5.000000000000000000e+01 0.000000000000000000e+00
4.289718866348266602e-01 3.252907395362854004e-01 -2.444153577089309692e-01 -2.416968345642089844e-01 -3.153280258178710938e+01 0.000000000000000000e+00 -1.305268332362174988e-02 0.000000000000000000e+00 5.000000000000000000e+01 0.000000000000000000e+00
4.289718866348266602e-01 3.252907395362854004e-01 -2.444153577089309692e-01 -2.416968345642089844e-01 -3.153280258178710938e+01 0.000000000000000000e+00 -1.305268332362174988e-02 0.000000000000000000e+00 5.000000000000000000e+01 0.000000000000000000e+00
4.289718866348266602e-01 3.252907395362854004e-01 -2.444153577089309692e-01 -2.416968345642089844e-01 -3.153280258178710938e+01 0.000000000000000000e+00 -1.305268332362174988e-02 0.000000000000000000e+00 5.000000000000000000e+01 0.000000000000000000e+00
4.289718866348266602e-01 3.252907395362854004e-01 -2.444153577089309692e-01 -2.416968345642089844e-01 -3.153280258178710938e+01 0.000000000000000000e+00 -1.305268332362174988e-02 0.000000000000000000e+00 5.000000000000000000e+01 0.000000000000000000e+00
4.289718866348266602e-01 3.252907395362854004e-01 -2.444153577089309692e-01 -2.416968345642089844e-01 -3.153280258178710938e+01 0.000000000000000000e+00 -1.305268332362174988e-02 0.000000000000000000e+00 5.000000000000000000e+01 0.000000000000000000e+00
4.289718866348266602e-01 3.252907395362854004e-01 -2.444153577089309692e-01 -2.416968345642089844e-01 -3.153280258178710938e+01 0.000000000000000000e+00 -1.305268332362174988e-02 0.000000000000000000e+00 5.000000000000000000e+01 0.000000000000000000e+00
4.289718866348266602e-01 3.252907395362854004e-01 -2.444153577089309692e-01 -2.416968345642089844e-01 -3.153280258178710938e+01 0.000000000000000000e+00 -1.305268332362174988e-02 0.000000000000000000e+00 5.000000000000000000e+01 0.000000000000000000e+00
4.289718866348266602e-01 3.252907395362854004e-01 -2.444153577089309692e-01 -2.416968345642089844e-01 -3.153280258178710938e+01 0.000000000000000000e+00 -1.305268332362174988e-02 0.000000000000000000e+00 5.000000000000000000e+01 0.000000000000000000e+00
4.289718866348266602e-01 3.252907395362854004e-01 -2.444153577089309692e-01 -2.416968345642089844e-01 -3.153280258178710938e+01 0.000000000000000000e+00 -1.305268332362174988e-02 0.000000000000000000e+00 5.000000000000000000e+01 0.000000000000000000e+00
4.289718866348266602e-01 3.252907395362854004e-01 -2.444153577089309692e-01 -2.416968345642089844e-01 -3.153280258178710938e+01 0.000000000000000000e+00 -1.305268332362174988e-02 0.000000000000000000e+00 5.000000000000000000e+01 0.000000000000000000e+00
4.289718866348266602e-01 3.252907395362854004e-01 -2.444153577089309692e-01 -2.416968345642089844e-01 -3.153280258178710938e+01 0.000000000000000000e+00 -1.305268332362174988e-02 0.000000000000000000e+00 5.000000000000000000e+01 0.000000000000000000e+00
4.289718866348266602e-01 3.252907395362854004e-01 -2.444153577089309692e-01 -2.416968345642089844e-01 -3.153280258178710938e+01 0.000000000000000000e+00 -1.305268332362174988e-02 0.000000000000000000e+00 5.000000000000000000e+01 0.000000000000000000e+00
4.289718866348266602e-01 3.252907395362854004e-01 -2.444153577089309692e-01 -2.416968345642089844e-01 -3.153280258178710938e+01 0.000000000000000000e+00 -1.305268332362174988e-02 0.000000000000000000e+00 5.000000000000000000e+01 0.000000000000000000e+00
4.289718866348266602e-01 3.252907395362854004e-01 -2.444153577089309692e-01 -2.416968345642089844e-01 -3.153280258178710938e+01 0.000000000000000000e+00 -1.305268332362174988e-02 0.000000000000000000e+00 5.000000000000000000e+01 0.000000000000000000e+00
4.289718866348266602e-01 3.252907395362854004e-01 -2.444153577089309692e-01 -2.416968345642089844e-01 -3.153280258178710938e+01 0.000000000000000000e+00 -1.305268332362174988e-02 0.000000000000000000e+00 5.000000000000000000e+01 0.000000000000000000e+00
4.289718866348266602e-01 3.252907395362854004e-01 -2.444153577089309692e-01 -2.416968345642089844e-01 -3.153280258178710938e+01 0.000000000000000000e+00 -1.305268332362174988e-02 0.000000000000000000e+00 5.000000000000000000e+01 0.000000000000000000e+00
