4.698620140552520752e-01 3.908588290214538574e-01 -1.805785745382308960e-01 -1.681412458419799805e-01 -6.600479888916015625e+01 -3.284206771850585938e+01 -2.732201479375362396e-02 -5.070747807621955872e-02 1.040000000000000000e+02 5.400000000000000000e+01
4.698620140552520752e-01 3.910869657993316650e-01 -1.798147708177566528e-01 -1.676557064056396484e-01 -6.458150482177734375e+01 -3.141877555847167969e+01 -2.673285640776157379e-02 -4.850994423031806946e-02 1.010000000000000000e+02 5.100000000000000000e+01
4.698620140552520752e-01 3.904483616352081299e-01 -1.810674369335174561e-01 -1.690148413181304932e-01 -6.449545288085937500e+01 -3.133272361755371094e+01 -2.669723704457283020e-02 -4.837708175182342529e-02 1.000000000000000000e+02 5.000000000000000000e+01
4.698620140552520752e-01 3.896566629409790039e-01 -1.828350722789764404e-01 -1.706998050212860107e-01 -6.296051025390625000e+01 -2.979777908325195312e+01 -2.606186270713806152e-02 -4.600716009736061096e-02 9.800000000000000000e+01 4.800000000000000000e+01
4.698620140552520752e-01 3.888058364391326904e-01 -1.841273903846740723e-01 -1.725105941295623779e-01 -6.099680328369140625e+01 -2.783407211303710938e+01 -2.524900622665882111e-02 -4.297523573040962219e-02 9.500000000000000000e+01 4.500000000000000000e+01
4.698620140552520752e-01 3.888058364391326904e-01 -1.841273903846740723e-01 -1.725105941295623779e-01 -6.099680328369140625e+01 -2.783407211303710938e+01 -2.524900622665882111e-02 -4.297523573040962219e-02 9.500000000000000000e+01 4.500000000000000000e+01
4.698620140552520752e-01 3.874006867408752441e-01 -1.869744807481765747e-01 -1.755011528730392456e-01 -6.006670379638671875e+01 -2.690397262573242188e+01 -2.486400119960308075e-02 -4.153918102383613586e-02 9.400000000000000000e+01 4.400000000000000000e+01
4.698620140552520752e-01 3.874006867408752441e-01 -1.869744807481765747e-01 -1.755011528730392456e-01 -6.006670379638671875e+01 -2.690397262573242188e+01 -2.486400119960308075e-02 -4.153918102383613586e-02 9.400000000000000000e+01 4.400000000000000000e+01
4.698620140552520752e-01 3.874006867408752441e-01 -1.869744807481765747e-01 -1.755011528730392456e-01 -6.006670379638671875e+01 -2.690397262573242188e+01 -2.486400119960308075e-02 -4.153918102383613586e-02 9.400000000000000000e+01 4.400000000000000000e+01
4.698620140552520752e-01 3.874006867408752441e-01 -1.869744807481765747e-01 -1.755011528730392456e-01 -6.006670379638671875e+01 -2.690397262573242188e+01 -2.486400119960308075e-02 -4.153918102383613586e-02 9.400000000000000000e+01 4.400000000000000000e+01
4.698620140552520752e-01 3.874006867408752441e-01 -1.869744807481765747e-01 -1.755011528730392456e-01 -6.006670379638671875e+01 -2.690397262573242188e+01 -2.486400119960308075e-02 -4.153918102383613586e-02 9.400000000000000000e+01 4.400000000000000000e+01
4.698620140552520752e-01 3.919879794120788574e-01 -1.758742928504943848e-01 -1.657380908727645874e-01 -5.768312835693359375e+01 -2.452039909362792969e+01 -2.387734502553939819e-02 -3.785899281501770020e-02 8.900000000000000000e+01 3.900000000000000000e+01
4.698620140552520752e-01 3.919879794120788574e-01 -1.758742928504943848e-01 -1.657380908727645874e-01 -5.768312835693359375e+01 -2.452039909362792969e+01 -2.387734502553939819e-02 -3.785899281501770020e-02 8.900000000000000000e+01 3.900000000000000000e+01
4.698620140552520752e-01 4.008601903915405273e-01 -1.568364053964614868e-01 -1.468555033206939697e-01 -5.543888092041015625e+01 -2.227615165710449219e+01 -2.294836007058620453e-02 -3.439392149448394775e-02 8.500000000000000000e+01 3.500000000000000000e+01
4.698620140552520752e-01 4.008601903915405273e-01 -1.568364053964614868e-01 -1.468555033206939697e-01 -5.543888092041015625e+01 -2.227615165710449219e+01 -2.294836007058620453e-02 -3.439392149448394775e-02 8.500000000000000000e+01 3.500000000000000000e+01
4.698620140552520752e-01 3.997986018657684326e-01 -1.590963900089263916e-01 -1.491148620843887329e-01 -5.406744003295898438e+01 -2.090470886230468750e+01 -2.238066680729389191e-02 -3.227644041180610657e-02 8.300000000000000000e+01 3.300000000000000000e+01
4.698620140552520752e-01 3.950973749160766602e-01 -1.697675883769989014e-01 -1.591204106807708740e-01 -5.345973205566406250e+01 -2.029700088500976562e+01 -2.212911285459995270e-02 -3.133815154433250427e-02 8.200000000000000000e+01 3.200000000000000000e+01
4.698620140552520752e-01 3.950973749160766602e-01 -1.697675883769989014e-01 -1.591204106807708740e-01 -5.345973205566406250e+01 -2.029700088500976562e+01 -2.212911285459995270e-02 -3.133815154433250427e-02 8.200000000000000000e+01 3.200000000000000000e+01
4.698620140552520752e-01 3.991185426712036133e-01 -1.608797460794448853e-01 -1.505622267723083496e-01 -5.209725952148437500e+01 -1.893452644348144531e+01 -2.156512998044490814e-02 -2.923452109098434448e-02 8.000000000000000000e+01 3.000000000000000000e+01
4.698620140552520752e-01 3.991185426712036133e-01 -1.608797460794448853e-01 -1.505622267723083496e-01 -5.209725952148437500e+01 -1.893452644348144531e+01 -2.156512998044490814e-02 -2.923452109098434448e-02 8.000000000000000000e+01 3.000000000000000000e+01
4.698620140552520752e-01 4.216022491455078125e-01 -1.072980090975761414e-01 -1.027105078101158142e-01 -4.459286117553710938e+01 -1.143013286590576172e+01 -1.845876127481460571e-02 -1.764789037406444550e-02 6.900000000000000000e+01 1.900000000000000000e+01
4.698620140552520752e-01 4.327043890953063965e-01 -8.463577181100845337e-02 -7.908199727535247803e-02 -3.942954254150390625e+01 -6.266814231872558594e+00 -1.632145792245864868e-02 -9.675832465291023254e-03 6.100000000000000000e+01 1.100000000000000000e+01
4.698620140552520752e-01 4.442035555839538574e-01 -5.770481005311012268e-02 -5.460849776864051819e-02 -3.646224212646484375e+01 -3.299512147903442383e+00 -1.509317383170127869e-02 -5.094379186630249023e-03 5.700000000000000000e+01 7.000000000000000000e+00
4.698620140552520752e-01 4.462935626506805420e-01 -5.218848213553428650e-02 -5.016036704182624817e-02 -3.606721496582031250e+01 -2.904484033584594727e+00 -1.492965687066316605e-02 -4.484463948756456375e-03 5.600000000000000000e+01 6.000000000000000000e+00
4.698620140552520752e-01 4.481706023216247559e-01 -4.833288118243217468e-02 -4.616549238562583923e-02 -3.544750976562500000e+01 -2.284777641296386719e+00 -1.467313617467880249e-02 -3.527649678289890289e-03 5.500000000000000000e+01 5.000000000000000000e+00
4.698620140552520752e-01 4.481706023216247559e-01 -4.833288118243217468e-02 -4.616549238562583923e-02 -3.544750976562500000e+01 -2.284777641296386719e+00 -1.467313617467880249e-02 -3.527649678289890289e-03 5.500000000000000000e+01 5.000000000000000000e+00
4.698620140552520752e-01 4.494556188583374023e-01 -4.593192040920257568e-02 -4.343061149120330811e-02 -3.444375991821289062e+01 -1.281029105186462402e+00 -1.425764430314302444e-02 -1.977882580831646919e-03 5.300000000000000000e+01 3.000000000000000000e+00
4.698620140552520752e-01 4.494556188583374023e-01 -4.593192040920257568e-02 -4.343061149120330811e-02 -3.444375991821289062e+01 -1.281029105186462402e+00 -1.425764430314302444e-02 -1.977882580831646919e-03 5.300000000000000000e+01 3.000000000000000000e+00
4.698620140552520752e-01 4.539122581481933594e-01 -3.416931629180908203e-02 -3.394561633467674255e-02 -3.388746261596679688e+01 -7.247334718704223633e-01 -1.402737013995647430e-02 -1.118973596021533012e-03 5.200000000000000000e+01 2.000000000000000000e+00
4.698620140552520752e-01 4.522194564342498779e-01 -3.766485303640365601e-02 -3.754838183522224426e-02 -3.316272735595703125e+01 0.000000000000000000e+00 -1.372737344354391098e-02 0.000000000000000000e+00 5.000000000000000000e+01 0.000000000000000000e+00
4.698620140552520752e-01 4.522194564342498779e-01 -3.766485303640365601e-02 -3.754838183522224426e-02 -3.316272735595703125e+01 0.000000000000000000e+00 -1.372737344354391098e-02 0.000000000000000000e+00 5.000000000000000000e+01 0.000000000000000000e+00
4.698620140552520752e-01 4.522194564342498779e-01 -3.766485303640365601e-02 -3.754838183522224426e-02 -3.316272735595703125e+01 0.000000000000000000e+00 -1.372737344354391098e-02 0.000000000000000000e+00 5.000000000000000000e+01 0.000000000000000000e+00
4.698620140552520752e-01 4.522194564342498779e-01 -3.766485303640365601e-02 -3.754838183522224426e-02 -3.316272735595703125e+01 0.000000000000000000e+00 -1.372737344354391098e-02 0.000000000000000000e+00 5.000000000000000000e+01 0.000000000000000000e+00
4.698620140552520752e-01 4.522194564342498779e-01 -3.766485303640365601e-02 -3.754838183522224426e-02 -3.316272735595703125e+01 0.000000000000000000e+00 -1.372737344354391098e-02 0.000000000000000000e+00 5.000000000000000000e+01 0.000000000000000000e+00
4.698620140552520752e-01 4.522194564342498779e-01 -3.766485303640365601e-02 -3.754838183522224426e-02 -3.316272735595703125e+01 0.000000000000000000e+00 -1.372737344354391098e-02 0.000000000000000000e+00 5.000000000000000000e+01 0.000000000000000000e+00
4.698620140552520752e-01 4.522194564342498779e-01 -3.766485303640365601e-02 -3.754838183522224426e-02 -3.316272735595703125e+01 0.000000000000000000e+00 -1.372737344354391098e-02 0.000000000000000000e+00 5.000000000000000000e+01 0.000000000000000000e+00
4.698620140552520752e-01 4.522194564342498779e-01 -3.766485303640365601e-02 -3.754838183522224426e-02 -3.316272735595703125e+01 0.000000000000000000e+00 -1.372737344354391098e-02 0.000000000000000000e+00 5.000000000000000000e+01 0.000000000000000000e+00
4.698620140552520752e-01 4.522194564342498779e-01 -3.766485303640365601e-02 -3.754838183522224426e-02 -3.316272735595703125e+01 0.000000000000000000e+00 -1.372737344354391098e-02 0.000000000000000000e+00 5.000000000000000000e+01 0.000000000000000000e+00
4.698620140552520752e-01 4.522194564342498779e-01 -3.766485303640365601e-02 -3.754838183522224426e-02 -3.316272735595703125e+01 0.000000000000000000e+00 -1.372737344354391098e-02 0.000000000000000000e+00 5.000000000000000000e+01 0.000000000000000000e+00
4.698620140552520752e-01 4.522194564342498779e-01 -3.766485303640365601e-02 -3.754838183522224426e-02 -3.316272735595703125e+01 0.000000000000000000e+00 -1.372737344354391098e-02 0.000000000000000000e+00 5.000000000000000000e+01 0.000000000000000000e+00
4.698620140552520752e-01 4.522194564342498779e-01 -3.766485303640365601e-02 -3.754838183522224426e-02 -3.316272735595703125e+01 0.000000000000000000e+00 -1.372737344354391098e-02 0.000000000000000000e+00 5.000000000000000000e+01 0.000000000000000000e+00
4.698620140552520752e-01 4.522194564342498779e-01 -3.766485303640365601e-02 -3.754838183522224426e-02 -3.316272735595703125e+01 0.000000000000000000e+00 -1.372737344354391098e-02 0.000000000000000000e+00 5.000000000000000000e+01 0.000000000000000000e+00
4.698620140552520752e-01 4.522194564342498779e-01 -3.766485303640365601e-02 -3.754838183522224426e-02 -3.316272735595703125e+01 0.000000000000000000e+00 -1.372737344354391098e-02 0.000000000000000000e+00 5.000000000000000000e+01 0.000000000000000000e+00
4.698620140552520752e-01 4.522194564342498779e-01 -3.766485303640365601e-02 -3.754838183522224426e-02 -3.316272735595703125e+01 0.000000000000000000e+00 -1.372737344354391098e-02 0.000000000000000000e+00 5.000000000000000000e+01 0.000000000000000000e+00
4.698620140552520752e-01 4.522194564342498779e-01 -3.766485303640365601e-02 -3.754838183522224426e-02 -3.316272735595703125e+01 0.000000000000000000e+00 -1.372737344354391098e-02 0.000000000000000000e+00 5.000000000000000000e+01 0.000000000000000000e+00
4.698620140552520752e-01 4.522194564342498779e-01 -3.766485303640365601e-02 -3.754838183522224426e-02 -3.316272735595703125e+01 0.000000000000000000e+00 -1.372737344354391098e-02 0.000000000000000000e+00 5.000000000000000000e+01 0.000000000000000000e+00
4.698620140552520752e-01 4.522194564342498779e-01 -3.766485303640365601e-02 -3.754838183522224426e-02 -3.316272735595703125e+01 0.000000000000000000e+00 -1.372737344354391098e-02 0.000000000000000000e+00 5.000000000000000000e+01 0.000000000000000000e+00
4.698620140552520752e-01 4.522194564342498779e-01 -3.766485303640365601e-02 -3.754838183522224426e-02 -3.316272735595703125e+01 0.000000000000000000e+00 -1.372737344354391098e-02 0.000000000000000000e+00 5.000000000000000000e+01 0.000000000000000000e+00
4.698620140552520752e-01 4.522194564342498779e-01 -3.766485303640365601e-02 -3.754838183522224426e-02 -3.316272735595703125e+01 0.000000000000000000e+00 -1.372737344354391098e-02 0.000000000000000000e+00 5.000000000000000000e+01 0.000000000000000000e+00
4.698620140552520752e-01 4.522194564342498779e-01 -3.766485303640365601e-02 -3.754838183522224426e-02 -3.316272735595703125e+01 0.000000000000000000e+00 -1.372737344354391098e-02 0.000000000000000000e+00 5.000000000000000000e+01 0.000000000000000000e+00
4.698620140552520752e-01 4.522194564342498779e-01 -3.766485303640365601e-02 -3.754838183522224426e-02 -3.316272735595703125e+01 0.000000000000000000e+00 -1.372737344354391098e-02 0.000000000000000000e+00 5.000000000000000000e+01 0.000000000000000000e+00
4.698620140552520752e-01 4.522194564342498779e-01 -3.766485303640365601e-02 -3.754838183522224426e-02 -3.316272735595703125e+01 0.000000000000000000e+00 -1.372737344354391098e-02 0.000000000000000000e+00 5.000000000000000000e+01 0.000000000000000000e+00
4.698620140552520752e-01 4.522194564342498779e-01 -3.766485303640365601e-02 -3.754838183522224426e-02 -3.316272735595703125e+01 0.000000000000000000e+00 -1.372737344354391098e-02 0.000000000000000000e+00 5.000000000000000000e+01 0.000000000000000000e+00
4.698620140552520752e-01 4.522194564342498779e-01 -3.766485303640365601e-02 -3.754838183522224426e-02 -3.316272735595703125e+01 0.000000000000000000e+00 -1.372737344354391098e-02 0.000000000000000000e+00 5.000000000000000000e+01 0.000000000000000000e+00
4.698620140552520752e-01 4.522194564342498779e-01 -3.766485303640365601e-02 -3.754838183522224426e-02 -3.316272735595703125e+01 0.000000000000000000e+00 -1.372737344354391098e-02 0.000000000000000000e+00 5.000000000000000000e+01 0.000000000000000000e+00
4.698620140552520752e-01 4.522194564342498779e-01 -3.766485303640365601e-02 -3.754838183522224426e-02 -3.316272735595703125e+01 0.000000000000000000e+00 -1.372737344354391098e-02 0.000000000000000000e+00 5.000000000000000000e+01 0.000000000000000000e+00
4.698620140552520752e-01 4.522194564342498779e-01 -3.766485303640365601e-02 -3.754838183522224426e-02 -3.316272735595703125e+01 0.000000000000000000e+00 -1.372737344354391098e-02 0.000000000000000000e+00 5.000000000000000000e+01 0.000000000000000000e+00
4.698620140552520752e-01 4.522194564342498779e-01 -3.766485303640365601e-02 -3.754838183522224426e-02 -3.316272735595703125e+01 0.000000000000000000e+00 -1.372737344354391098e-02 0.000000000000000000e+00 5.000000000000000000e+01 0.000000000000000000e+00
4.698620140552520752e-01 4.522194564342498779e-01 -3.766485303640365601e-02 -3.754838183522224426e-02 -3.316272735595703125e+01 0.000000000000000000e+00 -1.372737344354391098e-02 0.000000000000000000e+00 5.000000000000000000e+01 0.000000000000000000e+00
4.698620140552520752e-01 4.522194564342498779e-01 -3.766485303640365601e-02 -3.754838183522224426e-02 -3.316272735595703125e+01 0.000000000000000000e+00 -1.372737344354391098e-02 0.000000000000000000e+00 5.000000000000000000e+01 0.000000000000000000e+00
4.698620140552520752e-01 4.522194564342498779e-01 -3.766485303640365601e-02 -3.754838183522224426e-02 -3.316272735595703125e+01 0.000000000000000000e+00 -1.372737344354391098e-02 0.000000000000000000e+00 5.000000000000000000e+01 0.000000000000000000e+00
4.698620140552520752e-01 4.522194564342498779e-01 -3.766485303640365601e-02 -3.754838183522224426e-02 -3.316272735595703125e+01 0.000000000000000000e+00 -1.372737344354391098e-02 0.000000000000000000e+00 5.000000000000000000e+01 0.000000000000000000e+00
4.698620140552520752e-01 4.522194564342498779e-01 -3.766485303640365601e-02 -3.754838183522224426e-02 -3.316272735595703125e+01 0.000000000000000000e+00 -1.372737344354391098e-02 0.000000000000000000e+00 5.000000000000000000e+01 0.000000000000000000e+00
4.698620140552520752e-01 4.522194564342498779e-01 -3.766485303640365601e-02 -3.754838183522224426e-02 -3.316272735595703125e+01 0.000000000000000000e+00 -1.372737344354391098e-02 0.000000000000000000e+00 5.000000000000000000e+01 0.000000000000000000e+00
4.698620140552520752e-01 4.522194564342498779e-01 -3.766485303640365601e-02 -3.754838183522224426e-02 -3.316272735595703125e+01 0.000000000000000000e+00 -1.372737344354391098e-02 0.000000000000000000e+00 5.000000000000000000e+01 0.000000000000000000e+00
4.698620140552520752e-01 4.522194564342498779e-01 -3.766485303640365601e-02 -3.754838183522224426e-02 -3.316272735595703125e+01 0.000000000000000000e+00 -1.372737344354391098e-02 0.000000000000000000e+00 5.000000000000000000e+01 0.000000000000000000e+00
4.698620140552520752e-01 4.522194564342498779e-01 -3.766485303640365601e-02 -3.754838183522224426e-02 -3.316272735595703125e+01 0.000000000000000000e+00 -1.372737344354391098e-02 0.000000000000000000e+00 5.000000000000000000e+01 0.000000000000000000e+00
4.698620140552520752e-01 4.522194564342498779e-01 -3.766485303640365601e-02 -3.754838183522224426e-02 -3.316272735595703125e+01 0.000000000000000000e+00 -1.372737344354391098e-02 0.000000000000000000e+00 5.000000000000000000e+01 0.000000000000000000e+00
4.698620140552520752e-01 4.522194564342498779e-01 -3.766485303640365601e-02 -3.754838183522224426e-02 -3.316272735595703125e+01 0.000000000000000000e+00 -1.372737344354391098e-02 0.000000000000000000e+00 5.000000000000000000e+01 0.000000000000000000e+00
4.698620140552520752e-01 4.522194564342498779e-01 -3.766485303640365601e-02 -3.754838183522224426e-02 -3.316272735595703125e+01 0.000000000000000000e+00 -1.372737344354391098e-02 0.000000000000000000e+00 5.000000000000000000e+01 0.000000000000000000e+00
4.698620140552520752e-01 4.522194564342498779e-01 -3.766485303640365601e-02 -3.754838183522224426e-02 -3.316272735595703125e+01 0.000000000000000000e+00 -1.372737344354391098e-02 0.000000000000000000e+00 5.000000000000000000e+01 0.000000000000000000e+00
4.698620140552520752e-01 4.522194564342498779e-01 -3.766485303640365601e-02 -3.754838183522224426e-02 -3.316272735595703125e+01 0.000000000000000000e+00 -1.372737344354391098e-02 0.000000000000000000e+00 5.000000000000000000e+01 0.000000000000000000e+00
4.698620140552520752e-01 4.522194564342498779e-01 -3.766485303640365601e-02 -3.754838183522224426e-02 -3.316272735595703125e+01 0.000000000000000000e+00 -1.372737344354391098e-02 0.000000000000000000e+00 5.000000000000000000e+01 0.000000000000000000e+00
4.698620140552520752e-01 4.522194564342498779e-01 -3.766485303640365601e-02 -3.754838183522224426e-02 -3.316272735595703125e+01 0.000000000000000000e+00 -1.372737344354391098e-02 0.000000000000000000e+00 5.000000000000000000e+01 0.000000000000000000e+00
4.698620140552520752e-01 4.522194564342498779e-01 -3.766485303640365601e-02 -3.754838183522224426e-02 -3.316272735595703125e+01 0.000000000000000000e+00 -1.372737344354391098e-02 0.000000000000000000e+00 5.000000000000000000e+01 0.000000000000000000e+00
4.698620140552520752e-01 4.522194564342498779e-01 -3.766485303640365601e-02 -3.754838183522224426e-02 -3.316272735595703125e+01 0.000000000000000000e+00 -1.372737344354391098e-02 0.000000000000000000e+00 5.000000000000000000e+01 0.000000000000000000e+00
4.698620140552520752e-01 4.522194564342498779e-01 -3.766485303640365601e-02 -3.754838183522224426e-02 -3.316272735595703125e+01 0.000000000000000000e+00 -1.372737344354391098e-02 0.000000000000000000e+00 5.000000000000000000e+01 0.000000000000000000e+00
4.698620140552520752e-01 4.522194564342498779e-01 -3.766485303640365601e-02 -3.754838183522224426e-02 -3.316272735595703125e+01 0.000000000000000000e+00 -1.372737344354391098e-02 0.000000000000000000e+00 5.000000000000000000e+01 0.000000000000000000e+00
4.698620140552520752e-01 4.522194564342498779e-01 -3.766485303640365601e-02 -3.754838183522224426e-02 -3.316272735595703125e+01 0.000000000000000000e+00 -1.372737344354391098e-02 0.000000000000000000e+00 5.000000000000000000e+01 0.000000000000000000e+00
4.698620140552520752e-01 4.522194564342498779e-01 -3.766485303640365601e-02 -3.754838183522224426e-02 -3.316272735595703125e+01 0.000000000000000000e+00 -1.372737344354391098e-02 0.000000000000000000e+00 5.000000000000000000e+01 0.000000000000000000e+00
4.698620140552520752e-01 4.522194564342498779e-01 -3.766485303640365601e-02 -3.754838183522224426e-02 -3.316272735595703125e+01 0.000000000000000000e+00 -1.372737344354391098e-02 0.000000000000000000e+00 5.000000000000000000e+01 0.000000000000000000e+00
4.698620140552520752e-01 4.522194564342498779e-01 -3.766485303640365601e-02 -3.754838183522224426e-02 -3.316272735595703125e+01 0.000000000000000000e+00 -1.372737344354391098e-02 0.000000000000000000e+00 5.000000000000000000e+01 0.000000000000000000e+00
4.698620140552520752e-01 4.522194564342498779e-01 -3.766485303640365601e-02 -3.754838183522224426e-02 -3.316272735595703125e+01 0.000000000000000000e+00 -1.372737344354391098e-02 0.000000000000000000e+00 5.000000000000000000e+01 0.000000000000000000e+00
4.698620140552520752e-01 4.522194564342498779e-01 -3.766485303640365601e-02 -3.754838183522224426e-02 -3.316272735595703125e+01 0.000000000000000000e+00 -1.372737344354391098e-02 0.000000000000000000e+00 5.000000000000000000e+01 0.000000000000000000e+00
4.698620140552520752e-01 4.522194564342498779e-01 -3.766485303640365601e-02 -3.754838183522224426e-02 -3.316272735595703125e+01 0.000000000000000000e+00 -1.372737344354391098e-02 0.000000000000000000e+00 5.000000000000000000e+01 0.000000000000000000e+00
4.698620140552520752e-01 4.522194564342498779e-01 -3.766485303640365601e-02 -3.754838183522224426e-02 -3.316272735595703125e+01 0.000000000000000000e+00 -1.372737344354391098e-02 0.000000000000000000e+00 5.000000000000000000e+01 0.000000000000000000e+00
4.698620140552520752e-01 4.522194564342498779e-01 -3.766485303640365601e-02 -3.754838183522224426e-02 -3.316272735595703125e+01 0.000000000000000000e+00 -1.372737344354391098e-02 0.000000000000000000e+00 5.000000000000000000e+01 0.000000000000000000e+00
4.698620140552520752e-01 4.522194564342498779e-01 -3.766485303640365601e-02 -3.754838183522224426e-02 -3.316272735595703125e+01 0.000000000000000000e+00 -1.372737344354391098e-02 0.000000000000000000e+00 5.000000000000000000e+01 0.000000000000000000e+00
4.698620140552520752e-01 4.522194564342498779e-01 -3.766485303640365601e-02 -3.754838183522224426e-02 -3.316272735595703125e+01 0.000000000000000000e+00 -1.372737344354391098e-02 0.000000000000000000e+00 5.000000000000000000e+01 0.000000000000000000e+00
4.698620140552520752e-01 4.522194564342498779e-01 -3.766485303640365601e-02 -3.754838183522224426e-02 -3.316272735595703125e+01 0.000000000000000000e+00 -1.372737344354391098e-02 0.000000000000000000e+00 5.000000000000000000e+01 0.000000000000000000e+00
4.698620140552520752e-01 4.522194564342498779e-01 -3.766485303640365601e-02 -3.754838183522224426e-02 -3.316272735595703125e+01 0.000000000000000000e+00 -1.372737344354391098e-02 0.000000000000000000e+00 5.000000000000000000e+01 0.000000000000000000e+00
