4.589187204837799072e-01 4.813132882118225098e-01 2.066525444388389587e-02 4.879854992032051086e-02 -4.660108947753906250e+01 -1.922866821289062500e+01 -1.929004676640033722e-02 -2.530834265053272247e-02 1.410000000000000000e+02 9.100000000000000000e+01
4.589187204837799072e-01 4.962521493434906006e-01 5.286503583192825317e-02 8.135085552930831909e-02 -3.934278488159179688e+01 -1.197036933898925781e+01 -1.628554612398147583e-02 -1.575513184070587158e-02 1.190000000000000000e+02 6.900000000000000000e+01
4.589187204837799072e-01 4.879599511623382568e-01 3.640483692288398743e-02 6.328186392784118652e-02 -3.851560211181640625e+01 -1.114318466186523438e+01 -1.594314165413379669e-02 -1.466641016304492950e-02 1.150000000000000000e+02 6.500000000000000000e+01
4.589187204837799072e-01 4.873824119567871094e-01 3.524752706289291382e-02 6.202338263392448425e-02 -3.851126861572265625e+01 -1.113885402679443359e+01 -1.594134792685508728e-02 -1.466071046888828278e-02 1.140000000000000000e+02 6.400000000000000000e+01
4.589187204837799072e-01 4.857849776744842529e-01 3.212359175086021423e-02 5.854251608252525330e-02 -3.850064468383789062e+01 -1.112822914123535156e+01 -1.593695022165775299e-02 -1.464672572910785675e-02 1.120000000000000000e+02 6.200000000000000000e+01
4.589187204837799072e-01 4.857849776744842529e-01 3.212359175086021423e-02 5.854251608252525330e-02 -3.850064468383789062e+01 -1.112822914123535156e+01 -1.593695022165775299e-02 -1.464672572910785675e-02 1.120000000000000000e+02 6.200000000000000000e+01
4.589187204837799072e-01 4.857849776744842529e-01 3.212359175086021423e-02 5.854251608252525330e-02 -3.850064468383789062e+01 -1.112822914123535156e+01 -1.593695022165775299e-02 -1.464672572910785675e-02 1.120000000000000000e+02 6.200000000000000000e+01
4.589187204837799072e-01 4.838178157806396484e-01 2.712244540452957153e-02 5.425600335001945496e-02 -3.842716598510742188e+01 -1.105474853515625000e+01 -1.590653508901596069e-02 -1.455001253634691238e-02 1.110000000000000000e+02 6.100000000000000000e+01
4.589187204837799072e-01 4.834018647670745850e-01 2.631430141627788544e-02 5.334962904453277588e-02 -3.841630554199218750e+01 -1.104388809204101562e+01 -1.590203866362571716e-02 -1.453571859747171402e-02 1.100000000000000000e+02 6.000000000000000000e+01
4.589187204837799072e-01 4.836176335811614990e-01 2.675942890346050262e-02 5.381979793310165405e-02 -3.841260528564453125e+01 -1.104018592834472656e+01 -1.590050756931304932e-02 -1.453084591776132584e-02 1.090000000000000000e+02 5.900000000000000000e+01
4.589187204837799072e-01 4.839220345020294189e-01 2.735185064375400543e-02 5.448309704661369324e-02 -3.841026687622070312e+01 -1.103785037994384766e+01 -1.589953899383544922e-02 -1.452777162194252014e-02 1.090000000000000000e+02 5.900000000000000000e+01
4.589187204837799072e-01 4.868198037147521973e-01 3.321198001503944397e-02 6.079743802547454834e-02 -3.767482757568359375e+01 -1.030240917205810547e+01 -1.559511199593544006e-02 -1.355980057269334793e-02 1.070000000000000000e+02 5.700000000000000000e+01
4.589187204837799072e-01 4.899336099624633789e-01 4.094072431325912476e-02 6.758253276348114014e-02 -3.586359405517578125e+01 -8.491178512573242188e+00 -1.484537031501531601e-02 -1.117589883506298065e-02 1.000000000000000000e+02 5.000000000000000000e+01
4.589187204837799072e-01 4.989184439182281494e-01 6.079030036926269531e-02 8.716080337762832642e-02 -3.420072174072265625e+01 -6.828301906585693359e+00 -1.415704097598791122e-02 -8.987258188426494598e-03 9.700000000000000000e+01 4.700000000000000000e+01
4.589187204837799072e-01 4.983474612236022949e-01 5.964590981602668762e-02 8.591660857200622559e-02 -3.419638824462890625e+01 -6.823971748352050781e+00 -1.415524724870920181e-02 -8.981558494269847870e-03 9.600000000000000000e+01 4.600000000000000000e+01
4.589187204837799072e-01 4.992153346538543701e-01 6.586664915084838867e-02 8.780773729085922241e-02 -3.336229705810546875e+01 -5.989877700805664062e+00 -1.380998361855745316e-02 -7.883742451667785645e-03 9.500000000000000000e+01 4.500000000000000000e+01
4.589187204837799072e-01 4.994271397590637207e-01 6.630354374647140503e-02 8.826927095651626587e-02 -3.335859298706054688e+01 -5.986176490783691406e+00 -1.380845066159963608e-02 -7.878871634602546692e-03 9.400000000000000000e+01 4.400000000000000000e+01
4.589187204837799072e-01 5.016552805900573730e-01 7.201527059078216553e-02 9.312446415424346924e-02 -3.304674911499023438e+01 -5.674332618713378906e+00 -1.367936562746763229e-02 -7.468429394066333771e-03 9.200000000000000000e+01 4.200000000000000000e+01
4.589187204837799072e-01 5.016552805900573730e-01 7.201527059078216553e-02 9.312446415424346924e-02 -3.304674911499023438e+01 -5.674332618713378906e+00 -1.367936562746763229e-02 -7.468429394066333771e-03 9.200000000000000000e+01 4.200000000000000000e+01
4.589187204837799072e-01 5.001032948493957520e-01 6.899511069059371948e-02 8.974263072013854980e-02 -3.304390716552734375e+01 -5.671492576599121094e+00 -1.367818936705589294e-02 -7.464691530913114548e-03 9.100000000000000000e+01 4.100000000000000000e+01
4.589187204837799072e-01 4.971576631069183350e-01 6.268171966075897217e-02 8.332400023937225342e-02 -3.145825958251953125e+01 -4.085843086242675781e+00 -1.302182674407958984e-02 -5.377694964408874512e-03 8.800000000000000000e+01 3.800000000000000000e+01
4.589187204837799072e-01 4.949074685573577881e-01 5.926323682069778442e-02 7.842074334621429443e-02 -2.972603988647460938e+01 -2.353622674942016602e+00 -1.230479218065738678e-02 -3.097785403952002525e-03 8.200000000000000000e+01 3.200000000000000000e+01
4.589187204837799072e-01 5.079585909843444824e-01 8.867336064577102661e-02 1.068596020340919495e-01 -2.893679046630859375e+01 -1.564373731613159180e+00 -1.197808980941772461e-02 -2.058993792161345482e-03 8.000000000000000000e+01 3.000000000000000000e+01
4.589187204837799072e-01 5.065924525260925293e-01 8.577196300029754639e-02 1.038827374577522278e-01 -2.892341232299804688e+01 -1.550996065139770508e+00 -1.197255216538906097e-02 -2.041386207565665245e-03 7.900000000000000000e+01 2.900000000000000000e+01
4.589187204837799072e-01 5.037695765495300293e-01 7.983995974063873291e-02 9.773159027099609375e-02 -2.888391113281250000e+01 -1.511495709419250488e+00 -1.195620093494653702e-02 -1.989396754652261734e-03 7.800000000000000000e+01 2.800000000000000000e+01
4.589187204837799072e-01 5.054890513420104980e-01 8.432293683290481567e-02 1.014783829450607300e-01 -2.858907318115234375e+01 -1.216655611991882324e+00 -1.183415576815605164e-02 -1.601334894075989723e-03 7.700000000000000000e+01 2.700000000000000000e+01
4.589187204837799072e-01 5.054890513420104980e-01 8.432293683290481567e-02 1.014783829450607300e-01 -2.858907318115234375e+01 -1.216655611991882324e+00 -1.183415576815605164e-02 -1.601334894075989723e-03 7.700000000000000000e+01 2.700000000000000000e+01
4.589187204837799072e-01 5.054890513420104980e-01 8.432293683290481567e-02 1.014783829450607300e-01 -2.858907318115234375e+01 -1.216655611991882324e+00 -1.183415576815605164e-02 -1.601334894075989723e-03 7.700000000000000000e+01 2.700000000000000000e+01
4.589187204837799072e-01 5.054890513420104980e-01 8.432293683290481567e-02 1.014783829450607300e-01 -2.858907318115234375e+01 -1.216655611991882324e+00 -1.183415576815605164e-02 -1.601334894075989723e-03 7.700000000000000000e+01 2.700000000000000000e+01
4.589187204837799072e-01 4.982372820377349854e-01 6.929624080657958984e-02 8.567652851343154907e-02 -2.827782058715820312e+01 -9.054028987884521484e-01 -1.170531660318374634e-02 -1.191671006381511688e-03 7.200000000000000000e+01 2.200000000000000000e+01
4.589187204837799072e-01 4.900926053524017334e-01 5.486191809177398682e-02 6.792899221181869507e-02 -2.793251800537109375e+01 -5.601000785827636719e-01 -1.156238187104463577e-02 -7.371911779046058655e-04 7.000000000000000000e+01 2.000000000000000000e+01
4.589187204837799072e-01 4.931166768074035645e-01 6.096477061510086060e-02 7.451854646205902100e-02 -2.776623344421386719e+01 -3.938160538673400879e-01 -1.149354968219995499e-02 -5.183318862691521645e-04 6.800000000000000000e+01 1.800000000000000000e+01
4.589187204837799072e-01 4.958686828613281250e-01 6.764648109674453735e-02 8.051526546478271484e-02 -2.764676856994628906e+01 -2.743524312973022461e-01 -1.144409831613302231e-02 -3.610965213738381863e-04 6.600000000000000000e+01 1.600000000000000000e+01
4.589187204837799072e-01 4.958686828613281250e-01 6.764648109674453735e-02 8.051526546478271484e-02 -2.764676856994628906e+01 -2.743524312973022461e-01 -1.144409831613302231e-02 -3.610965213738381863e-04 6.600000000000000000e+01 1.600000000000000000e+01
4.589187204837799072e-01 4.872119426727294922e-01 5.048798769712448120e-02 6.165192276239395142e-02 -2.762352371215820312e+01 -2.511063218116760254e-01 -1.143447682261466980e-02 -3.305005084257572889e-04 6.500000000000000000e+01 1.500000000000000000e+01
4.589187204837799072e-01 4.885486960411071777e-01 5.180977284908294678e-02 6.456475704908370972e-02 -2.760914230346679688e+01 -2.367236614227294922e-01 -1.142852380871772766e-02 -3.115703875664621592e-04 6.300000000000000000e+01 1.300000000000000000e+01
4.589187204837799072e-01 4.885429739952087402e-01 5.179637297987937927e-02 6.455228477716445923e-02 -2.757536315917968750e+01 -2.029449343681335449e-01 -1.141454093158245087e-02 -2.671115798875689507e-04 6.400000000000000000e+01 1.400000000000000000e+01
4.589187204837799072e-01 4.892403185367584229e-01 5.307359620928764343e-02 6.607182323932647705e-02 -2.754324340820312500e+01 -1.708264350891113281e-01 -1.140124537050724030e-02 -2.248379314551129937e-04 6.300000000000000000e+01 1.300000000000000000e+01
4.589187204837799072e-01 4.752051532268524170e-01 2.207600511610507965e-02 3.548870980739593506e-02 -2.748833847045898438e+01 -1.159220337867736816e-01 -1.137851830571889877e-02 -1.525739789940416813e-04 6.000000000000000000e+01 1.000000000000000000e+01
4.589187204837799072e-01 4.720200896263122559e-01 1.505632605403661728e-02 2.854834310710430145e-02 -2.743439483642578125e+01 -6.197720766067504883e-02 -1.135618891566991806e-02 -8.157301635947078466e-05 5.800000000000000000e+01 8.000000000000000000e+00
4.589187204837799072e-01 4.663218557834625244e-01 4.598233383148908615e-03 1.613169163465499878e-02 -2.741530227661132812e+01 -4.288464784622192383e-02 -1.134828571230173111e-02 -5.644381235470063984e-05 5.700000000000000000e+01 7.000000000000000000e+00
4.589187204837799072e-01 4.578769505023956299e-01 -1.383794471621513367e-02 -2.270053373649716377e-03 -2.740638923645019531e+01 -3.397238254547119141e-02 -1.134459581226110458e-02 -4.471368811209686100e-05 5.500000000000000000e+01 5.000000000000000000e+00
4.589187204837799072e-01 4.619594514369964600e-01 -6.086688023060560226e-03 6.625859532505273819e-03 -2.739676284790039062e+01 -2.434581518173217773e-02 -1.134061161428689957e-02 -3.204341555829159915e-05 5.400000000000000000e+01 4.000000000000000000e+00
4.589187204837799072e-01 4.602968394756317139e-01 -9.322030469775199890e-03 3.002969548106193542e-03 -2.739025878906250000e+01 -1.784050464630126953e-02 -1.133791916072368622e-02 -2.348127236473374069e-05 5.400000000000000000e+01 4.000000000000000000e+00
4.589187204837799072e-01 4.602968394756317139e-01 -9.322030469775199890e-03 3.002969548106193542e-03 -2.739025878906250000e+01 -1.784050464630126953e-02 -1.133791916072368622e-02 -2.348127236473374069e-05 5.400000000000000000e+01 4.000000000000000000e+00
4.589187204837799072e-01 4.511420428752899170e-01 -2.601427026093006134e-02 -1.694565266370773315e-02 -2.738205718994140625e+01 -9.640157222747802734e-03 -1.133452448993921280e-02 -1.268815867661032826e-05 5.200000000000000000e+01 2.000000000000000000e+00
4.589187204837799072e-01 4.511420428752899170e-01 -2.601427026093006134e-02 -1.694565266370773315e-02 -2.738205718994140625e+01 -9.640157222747802734e-03 -1.133452448993921280e-02 -1.268815867661032826e-05 5.200000000000000000e+01 2.000000000000000000e+00
4.589187204837799072e-01 4.384316802024841309e-01 -5.145958438515663147e-02 -4.464197903871536255e-02 -2.737241744995117188e+01 0.000000000000000000e+00 -1.133053377270698547e-02 0.000000000000000000e+00 5.000000000000000000e+01 0.000000000000000000e+00
4.589187204837799072e-01 4.384316802024841309e-01 -5.145958438515663147e-02 -4.464197903871536255e-02 -2.737241744995117188e+01 0.000000000000000000e+00 -1.133053377270698547e-02 0.000000000000000000e+00 5.000000000000000000e+01 0.000000000000000000e+00
4.589187204837799072e-01 4.384316802024841309e-01 -5.145958438515663147e-02 -4.464197903871536255e-02 -2.737241744995117188e+01 0.000000000000000000e+00 -1.133053377270698547e-02 0.000000000000000000e+00 5.000000000000000000e+01 0.000000000000000000e+00
4.589187204837799072e-01 4.384316802024841309e-01 -5.145958438515663147e-02 -4.464197903871536255e-02 -2.737241744995117188e+01 0.000000000000000000e+00 -1.133053377270698547e-02 0.000000000000000000e+00 5.000000000000000000e+01 0.000000000000000000e+00
4.589187204837799072e-01 4.384316802024841309e-01 -5.145958438515663147e-02 -4.464197903871536255e-02 -2.737241744995117188e+01 0.000000000000000000e+00 -1.133053377270698547e-02 0.000000000000000000e+00 5.000000000000000000e+01 0.000000000000000000e+00
4.589187204837799072e-01 4.384316802024841309e-01 -5.145958438515663147e-02 -4.464197903871536255e-02 -2.737241744995117188e+01 0.000000000000000000e+00 -1.133053377270698547e-02 0.000000000000000000e+00 5.000000000000000000e+01 0.000000000000000000e+00
4.589187204837799072e-01 4.384316802024841309e-01 -5.145958438515663147e-02 -4.464197903871536255e-02 -2.737241744995117188e+01 0.000000000000000000e+00 -1.133053377270698547e-02 0.000000000000000000e+00 5.000000000000000000e+01 0.000000000000000000e+00
4.589187204837799072e-01 4.384316802024841309e-01 -5.145958438515663147e-02 -4.464197903871536255e-02 -2.737241744995117188e+01 0.000000000000000000e+00 -1.133053377270698547e-02 0.000000000000000000e+00 5.000000000000000000e+01 0.000000000000000000e+00
4.589187204837799072e-01 4.384316802024841309e-01 -5.145958438515663147e-02 -4.464197903871536255e-02 -2.737241744995117188e+01 0.000000000000000000e+00 -1.133053377270698547e-02 0.000000000000000000e+00 5.000000000000000000e+01 0.000000000000000000e+00
4.589187204837799072e-01 4.384316802024841309e-01 -5.145958438515663147e-02 -4.464197903871536255e-02 -2.737241744995117188e+01 0.000000000000000000e+00 -1.133053377270698547e-02 0.000000000000000000e+00 5.000000000000000000e+01 0.000000000000000000e+00
4.589187204837799072e-01 4.384316802024841309e-01 -5.145958438515663147e-02 -4.464197903871536255e-02 -2.737241744995117188e+01 0.000000000000000000e+00 -1.133053377270698547e-02 0.000000000000000000e+00 5.000000000000000000e+01 0.000000000000000000e+00
4.589187204837799072e-01 4.384316802024841309e-01 -5.145958438515663147e-02 -4.464197903871536255e-02 -2.737241744995117188e+01 0.000000000000000000e+00 -1.133053377270698547e-02 0.000000000000000000e+00 5.000000000000000000e+01 0.000000000000000000e+00
4.589187204837799072e-01 4.384316802024841309e-01 -5.145958438515663147e-02 -4.464197903871536255e-02 -2.737241744995117188e+01 0.000000000000000000e+00 -1.133053377270698547e-02 0.000000000000000000e+00 5.000000000000000000e+01 0.000000000000000000e+00
4.589187204837799072e-01 4.384316802024841309e-01 -5.145958438515663147e-02 -4.464197903871536255e-02 -2.737241744995117188e+01 0.000000000000000000e+00 -1.133053377270698547e-02 0.000000000000000000e+00 5.000000000000000000e+01 0.000000000000000000e+00
4.589187204837799072e-01 4.384316802024841309e-01 -5.145958438515663147e-02 -4.464197903871536255e-02 -2.737241744995117188e+01 0.000000000000000000e+00 -1.133053377270698547e-02 0.000000000000000000e+00 5.000000000000000000e+01 0.000000000000000000e+00
4.589187204837799072e-01 4.384316802024841309e-01 -5.145958438515663147e-02 -4.464197903871536255e-02 -2.737241744995117188e+01 0.000000000000000000e+00 -1.133053377270698547e-02 0.000000000000000000e+00 5.000000000000000000e+01 0.000000000000000000e+00
4.589187204837799072e-01 4.384316802024841309e-01 -5.145958438515663147e-02 -4.464197903871536255e-02 -2.737241744995117188e+01 0.000000000000000000e+00 -1.133053377270698547e-02 0.000000000000000000e+00 5.000000000000000000e+01 0.000000000000000000e+00
4.589187204837799072e-01 4.384316802024841309e-01 -5.145958438515663147e-02 -4.464197903871536255e-02 -2.737241744995117188e+01 0.000000000000000000e+00 -1.133053377270698547e-02 0.000000000000000000e+00 5.000000000000000000e+01 0.000000000000000000e+00
4.589187204837799072e-01 4.384316802024841309e-01 -5.145958438515663147e-02 -4.464197903871536255e-02 -2.737241744995117188e+01 0.000000000000000000e+00 -1.133053377270698547e-02 0.000000000000000000e+00 5.000000000000000000e+01 0.000000000000000000e+00
4.589187204837799072e-01 4.384316802024841309e-01 -5.145958438515663147e-02 -4.464197903871536255e-02 -2.737241744995117188e+01 0.000000000000000000e+00 -1.133053377270698547e-02 0.000000000000000000e+00 5.000000000000000000e+01 0.000000000000000000e+00
4.589187204837799072e-01 4.384316802024841309e-01 -5.145958438515663147e-02 -4.464197903871536255e-02 -2.737241744995117188e+01 0.000000000000000000e+00 -1.133053377270698547e-02 0.000000000000000000e+00 5.000000000000000000e+01 0.000000000000000000e+00
4.589187204837799072e-01 4.384316802024841309e-01 -5.145958438515663147e-02 -4.464197903871536255e-02 -2.737241744995117188e+01 0.000000000000000000e+00 -1.133053377270698547e-02 0.000000000000000000e+00 5.000000000000000000e+01 0.000000000000000000e+00
4.589187204837799072e-01 4.384316802024841309e-01 -5.145958438515663147e-02 -4.464197903871536255e-02 -2.737241744995117188e+01 0.000000000000000000e+00 -1.133053377270698547e-02 0.000000000000000000e+00 5.000000000000000000e+01 0.000000000000000000e+00
4.589187204837799072e-01 4.384316802024841309e-01 -5.145958438515663147e-02 -4.464197903871536255e-02 -2.737241744995117188e+01 0.000000000000000000e+00 -1.133053377270698547e-02 0.000000000000000000e+00 5.000000000000000000e+01 0.000000000000000000e+00
4.589187204837799072e-01 4.384316802024841309e-01 -5.145958438515663147e-02 -4.464197903871536255e-02 -2.737241744995117188e+01 0.000000000000000000e+00 -1.133053377270698547e-02 0.000000000000000000e+00 5.000000000000000000e+01 0.000000000000000000e+00
4.589187204837799072e-01 4.384316802024841309e-01 -5.145958438515663147e-02 -4.464197903871536255e-02 -2.737241744995117188e+01 0.000000000000000000e+00 -1.133053377270698547e-02 0.000000000000000000e+00 5.000000000000000000e+01 0.000000000000000000e+00
4.589187204837799072e-01 4.384316802024841309e-01 -5.145958438515663147e-02 -4.464197903871536255e-02 -2.737241744995117188e+01 0.000000000000000000e+00 -1.133053377270698547e-02 0.000000000000000000e+00 5.000000000000000000e+01 0.000000000000000000e+00
4.589187204837799072e-01 4.384316802024841309e-01 -5.145958438515663147e-02 -4.464197903871536255e-02 -2.737241744995117188e+01 0.000000000000000000e+00 -1.133053377270698547e-02 0.000000000000000000e+00 5.000000000000000000e+01 0.000000000000000000e+00
4.589187204837799072e-01 4.384316802024841309e-01 -5.145958438515663147e-02 -4.464197903871536255e-02 -2.737241744995117188e+01 0.000000000000000000e+00 -1.133053377270698547e-02 0.000000000000000000e+00 5.000000000000000000e+01 0.000000000000000000e+00
4.589187204837799072e-01 4.384316802024841309e-01 -5.145958438515663147e-02 -4.464197903871536255e-02 -2.737241744995117188e+01 0.000000000000000000e+00 -1.133053377270698547e-02 0.000000000000000000e+00 5.000000000000000000e+01 0.000000000000000000e+00
4.589187204837799072e-01 4.384316802024841309e-01 -5.145958438515663147e-02 -4.464197903871536255e-02 -2.737241744995117188e+01 0.000000000000000000e+00 -1.133053377270698547e-02 0.000000000000000000e+00 5.000000000000000000e+01 0.000000000000000000e+00
4.589187204837799072e-01 4.384316802024841309e-01 -5.145958438515663147e-02 -4.464197903871536255e-02 -2.737241744995117188e+01 0.000000000000000000e+00 -1.133053377270698547e-02 0.000000000000000000e+00 5.000000000000000000e+01 0.000000000000000000e+00
4.589187204837799072e-01 4.384316802024841309e-01 -5.145958438515663147e-02 -4.464197903871536255e-02 -2.737241744995117188e+01 0.000000000000000000e+00 -1.133053377270698547e-02 0.000000000000000000e+00 5.000000000000000000e+01 0.000000000000000000e+00
4.589187204837799072e-01 4.384316802024841309e-01 -5.145958438515663147e-02 -4.464197903871536255e-02 -2.737241744995117188e+01 0.000000000000000000e+00 -1.133053377270698547e-02 0.000000000000000000e+00 5.000000000000000000e+01 0.000000000000000000e+00
4.589187204837799072e-01 4.384316802024841309e-01 -5.145958438515663147e-02 -4.464197903871536255e-02 -2.737241744995117188e+01 0.000000000000000000e+00 -1.133053377270698547e-02 0.000000000000000000e+00 5.000000000000000000e+01 0.000000000000000000e+00
4.589187204837799072e-01 4.384316802024841309e-01 -5.145958438515663147e-02 -4.464197903871536255e-02 -2.737241744995117188e+01 0.000000000000000000e+00 -1.133053377270698547e-02 0.000000000000000000e+00 5.000000000000000000e+01 0.000000000000000000e+00
4.589187204837799072e-01 4.384316802024841309e-01 -5.145958438515663147e-02 -4.464197903871536255e-02 -2.737241744995117188e+01 0.000000000000000000e+00 -1.133053377270698547e-02 0.000000000000000000e+00 5.000000000000000000e+01 0.000000000000000000e+00
4.589187204837799072e-01 4.384316802024841309e-01 -5.145958438515663147e-02 -4.464197903871536255e-02 -2.737241744995117188e+01 0.000000000000000000e+00 -1.133053377270698547e-02 0.000000000000000000e+00 5.000000000000000000e+01 0.000000000000000000e+00
4.589187204837799072e-01 4.384316802024841309e-01 -5.145958438515663147e-02 -4.464197903871536255e-02 -2.737241744995117188e+01 0.000000000000000000e+00 -1.133053377270698547e-02 0.000000000000000000e+00 5.000000000000000000e+01 0.000000000000000000e+00
4.589187204837799072e-01 4.384316802024841309e-01 -5.145958438515663147e-02 -4.464197903871536255e-02 -2.737241744995117188e+01 0.000000000000000000e+00 -1.133053377270698547e-02 0.000000000000000000e+00 5.000000000000000000e+01 0.000000000000000000e+00
4.589187204837799072e-01 4.384316802024841309e-01 -5.145958438515663147e-02 -4.464197903871536255e-02 -2.737241744995117188e+01 0.000000000000000000e+00 -1.133053377270698547e-02 0.000000000000000000e+00 5.000000000000000000e+01 0.000000000000000000e+00
4.589187204837799072e-01 4.384316802024841309e-01 -5.145958438515663147e-02 -4.464197903871536255e-02 -2.737241744995117188e+01 0.000000000000000000e+00 -1.133053377270698547e-02 0.000000000000000000e+00 5.000000000000000000e+01 0.000000000000000000e+00
4.589187204837799072e-01 4.384316802024841309e-01 -5.145958438515663147e-02 -4.464197903871536255e-02 -2.737241744995117188e+01 0.000000000000000000e+00 -1.133053377270698547e-02 0.000000000000000000e+00 5.000000000000000000e+01 0.000000000000000000e+00
4.589187204837799072e-01 4.384316802024841309e-01 -5.145958438515663147e-02 -4.464197903871536255e-02 -2.737241744995117188e+01 0.000000000000000000e+00 -1.133053377270698547e-02 0.000000000000000000e+00 5.000000000000000000e+01 0.000000000000000000e+00
