4.215971231460571289e-01 2.405176162719726562e-01 -4.499616920948028564e-01 -4.295083880424499512e-01 -1.040691223144531250e+02 -6.801863861083984375e+01 -4.307835549116134644e-02 -6.270042806863784790e-02 1.730000000000000000e+02 1.230000000000000000e+02
4.215971231460571289e-01 2.421758919954299927e-01 -4.456392526626586914e-01 -4.255750775337219238e-01 -9.895956420898437500e+01 -6.290908050537109375e+01 -4.096330329775810242e-02 -5.799037590622901917e-02 1.620000000000000000e+02 1.120000000000000000e+02
4.215971231460571289e-01 2.440825402736663818e-01 -4.405927062034606934e-01 -4.210526347160339355e-01 -9.758206176757812500e+01 -6.153158569335937500e+01 -4.039310291409492493e-02 -5.672058463096618652e-02 1.590000000000000000e+02 1.090000000000000000e+02
4.215971231460571289e-01 2.444730252027511597e-01 -4.395742714405059814e-01 -4.201264381408691406e-01 -9.514195251464843750e+01 -5.909146881103515625e+01 -3.938304260373115540e-02 -5.447125434875488281e-02 1.540000000000000000e+02 1.040000000000000000e+02
4.215971231460571289e-01 2.464336156845092773e-01 -4.344633519649505615e-01 -4.154760539531707764e-01 -6.764739990234375000e+01 -3.159692382812500000e+01 -2.800195291638374329e-02 -2.912643924355506897e-02 1.050000000000000000e+02 5.500000000000000000e+01
4.215971231460571289e-01 2.492407560348510742e-01 -4.278225898742675781e-01 -4.088177084922790527e-01 -6.507106018066406250e+01 -2.902057838439941406e+01 -2.693550288677215576e-02 -2.675153128802776337e-02 1.010000000000000000e+02 5.100000000000000000e+01
4.215971231460571289e-01 2.495173662900924683e-01 -4.271318614482879639e-01 -4.081616103649139404e-01 -6.344506454467773438e+01 -2.739458656311035156e+01 -2.626243978738784790e-02 -2.525267191231250763e-02 9.900000000000000000e+01 4.900000000000000000e+01
4.215971231460571289e-01 2.495173662900924683e-01 -4.271318614482879639e-01 -4.081616103649139404e-01 -6.344506454467773438e+01 -2.739458656311035156e+01 -2.626243978738784790e-02 -2.525267191231250763e-02 9.900000000000000000e+01 4.900000000000000000e+01
4.215971231460571289e-01 2.495291084051132202e-01 -4.271065294742584229e-01 -4.081337451934814453e-01 -6.271400833129882812e+01 -2.666353225708007812e+01 -2.595982514321804047e-02 -2.457877621054649353e-02 9.800000000000000000e+01 4.800000000000000000e+01
4.215971231460571289e-01 2.498091906309127808e-01 -4.264665842056274414e-01 -4.074694216251373291e-01 -6.193767166137695312e+01 -2.588719177246093750e+01 -2.563846856355667114e-02 -2.386313676834106445e-02 9.700000000000000000e+01 4.700000000000000000e+01
4.215971231460571289e-01 2.498091906309127808e-01 -4.264665842056274414e-01 -4.074694216251373291e-01 -6.193767166137695312e+01 -2.588719177246093750e+01 -2.563846856355667114e-02 -2.386313676834106445e-02 9.700000000000000000e+01 4.700000000000000000e+01
4.215971231460571289e-01 2.574172019958496094e-01 -4.086672961711883545e-01 -3.894237279891967773e-01 -5.949376678466796875e+01 -2.344328689575195312e+01 -2.462683990597724915e-02 -2.161031402647495270e-02 9.300000000000000000e+01 4.300000000000000000e+01
4.215971231460571289e-01 2.657967209815979004e-01 -3.870555162429809570e-01 -3.695480823516845703e-01 -5.682389450073242188e+01 -2.077341842651367188e+01 -2.352167293429374695e-02 -1.914919540286064148e-02 8.800000000000000000e+01 3.800000000000000000e+01
4.215971231460571289e-01 2.710341513156890869e-01 -3.752901256084442139e-01 -3.571252226829528809e-01 -5.264409255981445312e+01 -1.659361648559570312e+01 -2.179148606956005096e-02 -1.529620308429002762e-02 8.200000000000000000e+01 3.200000000000000000e+01
4.215971231460571289e-01 2.735733985900878906e-01 -3.690313696861267090e-01 -3.511023223400115967e-01 -5.186260986328125000e+01 -1.581213092803955078e+01 -2.146800048649311066e-02 -1.457581948488950729e-02 8.100000000000000000e+01 3.100000000000000000e+01
4.215971231460571289e-01 2.735733985900878906e-01 -3.690313696861267090e-01 -3.511023223400115967e-01 -5.186260986328125000e+01 -1.581213092803955078e+01 -2.146800048649311066e-02 -1.457581948488950729e-02 8.100000000000000000e+01 3.100000000000000000e+01
4.215971231460571289e-01 2.749089300632476807e-01 -3.655022382736206055e-01 -3.479345142841339111e-01 -5.125565719604492188e+01 -1.520518112182617188e+01 -2.121675759553909302e-02 -1.401632558554410934e-02 8.000000000000000000e+01 3.000000000000000000e+01
4.215971231460571289e-01 2.841244339942932129e-01 -3.447177112102508545e-01 -3.260759711265563965e-01 -5.049383926391601562e+01 -1.444336414337158203e+01 -2.090141177177429199e-02 -1.331407297402620316e-02 7.900000000000000000e+01 2.900000000000000000e+01
4.215971231460571289e-01 2.839305698871612549e-01 -3.452040851116180420e-01 -3.265357911586761475e-01 -5.000458908081054688e+01 -1.395411300659179688e+01 -2.069889008998870850e-02 -1.286307536065578461e-02 7.800000000000000000e+01 2.800000000000000000e+01
4.215971231460571289e-01 2.849255204200744629e-01 -3.427186608314514160e-01 -3.241758346557617188e-01 -4.965316772460937500e+01 -1.360269069671630859e+01 -2.055342309176921844e-02 -1.253912970423698425e-02 7.800000000000000000e+01 2.800000000000000000e+01
4.215971231460571289e-01 2.792599499225616455e-01 -3.544951677322387695e-01 -3.376142084598541260e-01 -4.539795684814453125e+01 -9.347481727600097656e+00 -1.879202201962471008e-02 -8.616625331342220306e-03 7.000000000000000000e+01 2.000000000000000000e+01
4.215971231460571289e-01 2.775598466396331787e-01 -3.573673963546752930e-01 -3.416467308998107910e-01 -4.431322860717773438e+01 -8.262753486633300781e+00 -1.834301091730594635e-02 -7.616709452122449875e-03 6.900000000000000000e+01 1.900000000000000000e+01
4.215971231460571289e-01 2.783932685852050781e-01 -3.553507030010223389e-01 -3.396699130535125732e-01 -4.340386962890625000e+01 -7.353393554687500000e+00 -1.796659082174301147e-02 -6.778449751436710358e-03 6.700000000000000000e+01 1.700000000000000000e+01
4.215971231460571289e-01 2.801638245582580566e-01 -3.515186905860900879e-01 -3.354702591896057129e-01 -4.284695434570312500e+01 -6.796479225158691406e+00 -1.773606054484844208e-02 -6.265079136937856674e-03 6.500000000000000000e+01 1.500000000000000000e+01
4.215971231460571289e-01 2.801638245582580566e-01 -3.515186905860900879e-01 -3.354702591896057129e-01 -4.284695434570312500e+01 -6.796479225158691406e+00 -1.773606054484844208e-02 -6.265079136937856674e-03 6.500000000000000000e+01 1.500000000000000000e+01
4.215971231460571289e-01 2.847188413143157959e-01 -3.422853648662567139e-01 -3.246660828590393066e-01 -4.235249328613281250e+01 -6.302019119262695312e+00 -1.753138378262519836e-02 -5.809280090034008026e-03 6.400000000000000000e+01 1.400000000000000000e+01
4.215971231460571289e-01 2.809885442256927490e-01 -3.519554436206817627e-01 -3.335140943527221680e-01 -3.994139862060546875e+01 -3.890925168991088867e+00 -1.653333567082881927e-02 -3.586703445762395859e-03 6.000000000000000000e+01 1.000000000000000000e+01
4.215971231460571289e-01 2.766578495502471924e-01 -3.635512590408325195e-01 -3.437862098217010498e-01 -3.942956924438476562e+01 -3.379094123840332031e+00 -1.632146909832954407e-02 -3.114891238510608673e-03 5.900000000000000000e+01 9.000000000000000000e+00
4.215971231460571289e-01 2.800078988075256348e-01 -3.568267226219177246e-01 -3.358401060104370117e-01 -3.921389770507812500e+01 -3.163422107696533203e+00 -1.623219437897205353e-02 -2.916082041338086128e-03 5.800000000000000000e+01 8.000000000000000000e+00
4.215971231460571289e-01 2.861739397048950195e-01 -3.401547074317932129e-01 -3.212146759033203125e-01 -3.649061584472656250e+01 -4.401387572288513184e-01 -1.510491967201232910e-02 -4.057254118379205465e-04 5.200000000000000000e+01 2.000000000000000000e+00
4.215971231460571289e-01 2.861739397048950195e-01 -3.401547074317932129e-01 -3.212146759033203125e-01 -3.649061584472656250e+01 -4.401387572288513184e-01 -1.510491967201232910e-02 -4.057254118379205465e-04 5.200000000000000000e+01 2.000000000000000000e+00
4.215971231460571289e-01 2.866105735301971436e-01 -3.374021351337432861e-01 -3.201790153980255127e-01 -3.605047607421875000e+01 0.000000000000000000e+00 -1.492272783070802689e-02 0.000000000000000000e+00 5.000000000000000000e+01 0.000000000000000000e+00
4.215971231460571289e-01 2.866105735301971436e-01 -3.374021351337432861e-01 -3.201790153980255127e-01 -3.605047607421875000e+01 0.000000000000000000e+00 -1.492272783070802689e-02 0.000000000000000000e+00 5.000000000000000000e+01 0.000000000000000000e+00
4.215971231460571289e-01 2.866105735301971436e-01 -3.374021351337432861e-01 -3.201790153980255127e-01 -3.605047607421875000e+01 0.000000000000000000e+00 -1.492272783070802689e-02 0.000000000000000000e+00 5.000000000000000000e+01 0.000000000000000000e+00
4.215971231460571289e-01 2.866105735301971436e-01 -3.374021351337432861e-01 -3.201790153980255127e-01 -3.605047607421875000e+01 0.000000000000000000e+00 -1.492272783070802689e-02 0.000000000000000000e+00 5.000000000000000000e+01 0.000000000000000000e+00
4.215971231460571289e-01 2.866105735301971436e-01 -3.374021351337432861e-01 -3.201790153980255127e-01 -3.605047607421875000e+01 0.000000000000000000e+00 -1.492272783070802689e-02 0.000000000000000000e+00 5.000000000000000000e+01 0.000000000000000000e+00
4.215971231460571289e-01 2.866105735301971436e-01 -3.374021351337432861e-01 -3.201790153980255127e-01 -3.605047607421875000e+01 0.000000000000000000e+00 -1.492272783070802689e-02 0.000000000000000000e+00 5.000000000000000000e+01 0.000000000000000000e+00
4.215971231460571289e-01 2.866105735301971436e-01 -3.374021351337432861e-01 -3.201790153980255127e-01 -3.605047607421875000e+01 0.000000000000000000e+00 -1.492272783070802689e-02 0.000000000000000000e+00 5.000000000000000000e+01 0.000000000000000000e+00
4.215971231460571289e-01 2.866105735301971436e-01 -3.374021351337432861e-01 -3.201790153980255127e-01 -3.605047607421875000e+01 0.000000000000000000e+00 -1.492272783070802689e-02 0.000000000000000000e+00 5.000000000000000000e+01 0.000000000000000000e+00
4.215971231460571289e-01 2.866105735301971436e-01 -3.374021351337432861e-01 -3.201790153980255127e-01 -3.605047607421875000e+01 0.000000000000000000e+00 -1.492272783070802689e-02 0.000000000000000000e+00 5.000000000000000000e+01 0.000000000000000000e+00
4.215971231460571289e-01 2.866105735301971436e-01 -3.374021351337432861e-01 -3.201790153980255127e-01 -3.605047607421875000e+01 0.000000000000000000e+00 -1.492272783070802689e-02 0.000000000000000000e+00 5.000000000000000000e+01 0.000000000000000000e+00
4.215971231460571289e-01 2.866105735301971436e-01 -3.374021351337432861e-01 -3.201790153980255127e-01 -3.605047607421875000e+01 0.000000000000000000e+00 -1.492272783070802689e-02 0.000000000000000000e+00 5.000000000000000000e+01 0.000000000000000000e+00
4.215971231460571289e-01 2.866105735301971436e-01 -3.374021351337432861e-01 -3.201790153980255127e-01 -3.605047607421875000e+01 0.000000000000000000e+00 -1.492272783070802689e-02 0.000000000000000000e+00 5.000000000000000000e+01 0.000000000000000000e+00
4.215971231460571289e-01 2.866105735301971436e-01 -3.374021351337432861e-01 -3.201790153980255127e-01 -3.605047607421875000e+01 0.000000000000000000e+00 -1.492272783070802689e-02 0.000000000000000000e+00 5.000000000000000000e+01 0.000000000000000000e+00
4.215971231460571289e-01 2.866105735301971436e-01 -3.374021351337432861e-01 -3.201790153980255127e-01 -3.605047607421875000e+01 0.000000000000000000e+00 -1.492272783070802689e-02 0.000000000000000000e+00 5.000000000000000000e+01 0.000000000000000000e+00
4.215971231460571289e-01 2.866105735301971436e-01 -3.374021351337432861e-01 -3.201790153980255127e-01 -3.605047607421875000e+01 0.000000000000000000e+00 -1.492272783070802689e-02 0.000000000000000000e+00 5.000000000000000000e+01 0.000000000000000000e+00
4.215971231460571289e-01 2.866105735301971436e-01 -3.374021351337432861e-01 -3.201790153980255127e-01 -3.605047607421875000e+01 0.000000000000000000e+00 -1.492272783070802689e-02 0.000000000000000000e+00 5.000000000000000000e+01 0.000000000000000000e+00
4.215971231460571289e-01 2.866105735301971436e-01 -3.374021351337432861e-01 -3.201790153980255127e-01 -3.605047607421875000e+01 0.000000000000000000e+00 -1.492272783070802689e-02 0.000000000000000000e+00 5.000000000000000000e+01 0.000000000000000000e+00
4.215971231460571289e-01 2.866105735301971436e-01 -3.374021351337432861e-01 -3.201790153980255127e-01 -3.605047607421875000e+01 0.000000000000000000e+00 -1.492272783070802689e-02 0.000000000000000000e+00 5.000000000000000000e+01 0.000000000000000000e+00
4.215971231460571289e-01 2.866105735301971436e-01 -3.374021351337432861e-01 -3.201790153980255127e-01 -3.605047607421875000e+01 0.000000000000000000e+00 -1.492272783070802689e-02 0.000000000000000000e+00 5.000000000000000000e+01 0.000000000000000000e+00
4.215971231460571289e-01 2.866105735301971436e-01 -3.374021351337432861e-01 -3.201790153980255127e-01 -3.605047607421875000e+01 0.000000000000000000e+00 -1.492272783070802689e-02 0.000000000000000000e+00 5.000000000000000000e+01 0.000000000000000000e+00
4.215971231460571289e-01 2.866105735301971436e-01 -3.374021351337432861e-01 -3.201790153980255127e-01 -3.605047607421875000e+01 0.000000000000000000e+00 -1.492272783070802689e-02 0.000000000000000000e+00 5.000000000000000000e+01 0.000000000000000000e+00
4.215971231460571289e-01 2.866105735301971436e-01 -3.374021351337432861e-01 -3.201790153980255127e-01 -3.605047607421875000e+01 0.000000000000000000e+00 -1.492272783070802689e-02 0.000000000000000000e+00 5.000000000000000000e+01 0.000000000000000000e+00
4.215971231460571289e-01 2.866105735301971436e-01 -3.374021351337432861e-01 -3.201790153980255127e-01 -3.605047607421875000e+01 0.000000000000000000e+00 -1.492272783070802689e-02 0.000000000000000000e+00 5.000000000000000000e+01 0.000000000000000000e+00
4.215971231460571289e-01 2.866105735301971436e-01 -3.374021351337432861e-01 -3.201790153980255127e-01 -3.605047607421875000e+01 0.000000000000000000e+00 -1.492272783070802689e-02 0.000000000000000000e+00 5.000000000000000000e+01 0.000000000000000000e+00
4.215971231460571289e-01 2.866105735301971436e-01 -3.374021351337432861e-01 -3.201790153980255127e-01 -3.605047607421875000e+01 0.000000000000000000e+00 -1.492272783070802689e-02 0.000000000000000000e+00 5.000000000000000000e+01 0.000000000000000000e+00
4.215971231460571289e-01 2.866105735301971436e-01 -3.374021351337432861e-01 -3.201790153980255127e-01 -3.605047607421875000e+01 0.000000000000000000e+00 -1.492272783070802689e-02 0.000000000000000000e+00 5.000000000000000000e+01 0.000000000000000000e+00
4.215971231460571289e-01 2.866105735301971436e-01 -3.374021351337432861e-01 -3.201790153980255127e-01 -3.605047607421875000e+01 0.000000000000000000e+00 -1.492272783070802689e-02 0.000000000000000000e+00 5.000000000000000000e+01 0.000000000000000000e+00
4.215971231460571289e-01 2.866105735301971436e-01 -3.374021351337432861e-01 -3.201790153980255127e-01 -3.605047607421875000e+01 0.000000000000000000e+00 -1.492272783070802689e-02 0.000000000000000000e+00 5.000000000000000000e+01 0.000000000000000000e+00
4.215971231460571289e-01 2.866105735301971436e-01 -3.374021351337432861e-01 -3.201790153980255127e-01 -3.605047607421875000e+01 0.000000000000000000e+00 -1.492272783070802689e-02 0.000000000000000000e+00 5.000000000000000000e+01 0.000000000000000000e+00
4.215971231460571289e-01 2.866105735301971436e-01 -3.374021351337432861e-01 -3.201790153980255127e-01 -3.605047607421875000e+01 0.000000000000000000e+00 -1.492272783070802689e-02 0.000000000000000000e+00 5.000000000000000000e+01 0.000000000000000000e+00
4.215971231460571289e-01 2.866105735301971436e-01 -3.374021351337432861e-01 -3.201790153980255127e-01 -3.605047607421875000e+01 0.000000000000000000e+00 -1.492272783070802689e-02 0.000000000000000000e+00 5.000000000000000000e+01 0.000000000000000000e+00
4.215971231460571289e-01 2.866105735301971436e-01 -3.374021351337432861e-01 -3.201790153980255127e-01 -3.605047607421875000e+01 0.000000000000000000e+00 -1.492272783070802689e-02 0.000000000000000000e+00 5.000000000000000000e+01 0.000000000000000000e+00
4.215971231460571289e-01 2.866105735301971436e-01 -3.374021351337432861e-01 -3.201790153980255127e-01 -3.605047607421875000e+01 0.000000000000000000e+00 -1.492272783070802689e-02 0.000000000000000000e+00 5.000000000000000000e+01 0.000000000000000000e+00
4.215971231460571289e-01 2.866105735301971436e-01 -3.374021351337432861e-01 -3.201790153980255127e-01 -3.605047607421875000e+01 0.000000000000000000e+00 -1.492272783070802689e-02 0.000000000000000000e+00 5.000000000000000000e+01 0.000000000000000000e+00
4.215971231460571289e-01 2.866105735301971436e-01 -3.374021351337432861e-01 -3.201790153980255127e-01 -3.605047607421875000e+01 0.000000000000000000e+00 -1.492272783070802689e-02 0.000000000000000000e+00 5.000000000000000000e+01 0.000000000000000000e+00
4.215971231460571289e-01 2.866105735301971436e-01 -3.374021351337432861e-01 -3.201790153980255127e-01 -3.605047607421875000e+01 0.000000000000000000e+00 -1.492272783070802689e-02 0.000000000000000000e+00 5.000000000000000000e+01 0.000000000000000000e+00
4.215971231460571289e-01 2.866105735301971436e-01 -3.374021351337432861e-01 -3.201790153980255127e-01 -3.605047607421875000e+01 0.000000000000000000e+00 -1.492272783070802689e-02 0.000000000000000000e+00 5.000000000000000000e+01 0.000000000000000000e+00
4.215971231460571289e-01 2.866105735301971436e-01 -3.374021351337432861e-01 -3.201790153980255127e-01 -3.605047607421875000e+01 0.000000000000000000e+00 -1.492272783070802689e-02 0.000000000000000000e+00 5.000000000000000000e+01 0.000000000000000000e+00
4.215971231460571289e-01 2.866105735301971436e-01 -3.374021351337432861e-01 -3.201790153980255127e-01 -3.605047607421875000e+01 0.000000000000000000e+00 -1.492272783070802689e-02 0.000000000000000000e+00 5.000000000000000000e+01 0.000000000000000000e+00
4.215971231460571289e-01 2.866105735301971436e-01 -3.374021351337432861e-01 -3.201790153980255127e-01 -3.605047607421875000e+01 0.000000000000000000e+00 -1.492272783070802689e-02 0.000000000000000000e+00 5.000000000000000000e+01 0.000000000000000000e+00
4.215971231460571289e-01 2.866105735301971436e-01 -3.374021351337432861e-01 -3.201790153980255127e-01 -3.605047607421875000e+01 0.000000000000000000e+00 -1.492272783070802689e-02 0.000000000000000000e+00 5.000000000000000000e+01 0.000000000000000000e+00
4.215971231460571289e-01 2.866105735301971436e-01 -3.374021351337432861e-01 -3.201790153980255127e-01 -3.605047607421875000e+01 0.000000000000000000e+00 -1.492272783070802689e-02 0.000000000000000000e+00 5.000000000000000000e+01 0.000000000000000000e+00
4.215971231460571289e-01 2.866105735301971436e-01 -3.374021351337432861e-01 -3.201790153980255127e-01 -3.605047607421875000e+01 0.000000000000000000e+00 -1.492272783070802689e-02 0.000000000000000000e+00 5.000000000000000000e+01 0.000000000000000000e+00
4.215971231460571289e-01 2.866105735301971436e-01 -3.374021351337432861e-01 -3.201790153980255127e-01 -3.605047607421875000e+01 0.000000000000000000e+00 -1.492272783070802689e-02 0.000000000000000000e+00 5.000000000000000000e+01 0.000000000000000000e+00
4.215971231460571289e-01 2.866105735301971436e-01 -3.374021351337432861e-01 -3.201790153980255127e-01 -3.605047607421875000e+01 0.000000000000000000e+00 -1.492272783070802689e-02 0.000000000000000000e+00 5.000000000000000000e+01 0.000000000000000000e+00
4.215971231460571289e-01 2.866105735301971436e-01 -3.374021351337432861e-01 -3.201790153980255127e-01 -3.605047607421875000e+01 0.000000000000000000e+00 -1.492272783070802689e-02 0.000000000000000000e+00 5.000000000000000000e+01 0.000000000000000000e+00
4.215971231460571289e-01 2.866105735301971436e-01 -3.374021351337432861e-01 -3.201790153980255127e-01 -3.605047607421875000e+01 0.000000000000000000e+00 -1.492272783070802689e-02 0.000000000000000000e+00 5.000000000000000000e+01 0.000000000000000000e+00
4.215971231460571289e-01 2.866105735301971436e-01 -3.374021351337432861e-01 -3.201790153980255127e-01 -3.605047607421875000e+01 0.000000000000000000e+00 -1.492272783070802689e-02 0.000000000000000000e+00 5.000000000000000000e+01 0.000000000000000000e+00
4.215971231460571289e-01 2.866105735301971436e-01 -3.374021351337432861e-01 -3.201790153980255127e-01 -3.605047607421875000e+01 0.000000000000000000e+00 -1.492272783070802689e-02 0.000000000000000000e+00 5.000000000000000000e+01 0.000000000000000000e+00
4.215971231460571289e-01 2.866105735301971436e-01 -3.374021351337432861e-01 -3.201790153980255127e-01 -3.605047607421875000e+01 0.000000000000000000e+00 -1.492272783070802689e-02 0.000000000000000000e+00 5.000000000000000000e+01 0.000000000000000000e+00
4.215971231460571289e-01 2.866105735301971436e-01 -3.374021351337432861e-01 -3.201790153980255127e-01 -3.605047607421875000e+01 0.000000000000000000e+00 -1.492272783070802689e-02 0.000000000000000000e+00 5.000000000000000000e+01 0.000000000000000000e+00
4.215971231460571289e-01 2.866105735301971436e-01 -3.374021351337432861e-01 -3.201790153980255127e-01 -3.605047607421875000e+01 0.000000000000000000e+00 -1.492272783070802689e-02 0.000000000000000000e+00 5.000000000000000000e+01 0.000000000000000000e+00
4.215971231460571289e-01 2.866105735301971436e-01 -3.374021351337432861e-01 -3.201790153980255127e-01 -3.605047607421875000e+01 0.000000000000000000e+00 -1.492272783070802689e-02 0.000000000000000000e+00 5.000000000000000000e+01 0.000000000000000000e+00
4.215971231460571289e-01 2.866105735301971436e-01 -3.374021351337432861e-01 -3.201790153980255127e-01 -3.605047607421875000e+01 0.000000000000000000e+00 -1.492272783070802689e-02 0.000000000000000000e+00 5.000000000000000000e+01 0.000000000000000000e+00
4.215971231460571289e-01 2.866105735301971436e-01 -3.374021351337432861e-01 -3.201790153980255127e-01 -3.605047607421875000e+01 0.000000000000000000e+00 -1.492272783070802689e-02 0.000000000000000000e+00 5.000000000000000000e+01 0.000000000000000000e+00
4.215971231460571289e-01 2.866105735301971436e-01 -3.374021351337432861e-01 -3.201790153980255127e-01 -3.605047607421875000e+01 0.000000000000000000e+00 -1.492272783070802689e-02 0.000000000000000000e+00 5.000000000000000000e+01 0.000000000000000000e+00
4.215971231460571289e-01 2.866105735301971436e-01 -3.374021351337432861e-01 -3.201790153980255127e-01 -3.605047607421875000e+01 0.000000000000000000e+00 -1.492272783070802689e-02 0.000000000000000000e+00 5.000000000000000000e+01 0.000000000000000000e+00
4.215971231460571289e-01 2.866105735301971436e-01 -3.374021351337432861e-01 -3.201790153980255127e-01 -3.605047607421875000e+01 0.000000000000000000e+00 -1.492272783070802689e-02 0.000000000000000000e+00 5.000000000000000000e+01 0.000000000000000000e+00
4.215971231460571289e-01 2.866105735301971436e-01 -3.374021351337432861e-01 -3.201790153980255127e-01 -3.605047607421875000e+01 0.000000000000000000e+00 -1.492272783070802689e-02 0.000000000000000000e+00 5.000000000000000000e+01 0.000000000000000000e+00
4.215971231460571289e-01 2.866105735301971436e-01 -3.374021351337432861e-01 -3.201790153980255127e-01 -3.605047607421875000e+01 0.000000000000000000e+00 -1.492272783070802689e-02 0.000000000000000000e+00 5.000000000000000000e+01 0.000000000000000000e+00
