4.844104349613189697e-01 7.924924492835998535e-01 6.143478155136108398e-01 6.359937787055969238e-01 -2.227116966247558594e+01 -1.369643402099609375e+01 -9.218923747539520264e-03 -1.775252632796764374e-02 7.700000000000000000e+01 4.700000000000000000e+01
4.844104349613189697e-01 8.119836449623107910e-01 6.588988304138183594e-01 6.762307286262512207e-01 -1.502355575561523438e+01 -6.448820590972900391e+00 -6.218848284333944321e-03 -8.358588442206382751e-03 6.000000000000000000e+01 3.000000000000000000e+01
4.844104349613189697e-01 8.073353171348571777e-01 6.491250395774841309e-01 6.666348576545715332e-01 -1.437554550170898438e+01 -5.800809860229492188e+00 -5.950610619038343430e-03 -7.518674712628126144e-03 6.000000000000000000e+01 3.000000000000000000e+01
4.844104349613189697e-01 8.025642037391662598e-01 6.404438018798828125e-01 6.567855477333068848e-01 -1.400462055206298828e+01 -5.429884910583496094e+00 -5.797070451080799103e-03 -7.037903182208538055e-03 5.600000000000000000e+01 2.600000000000000000e+01
4.844104349613189697e-01 8.005093336105346680e-01 6.363285779953002930e-01 6.525435447692871094e-01 -1.400418376922607422e+01 -5.429448127746582031e+00 -5.796889308840036392e-03 -7.037336938083171844e-03 5.500000000000000000e+01 2.500000000000000000e+01
4.844104349613189697e-01 8.070487976074218750e-01 6.516851782798767090e-01 6.660434007644653320e-01 -1.387599945068359375e+01 -5.301264762878417969e+00 -5.743828602135181427e-03 -6.871193181723356247e-03 5.600000000000000000e+01 2.600000000000000000e+01
4.844104349613189697e-01 8.070487976074218750e-01 6.516851782798767090e-01 6.660434007644653320e-01 -1.387599945068359375e+01 -5.301264762878417969e+00 -5.743828602135181427e-03 -6.871193181723356247e-03 5.600000000000000000e+01 2.600000000000000000e+01
4.844104349613189697e-01 8.078521490097045898e-01 6.536252498626708984e-01 6.677017807960510254e-01 -1.333393955230712891e+01 -4.759204387664794922e+00 -5.519448779523372650e-03 -6.168605759739875793e-03 5.500000000000000000e+01 2.500000000000000000e+01
4.844104349613189697e-01 8.073638677597045898e-01 6.523445248603820801e-01 6.666938066482543945e-01 -1.326149368286132812e+01 -4.686758041381835938e+00 -5.489460192620754242e-03 -6.074705161154270172e-03 5.300000000000000000e+01 2.300000000000000000e+01
4.844104349613189697e-01 8.073638677597045898e-01 6.523445248603820801e-01 6.666938066482543945e-01 -1.326149368286132812e+01 -4.686758041381835938e+00 -5.489460192620754242e-03 -6.074705161154270172e-03 5.300000000000000000e+01 2.300000000000000000e+01
4.844104349613189697e-01 8.050634860992431641e-01 6.471764445304870605e-01 6.619449853897094727e-01 -1.325679206848144531e+01 -4.682056427001953125e+00 -5.487514194101095200e-03 -6.068611051887273788e-03 5.200000000000000000e+01 2.200000000000000000e+01
4.844104349613189697e-01 8.056123852729797363e-01 6.492081880569458008e-01 6.630780696868896484e-01 -1.237100028991699219e+01 -3.796265602111816406e+00 -5.120849702507257462e-03 -4.920500330626964569e-03 4.900000000000000000e+01 1.900000000000000000e+01
4.844104349613189697e-01 8.098049759864807129e-01 6.578016281127929688e-01 6.717331409454345703e-01 -1.236539840698242188e+01 -3.790662765502929688e+00 -5.118530709296464920e-03 -4.913238342851400375e-03 4.900000000000000000e+01 1.900000000000000000e+01
4.844104349613189697e-01 8.098049759864807129e-01 6.578016281127929688e-01 6.717331409454345703e-01 -1.236539840698242188e+01 -3.790662765502929688e+00 -5.118530709296464920e-03 -4.913238342851400375e-03 4.900000000000000000e+01 1.900000000000000000e+01
4.844104349613189697e-01 8.098049759864807129e-01 6.578016281127929688e-01 6.717331409454345703e-01 -1.236539840698242188e+01 -3.790662765502929688e+00 -5.118530709296464920e-03 -4.913238342851400375e-03 4.900000000000000000e+01 1.900000000000000000e+01
4.844104349613189697e-01 8.098049759864807129e-01 6.578016281127929688e-01 6.717331409454345703e-01 -1.236539840698242188e+01 -3.790662765502929688e+00 -5.118530709296464920e-03 -4.913238342851400375e-03 4.900000000000000000e+01 1.900000000000000000e+01
4.844104349613189697e-01 8.098049759864807129e-01 6.578016281127929688e-01 6.717331409454345703e-01 -1.236539840698242188e+01 -3.790662765502929688e+00 -5.118530709296464920e-03 -4.913238342851400375e-03 4.900000000000000000e+01 1.900000000000000000e+01
4.844104349613189697e-01 8.098049759864807129e-01 6.578016281127929688e-01 6.717331409454345703e-01 -1.236539840698242188e+01 -3.790662765502929688e+00 -5.118530709296464920e-03 -4.913238342851400375e-03 4.900000000000000000e+01 1.900000000000000000e+01
4.844104349613189697e-01 8.098049759864807129e-01 6.578016281127929688e-01 6.717331409454345703e-01 -1.236539840698242188e+01 -3.790662765502929688e+00 -5.118530709296464920e-03 -4.913238342851400375e-03 4.900000000000000000e+01 1.900000000000000000e+01
4.844104349613189697e-01 8.108398318290710449e-01 6.598957777023315430e-01 6.738694310188293457e-01 -1.107090377807617188e+01 -2.496168613433837891e+00 -4.582688212394714355e-03 -3.235389478504657745e-03 4.700000000000000000e+01 1.700000000000000000e+01
4.844104349613189697e-01 7.989516854286193848e-01 6.375830769538879395e-01 6.493279933929443359e-01 -1.055298805236816406e+01 -1.978253483772277832e+00 -4.368301946669816971e-03 -2.564097987487912178e-03 4.400000000000000000e+01 1.400000000000000000e+01
4.844104349613189697e-01 7.993578910827636719e-01 6.384157538414001465e-01 6.501665115356445312e-01 -1.048068714141845703e+01 -1.905951976776123047e+00 -4.338373895734548569e-03 -2.470384817570447922e-03 4.300000000000000000e+01 1.300000000000000000e+01
4.844104349613189697e-01 7.980132699012756348e-01 6.353169083595275879e-01 6.473907232284545898e-01 -9.995868682861328125e+00 -1.421134114265441895e+00 -4.137688316404819489e-03 -1.841991906985640526e-03 4.200000000000000000e+01 1.200000000000000000e+01
4.844104349613189697e-01 7.980132699012756348e-01 6.353169083595275879e-01 6.473907232284545898e-01 -9.995868682861328125e+00 -1.421134114265441895e+00 -4.137688316404819489e-03 -1.841991906985640526e-03 4.200000000000000000e+01 1.200000000000000000e+01
4.844104349613189697e-01 7.967448234558105469e-01 6.323706507682800293e-01 6.447722315788269043e-01 -9.995724678039550781e+00 -1.420989394187927246e+00 -4.137628711760044098e-03 -1.841804361902177334e-03 4.100000000000000000e+01 1.100000000000000000e+01
4.844104349613189697e-01 7.967448234558105469e-01 6.323706507682800293e-01 6.447722315788269043e-01 -9.995724678039550781e+00 -1.420989394187927246e+00 -4.137628711760044098e-03 -1.841804361902177334e-03 4.100000000000000000e+01 1.100000000000000000e+01
4.844104349613189697e-01 7.936303019523620605e-01 6.267760396003723145e-01 6.383426785469055176e-01 -9.994108200073242188e+00 -1.419373512268066406e+00 -4.136959556490182877e-03 -1.839709933847188950e-03 4.000000000000000000e+01 1.000000000000000000e+01
4.844104349613189697e-01 7.976109385490417480e-01 6.349350810050964355e-01 6.465601921081542969e-01 -9.988506317138671875e+00 -1.413770675659179688e+00 -4.134640563279390335e-03 -1.832447829656302929e-03 4.000000000000000000e+01 1.000000000000000000e+01
4.844104349613189697e-01 7.952892184257507324e-01 6.288214921951293945e-01 6.417673230171203613e-01 -9.787317276000976562e+00 -1.212581396102905273e+00 -4.051360301673412323e-03 -1.571677974425256252e-03 3.900000000000000000e+01 9.000000000000000000e+00
4.844104349613189697e-01 8.142632842063903809e-01 6.752892136573791504e-01 6.809366941452026367e-01 -8.739741325378417969e+00 -1.650061607360839844e-01 -3.617726964876055717e-03 -2.138714480679482222e-04 3.500000000000000000e+01 5.000000000000000000e+00
4.844104349613189697e-01 8.148009777069091797e-01 6.763914227485656738e-01 6.820467114448547363e-01 -8.667440414428710938e+00 -9.270465373992919922e-02 -3.587798681110143661e-03 -1.201584163936786354e-04 3.400000000000000000e+01 4.000000000000000000e+00
4.844104349613189697e-01 8.076773881912231445e-01 6.634401082992553711e-01 6.673409938812255859e-01 -8.665838241577148438e+00 -9.110313653945922852e-02 -3.587135579437017441e-03 -1.180826220661401749e-04 3.300000000000000000e+01 3.000000000000000000e+00
4.844104349613189697e-01 8.076773881912231445e-01 6.634401082992553711e-01 6.673409938812255859e-01 -8.665838241577148438e+00 -9.110313653945922852e-02 -3.587135579437017441e-03 -1.180826220661401749e-04 3.300000000000000000e+01 3.000000000000000000e+00
4.844104349613189697e-01 8.076773881912231445e-01 6.634401082992553711e-01 6.673409938812255859e-01 -8.665838241577148438e+00 -9.110313653945922852e-02 -3.587135579437017441e-03 -1.180826220661401749e-04 3.300000000000000000e+01 3.000000000000000000e+00
4.844104349613189697e-01 8.076773881912231445e-01 6.634401082992553711e-01 6.673409938812255859e-01 -8.665838241577148438e+00 -9.110313653945922852e-02 -3.587135579437017441e-03 -1.180826220661401749e-04 3.300000000000000000e+01 3.000000000000000000e+00
4.844104349613189697e-01 8.076773881912231445e-01 6.634401082992553711e-01 6.673409938812255859e-01 -8.665838241577148438e+00 -9.110313653945922852e-02 -3.587135579437017441e-03 -1.180826220661401749e-04 3.300000000000000000e+01 3.000000000000000000e+00
4.844104349613189697e-01 8.129616975784301758e-01 6.762088537216186523e-01 6.782497763633728027e-01 -8.589377403259277344e+00 -1.464229822158813477e-02 -3.555485513061285019e-03 -1.897850052046123892e-05 3.200000000000000000e+01 2.000000000000000000e+00
4.844104349613189697e-01 8.129616975784301758e-01 6.762088537216186523e-01 6.782497763633728027e-01 -8.589377403259277344e+00 -1.464229822158813477e-02 -3.555485513061285019e-03 -1.897850052046123892e-05 3.200000000000000000e+01 2.000000000000000000e+00
4.844104349613189697e-01 7.994917035102844238e-01 6.486052274703979492e-01 6.504427790641784668e-01 -8.576143264770507812e+00 -1.408040523529052734e-03 -3.550007240846753120e-03 -1.825020831347501371e-06 3.100000000000000000e+01 1.000000000000000000e+00
4.844104349613189697e-01 7.994917035102844238e-01 6.486052274703979492e-01 6.504427790641784668e-01 -8.576143264770507812e+00 -1.408040523529052734e-03 -3.550007240846753120e-03 -1.825020831347501371e-06 3.100000000000000000e+01 1.000000000000000000e+00
4.844104349613189697e-01 7.994917035102844238e-01 6.486052274703979492e-01 6.504427790641784668e-01 -8.576143264770507812e+00 -1.408040523529052734e-03 -3.550007240846753120e-03 -1.825020831347501371e-06 3.100000000000000000e+01 1.000000000000000000e+00
4.844104349613189697e-01 7.994917035102844238e-01 6.486052274703979492e-01 6.504427790641784668e-01 -8.576143264770507812e+00 -1.408040523529052734e-03 -3.550007240846753120e-03 -1.825020831347501371e-06 3.100000000000000000e+01 1.000000000000000000e+00
4.844104349613189697e-01 7.994917035102844238e-01 6.486052274703979492e-01 6.504427790641784668e-01 -8.576143264770507812e+00 -1.408040523529052734e-03 -3.550007240846753120e-03 -1.825020831347501371e-06 3.100000000000000000e+01 1.000000000000000000e+00
4.844104349613189697e-01 7.994917035102844238e-01 6.486052274703979492e-01 6.504427790641784668e-01 -8.576143264770507812e+00 -1.408040523529052734e-03 -3.550007240846753120e-03 -1.825020831347501371e-06 3.100000000000000000e+01 1.000000000000000000e+00
4.844104349613189697e-01 7.994917035102844238e-01 6.486052274703979492e-01 6.504427790641784668e-01 -8.576143264770507812e+00 -1.408040523529052734e-03 -3.550007240846753120e-03 -1.825020831347501371e-06 3.100000000000000000e+01 1.000000000000000000e+00
4.844104349613189697e-01 7.994917035102844238e-01 6.486052274703979492e-01 6.504427790641784668e-01 -8.576143264770507812e+00 -1.408040523529052734e-03 -3.550007240846753120e-03 -1.825020831347501371e-06 3.100000000000000000e+01 1.000000000000000000e+00
4.844104349613189697e-01 7.994917035102844238e-01 6.486052274703979492e-01 6.504427790641784668e-01 -8.576143264770507812e+00 -1.408040523529052734e-03 -3.550007240846753120e-03 -1.825020831347501371e-06 3.100000000000000000e+01 1.000000000000000000e+00
4.844104349613189697e-01 7.994917035102844238e-01 6.486052274703979492e-01 6.504427790641784668e-01 -8.576143264770507812e+00 -1.408040523529052734e-03 -3.550007240846753120e-03 -1.825020831347501371e-06 3.100000000000000000e+01 1.000000000000000000e+00
4.844104349613189697e-01 7.969042658805847168e-01 6.439192891120910645e-01 6.451013684272766113e-01 -8.574735641479492188e+00 0.000000000000000000e+00 -3.549424698576331139e-03 0.000000000000000000e+00 3.000000000000000000e+01 0.000000000000000000e+00
4.844104349613189697e-01 7.969042658805847168e-01 6.439192891120910645e-01 6.451013684272766113e-01 -8.574735641479492188e+00 0.000000000000000000e+00 -3.549424698576331139e-03 0.000000000000000000e+00 3.000000000000000000e+01 0.000000000000000000e+00
4.844104349613189697e-01 7.969042658805847168e-01 6.439192891120910645e-01 6.451013684272766113e-01 -8.574735641479492188e+00 0.000000000000000000e+00 -3.549424698576331139e-03 0.000000000000000000e+00 3.000000000000000000e+01 0.000000000000000000e+00
4.844104349613189697e-01 7.969042658805847168e-01 6.439192891120910645e-01 6.451013684272766113e-01 -8.574735641479492188e+00 0.000000000000000000e+00 -3.549424698576331139e-03 0.000000000000000000e+00 3.000000000000000000e+01 0.000000000000000000e+00
4.844104349613189697e-01 7.969042658805847168e-01 6.439192891120910645e-01 6.451013684272766113e-01 -8.574735641479492188e+00 0.000000000000000000e+00 -3.549424698576331139e-03 0.000000000000000000e+00 3.000000000000000000e+01 0.000000000000000000e+00
4.844104349613189697e-01 7.969042658805847168e-01 6.439192891120910645e-01 6.451013684272766113e-01 -8.574735641479492188e+00 0.000000000000000000e+00 -3.549424698576331139e-03 0.000000000000000000e+00 3.000000000000000000e+01 0.000000000000000000e+00
4.844104349613189697e-01 7.969042658805847168e-01 6.439192891120910645e-01 6.451013684272766113e-01 -8.574735641479492188e+00 0.000000000000000000e+00 -3.549424698576331139e-03 0.000000000000000000e+00 3.000000000000000000e+01 0.000000000000000000e+00
4.844104349613189697e-01 7.969042658805847168e-01 6.439192891120910645e-01 6.451013684272766113e-01 -8.574735641479492188e+00 0.000000000000000000e+00 -3.549424698576331139e-03 0.000000000000000000e+00 3.000000000000000000e+01 0.000000000000000000e+00
4.844104349613189697e-01 7.969042658805847168e-01 6.439192891120910645e-01 6.451013684272766113e-01 -8.574735641479492188e+00 0.000000000000000000e+00 -3.549424698576331139e-03 0.000000000000000000e+00 3.000000000000000000e+01 0.000000000000000000e+00
4.844104349613189697e-01 7.969042658805847168e-01 6.439192891120910645e-01 6.451013684272766113e-01 -8.574735641479492188e+00 0.000000000000000000e+00 -3.549424698576331139e-03 0.000000000000000000e+00 3.000000000000000000e+01 0.000000000000000000e+00
4.844104349613189697e-01 7.969042658805847168e-01 6.439192891120910645e-01 6.451013684272766113e-01 -8.574735641479492188e+00 0.000000000000000000e+00 -3.549424698576331139e-03 0.000000000000000000e+00 3.000000000000000000e+01 0.000000000000000000e+00
4.844104349613189697e-01 7.969042658805847168e-01 6.439192891120910645e-01 6.451013684272766113e-01 -8.574735641479492188e+00 0.000000000000000000e+00 -3.549424698576331139e-03 0.000000000000000000e+00 3.000000000000000000e+01 0.000000000000000000e+00
4.844104349613189697e-01 7.969042658805847168e-01 6.439192891120910645e-01 6.451013684272766113e-01 -8.574735641479492188e+00 0.000000000000000000e+00 -3.549424698576331139e-03 0.000000000000000000e+00 3.000000000000000000e+01 0.000000000000000000e+00
4.844104349613189697e-01 7.969042658805847168e-01 6.439192891120910645e-01 6.451013684272766113e-01 -8.574735641479492188e+00 0.000000000000000000e+00 -3.549424698576331139e-03 0.000000000000000000e+00 3.000000000000000000e+01 0.000000000000000000e+00
4.844104349613189697e-01 7.969042658805847168e-01 6.439192891120910645e-01 6.451013684272766113e-01 -8.574735641479492188e+00 0.000000000000000000e+00 -3.549424698576331139e-03 0.000000000000000000e+00 3.000000000000000000e+01 0.000000000000000000e+00
4.844104349613189697e-01 7.969042658805847168e-01 6.439192891120910645e-01 6.451013684272766113e-01 -8.574735641479492188e+00 0.000000000000000000e+00 -3.549424698576331139e-03 0.000000000000000000e+00 3.000000000000000000e+01 0.000000000000000000e+00
4.844104349613189697e-01 7.969042658805847168e-01 6.439192891120910645e-01 6.451013684272766113e-01 -8.574735641479492188e+00 0.000000000000000000e+00 -3.549424698576331139e-03 0.000000000000000000e+00 3.000000000000000000e+01 0.000000000000000000e+00
4.844104349613189697e-01 7.969042658805847168e-01 6.439192891120910645e-01 6.451013684272766113e-01 -8.574735641479492188e+00 0.000000000000000000e+00 -3.549424698576331139e-03 0.000000000000000000e+00 3.000000000000000000e+01 0.000000000000000000e+00
4.844104349613189697e-01 7.969042658805847168e-01 6.439192891120910645e-01 6.451013684272766113e-01 -8.574735641479492188e+00 0.000000000000000000e+00 -3.549424698576331139e-03 0.000000000000000000e+00 3.000000000000000000e+01 0.000000000000000000e+00
4.844104349613189697e-01 7.969042658805847168e-01 6.439192891120910645e-01 6.451013684272766113e-01 -8.574735641479492188e+00 0.000000000000000000e+00 -3.549424698576331139e-03 0.000000000000000000e+00 3.000000000000000000e+01 0.000000000000000000e+00
4.844104349613189697e-01 7.969042658805847168e-01 6.439192891120910645e-01 6.451013684272766113e-01 -8.574735641479492188e+00 0.000000000000000000e+00 -3.549424698576331139e-03 0.000000000000000000e+00 3.000000000000000000e+01 0.000000000000000000e+00
4.844104349613189697e-01 7.969042658805847168e-01 6.439192891120910645e-01 6.451013684272766113e-01 -8.574735641479492188e+00 0.000000000000000000e+00 -3.549424698576331139e-03 0.000000000000000000e+00 3.000000000000000000e+01 0.000000000000000000e+00
4.844104349613189697e-01 7.969042658805847168e-01 6.439192891120910645e-01 6.451013684272766113e-01 -8.574735641479492188e+00 0.000000000000000000e+00 -3.549424698576331139e-03 0.000000000000000000e+00 3.000000000000000000e+01 0.000000000000000000e+00
4.844104349613189697e-01 7.969042658805847168e-01 6.439192891120910645e-01 6.451013684272766113e-01 -8.574735641479492188e+00 0.000000000000000000e+00 -3.549424698576331139e-03 0.000000000000000000e+00 3.000000000000000000e+01 0.000000000000000000e+00
4.844104349613189697e-01 7.969042658805847168e-01 6.439192891120910645e-01 6.451013684272766113e-01 -8.574735641479492188e+00 0.000000000000000000e+00 -3.549424698576331139e-03 0.000000000000000000e+00 3.000000000000000000e+01 0.000000000000000000e+00
4.844104349613189697e-01 7.969042658805847168e-01 6.439192891120910645e-01 6.451013684272766113e-01 -8.574735641479492188e+00 0.000000000000000000e+00 -3.549424698576331139e-03 0.000000000000000000e+00 3.000000000000000000e+01 0.000000000000000000e+00
4.844104349613189697e-01 7.969042658805847168e-01 6.439192891120910645e-01 6.451013684272766113e-01 -8.574735641479492188e+00 0.000000000000000000e+00 -3.549424698576331139e-03 0.000000000000000000e+00 3.000000000000000000e+01 0.000000000000000000e+00
4.844104349613189697e-01 7.969042658805847168e-01 6.439192891120910645e-01 6.451013684272766113e-01 -8.574735641479492188e+00 0.000000000000000000e+00 -3.549424698576331139e-03 0.000000000000000000e+00 3.000000000000000000e+01 0.000000000000000000e+00
4.844104349613189697e-01 7.969042658805847168e-01 6.439192891120910645e-01 6.451013684272766113e-01 -8.574735641479492188e+00 0.000000000000000000e+00 -3.549424698576331139e-03 0.000000000000000000e+00 3.000000000000000000e+01 0.000000000000000000e+00
4.844104349613189697e-01 7.969042658805847168e-01 6.439192891120910645e-01 6.451013684272766113e-01 -8.574735641479492188e+00 0.000000000000000000e+00 -3.549424698576331139e-03 0.000000000000000000e+00 3.000000000000000000e+01 0.000000000000000000e+00
4.844104349613189697e-01 7.969042658805847168e-01 6.439192891120910645e-01 6.451013684272766113e-01 -8.574735641479492188e+00 0.000000000000000000e+00 -3.549424698576331139e-03 0.000000000000000000e+00 3.000000000000000000e+01 0.000000000000000000e+00
4.844104349613189697e-01 7.969042658805847168e-01 6.439192891120910645e-01 6.451013684272766113e-01 -8.574735641479492188e+00 0.000000000000000000e+00 -3.549424698576331139e-03 0.000000000000000000e+00 3.000000000000000000e+01 0.000000000000000000e+00
4.844104349613189697e-01 7.969042658805847168e-01 6.439192891120910645e-01 6.451013684272766113e-01 -8.574735641479492188e+00 0.000000000000000000e+00 -3.549424698576331139e-03 0.000000000000000000e+00 3.000000000000000000e+01 0.000000000000000000e+00
4.844104349613189697e-01 7.969042658805847168e-01 6.439192891120910645e-01 6.451013684272766113e-01 -8.574735641479492188e+00 0.000000000000000000e+00 -3.549424698576331139e-03 0.000000000000000000e+00 3.000000000000000000e+01 0.000000000000000000e+00
4.844104349613189697e-01 7.969042658805847168e-01 6.439192891120910645e-01 6.451013684272766113e-01 -8.574735641479492188e+00 0.000000000000000000e+00 -3.549424698576331139e-03 0.000000000000000000e+00 3.000000000000000000e+01 0.000000000000000000e+00
4.844104349613189697e-01 7.969042658805847168e-01 6.439192891120910645e-01 6.451013684272766113e-01 -8.574735641479492188e+00 0.000000000000000000e+00 -3.549424698576331139e-03 0.000000000000000000e+00 3.000000000000000000e+01 0.000000000000000000e+00
4.844104349613189697e-01 7.969042658805847168e-01 6.439192891120910645e-01 6.451013684272766113e-01 -8.574735641479492188e+00 0.000000000000000000e+00 -3.549424698576331139e-03 0.000000000000000000e+00 3.000000000000000000e+01 0.000000000000000000e+00
4.844104349613189697e-01 7.969042658805847168e-01 6.439192891120910645e-01 6.451013684272766113e-01 -8.574735641479492188e+00 0.000000000000000000e+00 -3.549424698576331139e-03 0.000000000000000000e+00 3.000000000000000000e+01 0.000000000000000000e+00
4.844104349613189697e-01 7.969042658805847168e-01 6.439192891120910645e-01 6.451013684272766113e-01 -8.574735641479492188e+00 0.000000000000000000e+00 -3.549424698576331139e-03 0.000000000000000000e+00 3.000000000000000000e+01 0.000000000000000000e+00
4.844104349613189697e-01 7.969042658805847168e-01 6.439192891120910645e-01 6.451013684272766113e-01 -8.574735641479492188e+00 0.000000000000000000e+00 -3.549424698576331139e-03 0.000000000000000000e+00 3.000000000000000000e+01 0.000000000000000000e+00
4.844104349613189697e-01 7.969042658805847168e-01 6.439192891120910645e-01 6.451013684272766113e-01 -8.574735641479492188e+00 0.000000000000000000e+00 -3.549424698576331139e-03 0.000000000000000000e+00 3.000000000000000000e+01 0.000000000000000000e+00
4.844104349613189697e-01 7.969042658805847168e-01 6.439192891120910645e-01 6.451013684272766113e-01 -8.574735641479492188e+00 0.000000000000000000e+00 -3.549424698576331139e-03 0.000000000000000000e+00 3.000000000000000000e+01 0.000000000000000000e+00
4.844104349613189697e-01 7.969042658805847168e-01 6.439192891120910645e-01 6.451013684272766113e-01 -8.574735641479492188e+00 0.000000000000000000e+00 -3.549424698576331139e-03 0.000000000000000000e+00 3.000000000000000000e+01 0.000000000000000000e+00
