4.549763500690460205e-01 1.791979968547821045e-01 -6.076403856277465820e-01 -6.061377525329589844e-01 -6.007012176513671875e+01 -4.702000808715820312e+01 -2.486541494727134705e-02 -5.582089349627494812e-02 2.080000000000000000e+02 1.580000000000000000e+02
4.549763500690460205e-01 2.473973482847213745e-01 -4.634009301662445068e-01 -4.562413096427917480e-01 -3.995011901855468750e+01 -2.690000534057617188e+01 -1.653694547712802887e-02 -3.193496540188789368e-02 1.490000000000000000e+02 9.900000000000000000e+01
4.549763500690460205e-01 2.572790980339050293e-01 -4.400635361671447754e-01 -4.345220327377319336e-01 -3.715901947021484375e+01 -2.410890197753906250e+01 -1.538159791380167007e-02 -2.862144075334072113e-02 1.400000000000000000e+02 9.000000000000000000e+01
4.549763500690460205e-01 2.921923696994781494e-01 -3.644327521324157715e-01 -3.577855825424194336e-01 -3.426601409912109375e+01 -2.121589660644531250e+01 -1.418406795710325241e-02 -2.518694289028644562e-02 1.290000000000000000e+02 7.900000000000000000e+01
4.549763500690460205e-01 2.944814860820770264e-01 -3.604006767272949219e-01 -3.527542948722839355e-01 -3.314175796508789062e+01 -2.009164428710937500e+01 -1.371869351714849472e-02 -2.385226078331470490e-02 1.270000000000000000e+02 7.700000000000000000e+01
4.549763500690460205e-01 2.894855737686157227e-01 -3.705987334251403809e-01 -3.637349009513854980e-01 -3.306297302246093750e+01 -2.001285743713378906e+01 -1.368608139455318451e-02 -2.375872805714607239e-02 1.250000000000000000e+02 7.500000000000000000e+01
4.549763500690460205e-01 2.894346714019775391e-01 -3.710502684116363525e-01 -3.638467788696289062e-01 -3.281490325927734375e+01 -1.976478576660156250e+01 -1.358339563012123108e-02 -2.346422336995601654e-02 1.250000000000000000e+02 7.500000000000000000e+01
4.549763500690460205e-01 2.976713776588439941e-01 -3.543710112571716309e-01 -3.457431793212890625e-01 -3.224051666259765625e+01 -1.919040298461914062e+01 -1.334563363343477249e-02 -2.278233133256435394e-02 1.220000000000000000e+02 7.200000000000000000e+01
4.549763500690460205e-01 2.932494580745697021e-01 -3.647752702236175537e-01 -3.554621934890747070e-01 -3.203125762939453125e+01 -1.898114395141601562e+01 -1.325901318341493607e-02 -2.253390476107597351e-02 1.220000000000000000e+02 7.200000000000000000e+01
4.549763500690460205e-01 2.967155277729034424e-01 -3.570575714111328125e-01 -3.478440642356872559e-01 -3.195819854736328125e+01 -1.890808296203613281e+01 -1.322877127677202225e-02 -2.244716882705688477e-02 1.220000000000000000e+02 7.200000000000000000e+01
4.549763500690460205e-01 2.877045571804046631e-01 -3.759823441505432129e-01 -3.676494359970092773e-01 -3.076484489440917969e+01 -1.771472930908203125e+01 -1.273479498922824860e-02 -2.103045210242271423e-02 1.210000000000000000e+02 7.100000000000000000e+01
4.549763500690460205e-01 3.139785230159759521e-01 -3.159811794757843018e-01 -3.099014461040496826e-01 -2.805453681945800781e+01 -1.500442314147949219e+01 -1.161289028823375702e-02 -1.781284809112548828e-02 1.120000000000000000e+02 6.200000000000000000e+01
4.549763500690460205e-01 3.141628503799438477e-01 -3.146524131298065186e-01 -3.094963133335113525e-01 -2.654085731506347656e+01 -1.349074268341064453e+01 -1.098631788045167923e-02 -1.601584814488887787e-02 1.090000000000000000e+02 5.900000000000000000e+01
4.549763500690460205e-01 3.220571875572204590e-01 -2.984660565853118896e-01 -2.921452224254608154e-01 -2.448946571350097656e+01 -1.143935012817382812e+01 -1.013716496527194977e-02 -1.358048990368843079e-02 1.060000000000000000e+02 5.600000000000000000e+01
4.549763500690460205e-01 3.050317168235778809e-01 -3.320668637752532959e-01 -3.295657634735107422e-01 -2.406512641906738281e+01 -1.101501274108886719e+01 -9.961514733731746674e-03 -1.307672727853059769e-02 1.040000000000000000e+02 5.400000000000000000e+01
4.549763500690460205e-01 3.057112097740173340e-01 -3.303037583827972412e-01 -3.280723094940185547e-01 -2.357923316955566406e+01 -1.052911949157714844e+01 -9.760383516550064087e-03 -1.249988842755556107e-02 1.030000000000000000e+02 5.300000000000000000e+01
4.549763500690460205e-01 3.042037189006805420e-01 -3.351157307624816895e-01 -3.313856422901153564e-01 -2.341415023803710938e+01 -1.036403656005859375e+01 -9.692049585282802582e-03 -1.230390649288892746e-02 1.030000000000000000e+02 5.300000000000000000e+01
4.549763500690460205e-01 2.915377616882324219e-01 -3.612690269947052002e-01 -3.592243492603302002e-01 -2.330316162109375000e+01 -1.025304794311523438e+01 -9.646106511354446411e-03 -1.217214297503232956e-02 1.020000000000000000e+02 5.200000000000000000e+01
4.549763500690460205e-01 3.155834376811981201e-01 -3.142458200454711914e-01 -3.063739836215972900e-01 -2.316557502746582031e+01 -1.011545944213867188e+01 -9.589154273271560669e-03 -1.200880203396081924e-02 1.000000000000000000e+02 5.000000000000000000e+01
4.549763500690460205e-01 3.227602839469909668e-01 -2.982873022556304932e-01 -2.905998528003692627e-01 -2.262794494628906250e+01 -9.577828407287597656e+00 -9.366607293486595154e-03 -1.137054059654474258e-02 9.900000000000000000e+01 4.900000000000000000e+01
4.549763500690460205e-01 3.415655493736267090e-01 -2.518901526927947998e-01 -2.492674589157104492e-01 -1.790799903869628906e+01 -4.857882976531982422e+00 -7.412834092974662781e-03 -5.767148453742265701e-03 8.900000000000000000e+01 3.900000000000000000e+01
4.549763500690460205e-01 3.415563106536865234e-01 -2.518284320831298828e-01 -2.492877691984176636e-01 -1.760138702392578125e+01 -4.551271438598632812e+00 -7.285915315151214600e-03 -5.403147544711828232e-03 8.700000000000000000e+01 3.700000000000000000e+01
4.549763500690460205e-01 3.488177359104156494e-01 -2.319740653038024902e-01 -2.333277612924575806e-01 -1.686499023437500000e+01 -3.814875602722167969e+00 -6.981091108173131943e-03 -4.528917837888002396e-03 8.400000000000000000e+01 3.400000000000000000e+01
4.549763500690460205e-01 3.624416291713714600e-01 -1.997995376586914062e-01 -2.033835798501968384e-01 -1.637857437133789062e+01 -3.328460454940795898e+00 -6.779744289815425873e-03 -3.951458726078271866e-03 8.100000000000000000e+01 3.100000000000000000e+01
4.549763500690460205e-01 3.650044500827789307e-01 -1.934380084276199341e-01 -1.977507174015045166e-01 -1.621622085571289062e+01 -3.166105270385742188e+00 -6.712539587169885635e-03 -3.758715232834219933e-03 8.000000000000000000e+01 3.000000000000000000e+01
4.549763500690460205e-01 3.764471411705017090e-01 -1.711195558309555054e-01 -1.726006418466567993e-01 -1.608459854125976562e+01 -3.034483909606933594e+00 -6.658055819571018219e-03 -3.602457931265234947e-03 7.800000000000000000e+01 2.800000000000000000e+01
4.549763500690460205e-01 3.785982429981231689e-01 -1.673769354820251465e-01 -1.678726971149444580e-01 -1.605595588684082031e+01 -3.005840778350830078e+00 -6.646199617534875870e-03 -3.568453481420874596e-03 7.800000000000000000e+01 2.800000000000000000e+01
4.549763500690460205e-01 3.826490640640258789e-01 -1.579423397779464722e-01 -1.589693278074264526e-01 -1.605478286743164062e+01 -3.004667997360229492e+00 -6.645713932812213898e-03 -3.567061154171824455e-03 7.700000000000000000e+01 2.700000000000000000e+01
4.549763500690460205e-01 3.743602931499481201e-01 -1.771451681852340698e-01 -1.771873533725738525e-01 -1.558037376403808594e+01 -2.530258178710937500e+00 -6.449337117373943329e-03 -3.003854537382721901e-03 7.600000000000000000e+01 2.600000000000000000e+01
4.549763500690460205e-01 3.818692564964294434e-01 -1.603461354970932007e-01 -1.606832891702651978e-01 -1.469182491302490234e+01 -1.641710162162780762e+00 -6.081531289964914322e-03 -1.948994235135614872e-03 7.300000000000000000e+01 2.300000000000000000e+01
4.549763500690460205e-01 3.810120224952697754e-01 -1.645123213529586792e-01 -1.625674068927764893e-01 -1.398446655273437500e+01 -9.343508481979370117e-01 -5.788727663457393646e-03 -1.109236269257962704e-03 6.700000000000000000e+01 1.700000000000000000e+01
4.549763500690460205e-01 3.651678860187530518e-01 -1.981040984392166138e-01 -1.973914951086044312e-01 -1.391526794433593750e+01 -8.651529550552368164e-01 -5.760083440691232681e-03 -1.027086400426924229e-03 6.800000000000000000e+01 1.800000000000000000e+01
4.549763500690460205e-01 3.725905120372772217e-01 -1.833750456571578979e-01 -1.810771822929382324e-01 -1.362289810180664062e+01 -5.727829337120056152e-01 -5.639059934765100479e-03 -6.799925467930734158e-04 6.500000000000000000e+01 1.500000000000000000e+01
4.549763500690460205e-01 3.520648181438446045e-01 -2.225849330425262451e-01 -2.261909544467926025e-01 -1.339916801452636719e+01 -3.490529060363769531e-01 -5.546449217945337296e-03 -4.143862461205571890e-04 6.200000000000000000e+01 1.200000000000000000e+01
4.549763500690460205e-01 3.655905127525329590e-01 -1.957913786172866821e-01 -1.964626014232635498e-01 -1.336799430847167969e+01 -3.178791403770446777e-01 -5.533545278012752533e-03 -3.773775824811309576e-04 6.100000000000000000e+01 1.100000000000000000e+01
4.549763500690460205e-01 3.717195689678192139e-01 -1.818795949220657349e-01 -1.829914450645446777e-01 -1.331695556640625000e+01 -2.668408751487731934e-01 -5.512418225407600403e-03 -3.167863178532570601e-04 6.000000000000000000e+01 1.000000000000000000e+01
4.549763500690460205e-01 3.681175112724304199e-01 -1.896991282701492310e-01 -1.909084767103195190e-01 -1.329435348510742188e+01 -2.442386150360107422e-01 -5.503062624484300613e-03 -2.899535174947232008e-04 6.000000000000000000e+01 1.000000000000000000e+01
4.549763500690460205e-01 3.753411471843719482e-01 -1.725549995899200439e-01 -1.750315278768539429e-01 -1.325548839569091797e+01 -2.053735852241516113e-01 -5.486974492669105530e-03 -2.438140072626993060e-04 5.900000000000000000e+01 9.000000000000000000e+00
4.549763500690460205e-01 4.074684381484985352e-01 -1.041883751749992371e-01 -1.044184193015098572e-01 -1.310559463500976562e+01 -5.547958612442016602e-02 -5.424927454441785812e-03 -6.586387462448328733e-05 5.300000000000000000e+01 3.000000000000000000e+00
4.549763500690460205e-01 4.151875078678131104e-01 -8.997689932584762573e-02 -8.745255321264266968e-02 -1.306353759765625000e+01 -1.342195272445678711e-02 -5.407518707215785980e-03 -1.593418164702598006e-05 5.200000000000000000e+01 2.000000000000000000e+00
4.549763500690460205e-01 4.188041687011718750e-01 -8.167189359664916992e-02 -7.950343191623687744e-02 -1.306009864807128906e+01 -9.984076023101806641e-03 -5.406095180660486221e-03 -1.185282690130406991e-05 5.100000000000000000e+01 1.000000000000000000e+00
4.549763500690460205e-01 4.188041687011718750e-01 -8.167189359664916992e-02 -7.950343191623687744e-02 -1.306009864807128906e+01 -9.984076023101806641e-03 -5.406095180660486221e-03 -1.185282690130406991e-05 5.100000000000000000e+01 1.000000000000000000e+00
4.549763500690460205e-01 4.256890118122100830e-01 -6.742710620164871216e-02 -6.437112390995025635e-02 -1.305011558532714844e+01 0.000000000000000000e+00 -5.401962436735630035e-03 0.000000000000000000e+00 5.000000000000000000e+01 0.000000000000000000e+00
4.549763500690460205e-01 4.256890118122100830e-01 -6.742710620164871216e-02 -6.437112390995025635e-02 -1.305011558532714844e+01 0.000000000000000000e+00 -5.401962436735630035e-03 0.000000000000000000e+00 5.000000000000000000e+01 0.000000000000000000e+00
4.549763500690460205e-01 4.256890118122100830e-01 -6.742710620164871216e-02 -6.437112390995025635e-02 -1.305011558532714844e+01 0.000000000000000000e+00 -5.401962436735630035e-03 0.000000000000000000e+00 5.000000000000000000e+01 0.000000000000000000e+00
4.549763500690460205e-01 4.256890118122100830e-01 -6.742710620164871216e-02 -6.437112390995025635e-02 -1.305011558532714844e+01 0.000000000000000000e+00 -5.401962436735630035e-03 0.000000000000000000e+00 5.000000000000000000e+01 0.000000000000000000e+00
4.549763500690460205e-01 4.256890118122100830e-01 -6.742710620164871216e-02 -6.437112390995025635e-02 -1.305011558532714844e+01 0.000000000000000000e+00 -5.401962436735630035e-03 0.000000000000000000e+00 5.000000000000000000e+01 0.000000000000000000e+00
4.549763500690460205e-01 4.256890118122100830e-01 -6.742710620164871216e-02 -6.437112390995025635e-02 -1.305011558532714844e+01 0.000000000000000000e+00 -5.401962436735630035e-03 0.000000000000000000e+00 5.000000000000000000e+01 0.000000000000000000e+00
4.549763500690460205e-01 4.256890118122100830e-01 -6.742710620164871216e-02 -6.437112390995025635e-02 -1.305011558532714844e+01 0.000000000000000000e+00 -5.401962436735630035e-03 0.000000000000000000e+00 5.000000000000000000e+01 0.000000000000000000e+00
4.549763500690460205e-01 4.256890118122100830e-01 -6.742710620164871216e-02 -6.437112390995025635e-02 -1.305011558532714844e+01 0.000000000000000000e+00 -5.401962436735630035e-03 0.000000000000000000e+00 5.000000000000000000e+01 0.000000000000000000e+00
4.549763500690460205e-01 4.256890118122100830e-01 -6.742710620164871216e-02 -6.437112390995025635e-02 -1.305011558532714844e+01 0.000000000000000000e+00 -5.401962436735630035e-03 0.000000000000000000e+00 5.000000000000000000e+01 0.000000000000000000e+00
4.549763500690460205e-01 4.256890118122100830e-01 -6.742710620164871216e-02 -6.437112390995025635e-02 -1.305011558532714844e+01 0.000000000000000000e+00 -5.401962436735630035e-03 0.000000000000000000e+00 5.000000000000000000e+01 0.000000000000000000e+00
4.549763500690460205e-01 4.256890118122100830e-01 -6.742710620164871216e-02 -6.437112390995025635e-02 -1.305011558532714844e+01 0.000000000000000000e+00 -5.401962436735630035e-03 0.000000000000000000e+00 5.000000000000000000e+01 0.000000000000000000e+00
4.549763500690460205e-01 4.256890118122100830e-01 -6.742710620164871216e-02 -6.437112390995025635e-02 -1.305011558532714844e+01 0.000000000000000000e+00 -5.401962436735630035e-03 0.000000000000000000e+00 5.000000000000000000e+01 0.000000000000000000e+00
4.549763500690460205e-01 4.256890118122100830e-01 -6.742710620164871216e-02 -6.437112390995025635e-02 -1.305011558532714844e+01 0.000000000000000000e+00 -5.401962436735630035e-03 0.000000000000000000e+00 5.000000000000000000e+01 0.000000000000000000e+00
4.549763500690460205e-01 4.256890118122100830e-01 -6.742710620164871216e-02 -6.437112390995025635e-02 -1.305011558532714844e+01 0.000000000000000000e+00 -5.401962436735630035e-03 0.000000000000000000e+00 5.000000000000000000e+01 0.000000000000000000e+00
4.549763500690460205e-01 4.256890118122100830e-01 -6.742710620164871216e-02 -6.437112390995025635e-02 -1.305011558532714844e+01 0.000000000000000000e+00 -5.401962436735630035e-03 0.000000000000000000e+00 5.000000000000000000e+01 0.000000000000000000e+00
4.549763500690460205e-01 4.256890118122100830e-01 -6.742710620164871216e-02 -6.437112390995025635e-02 -1.305011558532714844e+01 0.000000000000000000e+00 -5.401962436735630035e-03 0.000000000000000000e+00 5.000000000000000000e+01 0.000000000000000000e+00
4.549763500690460205e-01 4.256890118122100830e-01 -6.742710620164871216e-02 -6.437112390995025635e-02 -1.305011558532714844e+01 0.000000000000000000e+00 -5.401962436735630035e-03 0.000000000000000000e+00 5.000000000000000000e+01 0.000000000000000000e+00
4.549763500690460205e-01 4.256890118122100830e-01 -6.742710620164871216e-02 -6.437112390995025635e-02 -1.305011558532714844e+01 0.000000000000000000e+00 -5.401962436735630035e-03 0.000000000000000000e+00 5.000000000000000000e+01 0.000000000000000000e+00
4.549763500690460205e-01 4.256890118122100830e-01 -6.742710620164871216e-02 -6.437112390995025635e-02 -1.305011558532714844e+01 0.000000000000000000e+00 -5.401962436735630035e-03 0.000000000000000000e+00 5.000000000000000000e+01 0.000000000000000000e+00
4.549763500690460205e-01 4.256890118122100830e-01 -6.742710620164871216e-02 -6.437112390995025635e-02 -1.305011558532714844e+01 0.000000000000000000e+00 -5.401962436735630035e-03 0.000000000000000000e+00 5.000000000000000000e+01 0.000000000000000000e+00
4.549763500690460205e-01 4.256890118122100830e-01 -6.742710620164871216e-02 -6.437112390995025635e-02 -1.305011558532714844e+01 0.000000000000000000e+00 -5.401962436735630035e-03 0.000000000000000000e+00 5.000000000000000000e+01 0.000000000000000000e+00
4.549763500690460205e-01 4.256890118122100830e-01 -6.742710620164871216e-02 -6.437112390995025635e-02 -1.305011558532714844e+01 0.000000000000000000e+00 -5.401962436735630035e-03 0.000000000000000000e+00 5.000000000000000000e+01 0.000000000000000000e+00
4.549763500690460205e-01 4.256890118122100830e-01 -6.742710620164871216e-02 -6.437112390995025635e-02 -1.305011558532714844e+01 0.000000000000000000e+00 -5.401962436735630035e-03 0.000000000000000000e+00 5.000000000000000000e+01 0.000000000000000000e+00
4.549763500690460205e-01 4.256890118122100830e-01 -6.742710620164871216e-02 -6.437112390995025635e-02 -1.305011558532714844e+01 0.000000000000000000e+00 -5.401962436735630035e-03 0.000000000000000000e+00 5.000000000000000000e+01 0.000000000000000000e+00
4.549763500690460205e-01 4.256890118122100830e-01 -6.742710620164871216e-02 -6.437112390995025635e-02 -1.305011558532714844e+01 0.000000000000000000e+00 -5.401962436735630035e-03 0.000000000000000000e+00 5.000000000000000000e+01 0.000000000000000000e+00
4.549763500690460205e-01 4.256890118122100830e-01 -6.742710620164871216e-02 -6.437112390995025635e-02 -1.305011558532714844e+01 0.000000000000000000e+00 -5.401962436735630035e-03 0.000000000000000000e+00 5.000000000000000000e+01 0.000000000000000000e+00
4.549763500690460205e-01 4.256890118122100830e-01 -6.742710620164871216e-02 -6.437112390995025635e-02 -1.305011558532714844e+01 0.000000000000000000e+00 -5.401962436735630035e-03 0.000000000000000000e+00 5.000000000000000000e+01 0.000000000000000000e+00
4.549763500690460205e-01 4.256890118122100830e-01 -6.742710620164871216e-02 -6.437112390995025635e-02 -1.305011558532714844e+01 0.000000000000000000e+00 -5.401962436735630035e-03 0.000000000000000000e+00 5.000000000000000000e+01 0.000000000000000000e+00
4.549763500690460205e-01 4.256890118122100830e-01 -6.742710620164871216e-02 -6.437112390995025635e-02 -1.305011558532714844e+01 0.000000000000000000e+00 -5.401962436735630035e-03 0.000000000000000000e+00 5.000000000000000000e+01 0.000000000000000000e+00
4.549763500690460205e-01 4.256890118122100830e-01 -6.742710620164871216e-02 -6.437112390995025635e-02 -1.305011558532714844e+01 0.000000000000000000e+00 -5.401962436735630035e-03 0.000000000000000000e+00 5.000000000000000000e+01 0.000000000000000000e+00
4.549763500690460205e-01 4.256890118122100830e-01 -6.742710620164871216e-02 -6.437112390995025635e-02 -1.305011558532714844e+01 0.000000000000000000e+00 -5.401962436735630035e-03 0.000000000000000000e+00 5.000000000000000000e+01 0.000000000000000000e+00
4.549763500690460205e-01 4.256890118122100830e-01 -6.742710620164871216e-02 -6.437112390995025635e-02 -1.305011558532714844e+01 0.000000000000000000e+00 -5.401962436735630035e-03 0.000000000000000000e+00 5.000000000000000000e+01 0.000000000000000000e+00
4.549763500690460205e-01 4.256890118122100830e-01 -6.742710620164871216e-02 -6.437112390995025635e-02 -1.305011558532714844e+01 0.000000000000000000e+00 -5.401962436735630035e-03 0.000000000000000000e+00 5.000000000000000000e+01 0.000000000000000000e+00
4.549763500690460205e-01 4.256890118122100830e-01 -6.742710620164871216e-02 -6.437112390995025635e-02 -1.305011558532714844e+01 0.000000000000000000e+00 -5.401962436735630035e-03 0.000000000000000000e+00 5.000000000000000000e+01 0.000000000000000000e+00
4.549763500690460205e-01 4.256890118122100830e-01 -6.742710620164871216e-02 -6.437112390995025635e-02 -1.305011558532714844e+01 0.000000000000000000e+00 -5.401962436735630035e-03 0.000000000000000000e+00 5.000000000000000000e+01 0.000000000000000000e+00
4.549763500690460205e-01 4.256890118122100830e-01 -6.742710620164871216e-02 -6.437112390995025635e-02 -1.305011558532714844e+01 0.000000000000000000e+00 -5.401962436735630035e-03 0.000000000000000000e+00 5.000000000000000000e+01 0.000000000000000000e+00
4.549763500690460205e-01 4.256890118122100830e-01 -6.742710620164871216e-02 -6.437112390995025635e-02 -1.305011558532714844e+01 0.000000000000000000e+00 -5.401962436735630035e-03 0.000000000000000000e+00 5.000000000000000000e+01 0.000000000000000000e+00
4.549763500690460205e-01 4.256890118122100830e-01 -6.742710620164871216e-02 -6.437112390995025635e-02 -1.305011558532714844e+01 0.000000000000000000e+00 -5.401962436735630035e-03 0.000000000000000000e+00 5.000000000000000000e+01 0.000000000000000000e+00
4.549763500690460205e-01 4.256890118122100830e-01 -6.742710620164871216e-02 -6.437112390995025635e-02 -1.305011558532714844e+01 0.000000000000000000e+00 -5.401962436735630035e-03 0.000000000000000000e+00 5.000000000000000000e+01 0.000000000000000000e+00
4.549763500690460205e-01 4.256890118122100830e-01 -6.742710620164871216e-02 -6.437112390995025635e-02 -1.305011558532714844e+01 0.000000000000000000e+00 -5.401962436735630035e-03 0.000000000000000000e+00 5.000000000000000000e+01 0.000000000000000000e+00
4.549763500690460205e-01 4.256890118122100830e-01 -6.742710620164871216e-02 -6.437112390995025635e-02 -1.305011558532714844e+01 0.000000000000000000e+00 -5.401962436735630035e-03 0.000000000000000000e+00 5.000000000000000000e+01 0.000000000000000000e+00
4.549763500690460205e-01 4.256890118122100830e-01 -6.742710620164871216e-02 -6.437112390995025635e-02 -1.305011558532714844e+01 0.000000000000000000e+00 -5.401962436735630035e-03 0.000000000000000000e+00 5.000000000000000000e+01 0.000000000000000000e+00
4.549763500690460205e-01 4.256890118122100830e-01 -6.742710620164871216e-02 -6.437112390995025635e-02 -1.305011558532714844e+01 0.000000000000000000e+00 -5.401962436735630035e-03 0.000000000000000000e+00 5.000000000000000000e+01 0.000000000000000000e+00
4.549763500690460205e-01 4.256890118122100830e-01 -6.742710620164871216e-02 -6.437112390995025635e-02 -1.305011558532714844e+01 0.000000000000000000e+00 -5.401962436735630035e-03 0.000000000000000000e+00 5.000000000000000000e+01 0.000000000000000000e+00
4.549763500690460205e-01 4.256890118122100830e-01 -6.742710620164871216e-02 -6.437112390995025635e-02 -1.305011558532714844e+01 0.000000000000000000e+00 -5.401962436735630035e-03 0.000000000000000000e+00 5.000000000000000000e+01 0.000000000000000000e+00
4.549763500690460205e-01 4.256890118122100830e-01 -6.742710620164871216e-02 -6.437112390995025635e-02 -1.305011558532714844e+01 0.000000000000000000e+00 -5.401962436735630035e-03 0.000000000000000000e+00 5.000000000000000000e+01 0.000000000000000000e+00
4.549763500690460205e-01 4.256890118122100830e-01 -6.742710620164871216e-02 -6.437112390995025635e-02 -1.305011558532714844e+01 0.000000000000000000e+00 -5.401962436735630035e-03 0.000000000000000000e+00 5.000000000000000000e+01 0.000000000000000000e+00
4.549763500690460205e-01 4.256890118122100830e-01 -6.742710620164871216e-02 -6.437112390995025635e-02 -1.305011558532714844e+01 0.000000000000000000e+00 -5.401962436735630035e-03 0.000000000000000000e+00 5.000000000000000000e+01 0.000000000000000000e+00
4.549763500690460205e-01 4.256890118122100830e-01 -6.742710620164871216e-02 -6.437112390995025635e-02 -1.305011558532714844e+01 0.000000000000000000e+00 -5.401962436735630035e-03 0.000000000000000000e+00 5.000000000000000000e+01 0.000000000000000000e+00
