4.330740571022033691e-01 2.915401160717010498e-01 -3.360126912593841553e-01 -3.268123269081115723e-01 -6.325472640991210938e+01 -2.403961563110351562e+01 -2.618364989757537842e-02 -2.555394545197486877e-02 1.130000000000000000e+02 6.300000000000000000e+01
4.330740571022033691e-01 2.986341118812561035e-01 -3.204867243766784668e-01 -3.104317784309387207e-01 -5.871540832519531250e+01 -1.950030136108398438e+01 -2.430464513599872589e-02 -2.072868682444095612e-02 1.000000000000000000e+02 5.000000000000000000e+01
4.330740571022033691e-01 2.986341118812561035e-01 -3.204867243766784668e-01 -3.104317784309387207e-01 -5.871540832519531250e+01 -1.950030136108398438e+01 -2.430464513599872589e-02 -2.072868682444095612e-02 1.000000000000000000e+02 5.000000000000000000e+01
4.330740571022033691e-01 2.998181879520416260e-01 -3.177900314331054688e-01 -3.076976537704467773e-01 -5.786460876464843750e+01 -1.864949989318847656e+01 -2.395246550440788269e-02 -1.982429064810276031e-02 9.800000000000000000e+01 4.800000000000000000e+01
4.330740571022033691e-01 2.999110817909240723e-01 -3.175433576107025146e-01 -3.074831366539001465e-01 -5.736484527587890625e+01 -1.814973640441894531e+01 -2.374559454619884491e-02 -1.929304562509059906e-02 9.700000000000000000e+01 4.700000000000000000e+01
4.330740571022033691e-01 3.001434504985809326e-01 -3.169266581535339355e-01 -3.069466054439544678e-01 -5.629915618896484375e+01 -1.708404922485351562e+01 -2.330446243286132812e-02 -1.816022582352161407e-02 9.500000000000000000e+01 4.500000000000000000e+01
4.330740571022033691e-01 3.001509904861450195e-01 -3.169090151786804199e-01 -3.069291710853576660e-01 -5.608403778076171875e+01 -1.686892890930175781e+01 -2.321541681885719299e-02 -1.793155446648597717e-02 9.400000000000000000e+01 4.400000000000000000e+01
4.330740571022033691e-01 3.009555637836456299e-01 -3.150304555892944336e-01 -3.050713539123535156e-01 -5.488800811767578125e+01 -1.567289924621582031e+01 -2.272033318877220154e-02 -1.666018366813659668e-02 9.200000000000000000e+01 4.200000000000000000e+01
4.330740571022033691e-01 3.009555637836456299e-01 -3.150304555892944336e-01 -3.050713539123535156e-01 -5.488800811767578125e+01 -1.567289924621582031e+01 -2.272033318877220154e-02 -1.666018366813659668e-02 9.200000000000000000e+01 4.200000000000000000e+01
4.330740571022033691e-01 3.009555637836456299e-01 -3.150304555892944336e-01 -3.050713539123535156e-01 -5.488800811767578125e+01 -1.567289924621582031e+01 -2.272033318877220154e-02 -1.666018366813659668e-02 9.200000000000000000e+01 4.200000000000000000e+01
4.330740571022033691e-01 3.009774386882781982e-01 -3.149791061878204346e-01 -3.050208389759063721e-01 -5.438466644287109375e+01 -1.516955757141113281e+01 -2.251197956502437592e-02 -1.612513512372970581e-02 9.100000000000000000e+01 4.100000000000000000e+01
4.330740571022033691e-01 3.058626055717468262e-01 -3.039916157722473145e-01 -2.937406301498413086e-01 -5.162342071533203125e+01 -1.240831184387207031e+01 -2.136898972094058990e-02 -1.318995002657175064e-02 8.500000000000000000e+01 3.500000000000000000e+01
4.330740571022033691e-01 3.124113380908966064e-01 -2.879869341850280762e-01 -2.786191403865814209e-01 -5.028480911254882812e+01 -1.106969833374023438e+01 -2.081488445401191711e-02 -1.176701299846172333e-02 8.100000000000000000e+01 3.100000000000000000e+01
4.330740571022033691e-01 3.150675892829895020e-01 -2.810133695602416992e-01 -2.724856436252593994e-01 -4.961145782470703125e+01 -1.039634799957275391e+01 -2.053615823388099670e-02 -1.105124596506357193e-02 7.900000000000000000e+01 2.900000000000000000e+01
4.330740571022033691e-01 3.197147548198699951e-01 -2.702355384826660156e-01 -2.617550194263458252e-01 -4.842691802978515625e+01 -9.211807250976562500e+00 -2.004582993686199188e-02 -9.792087599635124207e-03 7.700000000000000000e+01 2.700000000000000000e+01
4.330740571022033691e-01 3.197791576385498047e-01 -2.700650691986083984e-01 -2.616063058376312256e-01 -4.798502349853515625e+01 -8.769914627075195312e+00 -1.986291259527206421e-02 -9.322359226644039154e-03 7.600000000000000000e+01 2.600000000000000000e+01
4.330740571022033691e-01 3.224606513977050781e-01 -2.647508084774017334e-01 -2.554145157337188721e-01 -4.775198364257812500e+01 -8.536872863769531250e+00 -1.976644806563854218e-02 -9.074636735022068024e-03 7.500000000000000000e+01 2.500000000000000000e+01
4.330740571022033691e-01 3.248366713523864746e-01 -2.592403292655944824e-01 -2.499281167984008789e-01 -4.711660003662109375e+01 -7.901491641998291016e+00 -1.950343698263168335e-02 -8.399231359362602234e-03 7.300000000000000000e+01 2.300000000000000000e+01
4.330740571022033691e-01 3.250705301761627197e-01 -2.586922347545623779e-01 -2.493881285190582275e-01 -4.666550827026367188e+01 -7.450398445129394531e+00 -1.931671239435672760e-02 -7.919722236692905426e-03 7.200000000000000000e+01 2.200000000000000000e+01
4.330740571022033691e-01 3.319971263408660889e-01 -2.439017444849014282e-01 -2.333941012620925903e-01 -4.554435348510742188e+01 -6.329246044158935547e+00 -1.885262131690979004e-02 -6.727945059537887573e-03 6.900000000000000000e+01 1.900000000000000000e+01
4.330740571022033691e-01 3.366008698940277100e-01 -2.321142554283142090e-01 -2.227637171745300293e-01 -4.437858581542968750e+01 -5.163475990295410156e+00 -1.837006397545337677e-02 -5.488739348948001862e-03 6.600000000000000000e+01 1.600000000000000000e+01
4.330740571022033691e-01 3.522714972496032715e-01 -1.956213265657424927e-01 -1.865790784358978271e-01 -4.235544204711914062e+01 -3.140333175659179688e+00 -1.753260381519794464e-02 -3.338152542710304260e-03 6.100000000000000000e+01 1.100000000000000000e+01
4.330740571022033691e-01 3.532268404960632324e-01 -1.930920928716659546e-01 -1.843731254339218140e-01 -4.225651168823242188e+01 -3.041402578353881836e+00 -1.749165356159210205e-02 -3.232989925891160965e-03 6.000000000000000000e+01 1.000000000000000000e+01
4.330740571022033691e-01 3.547878265380859375e-01 -1.894333660602569580e-01 -1.807686984539031982e-01 -4.197557830810546875e+01 -2.760471343994140625e+00 -1.737536303699016571e-02 -2.934362040832638741e-03 5.900000000000000000e+01 9.000000000000000000e+00
4.330740571022033691e-01 3.588992953300476074e-01 -1.788121014833450317e-01 -1.712750047445297241e-01 -4.093157196044921875e+01 -1.716461181640625000e+00 -1.694320701062679291e-02 -1.824586419388651848e-03 5.600000000000000000e+01 6.000000000000000000e+00
4.330740571022033691e-01 3.595204353332519531e-01 -1.771226078271865845e-01 -1.698407530784606934e-01 -4.035865020751953125e+01 -1.143543362617492676e+00 -1.670605316758155823e-02 -1.215578755363821983e-03 5.500000000000000000e+01 5.000000000000000000e+00
4.330740571022033691e-01 3.632981479167938232e-01 -1.670885980129241943e-01 -1.611177325248718262e-01 -4.015719223022460938e+01 -9.420853257179260254e-01 -1.662266068160533905e-02 -1.001430209726095200e-03 5.400000000000000000e+01 4.000000000000000000e+00
4.330740571022033691e-01 3.632981479167938232e-01 -1.670886129140853882e-01 -1.611177325248718262e-01 -4.015719223022460938e+01 -9.420853257179260254e-01 -1.662266068160533905e-02 -1.001430209726095200e-03 5.400000000000000000e+01 4.000000000000000000e+00
4.330740571022033691e-01 3.632981479167938232e-01 -1.670885980129241943e-01 -1.611177325248718262e-01 -4.015719223022460938e+01 -9.420853257179260254e-01 -1.662266068160533905e-02 -1.001430209726095200e-03 5.400000000000000000e+01 4.000000000000000000e+00
4.330740571022033691e-01 3.768681585788726807e-01 -1.322419643402099609e-01 -1.297835707664489746e-01 -3.953094863891601562e+01 -3.158383965492248535e-01 -1.636343449354171753e-02 -3.357340465299785137e-04 5.200000000000000000e+01 2.000000000000000000e+00
4.330740571022033691e-01 3.791326582431793213e-01 -1.262470334768295288e-01 -1.245546787977218628e-01 -3.941715240478515625e+01 -2.020446062088012695e-01 -1.631633006036281586e-02 -2.147720224456861615e-04 5.100000000000000000e+01 1.000000000000000000e+00
4.330740571022033691e-01 3.791326582431793213e-01 -1.262470334768295288e-01 -1.245546787977218628e-01 -3.941715240478515625e+01 -2.020446062088012695e-01 -1.631633006036281586e-02 -2.147720224456861615e-04 5.100000000000000000e+01 1.000000000000000000e+00
4.330740571022033691e-01 3.922778964042663574e-01 -9.401014447212219238e-02 -9.420134872198104858e-02 -3.921511077880859375e+01 0.000000000000000000e+00 -1.623269543051719666e-02 0.000000000000000000e+00 5.000000000000000000e+01 0.000000000000000000e+00
4.330740571022033691e-01 3.922778964042663574e-01 -9.401014447212219238e-02 -9.420134872198104858e-02 -3.921511077880859375e+01 0.000000000000000000e+00 -1.623269543051719666e-02 0.000000000000000000e+00 5.000000000000000000e+01 0.000000000000000000e+00
4.330740571022033691e-01 3.922778964042663574e-01 -9.401014447212219238e-02 -9.420134872198104858e-02 -3.921511077880859375e+01 0.000000000000000000e+00 -1.623269543051719666e-02 0.000000000000000000e+00 5.000000000000000000e+01 0.000000000000000000e+00
4.330740571022033691e-01 3.922778964042663574e-01 -9.401014447212219238e-02 -9.420134872198104858e-02 -3.921511077880859375e+01 0.000000000000000000e+00 -1.623269543051719666e-02 0.000000000000000000e+00 5.000000000000000000e+01 0.000000000000000000e+00
4.330740571022033691e-01 3.922778964042663574e-01 -9.401014447212219238e-02 -9.420134872198104858e-02 -3.921511077880859375e+01 0.000000000000000000e+00 -1.623269543051719666e-02 0.000000000000000000e+00 5.000000000000000000e+01 0.000000000000000000e+00
4.330740571022033691e-01 3.922778964042663574e-01 -9.401014447212219238e-02 -9.420134872198104858e-02 -3.921511077880859375e+01 0.000000000000000000e+00 -1.623269543051719666e-02 0.000000000000000000e+00 5.000000000000000000e+01 0.000000000000000000e+00
4.330740571022033691e-01 3.922778964042663574e-01 -9.401014447212219238e-02 -9.420134872198104858e-02 -3.921511077880859375e+01 0.000000000000000000e+00 -1.623269543051719666e-02 0.000000000000000000e+00 5.000000000000000000e+01 0.000000000000000000e+00
4.330740571022033691e-01 3.922778964042663574e-01 -9.401014447212219238e-02 -9.420134872198104858e-02 -3.921511077880859375e+01 0.000000000000000000e+00 -1.623269543051719666e-02 0.000000000000000000e+00 5.000000000000000000e+01 0.000000000000000000e+00
4.330740571022033691e-01 3.922778964042663574e-01 -9.401014447212219238e-02 -9.420134872198104858e-02 -3.921511077880859375e+01 0.000000000000000000e+00 -1.623269543051719666e-02 0.000000000000000000e+00 5.000000000000000000e+01 0.000000000000000000e+00
4.330740571022033691e-01 3.922778964042663574e-01 -9.401014447212219238e-02 -9.420134872198104858e-02 -3.921511077880859375e+01 0.000000000000000000e+00 -1.623269543051719666e-02 0.000000000000000000e+00 5.000000000000000000e+01 0.000000000000000000e+00
4.330740571022033691e-01 3.922778964042663574e-01 -9.401014447212219238e-02 -9.420134872198104858e-02 -3.921511077880859375e+01 0.000000000000000000e+00 -1.623269543051719666e-02 0.000000000000000000e+00 5.000000000000000000e+01 0.000000000000000000e+00
4.330740571022033691e-01 3.922778964042663574e-01 -9.401014447212219238e-02 -9.420134872198104858e-02 -3.921511077880859375e+01 0.000000000000000000e+00 -1.623269543051719666e-02 0.000000000000000000e+00 5.000000000000000000e+01 0.000000000000000000e+00
4.330740571022033691e-01 3.922778964042663574e-01 -9.401014447212219238e-02 -9.420134872198104858e-02 -3.921511077880859375e+01 0.000000000000000000e+00 -1.623269543051719666e-02 0.000000000000000000e+00 5.000000000000000000e+01 0.000000000000000000e+00
4.330740571022033691e-01 3.922778964042663574e-01 -9.401014447212219238e-02 -9.420134872198104858e-02 -3.921511077880859375e+01 0.000000000000000000e+00 -1.623269543051719666e-02 0.000000000000000000e+00 5.000000000000000000e+01 0.000000000000000000e+00
4.330740571022033691e-01 3.922778964042663574e-01 -9.401014447212219238e-02 -9.420134872198104858e-02 -3.921511077880859375e+01 0.000000000000000000e+00 -1.623269543051719666e-02 0.000000000000000000e+00 5.000000000000000000e+01 0.000000000000000000e+00
4.330740571022033691e-01 3.922778964042663574e-01 -9.401014447212219238e-02 -9.420134872198104858e-02 -3.921511077880859375e+01 0.000000000000000000e+00 -1.623269543051719666e-02 0.000000000000000000e+00 5.000000000000000000e+01 0.000000000000000000e+00
4.330740571022033691e-01 3.922778964042663574e-01 -9.401014447212219238e-02 -9.420134872198104858e-02 -3.921511077880859375e+01 0.000000000000000000e+00 -1.623269543051719666e-02 0.000000000000000000e+00 5.000000000000000000e+01 0.000000000000000000e+00
4.330740571022033691e-01 3.922778964042663574e-01 -9.401014447212219238e-02 -9.420134872198104858e-02 -3.921511077880859375e+01 0.000000000000000000e+00 -1.623269543051719666e-02 0.000000000000000000e+00 5.000000000000000000e+01 0.000000000000000000e+00
4.330740571022033691e-01 3.922778964042663574e-01 -9.401014447212219238e-02 -9.420134872198104858e-02 -3.921511077880859375e+01 0.000000000000000000e+00 -1.623269543051719666e-02 0.000000000000000000e+00 5.000000000000000000e+01 0.000000000000000000e+00
4.330740571022033691e-01 3.922778964042663574e-01 -9.401014447212219238e-02 -9.420134872198104858e-02 -3.921511077880859375e+01 0.000000000000000000e+00 -1.623269543051719666e-02 0.000000000000000000e+00 5.000000000000000000e+01 0.000000000000000000e+00
4.330740571022033691e-01 3.922778964042663574e-01 -9.401014447212219238e-02 -9.420134872198104858e-02 -3.921511077880859375e+01 0.000000000000000000e+00 -1.623269543051719666e-02 0.000000000000000000e+00 5.000000000000000000e+01 0.000000000000000000e+00
4.330740571022033691e-01 3.922778964042663574e-01 -9.401014447212219238e-02 -9.420134872198104858e-02 -3.921511077880859375e+01 0.000000000000000000e+00 -1.623269543051719666e-02 0.000000000000000000e+00 5.000000000000000000e+01 0.000000000000000000e+00
4.330740571022033691e-01 3.922778964042663574e-01 -9.401014447212219238e-02 -9.420134872198104858e-02 -3.921511077880859375e+01 0.000000000000000000e+00 -1.623269543051719666e-02 0.000000000000000000e+00 5.000000000000000000e+01 0.000000000000000000e+00
4.330740571022033691e-01 3.922778964042663574e-01 -9.401014447212219238e-02 -9.420134872198104858e-02 -3.921511077880859375e+01 0.000000000000000000e+00 -1.623269543051719666e-02 0.000000000000000000e+00 5.000000000000000000e+01 0.000000000000000000e+00
4.330740571022033691e-01 3.922778964042663574e-01 -9.401014447212219238e-02 -9.420134872198104858e-02 -3.921511077880859375e+01 0.000000000000000000e+00 -1.623269543051719666e-02 0.000000000000000000e+00 5.000000000000000000e+01 0.000000000000000000e+00
4.330740571022033691e-01 3.922778964042663574e-01 -9.401014447212219238e-02 -9.420134872198104858e-02 -3.921511077880859375e+01 0.000000000000000000e+00 -1.623269543051719666e-02 0.000000000000000000e+00 5.000000000000000000e+01 0.000000000000000000e+00
4.330740571022033691e-01 3.922778964042663574e-01 -9.401014447212219238e-02 -9.420134872198104858e-02 -3.921511077880859375e+01 0.000000000000000000e+00 -1.623269543051719666e-02 0.000000000000000000e+00 5.000000000000000000e+01 0.000000000000000000e+00
4.330740571022033691e-01 3.922778964042663574e-01 -9.401014447212219238e-02 -9.420134872198104858e-02 -3.921511077880859375e+01 0.000000000000000000e+00 -1.623269543051719666e-02 0.000000000000000000e+00 5.000000000000000000e+01 0.000000000000000000e+00
4.330740571022033691e-01 3.922778964042663574e-01 -9.401014447212219238e-02 -9.420134872198104858e-02 -3.921511077880859375e+01 0.000000000000000000e+00 -1.623269543051719666e-02 0.000000000000000000e+00 5.000000000000000000e+01 0.000000000000000000e+00
4.330740571022033691e-01 3.922778964042663574e-01 -9.401014447212219238e-02 -9.420134872198104858e-02 -3.921511077880859375e+01 0.000000000000000000e+00 -1.623269543051719666e-02 0.000000000000000000e+00 5.000000000000000000e+01 0.000000000000000000e+00
4.330740571022033691e-01 3.922778964042663574e-01 -9.401014447212219238e-02 -9.420134872198104858e-02 -3.921511077880859375e+01 0.000000000000000000e+00 -1.623269543051719666e-02 0.000000000000000000e+00 5.000000000000000000e+01 0.000000000000000000e+00
4.330740571022033691e-01 3.922778964042663574e-01 -9.401014447212219238e-02 -9.420134872198104858e-02 -3.921511077880859375e+01 0.000000000000000000e+00 -1.623269543051719666e-02 0.000000000000000000e+00 5.000000000000000000e+01 0.000000000000000000e+00
4.330740571022033691e-01 3.922778964042663574e-01 -9.401014447212219238e-02 -9.420134872198104858e-02 -3.921511077880859375e+01 0.000000000000000000e+00 -1.623269543051719666e-02 0.000000000000000000e+00 5.000000000000000000e+01 0.000000000000000000e+00
4.330740571022033691e-01 3.922778964042663574e-01 -9.401014447212219238e-02 -9.420134872198104858e-02 -3.921511077880859375e+01 0.000000000000000000e+00 -1.623269543051719666e-02 0.000000000000000000e+00 5.000000000000000000e+01 0.000000000000000000e+00
4.330740571022033691e-01 3.922778964042663574e-01 -9.401014447212219238e-02 -9.420134872198104858e-02 -3.921511077880859375e+01 0.000000000000000000e+00 -1.623269543051719666e-02 0.000000000000000000e+00 5.000000000000000000e+01 0.000000000000000000e+00
4.330740571022033691e-01 3.922778964042663574e-01 -9.401014447212219238e-02 -9.420134872198104858e-02 -3.921511077880859375e+01 0.000000000000000000e+00 -1.623269543051719666e-02 0.000000000000000000e+00 5.000000000000000000e+01 0.000000000000000000e+00
4.330740571022033691e-01 3.922778964042663574e-01 -9.401014447212219238e-02 -9.420134872198104858e-02 -3.921511077880859375e+01 0.000000000000000000e+00 -1.623269543051719666e-02 0.000000000000000000e+00 5.000000000000000000e+01 0.000000000000000000e+00
4.330740571022033691e-01 3.922778964042663574e-01 -9.401014447212219238e-02 -9.420134872198104858e-02 -3.921511077880859375e+01 0.000000000000000000e+00 -1.623269543051719666e-02 0.000000000000000000e+00 5.000000000000000000e+01 0.000000000000000000e+00
4.330740571022033691e-01 3.922778964042663574e-01 -9.401014447212219238e-02 -9.420134872198104858e-02 -3.921511077880859375e+01 0.000000000000000000e+00 -1.623269543051719666e-02 0.000000000000000000e+00 5.000000000000000000e+01 0.000000000000000000e+00
4.330740571022033691e-01 3.922778964042663574e-01 -9.401014447212219238e-02 -9.420134872198104858e-02 -3.921511077880859375e+01 0.000000000000000000e+00 -1.623269543051719666e-02 0.000000000000000000e+00 5.000000000000000000e+01 0.000000000000000000e+00
4.330740571022033691e-01 3.922778964042663574e-01 -9.401014447212219238e-02 -9.420134872198104858e-02 -3.921511077880859375e+01 0.000000000000000000e+00 -1.623269543051719666e-02 0.000000000000000000e+00 5.000000000000000000e+01 0.000000000000000000e+00
4.330740571022033691e-01 3.922778964042663574e-01 -9.401014447212219238e-02 -9.420134872198104858e-02 -3.921511077880859375e+01 0.000000000000000000e+00 -1.623269543051719666e-02 0.000000000000000000e+00 5.000000000000000000e+01 0.000000000000000000e+00
4.330740571022033691e-01 3.922778964042663574e-01 -9.401014447212219238e-02 -9.420134872198104858e-02 -3.921511077880859375e+01 0.000000000000000000e+00 -1.623269543051719666e-02 0.000000000000000000e+00 5.000000000000000000e+01 0.000000000000000000e+00
4.330740571022033691e-01 3.922778964042663574e-01 -9.401014447212219238e-02 -9.420134872198104858e-02 -3.921511077880859375e+01 0.000000000000000000e+00 -1.623269543051719666e-02 0.000000000000000000e+00 5.000000000000000000e+01 0.000000000000000000e+00
4.330740571022033691e-01 3.922778964042663574e-01 -9.401014447212219238e-02 -9.420134872198104858e-02 -3.921511077880859375e+01 0.000000000000000000e+00 -1.623269543051719666e-02 0.000000000000000000e+00 5.000000000000000000e+01 0.000000000000000000e+00
4.330740571022033691e-01 3.922778964042663574e-01 -9.401014447212219238e-02 -9.420134872198104858e-02 -3.921511077880859375e+01 0.000000000000000000e+00 -1.623269543051719666e-02 0.000000000000000000e+00 5.000000000000000000e+01 0.000000000000000000e+00
4.330740571022033691e-01 3.922778964042663574e-01 -9.401014447212219238e-02 -9.420134872198104858e-02 -3.921511077880859375e+01 0.000000000000000000e+00 -1.623269543051719666e-02 0.000000000000000000e+00 5.000000000000000000e+01 0.000000000000000000e+00
4.330740571022033691e-01 3.922778964042663574e-01 -9.401014447212219238e-02 -9.420134872198104858e-02 -3.921511077880859375e+01 0.000000000000000000e+00 -1.623269543051719666e-02 0.000000000000000000e+00 5.000000000000000000e+01 0.000000000000000000e+00
4.330740571022033691e-01 3.922778964042663574e-01 -9.401014447212219238e-02 -9.420134872198104858e-02 -3.921511077880859375e+01 0.000000000000000000e+00 -1.623269543051719666e-02 0.000000000000000000e+00 5.000000000000000000e+01 0.000000000000000000e+00
4.330740571022033691e-01 3.922778964042663574e-01 -9.401014447212219238e-02 -9.420134872198104858e-02 -3.921511077880859375e+01 0.000000000000000000e+00 -1.623269543051719666e-02 0.000000000000000000e+00 5.000000000000000000e+01 0.000000000000000000e+00
4.330740571022033691e-01 3.922778964042663574e-01 -9.401014447212219238e-02 -9.420134872198104858e-02 -3.921511077880859375e+01 0.000000000000000000e+00 -1.623269543051719666e-02 0.000000000000000000e+00 5.000000000000000000e+01 0.000000000000000000e+00
4.330740571022033691e-01 3.922778964042663574e-01 -9.401014447212219238e-02 -9.420134872198104858e-02 -3.921511077880859375e+01 0.000000000000000000e+00 -1.623269543051719666e-02 0.000000000000000000e+00 5.000000000000000000e+01 0.000000000000000000e+00
4.330740571022033691e-01 3.922778964042663574e-01 -9.401014447212219238e-02 -9.420134872198104858e-02 -3.921511077880859375e+01 0.000000000000000000e+00 -1.623269543051719666e-02 0.000000000000000000e+00 5.000000000000000000e+01 0.000000000000000000e+00
4.330740571022033691e-01 3.922778964042663574e-01 -9.401014447212219238e-02 -9.420134872198104858e-02 -3.921511077880859375e+01 0.000000000000000000e+00 -1.623269543051719666e-02 0.000000000000000000e+00 5.000000000000000000e+01 0.000000000000000000e+00
4.330740571022033691e-01 3.922778964042663574e-01 -9.401014447212219238e-02 -9.420134872198104858e-02 -3.921511077880859375e+01 0.000000000000000000e+00 -1.623269543051719666e-02 0.000000000000000000e+00 5.000000000000000000e+01 0.000000000000000000e+00
4.330740571022033691e-01 3.922778964042663574e-01 -9.401014447212219238e-02 -9.420134872198104858e-02 -3.921511077880859375e+01 0.000000000000000000e+00 -1.623269543051719666e-02 0.000000000000000000e+00 5.000000000000000000e+01 0.000000000000000000e+00
4.330740571022033691e-01 3.922778964042663574e-01 -9.401014447212219238e-02 -9.420134872198104858e-02 -3.921511077880859375e+01 0.000000000000000000e+00 -1.623269543051719666e-02 0.000000000000000000e+00 5.000000000000000000e+01 0.000000000000000000e+00
4.330740571022033691e-01 3.922778964042663574e-01 -9.401014447212219238e-02 -9.420134872198104858e-02 -3.921511077880859375e+01 0.000000000000000000e+00 -1.623269543051719666e-02 0.000000000000000000e+00 5.000000000000000000e+01 0.000000000000000000e+00
4.330740571022033691e-01 3.922778964042663574e-01 -9.401014447212219238e-02 -9.420134872198104858e-02 -3.921511077880859375e+01 0.000000000000000000e+00 -1.623269543051719666e-02 0.000000000000000000e+00 5.000000000000000000e+01 0.000000000000000000e+00
