4.902522861957550049e-01 5.747172236442565918e-01 1.594590395689010620e-01 1.722887158393859863e-01 -4.022988510131835938e+01 -2.907285881042480469e+01 -1.665275171399116516e-02 -4.073419421911239624e-02 1.700000000000000000e+02 1.200000000000000000e+02
4.902522861957550049e-01 6.122171878814697266e-01 2.598887979984283447e-01 2.487798780202865601e-01 -1.953794479370117188e+01 -8.380919456481933594e+00 -8.087533526122570038e-03 -1.174256764352321625e-02 1.200000000000000000e+02 7.000000000000000000e+01
4.902522861957550049e-01 5.952026844024658203e-01 2.291892319917678833e-01 2.140742689371109009e-01 -1.790953826904296875e+01 -6.752512931823730469e+00 -7.413471117615699768e-03 -9.460994973778724670e-03 1.150000000000000000e+02 6.500000000000000000e+01
4.902522861957550049e-01 5.997346043586730957e-01 2.376446872949600220e-01 2.233183234930038452e-01 -1.759834289550781250e+01 -6.441317558288574219e+00 -7.284655235707759857e-03 -9.024977684020996094e-03 1.120000000000000000e+02 6.200000000000000000e+01
4.902522861957550049e-01 6.146303415298461914e-01 2.668654918670654297e-01 2.537021338939666748e-01 -1.673977279663085938e+01 -5.582747936248779297e+00 -6.929258815944194794e-03 -7.822029292583465576e-03 1.090000000000000000e+02 5.900000000000000000e+01
4.902522861957550049e-01 6.189697384834289551e-01 2.753454446792602539e-01 2.625534832477569580e-01 -1.642076683044433594e+01 -5.263741493225097656e+00 -6.797209382057189941e-03 -7.375066634267568588e-03 1.080000000000000000e+02 5.800000000000000000e+01
4.902522861957550049e-01 6.309794187545776367e-01 3.021673262119293213e-01 2.870504260063171387e-01 -1.588257789611816406e+01 -4.725551605224609375e+00 -6.574431434273719788e-03 -6.621005013585090637e-03 1.070000000000000000e+02 5.700000000000000000e+01
4.902522861957550049e-01 6.323934197425842285e-01 3.043281435966491699e-01 2.899346649646759033e-01 -1.583108329772949219e+01 -4.674057960510253906e+00 -6.553115788847208023e-03 -6.548856850713491440e-03 1.060000000000000000e+02 5.600000000000000000e+01
4.902522861957550049e-01 6.323934197425842285e-01 3.043281435966491699e-01 2.899346649646759033e-01 -1.583108329772949219e+01 -4.674057960510253906e+00 -6.553115788847208023e-03 -6.548856850713491440e-03 1.060000000000000000e+02 5.600000000000000000e+01
4.902522861957550049e-01 6.311962008476257324e-01 3.011421859264373779e-01 2.874926328659057617e-01 -1.575366306304931641e+01 -4.596637725830078125e+00 -6.521068513393402100e-03 -6.440382916480302811e-03 1.060000000000000000e+02 5.600000000000000000e+01
4.902522861957550049e-01 6.311962008476257324e-01 3.011421859264373779e-01 2.874926328659057617e-01 -1.575366306304931641e+01 -4.596637725830078125e+00 -6.521068513393402100e-03 -6.440382916480302811e-03 1.060000000000000000e+02 5.600000000000000000e+01
4.902522861957550049e-01 6.141613125801086426e-01 2.695539295673370361e-01 2.527454197406768799e-01 -1.547378921508789062e+01 -4.316764831542968750e+00 -6.405217573046684265e-03 -6.048250943422317505e-03 1.030000000000000000e+02 5.300000000000000000e+01
4.902522861957550049e-01 6.058208942413330078e-01 2.507926225662231445e-01 2.357329279184341431e-01 -1.511634254455566406e+01 -3.959317684173583984e+00 -6.257256027311086655e-03 -5.547428969293832779e-03 9.800000000000000000e+01 4.800000000000000000e+01
4.902522861957550049e-01 5.979551076889038086e-01 2.309936881065368652e-01 2.196885645389556885e-01 -1.487546157836914062e+01 -3.718436479568481445e+00 -6.157545838505029678e-03 -5.209928844124078751e-03 9.600000000000000000e+01 4.600000000000000000e+01
4.902522861957550049e-01 5.979551076889038086e-01 2.309936881065368652e-01 2.196885645389556885e-01 -1.487546157836914062e+01 -3.718436479568481445e+00 -6.157545838505029678e-03 -5.209928844124078751e-03 9.600000000000000000e+01 4.600000000000000000e+01
4.902522861957550049e-01 6.046424508094787598e-01 2.441620528697967529e-01 2.333291769027709961e-01 -1.486369037628173828e+01 -3.706665277481079102e+00 -6.152673624455928802e-03 -5.193436052650213242e-03 9.500000000000000000e+01 4.500000000000000000e+01
4.902522861957550049e-01 6.036012172698974609e-01 2.414181828498840332e-01 2.312053143978118896e-01 -1.484685134887695312e+01 -3.689826965332031250e+00 -6.145703140646219254e-03 -5.169843789190053940e-03 9.500000000000000000e+01 4.500000000000000000e+01
4.902522861957550049e-01 5.966708064079284668e-01 2.272089272737503052e-01 2.170688956975936890e-01 -1.478899669647216797e+01 -3.631972074508666992e+00 -6.121754646301269531e-03 -5.088782869279384613e-03 9.400000000000000000e+01 4.400000000000000000e+01
4.902522861957550049e-01 5.957985520362854004e-01 2.262061238288879395e-01 2.152896970510482788e-01 -1.457537746429443359e+01 -3.418352842330932617e+00 -6.033329293131828308e-03 -4.789479076862335205e-03 9.200000000000000000e+01 4.200000000000000000e+01
4.902522861957550049e-01 5.918666720390319824e-01 2.195391058921813965e-01 2.072695791721343994e-01 -1.427527236938476562e+01 -3.118247270584106445e+00 -5.909103900194168091e-03 -4.368999041616916656e-03 9.000000000000000000e+01 4.000000000000000000e+01
4.902522861957550049e-01 5.885879397392272949e-01 2.134807407855987549e-01 2.005817294120788574e-01 -1.376746082305908203e+01 -2.610435962677001953e+00 -5.698900204151868820e-03 -3.657500958070158958e-03 8.500000000000000000e+01 3.500000000000000000e+01
4.902522861957550049e-01 5.893563032150268555e-01 2.150932699441909790e-01 2.021490186452865601e-01 -1.360240554809570312e+01 -2.445379734039306641e+00 -5.630577448755502701e-03 -3.426239592954516411e-03 8.400000000000000000e+01 3.400000000000000000e+01
4.902522861957550049e-01 5.893563032150268555e-01 2.150932699441909790e-01 2.021490186452865601e-01 -1.360240554809570312e+01 -2.445379734039306641e+00 -5.630577448755502701e-03 -3.426239592954516411e-03 8.400000000000000000e+01 3.400000000000000000e+01
4.902522861957550049e-01 5.756346583366394043e-01 1.868381649255752563e-01 1.741600632667541504e-01 -1.319292068481445312e+01 -2.035895109176635742e+00 -5.461075343191623688e-03 -2.852507634088397026e-03 8.200000000000000000e+01 3.200000000000000000e+01
4.902522861957550049e-01 5.756346583366394043e-01 1.868381649255752563e-01 1.741600632667541504e-01 -1.319292068481445312e+01 -2.035895109176635742e+00 -5.461075343191623688e-03 -2.852507634088397026e-03 8.200000000000000000e+01 3.200000000000000000e+01
4.902522861957550049e-01 5.594577789306640625e-01 1.547697931528091431e-01 1.411630213260650635e-01 -1.314386177062988281e+01 -1.986836671829223633e+00 -5.440767854452133179e-03 -2.783771371468901634e-03 8.200000000000000000e+01 3.200000000000000000e+01
4.902522861957550049e-01 5.586243271827697754e-01 1.550345867872238159e-01 1.394629776477813721e-01 -1.305039501190185547e+01 -1.893370509147644043e+00 -5.402078386396169662e-03 -2.652815310284495354e-03 7.900000000000000000e+01 2.900000000000000000e+01
4.902522861957550049e-01 5.609648227691650391e-01 1.594531983137130737e-01 1.442370414733886719e-01 -1.300815296173095703e+01 -1.851128816604614258e+00 -5.384592805057764053e-03 -2.593630226328969002e-03 7.900000000000000000e+01 2.900000000000000000e+01
4.902522861957550049e-01 5.538655519485473633e-01 1.466507911682128906e-01 1.297561824321746826e-01 -1.286815357208251953e+01 -1.711129307746887207e+00 -5.326641257852315903e-03 -2.397475764155387878e-03 7.800000000000000000e+01 2.800000000000000000e+01
4.902522861957550049e-01 5.368576049804687500e-01 1.071714833378791809e-01 9.506394714117050171e-02 -1.249357032775878906e+01 -1.336545467376708984e+00 -5.171586293727159500e-03 -1.872643711976706982e-03 7.500000000000000000e+01 2.500000000000000000e+01
4.902522861957550049e-01 5.417366027832031250e-01 1.172367855906486511e-01 1.050159633159637451e-01 -1.237155151367187500e+01 -1.214526414871215820e+00 -5.121077876538038254e-03 -1.701681874692440033e-03 7.200000000000000000e+01 2.200000000000000000e+01
4.902522861957550049e-01 5.569298267364501953e-01 1.491084396839141846e-01 1.360065937042236328e-01 -1.187079143524169922e+01 -7.137671709060668945e-01 -4.913793411105871201e-03 -1.000064425170421600e-03 6.900000000000000000e+01 1.900000000000000000e+01
4.902522861957550049e-01 5.579768419265747070e-01 1.512180566787719727e-01 1.381422579288482666e-01 -1.184911251068115234e+01 -6.920879483222961426e-01 -4.904819652438163757e-03 -9.696895140223205090e-04 6.900000000000000000e+01 1.900000000000000000e+01
4.902522861957550049e-01 5.672335624694824219e-01 1.688426584005355835e-01 1.570238023996353149e-01 -1.161488437652587891e+01 -4.578594565391540527e-01 -4.807863384485244751e-03 -6.415102398023009300e-04 6.700000000000000000e+01 1.700000000000000000e+01
4.902522861957550049e-01 5.762876868247985840e-01 1.850244849920272827e-01 1.754920929670333862e-01 -1.150525283813476562e+01 -3.482282757759094238e-01 -4.762482363730669022e-03 -4.879051994066685438e-04 6.500000000000000000e+01 1.500000000000000000e+01
4.902522861957550049e-01 5.654218792915344238e-01 1.603265106678009033e-01 1.533283889293670654e-01 -1.143030357360839844e+01 -2.732787132263183594e-01 -4.731457680463790894e-03 -3.828928165603429079e-04 6.300000000000000000e+01 1.300000000000000000e+01
4.902522861957550049e-01 5.654218792915344238e-01 1.603265106678009033e-01 1.533283889293670654e-01 -1.143030357360839844e+01 -2.732787132263183594e-01 -4.731457680463790894e-03 -3.828928165603429079e-04 6.300000000000000000e+01 1.300000000000000000e+01
4.902522861957550049e-01 5.501870512962341309e-01 1.264772564172744751e-01 1.222529038786888123e-01 -1.135364341735839844e+01 -1.966186761856079102e-01 -4.699725192040205002e-03 -2.754838787950575352e-04 6.000000000000000000e+01 1.000000000000000000e+01
4.902522861957550049e-01 5.149251818656921387e-01 4.955989867448806763e-02 5.032693594694137573e-02 -1.123628902435302734e+01 -7.926416397094726562e-02 -4.651147406548261642e-03 -1.110576049541123211e-04 5.600000000000000000e+01 6.000000000000000000e+00
4.902522861957550049e-01 4.787360727787017822e-01 -2.801941148936748505e-02 -2.349038235843181610e-02 -1.116296863555908203e+01 -5.943357944488525391e-03 -4.620797466486692429e-03 -8.327282557729631662e-06 5.100000000000000000e+01 1.000000000000000000e+00
4.902522861957550049e-01 4.711540043354034424e-01 -4.229038953781127930e-02 -3.895602747797966003e-02 -1.115702438354492188e+01 0.000000000000000000e+00 -4.618336912244558334e-03 0.000000000000000000e+00 5.000000000000000000e+01 0.000000000000000000e+00
4.902522861957550049e-01 4.711540043354034424e-01 -4.229038953781127930e-02 -3.895602747797966003e-02 -1.115702438354492188e+01 0.000000000000000000e+00 -4.618336912244558334e-03 0.000000000000000000e+00 5.000000000000000000e+01 0.000000000000000000e+00
4.902522861957550049e-01 4.711540043354034424e-01 -4.229038953781127930e-02 -3.895602747797966003e-02 -1.115702438354492188e+01 0.000000000000000000e+00 -4.618336912244558334e-03 0.000000000000000000e+00 5.000000000000000000e+01 0.000000000000000000e+00
4.902522861957550049e-01 4.711540043354034424e-01 -4.229038953781127930e-02 -3.895602747797966003e-02 -1.115702438354492188e+01 0.000000000000000000e+00 -4.618336912244558334e-03 0.000000000000000000e+00 5.000000000000000000e+01 0.000000000000000000e+00
4.902522861957550049e-01 4.711540043354034424e-01 -4.229038953781127930e-02 -3.895602747797966003e-02 -1.115702438354492188e+01 0.000000000000000000e+00 -4.618336912244558334e-03 0.000000000000000000e+00 5.000000000000000000e+01 0.000000000000000000e+00
4.902522861957550049e-01 4.711540043354034424e-01 -4.229038953781127930e-02 -3.895602747797966003e-02 -1.115702438354492188e+01 0.000000000000000000e+00 -4.618336912244558334e-03 0.000000000000000000e+00 5.000000000000000000e+01 0.000000000000000000e+00
4.902522861957550049e-01 4.711540043354034424e-01 -4.229038953781127930e-02 -3.895602747797966003e-02 -1.115702438354492188e+01 0.000000000000000000e+00 -4.618336912244558334e-03 0.000000000000000000e+00 5.000000000000000000e+01 0.000000000000000000e+00
4.902522861957550049e-01 4.711540043354034424e-01 -4.229038953781127930e-02 -3.895602747797966003e-02 -1.115702438354492188e+01 0.000000000000000000e+00 -4.618336912244558334e-03 0.000000000000000000e+00 5.000000000000000000e+01 0.000000000000000000e+00
4.902522861957550049e-01 4.711540043354034424e-01 -4.229038953781127930e-02 -3.895602747797966003e-02 -1.115702438354492188e+01 0.000000000000000000e+00 -4.618336912244558334e-03 0.000000000000000000e+00 5.000000000000000000e+01 0.000000000000000000e+00
4.902522861957550049e-01 4.711540043354034424e-01 -4.229038953781127930e-02 -3.895602747797966003e-02 -1.115702438354492188e+01 0.000000000000000000e+00 -4.618336912244558334e-03 0.000000000000000000e+00 5.000000000000000000e+01 0.000000000000000000e+00
4.902522861957550049e-01 4.711540043354034424e-01 -4.229038953781127930e-02 -3.895602747797966003e-02 -1.115702438354492188e+01 0.000000000000000000e+00 -4.618336912244558334e-03 0.000000000000000000e+00 5.000000000000000000e+01 0.000000000000000000e+00
4.902522861957550049e-01 4.711540043354034424e-01 -4.229038953781127930e-02 -3.895602747797966003e-02 -1.115702438354492188e+01 0.000000000000000000e+00 -4.618336912244558334e-03 0.000000000000000000e+00 5.000000000000000000e+01 0.000000000000000000e+00
4.902522861957550049e-01 4.711540043354034424e-01 -4.229038953781127930e-02 -3.895602747797966003e-02 -1.115702438354492188e+01 0.000000000000000000e+00 -4.618336912244558334e-03 0.000000000000000000e+00 5.000000000000000000e+01 0.000000000000000000e+00
4.902522861957550049e-01 4.711540043354034424e-01 -4.229038953781127930e-02 -3.895602747797966003e-02 -1.115702438354492188e+01 0.000000000000000000e+00 -4.618336912244558334e-03 0.000000000000000000e+00 5.000000000000000000e+01 0.000000000000000000e+00
4.902522861957550049e-01 4.711540043354034424e-01 -4.229038953781127930e-02 -3.895602747797966003e-02 -1.115702438354492188e+01 0.000000000000000000e+00 -4.618336912244558334e-03 0.000000000000000000e+00 5.000000000000000000e+01 0.000000000000000000e+00
4.902522861957550049e-01 4.711540043354034424e-01 -4.229038953781127930e-02 -3.895602747797966003e-02 -1.115702438354492188e+01 0.000000000000000000e+00 -4.618336912244558334e-03 0.000000000000000000e+00 5.000000000000000000e+01 0.000000000000000000e+00
4.902522861957550049e-01 4.711540043354034424e-01 -4.229038953781127930e-02 -3.895602747797966003e-02 -1.115702438354492188e+01 0.000000000000000000e+00 -4.618336912244558334e-03 0.000000000000000000e+00 5.000000000000000000e+01 0.000000000000000000e+00
4.902522861957550049e-01 4.711540043354034424e-01 -4.229038953781127930e-02 -3.895602747797966003e-02 -1.115702438354492188e+01 0.000000000000000000e+00 -4.618336912244558334e-03 0.000000000000000000e+00 5.000000000000000000e+01 0.000000000000000000e+00
4.902522861957550049e-01 4.711540043354034424e-01 -4.229038953781127930e-02 -3.895602747797966003e-02 -1.115702438354492188e+01 0.000000000000000000e+00 -4.618336912244558334e-03 0.000000000000000000e+00 5.000000000000000000e+01 0.000000000000000000e+00
4.902522861957550049e-01 4.711540043354034424e-01 -4.229038953781127930e-02 -3.895602747797966003e-02 -1.115702438354492188e+01 0.000000000000000000e+00 -4.618336912244558334e-03 0.000000000000000000e+00 5.000000000000000000e+01 0.000000000000000000e+00
4.902522861957550049e-01 4.711540043354034424e-01 -4.229038953781127930e-02 -3.895602747797966003e-02 -1.115702438354492188e+01 0.000000000000000000e+00 -4.618336912244558334e-03 0.000000000000000000e+00 5.000000000000000000e+01 0.000000000000000000e+00
4.902522861957550049e-01 4.711540043354034424e-01 -4.229038953781127930e-02 -3.895602747797966003e-02 -1.115702438354492188e+01 0.000000000000000000e+00 -4.618336912244558334e-03 0.000000000000000000e+00 5.000000000000000000e+01 0.000000000000000000e+00
4.902522861957550049e-01 4.711540043354034424e-01 -4.229038953781127930e-02 -3.895602747797966003e-02 -1.115702438354492188e+01 0.000000000000000000e+00 -4.618336912244558334e-03 0.000000000000000000e+00 5.000000000000000000e+01 0.000000000000000000e+00
4.902522861957550049e-01 4.711540043354034424e-01 -4.229038953781127930e-02 -3.895602747797966003e-02 -1.115702438354492188e+01 0.000000000000000000e+00 -4.618336912244558334e-03 0.000000000000000000e+00 5.000000000000000000e+01 0.000000000000000000e+00
4.902522861957550049e-01 4.711540043354034424e-01 -4.229038953781127930e-02 -3.895602747797966003e-02 -1.115702438354492188e+01 0.000000000000000000e+00 -4.618336912244558334e-03 0.000000000000000000e+00 5.000000000000000000e+01 0.000000000000000000e+00
4.902522861957550049e-01 4.711540043354034424e-01 -4.229038953781127930e-02 -3.895602747797966003e-02 -1.115702438354492188e+01 0.000000000000000000e+00 -4.618336912244558334e-03 0.000000000000000000e+00 5.000000000000000000e+01 0.000000000000000000e+00
4.902522861957550049e-01 4.711540043354034424e-01 -4.229038953781127930e-02 -3.895602747797966003e-02 -1.115702438354492188e+01 0.000000000000000000e+00 -4.618336912244558334e-03 0.000000000000000000e+00 5.000000000000000000e+01 0.000000000000000000e+00
4.902522861957550049e-01 4.711540043354034424e-01 -4.229038953781127930e-02 -3.895602747797966003e-02 -1.115702438354492188e+01 0.000000000000000000e+00 -4.618336912244558334e-03 0.000000000000000000e+00 5.000000000000000000e+01 0.000000000000000000e+00
4.902522861957550049e-01 4.711540043354034424e-01 -4.229038953781127930e-02 -3.895602747797966003e-02 -1.115702438354492188e+01 0.000000000000000000e+00 -4.618336912244558334e-03 0.000000000000000000e+00 5.000000000000000000e+01 0.000000000000000000e+00
4.902522861957550049e-01 4.711540043354034424e-01 -4.229038953781127930e-02 -3.895602747797966003e-02 -1.115702438354492188e+01 0.000000000000000000e+00 -4.618336912244558334e-03 0.000000000000000000e+00 5.000000000000000000e+01 0.000000000000000000e+00
4.902522861957550049e-01 4.711540043354034424e-01 -4.229038953781127930e-02 -3.895602747797966003e-02 -1.115702438354492188e+01 0.000000000000000000e+00 -4.618336912244558334e-03 0.000000000000000000e+00 5.000000000000000000e+01 0.000000000000000000e+00
4.902522861957550049e-01 4.711540043354034424e-01 -4.229038953781127930e-02 -3.895602747797966003e-02 -1.115702438354492188e+01 0.000000000000000000e+00 -4.618336912244558334e-03 0.000000000000000000e+00 5.000000000000000000e+01 0.000000000000000000e+00
4.902522861957550049e-01 4.711540043354034424e-01 -4.229038953781127930e-02 -3.895602747797966003e-02 -1.115702438354492188e+01 0.000000000000000000e+00 -4.618336912244558334e-03 0.000000000000000000e+00 5.000000000000000000e+01 0.000000000000000000e+00
4.902522861957550049e-01 4.711540043354034424e-01 -4.229038953781127930e-02 -3.895602747797966003e-02 -1.115702438354492188e+01 0.000000000000000000e+00 -4.618336912244558334e-03 0.000000000000000000e+00 5.000000000000000000e+01 0.000000000000000000e+00
4.902522861957550049e-01 4.711540043354034424e-01 -4.229038953781127930e-02 -3.895602747797966003e-02 -1.115702438354492188e+01 0.000000000000000000e+00 -4.618336912244558334e-03 0.000000000000000000e+00 5.000000000000000000e+01 0.000000000000000000e+00
4.902522861957550049e-01 4.711540043354034424e-01 -4.229038953781127930e-02 -3.895602747797966003e-02 -1.115702438354492188e+01 0.000000000000000000e+00 -4.618336912244558334e-03 0.000000000000000000e+00 5.000000000000000000e+01 0.000000000000000000e+00
4.902522861957550049e-01 4.711540043354034424e-01 -4.229038953781127930e-02 -3.895602747797966003e-02 -1.115702438354492188e+01 0.000000000000000000e+00 -4.618336912244558334e-03 0.000000000000000000e+00 5.000000000000000000e+01 0.000000000000000000e+00
4.902522861957550049e-01 4.711540043354034424e-01 -4.229038953781127930e-02 -3.895602747797966003e-02 -1.115702438354492188e+01 0.000000000000000000e+00 -4.618336912244558334e-03 0.000000000000000000e+00 5.000000000000000000e+01 0.000000000000000000e+00
4.902522861957550049e-01 4.711540043354034424e-01 -4.229038953781127930e-02 -3.895602747797966003e-02 -1.115702438354492188e+01 0.000000000000000000e+00 -4.618336912244558334e-03 0.000000000000000000e+00 5.000000000000000000e+01 0.000000000000000000e+00
4.902522861957550049e-01 4.711540043354034424e-01 -4.229038953781127930e-02 -3.895602747797966003e-02 -1.115702438354492188e+01 0.000000000000000000e+00 -4.618336912244558334e-03 0.000000000000000000e+00 5.000000000000000000e+01 0.000000000000000000e+00
4.902522861957550049e-01 4.711540043354034424e-01 -4.229038953781127930e-02 -3.895602747797966003e-02 -1.115702438354492188e+01 0.000000000000000000e+00 -4.618336912244558334e-03 0.000000000000000000e+00 5.000000000000000000e+01 0.000000000000000000e+00
4.902522861957550049e-01 4.711540043354034424e-01 -4.229038953781127930e-02 -3.895602747797966003e-02 -1.115702438354492188e+01 0.000000000000000000e+00 -4.618336912244558334e-03 0.000000000000000000e+00 5.000000000000000000e+01 0.000000000000000000e+00
4.902522861957550049e-01 4.711540043354034424e-01 -4.229038953781127930e-02 -3.895602747797966003e-02 -1.115702438354492188e+01 0.000000000000000000e+00 -4.618336912244558334e-03 0.000000000000000000e+00 5.000000000000000000e+01 0.000000000000000000e+00
4.902522861957550049e-01 4.711540043354034424e-01 -4.229038953781127930e-02 -3.895602747797966003e-02 -1.115702438354492188e+01 0.000000000000000000e+00 -4.618336912244558334e-03 0.000000000000000000e+00 5.000000000000000000e+01 0.000000000000000000e+00
4.902522861957550049e-01 4.711540043354034424e-01 -4.229038953781127930e-02 -3.895602747797966003e-02 -1.115702438354492188e+01 0.000000000000000000e+00 -4.618336912244558334e-03 0.000000000000000000e+00 5.000000000000000000e+01 0.000000000000000000e+00
4.902522861957550049e-01 4.711540043354034424e-01 -4.229038953781127930e-02 -3.895602747797966003e-02 -1.115702438354492188e+01 0.000000000000000000e+00 -4.618336912244558334e-03 0.000000000000000000e+00 5.000000000000000000e+01 0.000000000000000000e+00
4.902522861957550049e-01 4.711540043354034424e-01 -4.229038953781127930e-02 -3.895602747797966003e-02 -1.115702438354492188e+01 0.000000000000000000e+00 -4.618336912244558334e-03 0.000000000000000000e+00 5.000000000000000000e+01 0.000000000000000000e+00
4.902522861957550049e-01 4.711540043354034424e-01 -4.229038953781127930e-02 -3.895602747797966003e-02 -1.115702438354492188e+01 0.000000000000000000e+00 -4.618336912244558334e-03 0.000000000000000000e+00 5.000000000000000000e+01 0.000000000000000000e+00
4.902522861957550049e-01 4.711540043354034424e-01 -4.229038953781127930e-02 -3.895602747797966003e-02 -1.115702438354492188e+01 0.000000000000000000e+00 -4.618336912244558334e-03 0.000000000000000000e+00 5.000000000000000000e+01 0.000000000000000000e+00
4.902522861957550049e-01 4.711540043354034424e-01 -4.229038953781127930e-02 -3.895602747797966003e-02 -1.115702438354492188e+01 0.000000000000000000e+00 -4.618336912244558334e-03 0.000000000000000000e+00 5.000000000000000000e+01 0.000000000000000000e+00
4.902522861957550049e-01 4.711540043354034424e-01 -4.229038953781127930e-02 -3.895602747797966003e-02 -1.115702438354492188e+01 0.000000000000000000e+00 -4.618336912244558334e-03 0.000000000000000000e+00 5.000000000000000000e+01 0.000000000000000000e+00
