4.419503808021545410e-01 2.128339707851409912e-01 -5.154716968536376953e-01 -5.184211134910583496e-01 -1.201475219726562500e+02 -1.012118988037109375e+02 -4.973384365439414978e-02 -1.293531954288482666e-01 3.530000000000000000e+02 3.030000000000000000e+02
4.419503808021545410e-01 2.990758419036865234e-01 -3.378167748451232910e-01 -3.232818543910980225e-01 -8.526895141601562500e+01 -6.633332061767578125e+01 -3.529621660709381104e-02 -8.477686345577239990e-02 2.500000000000000000e+02 2.000000000000000000e+02
4.419503808021545410e-01 3.211058080196380615e-01 -2.882845997810363770e-01 -2.734346985816955566e-01 -7.962063598632812500e+01 -6.068501281738281250e+01 -3.295815363526344299e-02 -7.755807787179946899e-02 2.320000000000000000e+02 1.820000000000000000e+02
4.419503808021545410e-01 3.277385532855987549e-01 -2.741960585117340088e-01 -2.584268152713775635e-01 -7.703616333007812500e+01 -5.810054016113281250e+01 -3.188833594322204590e-02 -7.425501197576522827e-02 2.260000000000000000e+02 1.760000000000000000e+02
4.419503808021545410e-01 3.320558965206146240e-01 -2.644928991794586182e-01 -2.486579716205596924e-01 -7.394084167480468750e+01 -5.500521087646484375e+01 -3.060705959796905518e-02 -7.029904425144195557e-02 2.180000000000000000e+02 1.680000000000000000e+02
4.419503808021545410e-01 3.352816700935363770e-01 -2.568537592887878418e-01 -2.413590252399444580e-01 -7.101046752929687500e+01 -5.207484436035156250e+01 -2.939406037330627441e-02 -6.655391305685043335e-02 2.110000000000000000e+02 1.610000000000000000e+02
4.419503808021545410e-01 3.354640901088714600e-01 -2.559648752212524414e-01 -2.409462630748748779e-01 -6.838020324707031250e+01 -4.944457244873046875e+01 -2.830529026687145233e-02 -6.319230794906616211e-02 2.050000000000000000e+02 1.550000000000000000e+02
4.419503808021545410e-01 3.348537385463714600e-01 -2.563502788543701172e-01 -2.423273026943206787e-01 -6.752200317382812500e+01 -4.858637619018554688e+01 -2.795004658401012421e-02 -6.209549680352210999e-02 2.020000000000000000e+02 1.520000000000000000e+02
4.419503808021545410e-01 3.363449275493621826e-01 -2.528446912765502930e-01 -2.389531880617141724e-01 -6.636513519287109375e+01 -4.742950820922851562e+01 -2.747117355465888977e-02 -6.061697006225585938e-02 1.990000000000000000e+02 1.490000000000000000e+02
4.419503808021545410e-01 3.372517228126525879e-01 -2.508946061134338379e-01 -2.369013875722885132e-01 -6.582812500000000000e+01 -4.689249038696289062e+01 -2.724888361990451813e-02 -5.993063747882843018e-02 1.980000000000000000e+02 1.480000000000000000e+02
4.419503808021545410e-01 3.401437997817993164e-01 -2.436264008283615112e-01 -2.303574979305267334e-01 -6.462355804443359375e+01 -4.568793106079101562e+01 -2.675026468932628632e-02 -5.839115753769874573e-02 1.950000000000000000e+02 1.450000000000000000e+02
4.419503808021545410e-01 3.442537486553192139e-01 -2.363325208425521851e-01 -2.210579216480255127e-01 -5.806261825561523438e+01 -3.912699127197265625e+01 -2.403442934155464172e-02 -5.000599101185798645e-02 1.770000000000000000e+02 1.270000000000000000e+02
4.419503808021545410e-01 3.474110066890716553e-01 -2.295051068067550659e-01 -2.139140069484710693e-01 -5.498677062988281250e+01 -3.605113983154296875e+01 -2.276121452450752258e-02 -4.607491940259933472e-02 1.690000000000000000e+02 1.190000000000000000e+02
4.419503808021545410e-01 3.576371371746063232e-01 -2.060487717390060425e-01 -1.907753646373748779e-01 -5.191608810424804688e+01 -3.298046112060546875e+01 -2.149013616144657135e-02 -4.215046018362045288e-02 1.580000000000000000e+02 1.080000000000000000e+02
4.419503808021545410e-01 3.630499243736267090e-01 -1.938630193471908569e-01 -1.785278618335723877e-01 -5.099097824096679688e+01 -3.205534744262695312e+01 -2.110719680786132812e-02 -4.096812382340431213e-02 1.570000000000000000e+02 1.070000000000000000e+02
4.419503808021545410e-01 3.693518638610839844e-01 -1.791106015443801880e-01 -1.642684787511825562e-01 -4.893354034423828125e+01 -2.999791336059570312e+01 -2.025554142892360687e-02 -3.833863511681556702e-02 1.480000000000000000e+02 9.800000000000000000e+01
4.419503808021545410e-01 3.719893693923950195e-01 -1.701588630676269531e-01 -1.583006083965301514e-01 -4.633709716796875000e+01 -2.740146636962890625e+01 -1.918076910078525543e-02 -3.502026200294494629e-02 1.430000000000000000e+02 9.300000000000000000e+01
4.419503808021545410e-01 3.789058923721313477e-01 -1.530215889215469360e-01 -1.426506042480468750e-01 -4.452820205688476562e+01 -2.559257316589355469e+01 -1.843199692666530609e-02 -3.270841762423515320e-02 1.390000000000000000e+02 8.900000000000000000e+01
4.419503808021545410e-01 3.840735554695129395e-01 -1.414386779069900513e-01 -1.309577524662017822e-01 -4.412194061279296875e+01 -2.518630981445312500e+01 -1.826382800936698914e-02 -3.218919783830642700e-02 1.370000000000000000e+02 8.700000000000000000e+01
4.419503808021545410e-01 3.870352804660797119e-01 -1.353161931037902832e-01 -1.242562606930732727e-01 -4.297572326660156250e+01 -2.404009819030761719e+01 -1.778936386108398438e-02 -3.072428889572620392e-02 1.340000000000000000e+02 8.400000000000000000e+01
4.419503808021545410e-01 3.975977301597595215e-01 -1.105638295412063599e-01 -1.003566309809684753e-01 -3.646998214721679688e+01 -1.753435134887695312e+01 -1.509637851268053055e-02 -2.240966260433197021e-02 1.140000000000000000e+02 6.400000000000000000e+01
4.419503808021545410e-01 3.924133181571960449e-01 -1.217497438192367554e-01 -1.120873838663101196e-01 -3.159106826782226562e+01 -1.265543937683105469e+01 -1.307680178433656693e-02 -1.617420092225074768e-02 1.040000000000000000e+02 5.400000000000000000e+01
4.419503808021545410e-01 3.935750424861907959e-01 -1.176422312855720520e-01 -1.094587519764900208e-01 -2.878227233886718750e+01 -9.846642494201660156e+00 -1.191412843763828278e-02 -1.258443668484687805e-02 9.700000000000000000e+01 4.700000000000000000e+01
4.419503808021545410e-01 3.962315320968627930e-01 -1.108451038599014282e-01 -1.034479215741157532e-01 -2.605459213256835938e+01 -7.118963241577148438e+00 -1.078503299504518509e-02 -9.098343551158905029e-03 8.700000000000000000e+01 3.700000000000000000e+01
4.419503808021545410e-01 3.973844945430755615e-01 -1.080198064446449280e-01 -1.008391156792640686e-01 -2.554942703247070312e+01 -6.613799095153808594e+00 -1.057592500001192093e-02 -8.452721871435642242e-03 8.500000000000000000e+01 3.500000000000000000e+01
4.419503808021545410e-01 3.962581455707550049e-01 -1.108579635620117188e-01 -1.033877059817314148e-01 -2.520781898498535156e+01 -6.272190093994140625e+00 -1.043452043086290359e-02 -8.016130886971950531e-03 8.400000000000000000e+01 3.400000000000000000e+01
4.419503808021545410e-01 3.692158758640289307e-01 -1.629602611064910889e-01 -1.645761728286743164e-01 -2.437276458740234375e+01 -5.437134742736816406e+00 -1.008885819464921951e-02 -6.948894355446100235e-03 8.100000000000000000e+01 3.100000000000000000e+01
4.419503808021545410e-01 3.720331490039825439e-01 -1.553343236446380615e-01 -1.582015454769134521e-01 -2.389859390258789062e+01 -4.962965011596679688e+00 -9.892580099403858185e-03 -6.342884618788957596e-03 7.900000000000000000e+01 2.900000000000000000e+01
4.419503808021545410e-01 3.704703450202941895e-01 -1.597152650356292725e-01 -1.617376953363418579e-01 -2.323348045349121094e+01 -4.297851562500000000e+00 -9.617262519896030426e-03 -5.492840893566608429e-03 7.800000000000000000e+01 2.800000000000000000e+01
4.419503808021545410e-01 3.648566305637359619e-01 -1.716336458921432495e-01 -1.744398325681686401e-01 -2.099099349975585938e+01 -2.055365324020385742e+00 -8.689008653163909912e-03 -2.626846078783273697e-03 6.900000000000000000e+01 1.900000000000000000e+01
4.419503808021545410e-01 3.645065128803253174e-01 -1.716060787439346313e-01 -1.752320379018783569e-01 -1.983065032958984375e+01 -8.950210213661193848e-01 -8.208695799112319946e-03 -1.143875648267567158e-03 6.500000000000000000e+01 1.500000000000000000e+01
4.419503808021545410e-01 3.630289137363433838e-01 -1.749100089073181152e-01 -1.785753965377807617e-01 -1.972121429443359375e+01 -7.855846881866455078e-01 -8.163396269083023071e-03 -1.004011370241641998e-03 6.300000000000000000e+01 1.300000000000000000e+01
4.419503808021545410e-01 3.630289137363433838e-01 -1.749100089073181152e-01 -1.785753965377807617e-01 -1.972121429443359375e+01 -7.855846881866455078e-01 -8.163396269083023071e-03 -1.004011370241641998e-03 6.300000000000000000e+01 1.300000000000000000e+01
4.419503808021545410e-01 3.797247111797332764e-01 -1.375494301319122314e-01 -1.407978683710098267e-01 -1.945691299438476562e+01 -5.212836861610412598e-01 -8.053991012275218964e-03 -6.662231753580272198e-04 6.100000000000000000e+01 1.100000000000000000e+01
4.419503808021545410e-01 3.777028322219848633e-01 -1.420348137617111206e-01 -1.453727632761001587e-01 -1.938925552368164062e+01 -4.536286592483520508e-01 -8.025985211133956909e-03 -5.797570920549333096e-04 6.000000000000000000e+01 1.000000000000000000e+01
4.419503808021545410e-01 3.832158446311950684e-01 -1.300567537546157837e-01 -1.328984797000885010e-01 -1.932596969604492188e+01 -3.903433084487915039e-01 -7.999788969755172729e-03 -4.988756845705211163e-04 5.900000000000000000e+01 9.000000000000000000e+00
4.419503808021545410e-01 3.880776166915893555e-01 -1.190620660781860352e-01 -1.218977645039558411e-01 -1.915692138671875000e+01 -2.212944626808166504e-01 -7.929813116788864136e-03 -2.828239230439066887e-04 5.600000000000000000e+01 6.000000000000000000e+00
4.419503808021545410e-01 3.880776166915893555e-01 -1.190620660781860352e-01 -1.218977645039558411e-01 -1.915692138671875000e+01 -2.212944626808166504e-01 -7.929813116788864136e-03 -2.828239230439066887e-04 5.600000000000000000e+01 6.000000000000000000e+00
4.419503808021545410e-01 4.099501371383666992e-01 -7.653889805078506470e-02 -7.240687310695648193e-02 -1.901202964782714844e+01 -7.640075683593750000e-02 -7.869835942983627319e-03 -9.764348214957863092e-05 5.200000000000000000e+01 2.000000000000000000e+00
4.419503808021545410e-01 4.121266007423400879e-01 -7.129362225532531738e-02 -6.748218834400177002e-02 -1.896828269958496094e+01 -3.265428543090820312e-02 -7.851727306842803955e-03 -4.173359411652199924e-05 5.100000000000000000e+01 1.000000000000000000e+00
4.419503808021545410e-01 4.121266007423400879e-01 -7.129362225532531738e-02 -6.748218834400177002e-02 -1.896828269958496094e+01 -3.265428543090820312e-02 -7.851727306842803955e-03 -4.173359411652199924e-05 5.100000000000000000e+01 1.000000000000000000e+00
4.419503808021545410e-01 4.131915569305419922e-01 -6.888329237699508667e-02 -6.507251411676406860e-02 -1.893562889099121094e+01 0.000000000000000000e+00 -7.838211022317409515e-03 0.000000000000000000e+00 5.000000000000000000e+01 0.000000000000000000e+00
4.419503808021545410e-01 4.131915569305419922e-01 -6.888329237699508667e-02 -6.507251411676406860e-02 -1.893562889099121094e+01 0.000000000000000000e+00 -7.838211022317409515e-03 0.000000000000000000e+00 5.000000000000000000e+01 0.000000000000000000e+00
4.419503808021545410e-01 4.131915569305419922e-01 -6.888329237699508667e-02 -6.507251411676406860e-02 -1.893562889099121094e+01 0.000000000000000000e+00 -7.838211022317409515e-03 0.000000000000000000e+00 5.000000000000000000e+01 0.000000000000000000e+00
4.419503808021545410e-01 4.131915569305419922e-01 -6.888329237699508667e-02 -6.507251411676406860e-02 -1.893562889099121094e+01 0.000000000000000000e+00 -7.838211022317409515e-03 0.000000000000000000e+00 5.000000000000000000e+01 0.000000000000000000e+00
4.419503808021545410e-01 4.131915569305419922e-01 -6.888329237699508667e-02 -6.507251411676406860e-02 -1.893562889099121094e+01 0.000000000000000000e+00 -7.838211022317409515e-03 0.000000000000000000e+00 5.000000000000000000e+01 0.000000000000000000e+00
4.419503808021545410e-01 4.131915569305419922e-01 -6.888329237699508667e-02 -6.507251411676406860e-02 -1.893562889099121094e+01 0.000000000000000000e+00 -7.838211022317409515e-03 0.000000000000000000e+00 5.000000000000000000e+01 0.000000000000000000e+00
4.419503808021545410e-01 4.131915569305419922e-01 -6.888329237699508667e-02 -6.507251411676406860e-02 -1.893562889099121094e+01 0.000000000000000000e+00 -7.838211022317409515e-03 0.000000000000000000e+00 5.000000000000000000e+01 0.000000000000000000e+00
4.419503808021545410e-01 4.131915569305419922e-01 -6.888329237699508667e-02 -6.507251411676406860e-02 -1.893562889099121094e+01 0.000000000000000000e+00 -7.838211022317409515e-03 0.000000000000000000e+00 5.000000000000000000e+01 0.000000000000000000e+00
4.419503808021545410e-01 4.131915569305419922e-01 -6.888329237699508667e-02 -6.507251411676406860e-02 -1.893562889099121094e+01 0.000000000000000000e+00 -7.838211022317409515e-03 0.000000000000000000e+00 5.000000000000000000e+01 0.000000000000000000e+00
4.419503808021545410e-01 4.131915569305419922e-01 -6.888329237699508667e-02 -6.507251411676406860e-02 -1.893562889099121094e+01 0.000000000000000000e+00 -7.838211022317409515e-03 0.000000000000000000e+00 5.000000000000000000e+01 0.000000000000000000e+00
4.419503808021545410e-01 4.131915569305419922e-01 -6.888329237699508667e-02 -6.507251411676406860e-02 -1.893562889099121094e+01 0.000000000000000000e+00 -7.838211022317409515e-03 0.000000000000000000e+00 5.000000000000000000e+01 0.000000000000000000e+00
4.419503808021545410e-01 4.131915569305419922e-01 -6.888329237699508667e-02 -6.507251411676406860e-02 -1.893562889099121094e+01 0.000000000000000000e+00 -7.838211022317409515e-03 0.000000000000000000e+00 5.000000000000000000e+01 0.000000000000000000e+00
4.419503808021545410e-01 4.131915569305419922e-01 -6.888329237699508667e-02 -6.507251411676406860e-02 -1.893562889099121094e+01 0.000000000000000000e+00 -7.838211022317409515e-03 0.000000000000000000e+00 5.000000000000000000e+01 0.000000000000000000e+00
4.419503808021545410e-01 4.131915569305419922e-01 -6.888329237699508667e-02 -6.507251411676406860e-02 -1.893562889099121094e+01 0.000000000000000000e+00 -7.838211022317409515e-03 0.000000000000000000e+00 5.000000000000000000e+01 0.000000000000000000e+00
4.419503808021545410e-01 4.131915569305419922e-01 -6.888329237699508667e-02 -6.507251411676406860e-02 -1.893562889099121094e+01 0.000000000000000000e+00 -7.838211022317409515e-03 0.000000000000000000e+00 5.000000000000000000e+01 0.000000000000000000e+00
4.419503808021545410e-01 4.131915569305419922e-01 -6.888329237699508667e-02 -6.507251411676406860e-02 -1.893562889099121094e+01 0.000000000000000000e+00 -7.838211022317409515e-03 0.000000000000000000e+00 5.000000000000000000e+01 0.000000000000000000e+00
4.419503808021545410e-01 4.131915569305419922e-01 -6.888329237699508667e-02 -6.507251411676406860e-02 -1.893562889099121094e+01 0.000000000000000000e+00 -7.838211022317409515e-03 0.000000000000000000e+00 5.000000000000000000e+01 0.000000000000000000e+00
4.419503808021545410e-01 4.131915569305419922e-01 -6.888329237699508667e-02 -6.507251411676406860e-02 -1.893562889099121094e+01 0.000000000000000000e+00 -7.838211022317409515e-03 0.000000000000000000e+00 5.000000000000000000e+01 0.000000000000000000e+00
4.419503808021545410e-01 4.131915569305419922e-01 -6.888329237699508667e-02 -6.507251411676406860e-02 -1.893562889099121094e+01 0.000000000000000000e+00 -7.838211022317409515e-03 0.000000000000000000e+00 5.000000000000000000e+01 0.000000000000000000e+00
4.419503808021545410e-01 4.131915569305419922e-01 -6.888329237699508667e-02 -6.507251411676406860e-02 -1.893562889099121094e+01 0.000000000000000000e+00 -7.838211022317409515e-03 0.000000000000000000e+00 5.000000000000000000e+01 0.000000000000000000e+00
4.419503808021545410e-01 4.131915569305419922e-01 -6.888329237699508667e-02 -6.507251411676406860e-02 -1.893562889099121094e+01 0.000000000000000000e+00 -7.838211022317409515e-03 0.000000000000000000e+00 5.000000000000000000e+01 0.000000000000000000e+00
4.419503808021545410e-01 4.131915569305419922e-01 -6.888329237699508667e-02 -6.507251411676406860e-02 -1.893562889099121094e+01 0.000000000000000000e+00 -7.838211022317409515e-03 0.000000000000000000e+00 5.000000000000000000e+01 0.000000000000000000e+00
4.419503808021545410e-01 4.131915569305419922e-01 -6.888329237699508667e-02 -6.507251411676406860e-02 -1.893562889099121094e+01 0.000000000000000000e+00 -7.838211022317409515e-03 0.000000000000000000e+00 5.000000000000000000e+01 0.000000000000000000e+00
4.419503808021545410e-01 4.131915569305419922e-01 -6.888329237699508667e-02 -6.507251411676406860e-02 -1.893562889099121094e+01 0.000000000000000000e+00 -7.838211022317409515e-03 0.000000000000000000e+00 5.000000000000000000e+01 0.000000000000000000e+00
4.419503808021545410e-01 4.131915569305419922e-01 -6.888329237699508667e-02 -6.507251411676406860e-02 -1.893562889099121094e+01 0.000000000000000000e+00 -7.838211022317409515e-03 0.000000000000000000e+00 5.000000000000000000e+01 0.000000000000000000e+00
4.419503808021545410e-01 4.131915569305419922e-01 -6.888329237699508667e-02 -6.507251411676406860e-02 -1.893562889099121094e+01 0.000000000000000000e+00 -7.838211022317409515e-03 0.000000000000000000e+00 5.000000000000000000e+01 0.000000000000000000e+00
4.419503808021545410e-01 4.131915569305419922e-01 -6.888329237699508667e-02 -6.507251411676406860e-02 -1.893562889099121094e+01 0.000000000000000000e+00 -7.838211022317409515e-03 0.000000000000000000e+00 5.000000000000000000e+01 0.000000000000000000e+00
4.419503808021545410e-01 4.131915569305419922e-01 -6.888329237699508667e-02 -6.507251411676406860e-02 -1.893562889099121094e+01 0.000000000000000000e+00 -7.838211022317409515e-03 0.000000000000000000e+00 5.000000000000000000e+01 0.000000000000000000e+00
4.419503808021545410e-01 4.131915569305419922e-01 -6.888329237699508667e-02 -6.507251411676406860e-02 -1.893562889099121094e+01 0.000000000000000000e+00 -7.838211022317409515e-03 0.000000000000000000e+00 5.000000000000000000e+01 0.000000000000000000e+00
4.419503808021545410e-01 4.131915569305419922e-01 -6.888329237699508667e-02 -6.507251411676406860e-02 -1.893562889099121094e+01 0.000000000000000000e+00 -7.838211022317409515e-03 0.000000000000000000e+00 5.000000000000000000e+01 0.000000000000000000e+00
4.419503808021545410e-01 4.131915569305419922e-01 -6.888329237699508667e-02 -6.507251411676406860e-02 -1.893562889099121094e+01 0.000000000000000000e+00 -7.838211022317409515e-03 0.000000000000000000e+00 5.000000000000000000e+01 0.000000000000000000e+00
4.419503808021545410e-01 4.131915569305419922e-01 -6.888329237699508667e-02 -6.507251411676406860e-02 -1.893562889099121094e+01 0.000000000000000000e+00 -7.838211022317409515e-03 0.000000000000000000e+00 5.000000000000000000e+01 0.000000000000000000e+00
4.419503808021545410e-01 4.131915569305419922e-01 -6.888329237699508667e-02 -6.507251411676406860e-02 -1.893562889099121094e+01 0.000000000000000000e+00 -7.838211022317409515e-03 0.000000000000000000e+00 5.000000000000000000e+01 0.000000000000000000e+00
4.419503808021545410e-01 4.131915569305419922e-01 -6.888329237699508667e-02 -6.507251411676406860e-02 -1.893562889099121094e+01 0.000000000000000000e+00 -7.838211022317409515e-03 0.000000000000000000e+00 5.000000000000000000e+01 0.000000000000000000e+00
4.419503808021545410e-01 4.131915569305419922e-01 -6.888329237699508667e-02 -6.507251411676406860e-02 -1.893562889099121094e+01 0.000000000000000000e+00 -7.838211022317409515e-03 0.000000000000000000e+00 5.000000000000000000e+01 0.000000000000000000e+00
4.419503808021545410e-01 4.131915569305419922e-01 -6.888329237699508667e-02 -6.507251411676406860e-02 -1.893562889099121094e+01 0.000000000000000000e+00 -7.838211022317409515e-03 0.000000000000000000e+00 5.000000000000000000e+01 0.000000000000000000e+00
4.419503808021545410e-01 4.131915569305419922e-01 -6.888329237699508667e-02 -6.507251411676406860e-02 -1.893562889099121094e+01 0.000000000000000000e+00 -7.838211022317409515e-03 0.000000000000000000e+00 5.000000000000000000e+01 0.000000000000000000e+00
4.419503808021545410e-01 4.131915569305419922e-01 -6.888329237699508667e-02 -6.507251411676406860e-02 -1.893562889099121094e+01 0.000000000000000000e+00 -7.838211022317409515e-03 0.000000000000000000e+00 5.000000000000000000e+01 0.000000000000000000e+00
4.419503808021545410e-01 4.131915569305419922e-01 -6.888329237699508667e-02 -6.507251411676406860e-02 -1.893562889099121094e+01 0.000000000000000000e+00 -7.838211022317409515e-03 0.000000000000000000e+00 5.000000000000000000e+01 0.000000000000000000e+00
4.419503808021545410e-01 4.131915569305419922e-01 -6.888329237699508667e-02 -6.507251411676406860e-02 -1.893562889099121094e+01 0.000000000000000000e+00 -7.838211022317409515e-03 0.000000000000000000e+00 5.000000000000000000e+01 0.000000000000000000e+00
4.419503808021545410e-01 4.131915569305419922e-01 -6.888329237699508667e-02 -6.507251411676406860e-02 -1.893562889099121094e+01 0.000000000000000000e+00 -7.838211022317409515e-03 0.000000000000000000e+00 5.000000000000000000e+01 0.000000000000000000e+00
4.419503808021545410e-01 4.131915569305419922e-01 -6.888329237699508667e-02 -6.507251411676406860e-02 -1.893562889099121094e+01 0.000000000000000000e+00 -7.838211022317409515e-03 0.000000000000000000e+00 5.000000000000000000e+01 0.000000000000000000e+00
4.419503808021545410e-01 4.131915569305419922e-01 -6.888329237699508667e-02 -6.507251411676406860e-02 -1.893562889099121094e+01 0.000000000000000000e+00 -7.838211022317409515e-03 0.000000000000000000e+00 5.000000000000000000e+01 0.000000000000000000e+00
4.419503808021545410e-01 4.131915569305419922e-01 -6.888329237699508667e-02 -6.507251411676406860e-02 -1.893562889099121094e+01 0.000000000000000000e+00 -7.838211022317409515e-03 0.000000000000000000e+00 5.000000000000000000e+01 0.000000000000000000e+00
4.419503808021545410e-01 4.131915569305419922e-01 -6.888329237699508667e-02 -6.507251411676406860e-02 -1.893562889099121094e+01 0.000000000000000000e+00 -7.838211022317409515e-03 0.000000000000000000e+00 5.000000000000000000e+01 0.000000000000000000e+00
4.419503808021545410e-01 4.131915569305419922e-01 -6.888329237699508667e-02 -6.507251411676406860e-02 -1.893562889099121094e+01 0.000000000000000000e+00 -7.838211022317409515e-03 0.000000000000000000e+00 5.000000000000000000e+01 0.000000000000000000e+00
4.419503808021545410e-01 4.131915569305419922e-01 -6.888329237699508667e-02 -6.507251411676406860e-02 -1.893562889099121094e+01 0.000000000000000000e+00 -7.838211022317409515e-03 0.000000000000000000e+00 5.000000000000000000e+01 0.000000000000000000e+00
4.419503808021545410e-01 4.131915569305419922e-01 -6.888329237699508667e-02 -6.507251411676406860e-02 -1.893562889099121094e+01 0.000000000000000000e+00 -7.838211022317409515e-03 0.000000000000000000e+00 5.000000000000000000e+01 0.000000000000000000e+00
4.419503808021545410e-01 4.131915569305419922e-01 -6.888329237699508667e-02 -6.507251411676406860e-02 -1.893562889099121094e+01 0.000000000000000000e+00 -7.838211022317409515e-03 0.000000000000000000e+00 5.000000000000000000e+01 0.000000000000000000e+00
4.419503808021545410e-01 4.131915569305419922e-01 -6.888329237699508667e-02 -6.507251411676406860e-02 -1.893562889099121094e+01 0.000000000000000000e+00 -7.838211022317409515e-03 0.000000000000000000e+00 5.000000000000000000e+01 0.000000000000000000e+00
