4.539307653903961182e-01 3.157783746719360352e-01 -3.073563575744628906e-01 -3.043468296527862549e-01 -1.537730712890625000e+02 -1.337794342041015625e+02 -6.365279853343963623e-02 -1.547343730926513672e-01 3.940000000000000000e+02 3.440000000000000000e+02
4.539307653903961182e-01 3.849745988845825195e-01 -1.605179756879806519e-01 -1.519089937210083008e-01 -9.746722412109375000e+01 -7.747358703613281250e+01 -4.034556448459625244e-02 -8.960889279842376709e-02 2.640000000000000000e+02 2.140000000000000000e+02
4.539307653903961182e-01 3.887100815773010254e-01 -1.517258286476135254e-01 -1.436797976493835449e-01 -8.790904235839843750e+01 -6.791540527343750000e+01 -3.638905286788940430e-02 -7.855353504419326782e-02 2.410000000000000000e+02 1.910000000000000000e+02
4.539307653903961182e-01 3.989295959472656250e-01 -1.276174634695053101e-01 -1.211664304137229919e-01 -8.310408782958984375e+01 -6.311045074462890625e+01 -3.440009057521820068e-02 -7.299594581127166748e-02 2.270000000000000000e+02 1.770000000000000000e+02
4.539307653903961182e-01 4.045731723308563232e-01 -1.143909841775894165e-01 -1.087337434291839600e-01 -7.952436065673828125e+01 -5.953072357177734375e+01 -3.291830047965049744e-02 -6.885549426078796387e-02 2.180000000000000000e+02 1.680000000000000000e+02
4.539307653903961182e-01 4.072709977626800537e-01 -1.084021627902984619e-01 -1.027904972434043884e-01 -7.713508605957031250e+01 -5.714144897460937500e+01 -3.192928433418273926e-02 -6.609196960926055908e-02 2.120000000000000000e+02 1.620000000000000000e+02
4.539307653903961182e-01 4.136183559894561768e-01 -9.248741716146469116e-02 -8.880739659070968628e-02 -7.554589843750000000e+01 -5.555226135253906250e+01 -3.127145767211914062e-02 -6.425385177135467529e-02 2.070000000000000000e+02 1.570000000000000000e+02
4.539307653903961182e-01 4.164533913135528564e-01 -8.648883551359176636e-02 -8.256187289953231812e-02 -7.374204254150390625e+01 -5.374840927124023438e+01 -3.052476793527603149e-02 -6.216745078563690186e-02 2.020000000000000000e+02 1.520000000000000000e+02
4.539307653903961182e-01 4.176653921604156494e-01 -8.293677866458892822e-02 -7.989186048507690430e-02 -7.160897827148437500e+01 -5.161534118652343750e+01 -2.964180894196033478e-02 -5.970026180148124695e-02 1.970000000000000000e+02 1.470000000000000000e+02
4.539307653903961182e-01 4.191621243953704834e-01 -7.944224029779434204e-02 -7.659459114074707031e-02 -6.832131958007812500e+01 -4.832768249511718750e+01 -2.828091569244861603e-02 -5.589763075113296509e-02 1.890000000000000000e+02 1.390000000000000000e+02
4.539307653903961182e-01 4.201400578022003174e-01 -7.694809883832931519e-02 -7.444022595882415771e-02 -6.798875427246093750e+01 -4.799511337280273438e+01 -2.814325317740440369e-02 -5.551296845078468323e-02 1.870000000000000000e+02 1.370000000000000000e+02
4.539307653903961182e-01 4.248444139957427979e-01 -6.554448604583740234e-02 -6.407662481069564819e-02 -6.101300048828125000e+01 -4.101936340332031250e+01 -2.525571174919605255e-02 -4.744455218315124512e-02 1.680000000000000000e+02 1.180000000000000000e+02
4.539307653903961182e-01 4.197879731655120850e-01 -7.419181615114212036e-02 -7.521586120128631592e-02 -5.590751266479492188e+01 -3.591387939453125000e+01 -2.314234524965286255e-02 -4.153935611248016357e-02 1.560000000000000000e+02 1.060000000000000000e+02
4.539307653903961182e-01 4.262699782848358154e-01 -5.790032073855400085e-02 -6.093613803386688232e-02 -5.359307861328125000e+01 -3.359944915771484375e+01 -2.218431048095226288e-02 -3.886239975690841675e-02 1.500000000000000000e+02 1.000000000000000000e+02
4.539307653903961182e-01 4.272319972515106201e-01 -5.327029898762702942e-02 -5.881682783365249634e-02 -5.121103668212890625e+01 -3.121740531921386719e+01 -2.119828760623931885e-02 -3.610723465681076050e-02 1.430000000000000000e+02 9.300000000000000000e+01
4.539307653903961182e-01 4.275178313255310059e-01 -5.256844311952590942e-02 -5.818714201450347900e-02 -5.069335937500000000e+01 -3.069972801208496094e+01 -2.098399959504604340e-02 -3.550847247242927551e-02 1.410000000000000000e+02 9.100000000000000000e+01
4.539307653903961182e-01 4.241521358489990234e-01 -6.029042229056358337e-02 -6.560169905424118042e-02 -4.951636886596679688e+01 -2.952273750305175781e+01 -2.049679681658744812e-02 -3.414711728692054749e-02 1.370000000000000000e+02 8.700000000000000000e+01
4.539307653903961182e-01 4.245532155036926270e-01 -5.932470038533210754e-02 -6.471812725067138672e-02 -4.931820297241210938e+01 -2.932456970214843750e+01 -2.041476778686046600e-02 -3.391791135072708130e-02 1.370000000000000000e+02 8.700000000000000000e+01
4.539307653903961182e-01 4.351374804973602295e-01 -3.429307043552398682e-02 -4.140121489763259888e-02 -4.837774658203125000e+01 -2.838411712646484375e+01 -2.002547681331634521e-02 -3.283014893531799316e-02 1.360000000000000000e+02 8.600000000000000000e+01
4.539307653903961182e-01 4.384341835975646973e-01 -2.493793889880180359e-02 -3.413864597678184509e-02 -4.617287445068359375e+01 -2.617924118041992188e+01 -1.911279186606407166e-02 -3.027990460395812988e-02 1.300000000000000000e+02 8.000000000000000000e+01
4.539307653903961182e-01 4.471976459026336670e-01 -5.545046180486679077e-03 -1.483292132616043091e-02 -4.026969146728515625e+01 -2.027605628967285156e+01 -1.666922867298126221e-02 -2.345205657184123993e-02 1.140000000000000000e+02 6.400000000000000000e+01
4.539307653903961182e-01 4.529303014278411865e-01 4.564726259559392929e-03 -2.204001182690262794e-03 -3.509583282470703125e+01 -1.510219860076904297e+01 -1.452756300568580627e-02 -1.746777631342411041e-02 1.010000000000000000e+02 5.100000000000000000e+01
4.539307653903961182e-01 4.468684196472167969e-01 -9.606456384062767029e-03 -1.555819995701313019e-02 -3.254401779174804688e+01 -1.255038166046142578e+01 -1.347126532346010208e-02 -1.451624743640422821e-02 9.300000000000000000e+01 4.300000000000000000e+01
4.539307653903961182e-01 4.345973730087280273e-01 -3.471710905432701111e-02 -4.259106144309043884e-02 -2.953216171264648438e+01 -9.538527488708496094e+00 -1.222453825175762177e-02 -1.103262323886156082e-02 8.400000000000000000e+01 3.400000000000000000e+01
4.539307653903961182e-01 4.355726540088653564e-01 -3.242844343185424805e-02 -4.044253751635551453e-02 -2.821686553955078125e+01 -8.223230361938476562e+00 -1.168008428066968918e-02 -9.511300362646579742e-03 8.000000000000000000e+01 3.000000000000000000e+01
4.539307653903961182e-01 4.334378242492675781e-01 -3.915058821439743042e-02 -4.514552280306816101e-02 -2.758740425109863281e+01 -7.593770503997802734e+00 -1.141952537000179291e-02 -8.783243596553802490e-03 7.900000000000000000e+01 2.900000000000000000e+01
4.539307653903961182e-01 4.280106127262115479e-01 -5.120992660522460938e-02 -5.710155516862869263e-02 -2.725892639160156250e+01 -7.265292167663574219e+00 -1.128355506807565689e-02 -8.403312414884567261e-03 7.700000000000000000e+01 2.700000000000000000e+01
4.539307653903961182e-01 4.295763373374938965e-01 -4.840165376663208008e-02 -5.365229770541191101e-02 -2.593012619018554688e+01 -5.936492919921875000e+00 -1.073351223021745682e-02 -6.866373121738433838e-03 7.200000000000000000e+01 2.200000000000000000e+01
4.539307653903961182e-01 4.271534681320190430e-01 -5.328319594264030457e-02 -5.898982658982276917e-02 -2.569294738769531250e+01 -5.699312686920166016e+00 -1.063533406704664230e-02 -6.592041347175836563e-03 7.100000000000000000e+01 2.100000000000000000e+01
4.539307653903961182e-01 4.284923374652862549e-01 -5.554128438234329224e-02 -5.604032427072525024e-02 -2.251977729797363281e+01 -2.526144266128540039e+00 -9.321833029389381409e-03 -2.921834355220198631e-03 6.100000000000000000e+01 1.100000000000000000e+01
4.539307653903961182e-01 4.322412312030792236e-01 -4.737900570034980774e-02 -4.778159037232398987e-02 -2.185661888122558594e+01 -1.862985730171203613e+00 -9.047324769198894501e-03 -2.154800109565258026e-03 5.800000000000000000e+01 8.000000000000000000e+00
4.539307653903961182e-01 4.301286935806274414e-01 -5.331426858901977539e-02 -5.243546888232231140e-02 -2.064770698547363281e+01 -6.540726423263549805e-01 -8.546908386051654816e-03 -7.565252599306404591e-04 5.400000000000000000e+01 4.000000000000000000e+00
4.539307653903961182e-01 4.254817068576812744e-01 -6.367807835340499878e-02 -6.267268210649490356e-02 -2.023035049438476562e+01 -2.367151379585266113e-01 -8.374148048460483551e-03 -2.737937029451131821e-04 5.200000000000000000e+01 2.000000000000000000e+00
4.539307653903961182e-01 4.254817068576812744e-01 -6.367807835340499878e-02 -6.267268210649490356e-02 -2.023035049438476562e+01 -2.367151379585266113e-01 -8.374148048460483551e-03 -2.737937029451131821e-04 5.200000000000000000e+01 2.000000000000000000e+00
4.539307653903961182e-01 4.254817068576812744e-01 -6.367807835340499878e-02 -6.267268210649490356e-02 -2.023035049438476562e+01 -2.367151379585266113e-01 -8.374148048460483551e-03 -2.737937029451131821e-04 5.200000000000000000e+01 2.000000000000000000e+00
4.539307653903961182e-01 4.264070093631744385e-01 -6.181257590651512146e-02 -6.063425913453102112e-02 -2.010221862792968750e+01 -1.085839271545410156e-01 -8.321109227836132050e-03 -1.255922979908064008e-04 5.100000000000000000e+01 1.000000000000000000e+00
4.539307653903961182e-01 4.313855171203613281e-01 -5.060206353664398193e-02 -4.966671019792556763e-02 -1.999363327026367188e+01 0.000000000000000000e+00 -8.276160806417465210e-03 0.000000000000000000e+00 5.000000000000000000e+01 0.000000000000000000e+00
4.539307653903961182e-01 4.313855171203613281e-01 -5.060206353664398193e-02 -4.966671019792556763e-02 -1.999363327026367188e+01 0.000000000000000000e+00 -8.276160806417465210e-03 0.000000000000000000e+00 5.000000000000000000e+01 0.000000000000000000e+00
4.539307653903961182e-01 4.313855171203613281e-01 -5.060206353664398193e-02 -4.966671019792556763e-02 -1.999363327026367188e+01 0.000000000000000000e+00 -8.276160806417465210e-03 0.000000000000000000e+00 5.000000000000000000e+01 0.000000000000000000e+00
4.539307653903961182e-01 4.313855171203613281e-01 -5.060206353664398193e-02 -4.966671019792556763e-02 -1.999363327026367188e+01 0.000000000000000000e+00 -8.276160806417465210e-03 0.000000000000000000e+00 5.000000000000000000e+01 0.000000000000000000e+00
4.539307653903961182e-01 4.313855171203613281e-01 -5.060206353664398193e-02 -4.966671019792556763e-02 -1.999363327026367188e+01 0.000000000000000000e+00 -8.276160806417465210e-03 0.000000000000000000e+00 5.000000000000000000e+01 0.000000000000000000e+00
4.539307653903961182e-01 4.313855171203613281e-01 -5.060206353664398193e-02 -4.966671019792556763e-02 -1.999363327026367188e+01 0.000000000000000000e+00 -8.276160806417465210e-03 0.000000000000000000e+00 5.000000000000000000e+01 0.000000000000000000e+00
4.539307653903961182e-01 4.313855171203613281e-01 -5.060206353664398193e-02 -4.966671019792556763e-02 -1.999363327026367188e+01 0.000000000000000000e+00 -8.276160806417465210e-03 0.000000000000000000e+00 5.000000000000000000e+01 0.000000000000000000e+00
4.539307653903961182e-01 4.313855171203613281e-01 -5.060206353664398193e-02 -4.966671019792556763e-02 -1.999363327026367188e+01 0.000000000000000000e+00 -8.276160806417465210e-03 0.000000000000000000e+00 5.000000000000000000e+01 0.000000000000000000e+00
4.539307653903961182e-01 4.313855171203613281e-01 -5.060206353664398193e-02 -4.966671019792556763e-02 -1.999363327026367188e+01 0.000000000000000000e+00 -8.276160806417465210e-03 0.000000000000000000e+00 5.000000000000000000e+01 0.000000000000000000e+00
4.539307653903961182e-01 4.313855171203613281e-01 -5.060206353664398193e-02 -4.966671019792556763e-02 -1.999363327026367188e+01 0.000000000000000000e+00 -8.276160806417465210e-03 0.000000000000000000e+00 5.000000000000000000e+01 0.000000000000000000e+00
4.539307653903961182e-01 4.313855171203613281e-01 -5.060206353664398193e-02 -4.966671019792556763e-02 -1.999363327026367188e+01 0.000000000000000000e+00 -8.276160806417465210e-03 0.000000000000000000e+00 5.000000000000000000e+01 0.000000000000000000e+00
4.539307653903961182e-01 4.313855171203613281e-01 -5.060206353664398193e-02 -4.966671019792556763e-02 -1.999363327026367188e+01 0.000000000000000000e+00 -8.276160806417465210e-03 0.000000000000000000e+00 5.000000000000000000e+01 0.000000000000000000e+00
4.539307653903961182e-01 4.313855171203613281e-01 -5.060206353664398193e-02 -4.966671019792556763e-02 -1.999363327026367188e+01 0.000000000000000000e+00 -8.276160806417465210e-03 0.000000000000000000e+00 5.000000000000000000e+01 0.000000000000000000e+00
4.539307653903961182e-01 4.313855171203613281e-01 -5.060206353664398193e-02 -4.966671019792556763e-02 -1.999363327026367188e+01 0.000000000000000000e+00 -8.276160806417465210e-03 0.000000000000000000e+00 5.000000000000000000e+01 0.000000000000000000e+00
4.539307653903961182e-01 4.313855171203613281e-01 -5.060206353664398193e-02 -4.966671019792556763e-02 -1.999363327026367188e+01 0.000000000000000000e+00 -8.276160806417465210e-03 0.000000000000000000e+00 5.000000000000000000e+01 0.000000000000000000e+00
4.539307653903961182e-01 4.313855171203613281e-01 -5.060206353664398193e-02 -4.966671019792556763e-02 -1.999363327026367188e+01 0.000000000000000000e+00 -8.276160806417465210e-03 0.000000000000000000e+00 5.000000000000000000e+01 0.000000000000000000e+00
4.539307653903961182e-01 4.313855171203613281e-01 -5.060206353664398193e-02 -4.966671019792556763e-02 -1.999363327026367188e+01 0.000000000000000000e+00 -8.276160806417465210e-03 0.000000000000000000e+00 5.000000000000000000e+01 0.000000000000000000e+00
4.539307653903961182e-01 4.313855171203613281e-01 -5.060206353664398193e-02 -4.966671019792556763e-02 -1.999363327026367188e+01 0.000000000000000000e+00 -8.276160806417465210e-03 0.000000000000000000e+00 5.000000000000000000e+01 0.000000000000000000e+00
4.539307653903961182e-01 4.313855171203613281e-01 -5.060206353664398193e-02 -4.966671019792556763e-02 -1.999363327026367188e+01 0.000000000000000000e+00 -8.276160806417465210e-03 0.000000000000000000e+00 5.000000000000000000e+01 0.000000000000000000e+00
4.539307653903961182e-01 4.313855171203613281e-01 -5.060206353664398193e-02 -4.966671019792556763e-02 -1.999363327026367188e+01 0.000000000000000000e+00 -8.276160806417465210e-03 0.000000000000000000e+00 5.000000000000000000e+01 0.000000000000000000e+00
4.539307653903961182e-01 4.313855171203613281e-01 -5.060206353664398193e-02 -4.966671019792556763e-02 -1.999363327026367188e+01 0.000000000000000000e+00 -8.276160806417465210e-03 0.000000000000000000e+00 5.000000000000000000e+01 0.000000000000000000e+00
4.539307653903961182e-01 4.313855171203613281e-01 -5.060206353664398193e-02 -4.966671019792556763e-02 -1.999363327026367188e+01 0.000000000000000000e+00 -8.276160806417465210e-03 0.000000000000000000e+00 5.000000000000000000e+01 0.000000000000000000e+00
4.539307653903961182e-01 4.313855171203613281e-01 -5.060206353664398193e-02 -4.966671019792556763e-02 -1.999363327026367188e+01 0.000000000000000000e+00 -8.276160806417465210e-03 0.000000000000000000e+00 5.000000000000000000e+01 0.000000000000000000e+00
4.539307653903961182e-01 4.313855171203613281e-01 -5.060206353664398193e-02 -4.966671019792556763e-02 -1.999363327026367188e+01 0.000000000000000000e+00 -8.276160806417465210e-03 0.000000000000000000e+00 5.000000000000000000e+01 0.000000000000000000e+00
4.539307653903961182e-01 4.313855171203613281e-01 -5.060206353664398193e-02 -4.966671019792556763e-02 -1.999363327026367188e+01 0.000000000000000000e+00 -8.276160806417465210e-03 0.000000000000000000e+00 5.000000000000000000e+01 0.000000000000000000e+00
4.539307653903961182e-01 4.313855171203613281e-01 -5.060206353664398193e-02 -4.966671019792556763e-02 -1.999363327026367188e+01 0.000000000000000000e+00 -8.276160806417465210e-03 0.000000000000000000e+00 5.000000000000000000e+01 0.000000000000000000e+00
4.539307653903961182e-01 4.313855171203613281e-01 -5.060206353664398193e-02 -4.966671019792556763e-02 -1.999363327026367188e+01 0.000000000000000000e+00 -8.276160806417465210e-03 0.000000000000000000e+00 5.000000000000000000e+01 0.000000000000000000e+00
4.539307653903961182e-01 4.313855171203613281e-01 -5.060206353664398193e-02 -4.966671019792556763e-02 -1.999363327026367188e+01 0.000000000000000000e+00 -8.276160806417465210e-03 0.000000000000000000e+00 5.000000000000000000e+01 0.000000000000000000e+00
4.539307653903961182e-01 4.313855171203613281e-01 -5.060206353664398193e-02 -4.966671019792556763e-02 -1.999363327026367188e+01 0.000000000000000000e+00 -8.276160806417465210e-03 0.000000000000000000e+00 5.000000000000000000e+01 0.000000000000000000e+00
4.539307653903961182e-01 4.313855171203613281e-01 -5.060206353664398193e-02 -4.966671019792556763e-02 -1.999363327026367188e+01 0.000000000000000000e+00 -8.276160806417465210e-03 0.000000000000000000e+00 5.000000000000000000e+01 0.000000000000000000e+00
4.539307653903961182e-01 4.313855171203613281e-01 -5.060206353664398193e-02 -4.966671019792556763e-02 -1.999363327026367188e+01 0.000000000000000000e+00 -8.276160806417465210e-03 0.000000000000000000e+00 5.000000000000000000e+01 0.000000000000000000e+00
4.539307653903961182e-01 4.313855171203613281e-01 -5.060206353664398193e-02 -4.966671019792556763e-02 -1.999363327026367188e+01 0.000000000000000000e+00 -8.276160806417465210e-03 0.000000000000000000e+00 5.000000000000000000e+01 0.000000000000000000e+00
4.539307653903961182e-01 4.313855171203613281e-01 -5.060206353664398193e-02 -4.966671019792556763e-02 -1.999363327026367188e+01 0.000000000000000000e+00 -8.276160806417465210e-03 0.000000000000000000e+00 5.000000000000000000e+01 0.000000000000000000e+00
4.539307653903961182e-01 4.313855171203613281e-01 -5.060206353664398193e-02 -4.966671019792556763e-02 -1.999363327026367188e+01 0.000000000000000000e+00 -8.276160806417465210e-03 0.000000000000000000e+00 5.000000000000000000e+01 0.000000000000000000e+00
4.539307653903961182e-01 4.313855171203613281e-01 -5.060206353664398193e-02 -4.966671019792556763e-02 -1.999363327026367188e+01 0.000000000000000000e+00 -8.276160806417465210e-03 0.000000000000000000e+00 5.000000000000000000e+01 0.000000000000000000e+00
4.539307653903961182e-01 4.313855171203613281e-01 -5.060206353664398193e-02 -4.966671019792556763e-02 -1.999363327026367188e+01 0.000000000000000000e+00 -8.276160806417465210e-03 0.000000000000000000e+00 5.000000000000000000e+01 0.000000000000000000e+00
4.539307653903961182e-01 4.313855171203613281e-01 -5.060206353664398193e-02 -4.966671019792556763e-02 -1.999363327026367188e+01 0.000000000000000000e+00 -8.276160806417465210e-03 0.000000000000000000e+00 5.000000000000000000e+01 0.000000000000000000e+00
4.539307653903961182e-01 4.313855171203613281e-01 -5.060206353664398193e-02 -4.966671019792556763e-02 -1.999363327026367188e+01 0.000000000000000000e+00 -8.276160806417465210e-03 0.000000000000000000e+00 5.000000000000000000e+01 0.000000000000000000e+00
4.539307653903961182e-01 4.313855171203613281e-01 -5.060206353664398193e-02 -4.966671019792556763e-02 -1.999363327026367188e+01 0.000000000000000000e+00 -8.276160806417465210e-03 0.000000000000000000e+00 5.000000000000000000e+01 0.000000000000000000e+00
4.539307653903961182e-01 4.313855171203613281e-01 -5.060206353664398193e-02 -4.966671019792556763e-02 -1.999363327026367188e+01 0.000000000000000000e+00 -8.276160806417465210e-03 0.000000000000000000e+00 5.000000000000000000e+01 0.000000000000000000e+00
4.539307653903961182e-01 4.313855171203613281e-01 -5.060206353664398193e-02 -4.966671019792556763e-02 -1.999363327026367188e+01 0.000000000000000000e+00 -8.276160806417465210e-03 0.000000000000000000e+00 5.000000000000000000e+01 0.000000000000000000e+00
4.539307653903961182e-01 4.313855171203613281e-01 -5.060206353664398193e-02 -4.966671019792556763e-02 -1.999363327026367188e+01 0.000000000000000000e+00 -8.276160806417465210e-03 0.000000000000000000e+00 5.000000000000000000e+01 0.000000000000000000e+00
4.539307653903961182e-01 4.313855171203613281e-01 -5.060206353664398193e-02 -4.966671019792556763e-02 -1.999363327026367188e+01 0.000000000000000000e+00 -8.276160806417465210e-03 0.000000000000000000e+00 5.000000000000000000e+01 0.000000000000000000e+00
4.539307653903961182e-01 4.313855171203613281e-01 -5.060206353664398193e-02 -4.966671019792556763e-02 -1.999363327026367188e+01 0.000000000000000000e+00 -8.276160806417465210e-03 0.000000000000000000e+00 5.000000000000000000e+01 0.000000000000000000e+00
4.539307653903961182e-01 4.313855171203613281e-01 -5.060206353664398193e-02 -4.966671019792556763e-02 -1.999363327026367188e+01 0.000000000000000000e+00 -8.276160806417465210e-03 0.000000000000000000e+00 5.000000000000000000e+01 0.000000000000000000e+00
4.539307653903961182e-01 4.313855171203613281e-01 -5.060206353664398193e-02 -4.966671019792556763e-02 -1.999363327026367188e+01 0.000000000000000000e+00 -8.276160806417465210e-03 0.000000000000000000e+00 5.000000000000000000e+01 0.000000000000000000e+00
4.539307653903961182e-01 4.313855171203613281e-01 -5.060206353664398193e-02 -4.966671019792556763e-02 -1.999363327026367188e+01 0.000000000000000000e+00 -8.276160806417465210e-03 0.000000000000000000e+00 5.000000000000000000e+01 0.000000000000000000e+00
4.539307653903961182e-01 4.313855171203613281e-01 -5.060206353664398193e-02 -4.966671019792556763e-02 -1.999363327026367188e+01 0.000000000000000000e+00 -8.276160806417465210e-03 0.000000000000000000e+00 5.000000000000000000e+01 0.000000000000000000e+00
4.539307653903961182e-01 4.313855171203613281e-01 -5.060206353664398193e-02 -4.966671019792556763e-02 -1.999363327026367188e+01 0.000000000000000000e+00 -8.276160806417465210e-03 0.000000000000000000e+00 5.000000000000000000e+01 0.000000000000000000e+00
4.539307653903961182e-01 4.313855171203613281e-01 -5.060206353664398193e-02 -4.966671019792556763e-02 -1.999363327026367188e+01 0.000000000000000000e+00 -8.276160806417465210e-03 0.000000000000000000e+00 5.000000000000000000e+01 0.000000000000000000e+00
4.539307653903961182e-01 4.313855171203613281e-01 -5.060206353664398193e-02 -4.966671019792556763e-02 -1.999363327026367188e+01 0.000000000000000000e+00 -8.276160806417465210e-03 0.000000000000000000e+00 5.000000000000000000e+01 0.000000000000000000e+00
4.539307653903961182e-01 4.313855171203613281e-01 -5.060206353664398193e-02 -4.966671019792556763e-02 -1.999363327026367188e+01 0.000000000000000000e+00 -8.276160806417465210e-03 0.000000000000000000e+00 5.000000000000000000e+01 0.000000000000000000e+00
4.539307653903961182e-01 4.313855171203613281e-01 -5.060206353664398193e-02 -4.966671019792556763e-02 -1.999363327026367188e+01 0.000000000000000000e+00 -8.276160806417465210e-03 0.000000000000000000e+00 5.000000000000000000e+01 0.000000000000000000e+00
4.539307653903961182e-01 4.313855171203613281e-01 -5.060206353664398193e-02 -4.966671019792556763e-02 -1.999363327026367188e+01 0.000000000000000000e+00 -8.276160806417465210e-03 0.000000000000000000e+00 5.000000000000000000e+01 0.000000000000000000e+00
4.539307653903961182e-01 4.313855171203613281e-01 -5.060206353664398193e-02 -4.966671019792556763e-02 -1.999363327026367188e+01 0.000000000000000000e+00 -8.276160806417465210e-03 0.000000000000000000e+00 5.000000000000000000e+01 0.000000000000000000e+00
