4.780107438564300537e-01 5.742324590682983398e-01 1.672510057687759399e-01 2.012961357831954956e-01 -3.676451873779296875e+01 -2.900719070434570312e+01 -1.521829888224601746e-02 -3.468070179224014282e-02 2.540000000000000000e+02 2.040000000000000000e+02
4.780107438564300537e-01 5.769748687744140625e-01 1.809456199407577515e-01 2.070332616567611694e-01 -1.635354995727539062e+01 -8.596220016479492188e+00 -6.769385654479265213e-03 -1.027755346149206161e-02 1.540000000000000000e+02 1.040000000000000000e+02
4.780107438564300537e-01 5.853555202484130859e-01 1.978179663419723511e-01 2.245656102895736694e-01 -1.520144367218017578e+01 -7.444115161895751953e+00 -6.292482838034629822e-03 -8.900108747184276581e-03 1.440000000000000000e+02 9.400000000000000000e+01
4.780107438564300537e-01 5.837998390197753906e-01 1.986434310674667358e-01 2.213111221790313721e-01 -1.470057868957519531e+01 -6.943248748779296875e+00 -6.085155066102743149e-03 -8.301277644932270050e-03 1.420000000000000000e+02 9.200000000000000000e+01
4.780107438564300537e-01 5.842885375022888184e-01 1.995159089565277100e-01 2.223334759473800659e-01 -1.426964187622070312e+01 -6.512312889099121094e+00 -5.906773265451192856e-03 -7.786055095493793488e-03 1.390000000000000000e+02 8.900000000000000000e+01
4.780107438564300537e-01 5.833631157875061035e-01 1.972963511943817139e-01 2.203975021839141846e-01 -1.418794536590576172e+01 -6.430616378784179688e+00 -5.872955545783042908e-03 -7.688379846513271332e-03 1.370000000000000000e+02 8.700000000000000000e+01
4.780107438564300537e-01 5.833631157875061035e-01 1.972963511943817139e-01 2.203975021839141846e-01 -1.418794536590576172e+01 -6.430616378784179688e+00 -5.872955545783042908e-03 -7.688379846513271332e-03 1.370000000000000000e+02 8.700000000000000000e+01
4.780107438564300537e-01 5.785784125328063965e-01 1.853228360414505005e-01 2.103878855705261230e-01 -1.386894321441650391e+01 -6.111614227294921875e+00 -5.740907974541187286e-03 -7.306984160095453262e-03 1.340000000000000000e+02 8.400000000000000000e+01
4.780107438564300537e-01 5.807792544364929199e-01 1.898440122604370117e-01 2.149920463562011719e-01 -1.380366230010986328e+01 -6.046332359313964844e+00 -5.713885650038719177e-03 -7.228933740407228470e-03 1.320000000000000000e+02 8.200000000000000000e+01
4.780107438564300537e-01 5.891423225402832031e-01 2.072353363037109375e-01 2.324876189231872559e-01 -1.354470062255859375e+01 -5.787371635437011719e+00 -5.606690887361764908e-03 -6.919323001056909561e-03 1.290000000000000000e+02 7.900000000000000000e+01
4.780107438564300537e-01 5.891423225402832031e-01 2.072353363037109375e-01 2.324876189231872559e-01 -1.354470062255859375e+01 -5.787371635437011719e+00 -5.606690887361764908e-03 -6.919323001056909561e-03 1.290000000000000000e+02 7.900000000000000000e+01
4.780107438564300537e-01 5.945511460304260254e-01 2.228633463382720947e-01 2.438028901815414429e-01 -1.238097286224365234e+01 -4.623642921447753906e+00 -5.124977789819240570e-03 -5.527980625629425049e-03 1.210000000000000000e+02 7.100000000000000000e+01
4.780107438564300537e-01 5.980718731880187988e-01 2.281876355409622192e-01 2.511682510375976562e-01 -1.207161331176757812e+01 -4.314283847808837891e+00 -4.996921401470899582e-03 -5.158114247024059296e-03 1.180000000000000000e+02 6.800000000000000000e+01
4.780107438564300537e-01 5.984596610069274902e-01 2.274864464998245239e-01 2.519795298576354980e-01 -1.203227043151855469e+01 -4.274941444396972656e+00 -4.980635829269886017e-03 -5.111076869070529938e-03 1.160000000000000000e+02 6.600000000000000000e+01
4.780107438564300537e-01 6.033395528793334961e-01 2.433582991361618042e-01 2.621882557868957520e-01 -1.132670974731445312e+01 -3.569380760192871094e+00 -4.688576329499483109e-03 -4.267515614628791809e-03 1.110000000000000000e+02 6.100000000000000000e+01
4.780107438564300537e-01 6.019694209098815918e-01 2.408918887376785278e-01 2.593219578266143799e-01 -1.113835048675537109e+01 -3.381021261215209961e+00 -4.610606934875249863e-03 -4.042314831167459488e-03 1.080000000000000000e+02 5.800000000000000000e+01
4.780107438564300537e-01 6.031340360641479492e-01 2.433591037988662720e-01 2.617583274841308594e-01 -1.109827804565429688e+01 -3.340949296951293945e+00 -4.594019148498773575e-03 -3.994405269622802734e-03 1.070000000000000000e+02 5.700000000000000000e+01
4.780107438564300537e-01 6.109080910682678223e-01 2.606090009212493896e-01 2.780216634273529053e-01 -1.099318122863769531e+01 -3.235852003097534180e+00 -4.550515674054622650e-03 -3.868751926347613335e-03 1.050000000000000000e+02 5.500000000000000000e+01
4.780107438564300537e-01 6.109080910682678223e-01 2.606090009212493896e-01 2.780216634273529053e-01 -1.099318122863769531e+01 -3.235852003097534180e+00 -4.550515674054622650e-03 -3.868751926347613335e-03 1.050000000000000000e+02 5.500000000000000000e+01
4.780107438564300537e-01 6.193109154701232910e-01 2.800581157207489014e-01 2.956004142761230469e-01 -1.091715526580810547e+01 -3.159825801849365234e+00 -4.519045352935791016e-03 -3.777855774387717247e-03 1.050000000000000000e+02 5.500000000000000000e+01
4.780107438564300537e-01 6.120445728302001953e-01 2.651263475418090820e-01 2.803992033004760742e-01 -1.052436637878417969e+01 -2.767036437988281250e+00 -4.356454592198133469e-03 -3.308240789920091629e-03 1.010000000000000000e+02 5.100000000000000000e+01
4.780107438564300537e-01 5.991120934486389160e-01 2.376531362533569336e-01 2.533444166183471680e-01 -1.046414184570312500e+01 -2.706812858581542969e+00 -4.331524949520826340e-03 -3.236237913370132446e-03 9.900000000000000000e+01 4.900000000000000000e+01
4.780107438564300537e-01 5.949626564979553223e-01 2.302730083465576172e-01 2.446637749671936035e-01 -1.038141632080078125e+01 -2.624087095260620117e+00 -4.297281615436077118e-03 -3.137331921607255936e-03 9.700000000000000000e+01 4.700000000000000000e+01
4.780107438564300537e-01 5.908851623535156250e-01 2.199237197637557983e-01 2.361336499452590942e-01 -1.012164306640625000e+01 -2.364313602447509766e+00 -4.189751110970973969e-03 -2.826749347150325775e-03 9.500000000000000000e+01 4.500000000000000000e+01
4.780107438564300537e-01 5.902920961380004883e-01 2.184624373912811279e-01 2.348929494619369507e-01 -9.844631195068359375e+00 -2.087301492691040039e+00 -4.075084812939167023e-03 -2.495556604117155075e-03 9.400000000000000000e+01 4.400000000000000000e+01
4.780107438564300537e-01 5.807923674583435059e-01 1.988320052623748779e-01 2.150194793939590454e-01 -9.718685150146484375e+00 -1.961355686187744141e+00 -4.022950772196054459e-03 -2.344976877793669701e-03 9.100000000000000000e+01 4.100000000000000000e+01
4.780107438564300537e-01 5.924015641212463379e-01 2.279730737209320068e-01 2.393059581518173218e-01 -9.695929527282714844e+00 -1.938599944114685059e+00 -4.013531375676393509e-03 -2.317770384252071381e-03 9.200000000000000000e+01 4.200000000000000000e+01
4.780107438564300537e-01 5.912706851959228516e-01 2.259130626916885376e-01 2.369401603937149048e-01 -9.684709548950195312e+00 -1.927379608154296875e+00 -4.008886869996786118e-03 -2.304355613887310028e-03 9.100000000000000000e+01 4.100000000000000000e+01
4.780107438564300537e-01 5.893226861953735352e-01 2.212017625570297241e-01 2.328649312257766724e-01 -9.634245872497558594e+00 -1.876916646957397461e+00 -3.987998235970735550e-03 -2.244022442027926445e-03 8.900000000000000000e+01 3.900000000000000000e+01
4.780107438564300537e-01 5.955252051353454590e-01 2.341344952583312988e-01 2.458406239748001099e-01 -8.994878768920898438e+00 -1.237549304962158203e+00 -3.723338479176163673e-03 -1.479601371102035046e-03 8.300000000000000000e+01 3.300000000000000000e+01
4.780107438564300537e-01 5.841084718704223633e-01 2.109337449073791504e-01 2.219567894935607910e-01 -8.889740943908691406e+00 -1.132411241531372070e+00 -3.679817775264382362e-03 -1.353899366222321987e-03 8.200000000000000000e+01 3.200000000000000000e+01
4.780107438564300537e-01 5.834606289863586426e-01 2.097460478544235229e-01 2.206014990806579590e-01 -8.725543022155761719e+00 -9.682136178016662598e-01 -3.611849853768944740e-03 -1.157586346380412579e-03 7.800000000000000000e+01 2.800000000000000000e+01
4.780107438564300537e-01 6.029526591300964355e-01 2.549076378345489502e-01 2.613788843154907227e-01 -8.351142883300781250e+00 -5.938130021095275879e-01 -3.456870559602975845e-03 -7.099568028934299946e-04 7.600000000000000000e+01 2.600000000000000000e+01
4.780107438564300537e-01 6.037338376045227051e-01 2.563377320766448975e-01 2.630131244659423828e-01 -8.325263977050781250e+00 -5.679337978363037109e-01 -3.446158254519104958e-03 -6.790158804506063461e-04 7.500000000000000000e+01 2.500000000000000000e+01
4.780107438564300537e-01 5.947759747505187988e-01 2.391302585601806641e-01 2.442732304334640503e-01 -8.282033920288085938e+00 -5.247046947479248047e-01 -3.428263589739799500e-03 -6.273316103033721447e-04 7.400000000000000000e+01 2.400000000000000000e+01
4.780107438564300537e-01 5.824865102767944336e-01 2.128575444221496582e-01 2.185636311769485474e-01 -8.196887969970703125e+00 -4.395582675933837891e-01 -3.393018385395407677e-03 -5.255314172245562077e-04 7.200000000000000000e+01 2.200000000000000000e+01
4.780107438564300537e-01 5.824865102767944336e-01 2.128575444221496582e-01 2.185636311769485474e-01 -8.196887969970703125e+00 -4.395582675933837891e-01 -3.393018385395407677e-03 -5.255314172245562077e-04 7.200000000000000000e+01 2.200000000000000000e+01
4.780107438564300537e-01 5.763419866561889648e-01 2.001840174198150635e-01 2.057092785835266113e-01 -8.082098007202148438e+00 -3.247687220573425293e-01 -3.345502307638525963e-03 -3.882901801262050867e-04 6.900000000000000000e+01 1.900000000000000000e+01
4.780107438564300537e-01 5.563741922378540039e-01 1.561620533466339111e-01 1.639365851879119873e-01 -7.930042743682861328e+00 -1.727137565612792969e-01 -3.282560501247644424e-03 -2.064948203042149544e-04 6.300000000000000000e+01 1.300000000000000000e+01
4.780107438564300537e-01 5.303657650947570801e-01 1.031352430582046509e-01 1.095268726348876953e-01 -7.844806671142578125e+00 -8.747774362564086914e-02 -3.247277811169624329e-03 -1.045875033014453948e-04 5.900000000000000000e+01 9.000000000000000000e+00
4.780107438564300537e-01 5.274252295494079590e-01 9.851060062646865845e-02 1.033752635121345520e-01 -7.840029239654541016e+00 -8.269983530044555664e-02 -3.245300380513072014e-03 -9.887508349493145943e-05 5.800000000000000000e+01 8.000000000000000000e+00
4.780107438564300537e-01 5.126556158065795898e-01 6.795732676982879639e-02 7.247718423604965210e-02 -7.809920310974121094e+00 -5.259060859680175781e-02 -3.232836956158280373e-03 -6.287679570959880948e-05 5.700000000000000000e+01 7.000000000000000000e+00
4.780107438564300537e-01 4.988110363483428955e-01 3.855624422430992126e-02 4.351427778601646423e-02 -7.796073436737060547e+00 -3.874391317367553711e-02 -3.227105364203453064e-03 -4.632183117792010307e-05 5.600000000000000000e+01 6.000000000000000000e+00
4.780107438564300537e-01 4.802809655666351318e-01 4.300558357499539852e-04 4.749311134219169617e-03 -7.769632339477539062e+00 -1.230353116989135742e-02 -3.216160228475928307e-03 -1.470997722208267078e-05 5.300000000000000000e+01 3.000000000000000000e+00
4.780107438564300537e-01 4.802809655666351318e-01 4.300558357499539852e-04 4.749311134219169617e-03 -7.769632339477539062e+00 -1.230353116989135742e-02 -3.216160228475928307e-03 -1.470997722208267078e-05 5.300000000000000000e+01 3.000000000000000000e+00
4.780107438564300537e-01 4.802809655666351318e-01 4.300558357499539852e-04 4.749311134219169617e-03 -7.769632339477539062e+00 -1.230353116989135742e-02 -3.216160228475928307e-03 -1.470997722208267078e-05 5.300000000000000000e+01 3.000000000000000000e+00
4.780107438564300537e-01 4.802809655666351318e-01 4.300558357499539852e-04 4.749311134219169617e-03 -7.769632339477539062e+00 -1.230353116989135742e-02 -3.216160228475928307e-03 -1.470997722208267078e-05 5.300000000000000000e+01 3.000000000000000000e+00
4.780107438564300537e-01 4.807785749435424805e-01 1.441373839043080807e-03 5.790311377495527267e-03 -7.766864776611328125e+00 -9.535968303680419922e-03 -3.215014701709151268e-03 -1.140110725827980787e-05 5.200000000000000000e+01 2.000000000000000000e+00
4.780107438564300537e-01 4.645236730575561523e-01 -3.108105063438415527e-02 -2.821499481797218323e-02 -7.757328987121582031e+00 0.000000000000000000e+00 -3.211067523807287216e-03 0.000000000000000000e+00 5.000000000000000000e+01 0.000000000000000000e+00
4.780107438564300537e-01 4.645236730575561523e-01 -3.108105063438415527e-02 -2.821499481797218323e-02 -7.757328987121582031e+00 0.000000000000000000e+00 -3.211067523807287216e-03 0.000000000000000000e+00 5.000000000000000000e+01 0.000000000000000000e+00
4.780107438564300537e-01 4.645236730575561523e-01 -3.108105063438415527e-02 -2.821499481797218323e-02 -7.757328987121582031e+00 0.000000000000000000e+00 -3.211067523807287216e-03 0.000000000000000000e+00 5.000000000000000000e+01 0.000000000000000000e+00
4.780107438564300537e-01 4.645236730575561523e-01 -3.108105063438415527e-02 -2.821499481797218323e-02 -7.757328987121582031e+00 0.000000000000000000e+00 -3.211067523807287216e-03 0.000000000000000000e+00 5.000000000000000000e+01 0.000000000000000000e+00
4.780107438564300537e-01 4.645236730575561523e-01 -3.108105063438415527e-02 -2.821499481797218323e-02 -7.757328987121582031e+00 0.000000000000000000e+00 -3.211067523807287216e-03 0.000000000000000000e+00 5.000000000000000000e+01 0.000000000000000000e+00
4.780107438564300537e-01 4.645236730575561523e-01 -3.108105063438415527e-02 -2.821499481797218323e-02 -7.757328987121582031e+00 0.000000000000000000e+00 -3.211067523807287216e-03 0.000000000000000000e+00 5.000000000000000000e+01 0.000000000000000000e+00
4.780107438564300537e-01 4.645236730575561523e-01 -3.108105063438415527e-02 -2.821499481797218323e-02 -7.757328987121582031e+00 0.000000000000000000e+00 -3.211067523807287216e-03 0.000000000000000000e+00 5.000000000000000000e+01 0.000000000000000000e+00
4.780107438564300537e-01 4.645236730575561523e-01 -3.108105063438415527e-02 -2.821499481797218323e-02 -7.757328987121582031e+00 0.000000000000000000e+00 -3.211067523807287216e-03 0.000000000000000000e+00 5.000000000000000000e+01 0.000000000000000000e+00
4.780107438564300537e-01 4.645236730575561523e-01 -3.108105063438415527e-02 -2.821499481797218323e-02 -7.757328987121582031e+00 0.000000000000000000e+00 -3.211067523807287216e-03 0.000000000000000000e+00 5.000000000000000000e+01 0.000000000000000000e+00
4.780107438564300537e-01 4.645236730575561523e-01 -3.108105063438415527e-02 -2.821499481797218323e-02 -7.757328987121582031e+00 0.000000000000000000e+00 -3.211067523807287216e-03 0.000000000000000000e+00 5.000000000000000000e+01 0.000000000000000000e+00
4.780107438564300537e-01 4.645236730575561523e-01 -3.108105063438415527e-02 -2.821499481797218323e-02 -7.757328987121582031e+00 0.000000000000000000e+00 -3.211067523807287216e-03 0.000000000000000000e+00 5.000000000000000000e+01 0.000000000000000000e+00
4.780107438564300537e-01 4.645236730575561523e-01 -3.108105063438415527e-02 -2.821499481797218323e-02 -7.757328987121582031e+00 0.000000000000000000e+00 -3.211067523807287216e-03 0.000000000000000000e+00 5.000000000000000000e+01 0.000000000000000000e+00
4.780107438564300537e-01 4.645236730575561523e-01 -3.108105063438415527e-02 -2.821499481797218323e-02 -7.757328987121582031e+00 0.000000000000000000e+00 -3.211067523807287216e-03 0.000000000000000000e+00 5.000000000000000000e+01 0.000000000000000000e+00
4.780107438564300537e-01 4.645236730575561523e-01 -3.108105063438415527e-02 -2.821499481797218323e-02 -7.757328987121582031e+00 0.000000000000000000e+00 -3.211067523807287216e-03 0.000000000000000000e+00 5.000000000000000000e+01 0.000000000000000000e+00
4.780107438564300537e-01 4.645236730575561523e-01 -3.108105063438415527e-02 -2.821499481797218323e-02 -7.757328987121582031e+00 0.000000000000000000e+00 -3.211067523807287216e-03 0.000000000000000000e+00 5.000000000000000000e+01 0.000000000000000000e+00
4.780107438564300537e-01 4.645236730575561523e-01 -3.108105063438415527e-02 -2.821499481797218323e-02 -7.757328987121582031e+00 0.000000000000000000e+00 -3.211067523807287216e-03 0.000000000000000000e+00 5.000000000000000000e+01 0.000000000000000000e+00
4.780107438564300537e-01 4.645236730575561523e-01 -3.108105063438415527e-02 -2.821499481797218323e-02 -7.757328987121582031e+00 0.000000000000000000e+00 -3.211067523807287216e-03 0.000000000000000000e+00 5.000000000000000000e+01 0.000000000000000000e+00
4.780107438564300537e-01 4.645236730575561523e-01 -3.108105063438415527e-02 -2.821499481797218323e-02 -7.757328987121582031e+00 0.000000000000000000e+00 -3.211067523807287216e-03 0.000000000000000000e+00 5.000000000000000000e+01 0.000000000000000000e+00
4.780107438564300537e-01 4.645236730575561523e-01 -3.108105063438415527e-02 -2.821499481797218323e-02 -7.757328987121582031e+00 0.000000000000000000e+00 -3.211067523807287216e-03 0.000000000000000000e+00 5.000000000000000000e+01 0.000000000000000000e+00
4.780107438564300537e-01 4.645236730575561523e-01 -3.108105063438415527e-02 -2.821499481797218323e-02 -7.757328987121582031e+00 0.000000000000000000e+00 -3.211067523807287216e-03 0.000000000000000000e+00 5.000000000000000000e+01 0.000000000000000000e+00
4.780107438564300537e-01 4.645236730575561523e-01 -3.108105063438415527e-02 -2.821499481797218323e-02 -7.757328987121582031e+00 0.000000000000000000e+00 -3.211067523807287216e-03 0.000000000000000000e+00 5.000000000000000000e+01 0.000000000000000000e+00
4.780107438564300537e-01 4.645236730575561523e-01 -3.108105063438415527e-02 -2.821499481797218323e-02 -7.757328987121582031e+00 0.000000000000000000e+00 -3.211067523807287216e-03 0.000000000000000000e+00 5.000000000000000000e+01 0.000000000000000000e+00
4.780107438564300537e-01 4.645236730575561523e-01 -3.108105063438415527e-02 -2.821499481797218323e-02 -7.757328987121582031e+00 0.000000000000000000e+00 -3.211067523807287216e-03 0.000000000000000000e+00 5.000000000000000000e+01 0.000000000000000000e+00
4.780107438564300537e-01 4.645236730575561523e-01 -3.108105063438415527e-02 -2.821499481797218323e-02 -7.757328987121582031e+00 0.000000000000000000e+00 -3.211067523807287216e-03 0.000000000000000000e+00 5.000000000000000000e+01 0.000000000000000000e+00
4.780107438564300537e-01 4.645236730575561523e-01 -3.108105063438415527e-02 -2.821499481797218323e-02 -7.757328987121582031e+00 0.000000000000000000e+00 -3.211067523807287216e-03 0.000000000000000000e+00 5.000000000000000000e+01 0.000000000000000000e+00
4.780107438564300537e-01 4.645236730575561523e-01 -3.108105063438415527e-02 -2.821499481797218323e-02 -7.757328987121582031e+00 0.000000000000000000e+00 -3.211067523807287216e-03 0.000000000000000000e+00 5.000000000000000000e+01 0.000000000000000000e+00
4.780107438564300537e-01 4.645236730575561523e-01 -3.108105063438415527e-02 -2.821499481797218323e-02 -7.757328987121582031e+00 0.000000000000000000e+00 -3.211067523807287216e-03 0.000000000000000000e+00 5.000000000000000000e+01 0.000000000000000000e+00
4.780107438564300537e-01 4.645236730575561523e-01 -3.108105063438415527e-02 -2.821499481797218323e-02 -7.757328987121582031e+00 0.000000000000000000e+00 -3.211067523807287216e-03 0.000000000000000000e+00 5.000000000000000000e+01 0.000000000000000000e+00
4.780107438564300537e-01 4.645236730575561523e-01 -3.108105063438415527e-02 -2.821499481797218323e-02 -7.757328987121582031e+00 0.000000000000000000e+00 -3.211067523807287216e-03 0.000000000000000000e+00 5.000000000000000000e+01 0.000000000000000000e+00
4.780107438564300537e-01 4.645236730575561523e-01 -3.108105063438415527e-02 -2.821499481797218323e-02 -7.757328987121582031e+00 0.000000000000000000e+00 -3.211067523807287216e-03 0.000000000000000000e+00 5.000000000000000000e+01 0.000000000000000000e+00
4.780107438564300537e-01 4.645236730575561523e-01 -3.108105063438415527e-02 -2.821499481797218323e-02 -7.757328987121582031e+00 0.000000000000000000e+00 -3.211067523807287216e-03 0.000000000000000000e+00 5.000000000000000000e+01 0.000000000000000000e+00
4.780107438564300537e-01 4.645236730575561523e-01 -3.108105063438415527e-02 -2.821499481797218323e-02 -7.757328987121582031e+00 0.000000000000000000e+00 -3.211067523807287216e-03 0.000000000000000000e+00 5.000000000000000000e+01 0.000000000000000000e+00
4.780107438564300537e-01 4.645236730575561523e-01 -3.108105063438415527e-02 -2.821499481797218323e-02 -7.757328987121582031e+00 0.000000000000000000e+00 -3.211067523807287216e-03 0.000000000000000000e+00 5.000000000000000000e+01 0.000000000000000000e+00
4.780107438564300537e-01 4.645236730575561523e-01 -3.108105063438415527e-02 -2.821499481797218323e-02 -7.757328987121582031e+00 0.000000000000000000e+00 -3.211067523807287216e-03 0.000000000000000000e+00 5.000000000000000000e+01 0.000000000000000000e+00
4.780107438564300537e-01 4.645236730575561523e-01 -3.108105063438415527e-02 -2.821499481797218323e-02 -7.757328987121582031e+00 0.000000000000000000e+00 -3.211067523807287216e-03 0.000000000000000000e+00 5.000000000000000000e+01 0.000000000000000000e+00
4.780107438564300537e-01 4.645236730575561523e-01 -3.108105063438415527e-02 -2.821499481797218323e-02 -7.757328987121582031e+00 0.000000000000000000e+00 -3.211067523807287216e-03 0.000000000000000000e+00 5.000000000000000000e+01 0.000000000000000000e+00
4.780107438564300537e-01 4.645236730575561523e-01 -3.108105063438415527e-02 -2.821499481797218323e-02 -7.757328987121582031e+00 0.000000000000000000e+00 -3.211067523807287216e-03 0.000000000000000000e+00 5.000000000000000000e+01 0.000000000000000000e+00
4.780107438564300537e-01 4.645236730575561523e-01 -3.108105063438415527e-02 -2.821499481797218323e-02 -7.757328987121582031e+00 0.000000000000000000e+00 -3.211067523807287216e-03 0.000000000000000000e+00 5.000000000000000000e+01 0.000000000000000000e+00
4.780107438564300537e-01 4.645236730575561523e-01 -3.108105063438415527e-02 -2.821499481797218323e-02 -7.757328987121582031e+00 0.000000000000000000e+00 -3.211067523807287216e-03 0.000000000000000000e+00 5.000000000000000000e+01 0.000000000000000000e+00
4.780107438564300537e-01 4.645236730575561523e-01 -3.108105063438415527e-02 -2.821499481797218323e-02 -7.757328987121582031e+00 0.000000000000000000e+00 -3.211067523807287216e-03 0.000000000000000000e+00 5.000000000000000000e+01 0.000000000000000000e+00
4.780107438564300537e-01 4.645236730575561523e-01 -3.108105063438415527e-02 -2.821499481797218323e-02 -7.757328987121582031e+00 0.000000000000000000e+00 -3.211067523807287216e-03 0.000000000000000000e+00 5.000000000000000000e+01 0.000000000000000000e+00
4.780107438564300537e-01 4.645236730575561523e-01 -3.108105063438415527e-02 -2.821499481797218323e-02 -7.757328987121582031e+00 0.000000000000000000e+00 -3.211067523807287216e-03 0.000000000000000000e+00 5.000000000000000000e+01 0.000000000000000000e+00
4.780107438564300537e-01 4.645236730575561523e-01 -3.108105063438415527e-02 -2.821499481797218323e-02 -7.757328987121582031e+00 0.000000000000000000e+00 -3.211067523807287216e-03 0.000000000000000000e+00 5.000000000000000000e+01 0.000000000000000000e+00
