4.104393720626831055e-01 1.545445770025253296e-01 -6.281940340995788574e-01 -6.234654784202575684e-01 -6.002732849121093750e+01 -3.558464813232421875e+01 -2.484770119190216064e-02 -3.569532930850982666e-02 1.480000000000000000e+02 9.800000000000000000e+01
4.104393720626831055e-01 1.656741797924041748e-01 -6.005787253379821777e-01 -5.963491797447204590e-01 -3.669784545898437500e+01 -1.225516414642333984e+01 -1.519070006906986237e-02 -1.229328196495771408e-02 9.000000000000000000e+01 4.000000000000000000e+01
4.104393720626831055e-01 1.714488565921783447e-01 -5.861847400665283203e-01 -5.822796821594238281e-01 -3.438406372070312500e+01 -9.941387176513671875e+00 -1.423293352127075195e-02 -9.972308762371540070e-03 7.900000000000000000e+01 2.900000000000000000e+01
4.104393720626831055e-01 1.725436300039291382e-01 -5.833626389503479004e-01 -5.796123743057250977e-01 -3.363621139526367188e+01 -9.193533897399902344e+00 -1.392336748540401459e-02 -9.222129359841346741e-03 7.800000000000000000e+01 2.800000000000000000e+01
4.104393720626831055e-01 1.731618791818618774e-01 -5.817602872848510742e-01 -5.781060457229614258e-01 -3.287454986572265625e+01 -8.431872367858886719e+00 -1.360808592289686203e-02 -8.458098396658897400e-03 7.700000000000000000e+01 2.700000000000000000e+01
4.104393720626831055e-01 1.751509755849838257e-01 -5.771846771240234375e-01 -5.732598304748535156e-01 -3.262770080566406250e+01 -8.185021400451660156e+00 -1.350590493530035019e-02 -8.210479281842708588e-03 7.600000000000000000e+01 2.600000000000000000e+01
4.104393720626831055e-01 1.756922155618667603e-01 -5.758046507835388184e-01 -5.719411373138427734e-01 -3.247399902343750000e+01 -8.031317710876464844e+00 -1.344228163361549377e-02 -8.056297898292541504e-03 7.500000000000000000e+01 2.500000000000000000e+01
4.104393720626831055e-01 1.764218509197235107e-01 -5.740359425544738770e-01 -5.701634287834167480e-01 -3.203611755371093750e+01 -7.593437194824218750e+00 -1.326102484017610550e-02 -7.617055438458919525e-03 7.400000000000000000e+01 2.400000000000000000e+01
4.104393720626831055e-01 1.764218509197235107e-01 -5.740359425544738770e-01 -5.701634287834167480e-01 -3.203611755371093750e+01 -7.593437194824218750e+00 -1.326102484017610550e-02 -7.617055438458919525e-03 7.400000000000000000e+01 2.400000000000000000e+01
4.104393720626831055e-01 1.764218509197235107e-01 -5.740359425544738770e-01 -5.701634287834167480e-01 -3.203611755371093750e+01 -7.593437194824218750e+00 -1.326102484017610550e-02 -7.617055438458919525e-03 7.400000000000000000e+01 2.400000000000000000e+01
4.104393720626831055e-01 1.772824376821517944e-01 -5.718054175376892090e-01 -5.680667161941528320e-01 -3.146314239501953125e+01 -7.020462036132812500e+00 -1.302384771406650543e-02 -7.042298093438148499e-03 7.300000000000000000e+01 2.300000000000000000e+01
4.104393720626831055e-01 1.845327764749526978e-01 -5.529945492744445801e-01 -5.504018664360046387e-01 -2.896841621398925781e+01 -4.525736808776855469e+00 -1.199118141084909439e-02 -4.539813380688428879e-03 6.900000000000000000e+01 1.900000000000000000e+01
4.104393720626831055e-01 1.889188140630722046e-01 -5.427345037460327148e-01 -5.397156476974487305e-01 -2.821288871765136719e+01 -3.770208835601806641e+00 -1.167843863368034363e-02 -3.781935432925820351e-03 6.700000000000000000e+01 1.700000000000000000e+01
4.104393720626831055e-01 1.889188140630722046e-01 -5.427345037460327148e-01 -5.397156476974487305e-01 -2.821288871765136719e+01 -3.770208835601806641e+00 -1.167843863368034363e-02 -3.781935432925820351e-03 6.700000000000000000e+01 1.700000000000000000e+01
4.104393720626831055e-01 1.910128742456436157e-01 -5.376797318458557129e-01 -5.346136689186096191e-01 -2.770997238159179688e+01 -3.267292976379394531e+00 -1.147026102989912033e-02 -3.277455456554889679e-03 6.500000000000000000e+01 1.500000000000000000e+01
4.104393720626831055e-01 1.910128742456436157e-01 -5.376797318458557129e-01 -5.346136689186096191e-01 -2.770997238159179688e+01 -3.267292976379394531e+00 -1.147026102989912033e-02 -3.277455456554889679e-03 6.500000000000000000e+01 1.500000000000000000e+01
4.104393720626831055e-01 1.910128742456436157e-01 -5.376797318458557129e-01 -5.346136689186096191e-01 -2.770997238159179688e+01 -3.267292976379394531e+00 -1.147026102989912033e-02 -3.277455456554889679e-03 6.500000000000000000e+01 1.500000000000000000e+01
4.104393720626831055e-01 1.976204961538314819e-01 -5.219354629516601562e-01 -5.185147523880004883e-01 -2.737509536743164062e+01 -2.932415246963500977e+00 -1.133164204657077789e-02 -2.941536018624901772e-03 6.400000000000000000e+01 1.400000000000000000e+01
4.104393720626831055e-01 1.976204961538314819e-01 -5.219355821609497070e-01 -5.185147523880004883e-01 -2.737509536743164062e+01 -2.932415246963500977e+00 -1.133164204657077789e-02 -2.941536018624901772e-03 6.400000000000000000e+01 1.400000000000000000e+01
4.104393720626831055e-01 1.976204961538314819e-01 -5.219354629516601562e-01 -5.185147523880004883e-01 -2.737509536743164062e+01 -2.932415246963500977e+00 -1.133164204657077789e-02 -2.941536018624901772e-03 6.400000000000000000e+01 1.400000000000000000e+01
4.104393720626831055e-01 2.014799863100051880e-01 -5.127346515655517578e-01 -5.091114640235900879e-01 -2.686837577819824219e+01 -2.425696849822998047e+00 -1.112189050763845444e-02 -2.433241577818989754e-03 6.200000000000000000e+01 1.200000000000000000e+01
4.104393720626831055e-01 2.073271721601486206e-01 -4.988699555397033691e-01 -4.948652982711791992e-01 -2.634646224975585938e+01 -1.903782606124877930e+00 -1.090584974735975266e-02 -1.909704064019024372e-03 6.000000000000000000e+01 1.000000000000000000e+01
4.104393720626831055e-01 2.094662189483642578e-01 -4.933737218379974365e-01 -4.896536767482757568e-01 -2.606633567810058594e+01 -1.623656749725341797e+00 -1.078989449888467789e-02 -1.628706930205225945e-03 5.900000000000000000e+01 9.000000000000000000e+00
4.104393720626831055e-01 2.094662189483642578e-01 -4.933737218379974365e-01 -4.896536767482757568e-01 -2.606633567810058594e+01 -1.623656749725341797e+00 -1.078989449888467789e-02 -1.628706930205225945e-03 5.900000000000000000e+01 9.000000000000000000e+00
4.104393720626831055e-01 2.094662189483642578e-01 -4.933737218379974365e-01 -4.896536767482757568e-01 -2.606633567810058594e+01 -1.623656749725341797e+00 -1.078989449888467789e-02 -1.628706930205225945e-03 5.900000000000000000e+01 9.000000000000000000e+00
4.104393720626831055e-01 2.094662189483642578e-01 -4.933737218379974365e-01 -4.896536767482757568e-01 -2.606633567810058594e+01 -1.623656749725341797e+00 -1.078989449888467789e-02 -1.628706930205225945e-03 5.900000000000000000e+01 9.000000000000000000e+00
4.104393720626831055e-01 2.113364338874816895e-01 -4.890349507331848145e-01 -4.850970804691314697e-01 -2.587932777404785156e+01 -1.436648607254028320e+00 -1.071248482912778854e-02 -1.441117143258452415e-03 5.800000000000000000e+01 8.000000000000000000e+00
4.104393720626831055e-01 2.113364338874816895e-01 -4.890349507331848145e-01 -4.850970804691314697e-01 -2.587932777404785156e+01 -1.436648607254028320e+00 -1.071248482912778854e-02 -1.441117143258452415e-03 5.800000000000000000e+01 8.000000000000000000e+00
4.104393720626831055e-01 2.113364338874816895e-01 -4.890349507331848145e-01 -4.850970804691314697e-01 -2.587932777404785156e+01 -1.436648607254028320e+00 -1.071248482912778854e-02 -1.441117143258452415e-03 5.800000000000000000e+01 8.000000000000000000e+00
4.104393720626831055e-01 2.282616794109344482e-01 -4.470676779747009277e-01 -4.438601732254028320e-01 -2.548158645629882812e+01 -1.038906335830688477e+00 -1.054784376174211502e-02 -1.042137737385928631e-03 5.500000000000000000e+01 5.000000000000000000e+00
4.104393720626831055e-01 2.288599014282226562e-01 -4.440686404705047607e-01 -4.424026608467102051e-01 -2.460678482055664062e+01 -1.641063094139099121e-01 -1.018572784960269928e-02 -1.646167365834116936e-04 5.100000000000000000e+01 1.000000000000000000e+00
4.104393720626831055e-01 2.288599014282226562e-01 -4.440686404705047607e-01 -4.424026608467102051e-01 -2.460678482055664062e+01 -1.641063094139099121e-01 -1.018572784960269928e-02 -1.646167365834116936e-04 5.100000000000000000e+01 1.000000000000000000e+00
4.104393720626831055e-01 2.288599014282226562e-01 -4.440686404705047607e-01 -4.424026608467102051e-01 -2.460678482055664062e+01 -1.641063094139099121e-01 -1.018572784960269928e-02 -1.646167365834116936e-04 5.100000000000000000e+01 1.000000000000000000e+00
4.104393720626831055e-01 2.255747318267822266e-01 -4.515799283981323242e-01 -4.504067003726959229e-01 -2.444268035888671875e+01 0.000000000000000000e+00 -1.011779904365539551e-02 0.000000000000000000e+00 5.000000000000000000e+01 0.000000000000000000e+00
4.104393720626831055e-01 2.255747318267822266e-01 -4.515799283981323242e-01 -4.504067003726959229e-01 -2.444268035888671875e+01 0.000000000000000000e+00 -1.011779904365539551e-02 0.000000000000000000e+00 5.000000000000000000e+01 0.000000000000000000e+00
4.104393720626831055e-01 2.255747318267822266e-01 -4.515799283981323242e-01 -4.504067003726959229e-01 -2.444268035888671875e+01 0.000000000000000000e+00 -1.011779904365539551e-02 0.000000000000000000e+00 5.000000000000000000e+01 0.000000000000000000e+00
4.104393720626831055e-01 2.255747318267822266e-01 -4.515799283981323242e-01 -4.504067003726959229e-01 -2.444268035888671875e+01 0.000000000000000000e+00 -1.011779904365539551e-02 0.000000000000000000e+00 5.000000000000000000e+01 0.000000000000000000e+00
4.104393720626831055e-01 2.255747318267822266e-01 -4.515799283981323242e-01 -4.504067003726959229e-01 -2.444268035888671875e+01 0.000000000000000000e+00 -1.011779904365539551e-02 0.000000000000000000e+00 5.000000000000000000e+01 0.000000000000000000e+00
4.104393720626831055e-01 2.255747318267822266e-01 -4.515799283981323242e-01 -4.504067003726959229e-01 -2.444268035888671875e+01 0.000000000000000000e+00 -1.011779904365539551e-02 0.000000000000000000e+00 5.000000000000000000e+01 0.000000000000000000e+00
4.104393720626831055e-01 2.255747318267822266e-01 -4.515799283981323242e-01 -4.504067003726959229e-01 -2.444268035888671875e+01 0.000000000000000000e+00 -1.011779904365539551e-02 0.000000000000000000e+00 5.000000000000000000e+01 0.000000000000000000e+00
4.104393720626831055e-01 2.255747318267822266e-01 -4.515799283981323242e-01 -4.504067003726959229e-01 -2.444268035888671875e+01 0.000000000000000000e+00 -1.011779904365539551e-02 0.000000000000000000e+00 5.000000000000000000e+01 0.000000000000000000e+00
4.104393720626831055e-01 2.255747318267822266e-01 -4.515799283981323242e-01 -4.504067003726959229e-01 -2.444268035888671875e+01 0.000000000000000000e+00 -1.011779904365539551e-02 0.000000000000000000e+00 5.000000000000000000e+01 0.000000000000000000e+00
4.104393720626831055e-01 2.255747318267822266e-01 -4.515799283981323242e-01 -4.504067003726959229e-01 -2.444268035888671875e+01 0.000000000000000000e+00 -1.011779904365539551e-02 0.000000000000000000e+00 5.000000000000000000e+01 0.000000000000000000e+00
4.104393720626831055e-01 2.255747318267822266e-01 -4.515799283981323242e-01 -4.504067003726959229e-01 -2.444268035888671875e+01 0.000000000000000000e+00 -1.011779904365539551e-02 0.000000000000000000e+00 5.000000000000000000e+01 0.000000000000000000e+00
4.104393720626831055e-01 2.255747318267822266e-01 -4.515799283981323242e-01 -4.504067003726959229e-01 -2.444268035888671875e+01 0.000000000000000000e+00 -1.011779904365539551e-02 0.000000000000000000e+00 5.000000000000000000e+01 0.000000000000000000e+00
4.104393720626831055e-01 2.255747318267822266e-01 -4.515799283981323242e-01 -4.504067003726959229e-01 -2.444268035888671875e+01 0.000000000000000000e+00 -1.011779904365539551e-02 0.000000000000000000e+00 5.000000000000000000e+01 0.000000000000000000e+00
4.104393720626831055e-01 2.255747318267822266e-01 -4.515799283981323242e-01 -4.504067003726959229e-01 -2.444268035888671875e+01 0.000000000000000000e+00 -1.011779904365539551e-02 0.000000000000000000e+00 5.000000000000000000e+01 0.000000000000000000e+00
4.104393720626831055e-01 2.255747318267822266e-01 -4.515799283981323242e-01 -4.504067003726959229e-01 -2.444268035888671875e+01 0.000000000000000000e+00 -1.011779904365539551e-02 0.000000000000000000e+00 5.000000000000000000e+01 0.000000000000000000e+00
4.104393720626831055e-01 2.255747318267822266e-01 -4.515799283981323242e-01 -4.504067003726959229e-01 -2.444268035888671875e+01 0.000000000000000000e+00 -1.011779904365539551e-02 0.000000000000000000e+00 5.000000000000000000e+01 0.000000000000000000e+00
4.104393720626831055e-01 2.255747318267822266e-01 -4.515799283981323242e-01 -4.504067003726959229e-01 -2.444268035888671875e+01 0.000000000000000000e+00 -1.011779904365539551e-02 0.000000000000000000e+00 5.000000000000000000e+01 0.000000000000000000e+00
4.104393720626831055e-01 2.255747318267822266e-01 -4.515799283981323242e-01 -4.504067003726959229e-01 -2.444268035888671875e+01 0.000000000000000000e+00 -1.011779904365539551e-02 0.000000000000000000e+00 5.000000000000000000e+01 0.000000000000000000e+00
4.104393720626831055e-01 2.255747318267822266e-01 -4.515799283981323242e-01 -4.504067003726959229e-01 -2.444268035888671875e+01 0.000000000000000000e+00 -1.011779904365539551e-02 0.000000000000000000e+00 5.000000000000000000e+01 0.000000000000000000e+00
4.104393720626831055e-01 2.255747318267822266e-01 -4.515799283981323242e-01 -4.504067003726959229e-01 -2.444268035888671875e+01 0.000000000000000000e+00 -1.011779904365539551e-02 0.000000000000000000e+00 5.000000000000000000e+01 0.000000000000000000e+00
4.104393720626831055e-01 2.255747318267822266e-01 -4.515799283981323242e-01 -4.504067003726959229e-01 -2.444268035888671875e+01 0.000000000000000000e+00 -1.011779904365539551e-02 0.000000000000000000e+00 5.000000000000000000e+01 0.000000000000000000e+00
4.104393720626831055e-01 2.255747318267822266e-01 -4.515799283981323242e-01 -4.504067003726959229e-01 -2.444268035888671875e+01 0.000000000000000000e+00 -1.011779904365539551e-02 0.000000000000000000e+00 5.000000000000000000e+01 0.000000000000000000e+00
4.104393720626831055e-01 2.255747318267822266e-01 -4.515799283981323242e-01 -4.504067003726959229e-01 -2.444268035888671875e+01 0.000000000000000000e+00 -1.011779904365539551e-02 0.000000000000000000e+00 5.000000000000000000e+01 0.000000000000000000e+00
4.104393720626831055e-01 2.255747318267822266e-01 -4.515799283981323242e-01 -4.504067003726959229e-01 -2.444268035888671875e+01 0.000000000000000000e+00 -1.011779904365539551e-02 0.000000000000000000e+00 5.000000000000000000e+01 0.000000000000000000e+00
4.104393720626831055e-01 2.255747318267822266e-01 -4.515799283981323242e-01 -4.504067003726959229e-01 -2.444268035888671875e+01 0.000000000000000000e+00 -1.011779904365539551e-02 0.000000000000000000e+00 5.000000000000000000e+01 0.000000000000000000e+00
4.104393720626831055e-01 2.255747318267822266e-01 -4.515799283981323242e-01 -4.504067003726959229e-01 -2.444268035888671875e+01 0.000000000000000000e+00 -1.011779904365539551e-02 0.000000000000000000e+00 5.000000000000000000e+01 0.000000000000000000e+00
4.104393720626831055e-01 2.255747318267822266e-01 -4.515799283981323242e-01 -4.504067003726959229e-01 -2.444268035888671875e+01 0.000000000000000000e+00 -1.011779904365539551e-02 0.000000000000000000e+00 5.000000000000000000e+01 0.000000000000000000e+00
4.104393720626831055e-01 2.255747318267822266e-01 -4.515799283981323242e-01 -4.504067003726959229e-01 -2.444268035888671875e+01 0.000000000000000000e+00 -1.011779904365539551e-02 0.000000000000000000e+00 5.000000000000000000e+01 0.000000000000000000e+00
4.104393720626831055e-01 2.255747318267822266e-01 -4.515799283981323242e-01 -4.504067003726959229e-01 -2.444268035888671875e+01 0.000000000000000000e+00 -1.011779904365539551e-02 0.000000000000000000e+00 5.000000000000000000e+01 0.000000000000000000e+00
4.104393720626831055e-01 2.255747318267822266e-01 -4.515799283981323242e-01 -4.504067003726959229e-01 -2.444268035888671875e+01 0.000000000000000000e+00 -1.011779904365539551e-02 0.000000000000000000e+00 5.000000000000000000e+01 0.000000000000000000e+00
4.104393720626831055e-01 2.255747318267822266e-01 -4.515799283981323242e-01 -4.504067003726959229e-01 -2.444268035888671875e+01 0.000000000000000000e+00 -1.011779904365539551e-02 0.000000000000000000e+00 5.000000000000000000e+01 0.000000000000000000e+00
4.104393720626831055e-01 2.255747318267822266e-01 -4.515799283981323242e-01 -4.504067003726959229e-01 -2.444268035888671875e+01 0.000000000000000000e+00 -1.011779904365539551e-02 0.000000000000000000e+00 5.000000000000000000e+01 0.000000000000000000e+00
4.104393720626831055e-01 2.255747318267822266e-01 -4.515799283981323242e-01 -4.504067003726959229e-01 -2.444268035888671875e+01 0.000000000000000000e+00 -1.011779904365539551e-02 0.000000000000000000e+00 5.000000000000000000e+01 0.000000000000000000e+00
4.104393720626831055e-01 2.255747318267822266e-01 -4.515799283981323242e-01 -4.504067003726959229e-01 -2.444268035888671875e+01 0.000000000000000000e+00 -1.011779904365539551e-02 0.000000000000000000e+00 5.000000000000000000e+01 0.000000000000000000e+00
4.104393720626831055e-01 2.255747318267822266e-01 -4.515799283981323242e-01 -4.504067003726959229e-01 -2.444268035888671875e+01 0.000000000000000000e+00 -1.011779904365539551e-02 0.000000000000000000e+00 5.000000000000000000e+01 0.000000000000000000e+00
4.104393720626831055e-01 2.255747318267822266e-01 -4.515799283981323242e-01 -4.504067003726959229e-01 -2.444268035888671875e+01 0.000000000000000000e+00 -1.011779904365539551e-02 0.000000000000000000e+00 5.000000000000000000e+01 0.000000000000000000e+00
4.104393720626831055e-01 2.255747318267822266e-01 -4.515799283981323242e-01 -4.504067003726959229e-01 -2.444268035888671875e+01 0.000000000000000000e+00 -1.011779904365539551e-02 0.000000000000000000e+00 5.000000000000000000e+01 0.000000000000000000e+00
4.104393720626831055e-01 2.255747318267822266e-01 -4.515799283981323242e-01 -4.504067003726959229e-01 -2.444268035888671875e+01 0.000000000000000000e+00 -1.011779904365539551e-02 0.000000000000000000e+00 5.000000000000000000e+01 0.000000000000000000e+00
4.104393720626831055e-01 2.255747318267822266e-01 -4.515799283981323242e-01 -4.504067003726959229e-01 -2.444268035888671875e+01 0.000000000000000000e+00 -1.011779904365539551e-02 0.000000000000000000e+00 5.000000000000000000e+01 0.000000000000000000e+00
4.104393720626831055e-01 2.255747318267822266e-01 -4.515799283981323242e-01 -4.504067003726959229e-01 -2.444268035888671875e+01 0.000000000000000000e+00 -1.011779904365539551e-02 0.000000000000000000e+00 5.000000000000000000e+01 0.000000000000000000e+00
4.104393720626831055e-01 2.255747318267822266e-01 -4.515799283981323242e-01 -4.504067003726959229e-01 -2.444268035888671875e+01 0.000000000000000000e+00 -1.011779904365539551e-02 0.000000000000000000e+00 5.000000000000000000e+01 0.000000000000000000e+00
4.104393720626831055e-01 2.255747318267822266e-01 -4.515799283981323242e-01 -4.504067003726959229e-01 -2.444268035888671875e+01 0.000000000000000000e+00 -1.011779904365539551e-02 0.000000000000000000e+00 5.000000000000000000e+01 0.000000000000000000e+00
4.104393720626831055e-01 2.255747318267822266e-01 -4.515799283981323242e-01 -4.504067003726959229e-01 -2.444268035888671875e+01 0.000000000000000000e+00 -1.011779904365539551e-02 0.000000000000000000e+00 5.000000000000000000e+01 0.000000000000000000e+00
4.104393720626831055e-01 2.255747318267822266e-01 -4.515799283981323242e-01 -4.504067003726959229e-01 -2.444268035888671875e+01 0.000000000000000000e+00 -1.011779904365539551e-02 0.000000000000000000e+00 5.000000000000000000e+01 0.000000000000000000e+00
4.104393720626831055e-01 2.255747318267822266e-01 -4.515799283981323242e-01 -4.504067003726959229e-01 -2.444268035888671875e+01 0.000000000000000000e+00 -1.011779904365539551e-02 0.000000000000000000e+00 5.000000000000000000e+01 0.000000000000000000e+00
4.104393720626831055e-01 2.255747318267822266e-01 -4.515799283981323242e-01 -4.504067003726959229e-01 -2.444268035888671875e+01 0.000000000000000000e+00 -1.011779904365539551e-02 0.000000000000000000e+00 5.000000000000000000e+01 0.000000000000000000e+00
4.104393720626831055e-01 2.255747318267822266e-01 -4.515799283981323242e-01 -4.504067003726959229e-01 -2.444268035888671875e+01 0.000000000000000000e+00 -1.011779904365539551e-02 0.000000000000000000e+00 5.000000000000000000e+01 0.000000000000000000e+00
4.104393720626831055e-01 2.255747318267822266e-01 -4.515799283981323242e-01 -4.504067003726959229e-01 -2.444268035888671875e+01 0.000000000000000000e+00 -1.011779904365539551e-02 0.000000000000000000e+00 5.000000000000000000e+01 0.000000000000000000e+00
4.104393720626831055e-01 2.255747318267822266e-01 -4.515799283981323242e-01 -4.504067003726959229e-01 -2.444268035888671875e+01 0.000000000000000000e+00 -1.011779904365539551e-02 0.000000000000000000e+00 5.000000000000000000e+01 0.000000000000000000e+00
4.104393720626831055e-01 2.255747318267822266e-01 -4.515799283981323242e-01 -4.504067003726959229e-01 -2.444268035888671875e+01 0.000000000000000000e+00 -1.011779904365539551e-02 0.000000000000000000e+00 5.000000000000000000e+01 0.000000000000000000e+00
4.104393720626831055e-01 2.255747318267822266e-01 -4.515799283981323242e-01 -4.504067003726959229e-01 -2.444268035888671875e+01 0.000000000000000000e+00 -1.011779904365539551e-02 0.000000000000000000e+00 5.000000000000000000e+01 0.000000000000000000e+00
4.104393720626831055e-01 2.255747318267822266e-01 -4.515799283981323242e-01 -4.504067003726959229e-01 -2.444268035888671875e+01 0.000000000000000000e+00 -1.011779904365539551e-02 0.000000000000000000e+00 5.000000000000000000e+01 0.000000000000000000e+00
4.104393720626831055e-01 2.255747318267822266e-01 -4.515799283981323242e-01 -4.504067003726959229e-01 -2.444268035888671875e+01 0.000000000000000000e+00 -1.011779904365539551e-02 0.000000000000000000e+00 5.000000000000000000e+01 0.000000000000000000e+00
4.104393720626831055e-01 2.255747318267822266e-01 -4.515799283981323242e-01 -4.504067003726959229e-01 -2.444268035888671875e+01 0.000000000000000000e+00 -1.011779904365539551e-02 0.000000000000000000e+00 5.000000000000000000e+01 0.000000000000000000e+00
4.104393720626831055e-01 2.255747318267822266e-01 -4.515799283981323242e-01 -4.504067003726959229e-01 -2.444268035888671875e+01 0.000000000000000000e+00 -1.011779904365539551e-02 0.000000000000000000e+00 5.000000000000000000e+01 0.000000000000000000e+00
4.104393720626831055e-01 2.255747318267822266e-01 -4.515799283981323242e-01 -4.504067003726959229e-01 -2.444268035888671875e+01 0.000000000000000000e+00 -1.011779904365539551e-02 0.000000000000000000e+00 5.000000000000000000e+01 0.000000000000000000e+00
4.104393720626831055e-01 2.255747318267822266e-01 -4.515799283981323242e-01 -4.504067003726959229e-01 -2.444268035888671875e+01 0.000000000000000000e+00 -1.011779904365539551e-02 0.000000000000000000e+00 5.000000000000000000e+01 0.000000000000000000e+00
4.104393720626831055e-01 2.255747318267822266e-01 -4.515799283981323242e-01 -4.504067003726959229e-01 -2.444268035888671875e+01 0.000000000000000000e+00 -1.011779904365539551e-02 0.000000000000000000e+00 5.000000000000000000e+01 0.000000000000000000e+00
