4.586051702499389648e-01 7.433636188507080078e-01 6.293218135833740234e-01 6.209228634834289551e-01 -8.002227020263671875e+01 -6.360973358154296875e+01 -3.312440589070320129e-02 -6.957329064607620239e-02 2.920000000000000000e+02 2.420000000000000000e+02
4.586051702499389648e-01 7.137855887413024902e-01 5.656645298004150391e-01 5.564272403717041016e-01 -3.907196807861328125e+01 -2.265942764282226562e+01 -1.617344282567501068e-02 -2.478380128741264343e-02 1.530000000000000000e+02 1.030000000000000000e+02
4.586051702499389648e-01 7.083891630172729492e-01 5.559308528900146484e-01 5.446602106094360352e-01 -3.669775390625000000e+01 -2.028521347045898438e+01 -1.519066188484430313e-02 -2.218699827790260315e-02 1.430000000000000000e+02 9.300000000000000000e+01
4.586051702499389648e-01 6.999492645263671875e-01 5.375324487686157227e-01 5.262567996978759766e-01 -3.592868423461914062e+01 -1.951614189147949219e+01 -1.487231347709894180e-02 -2.134582400321960449e-02 1.400000000000000000e+02 9.000000000000000000e+01
4.586051702499389648e-01 6.935822963714599609e-01 5.223624706268310547e-01 5.123735070228576660e-01 -3.530859375000000000e+01 -1.889605331420898438e+01 -1.461563352495431900e-02 -2.066760137677192688e-02 1.370000000000000000e+02 8.700000000000000000e+01
4.586051702499389648e-01 6.879765391349792480e-01 5.106750130653381348e-01 5.001499652862548828e-01 -3.467918395996093750e+01 -1.826664161682128906e+01 -1.435509510338306427e-02 -1.997918076813220978e-02 1.340000000000000000e+02 8.400000000000000000e+01
4.586051702499389648e-01 6.842592954635620117e-01 5.026735067367553711e-01 4.920444488525390625e-01 -3.418267822265625000e+01 -1.777013778686523438e+01 -1.414957176893949509e-02 -1.943612843751907349e-02 1.320000000000000000e+02 8.200000000000000000e+01
4.586051702499389648e-01 6.810683012008666992e-01 4.948488473892211914e-01 4.850864112377166748e-01 -3.389243698120117188e+01 -1.747989654541015625e+01 -1.402942929416894913e-02 -1.911867596209049225e-02 1.300000000000000000e+02 8.000000000000000000e+01
4.586051702499389648e-01 6.810683012008666992e-01 4.948488473892211914e-01 4.850864112377166748e-01 -3.389243698120117188e+01 -1.747989654541015625e+01 -1.402942929416894913e-02 -1.911867596209049225e-02 1.300000000000000000e+02 8.000000000000000000e+01
4.586051702499389648e-01 6.781864166259765625e-01 4.882375895977020264e-01 4.788023829460144043e-01 -3.349546051025390625e+01 -1.708292388916015625e+01 -1.386510487645864487e-02 -1.868448592722415924e-02 1.280000000000000000e+02 7.800000000000000000e+01
4.586051702499389648e-01 6.861755847930908203e-01 5.071835517883300781e-01 4.962229728698730469e-01 -3.295244598388671875e+01 -1.653990936279296875e+01 -1.364033017307519913e-02 -1.809056289494037628e-02 1.260000000000000000e+02 7.600000000000000000e+01
4.586051702499389648e-01 6.732298135757446289e-01 4.786103665828704834e-01 4.679943919181823730e-01 -3.114830017089843750e+01 -1.473576164245605469e+01 -1.289352215826511383e-02 -1.611727289855480194e-02 1.170000000000000000e+02 6.700000000000000000e+01
4.586051702499389648e-01 6.696589589118957520e-01 4.690651893615722656e-01 4.602080583572387695e-01 -3.062674713134765625e+01 -1.421420669555664062e+01 -1.267763040959835052e-02 -1.554682105779647827e-02 1.150000000000000000e+02 6.500000000000000000e+01
4.586051702499389648e-01 6.694080829620361328e-01 4.683840572834014893e-01 4.596610069274902344e-01 -3.032951354980468750e+01 -1.391697311401367188e+01 -1.255459338426589966e-02 -1.522172056138515472e-02 1.140000000000000000e+02 6.400000000000000000e+01
4.586051702499389648e-01 6.657064557075500488e-01 4.583191573619842529e-01 4.515895247459411621e-01 -2.928557205200195312e+01 -1.287303161621093750e+01 -1.212246436625719070e-02 -1.407990790903568268e-02 1.120000000000000000e+02 6.200000000000000000e+01
4.586051702499389648e-01 6.590638756752014160e-01 4.437083303928375244e-01 4.371052086353302002e-01 -2.891386985778808594e+01 -1.250133037567138672e+01 -1.196860242635011673e-02 -1.367335859686136246e-02 1.100000000000000000e+02 6.000000000000000000e+01
4.586051702499389648e-01 6.506313681602478027e-01 4.232939779758453369e-01 4.187179207801818848e-01 -2.877331352233886719e+01 -1.236077308654785156e+01 -1.191042084246873856e-02 -1.351962331682443619e-02 1.090000000000000000e+02 5.900000000000000000e+01
4.586051702499389648e-01 6.478519439697265625e-01 4.166343212127685547e-01 4.126572906970977783e-01 -2.821591949462890625e+01 -1.180337810516357422e+01 -1.167969312518835068e-02 -1.290997117757797241e-02 1.060000000000000000e+02 5.600000000000000000e+01
4.586051702499389648e-01 6.440990567207336426e-01 4.098675847053527832e-01 4.044740498065948486e-01 -2.810487747192382812e+01 -1.169233894348144531e+01 -1.163372769951820374e-02 -1.278852205723524094e-02 1.050000000000000000e+02 5.500000000000000000e+01
4.586051702499389648e-01 6.503291130065917969e-01 4.251246452331542969e-01 4.180588424205780029e-01 -2.801180076599121094e+01 -1.159926223754882812e+01 -1.159519981592893600e-02 -1.268671918660402298e-02 1.040000000000000000e+02 5.400000000000000000e+01
4.586051702499389648e-01 6.428861618041992188e-01 4.077352285385131836e-01 4.018293023109436035e-01 -2.676542091369628906e+01 -1.035288143157958984e+01 -1.107927411794662476e-02 -1.132348738610744476e-02 1.000000000000000000e+02 5.000000000000000000e+01
4.586051702499389648e-01 6.251159906387329102e-01 3.690371215343475342e-01 3.630809783935546875e-01 -2.558454513549804688e+01 -9.172004699707031250e+00 -1.059046201407909393e-02 -1.003190129995346069e-02 9.700000000000000000e+01 4.700000000000000000e+01
4.586051702499389648e-01 6.312111020088195801e-01 3.836429417133331299e-01 3.763715326786041260e-01 -2.482586288452148438e+01 -8.413324356079101562e+00 -1.027641352266073227e-02 -9.202092885971069336e-03 9.400000000000000000e+01 4.400000000000000000e+01
4.586051702499389648e-01 6.078794598579406738e-01 3.270889520645141602e-01 3.254963159561157227e-01 -2.440126991271972656e+01 -7.988730430603027344e+00 -1.010065712034702301e-02 -8.737691678106784821e-03 9.200000000000000000e+01 4.200000000000000000e+01
4.586051702499389648e-01 5.894228816032409668e-01 2.835694551467895508e-01 2.852512896060943604e-01 -2.358479118347167969e+01 -7.172250747680664062e+00 -9.762684814631938934e-03 -7.844666019082069397e-03 9.000000000000000000e+01 4.000000000000000000e+01
4.586051702499389648e-01 5.855409502983093262e-01 2.749387025833129883e-01 2.767866253852844238e-01 -2.351366424560546875e+01 -7.101123809814453125e+00 -9.733241982758045197e-03 -7.766870316118001938e-03 9.000000000000000000e+01 4.000000000000000000e+01
4.586051702499389648e-01 5.896172523498535156e-01 2.831751704216003418e-01 2.856751084327697754e-01 -2.326774024963378906e+01 -6.855200290679931641e+00 -9.631444700062274933e-03 -7.497890852391719818e-03 8.800000000000000000e+01 3.800000000000000000e+01
4.586051702499389648e-01 5.826058983802795410e-01 2.686361670494079590e-01 2.703866660594940186e-01 -2.299209976196289062e+01 -6.579560756683349609e+00 -9.517345577478408813e-03 -7.196409627795219421e-03 8.700000000000000000e+01 3.700000000000000000e+01
4.586051702499389648e-01 5.771836638450622559e-01 2.554423809051513672e-01 2.585633695125579834e-01 -2.277579498291015625e+01 -6.363253593444824219e+00 -9.427808225154876709e-03 -6.959822960197925568e-03 8.600000000000000000e+01 3.600000000000000000e+01
4.586051702499389648e-01 5.540327429771423340e-01 2.062582224607467651e-01 2.080821990966796875e-01 -2.090119552612304688e+01 -4.488656520843505859e+00 -8.651837706565856934e-03 -4.909478127956390381e-03 7.600000000000000000e+01 2.600000000000000000e+01
4.586051702499389648e-01 5.155687928199768066e-01 1.221322417259216309e-01 1.242105960845947266e-01 -1.932975387573242188e+01 -2.917214393615722656e+00 -8.001355454325675964e-03 -3.190709976479411125e-03 6.900000000000000000e+01 1.900000000000000000e+01
4.586051702499389648e-01 4.940868020057678223e-01 7.642874121665954590e-02 7.736857980489730835e-02 -1.811863136291503906e+01 -1.706091642379760742e+00 -7.500023115426301956e-03 -1.866041566245257854e-03 6.200000000000000000e+01 1.200000000000000000e+01
4.586051702499389648e-01 4.718260169029235840e-01 2.720745094120502472e-02 2.882838621735572815e-02 -1.761553955078125000e+01 -1.203001022338867188e+00 -7.291773334145545959e-03 -1.315785106271505356e-03 5.900000000000000000e+01 9.000000000000000000e+00
4.586051702499389648e-01 4.615322649478912354e-01 7.219508755952119827e-03 6.382602732628583908e-03 -1.746156311035156250e+01 -1.049023866653442383e+00 -7.228036411106586456e-03 -1.147372182458639145e-03 5.800000000000000000e+01 8.000000000000000000e+00
4.586051702499389648e-01 4.580377936363220215e-01 1.691378303803503513e-03 -1.237178803421556950e-03 -1.697039604187011719e+01 -5.578553676605224609e-01 -7.024722639471292496e-03 -6.101555773057043552e-04 5.500000000000000000e+01 5.000000000000000000e+00
4.586051702499389648e-01 4.453246593475341797e-01 -2.532119862735271454e-02 -2.895848453044891357e-02 -1.669252777099609375e+01 -2.799880504608154297e-01 -6.909701973199844360e-03 -3.062375762965530157e-04 5.300000000000000000e+01 3.000000000000000000e+00
4.586051702499389648e-01 4.453246593475341797e-01 -2.532119862735271454e-02 -2.895848453044891357e-02 -1.669252777099609375e+01 -2.799880504608154297e-01 -6.909701973199844360e-03 -3.062375762965530157e-04 5.300000000000000000e+01 3.000000000000000000e+00
4.586051702499389648e-01 4.427747130393981934e-01 -3.127197548747062683e-02 -3.451870754361152649e-02 -1.660404205322265625e+01 -1.915016770362854004e-01 -6.873074453324079514e-03 -2.094553929055109620e-04 5.200000000000000000e+01 2.000000000000000000e+00
4.586051702499389648e-01 4.283329546451568604e-01 -6.637523323297500610e-02 -6.600932031869888306e-02 -1.641254043579101562e+01 0.000000000000000000e+00 -6.793804001063108444e-03 0.000000000000000000e+00 5.000000000000000000e+01 0.000000000000000000e+00
4.586051702499389648e-01 4.283329546451568604e-01 -6.637523323297500610e-02 -6.600932031869888306e-02 -1.641254043579101562e+01 0.000000000000000000e+00 -6.793804001063108444e-03 0.000000000000000000e+00 5.000000000000000000e+01 0.000000000000000000e+00
4.586051702499389648e-01 4.283329546451568604e-01 -6.637523323297500610e-02 -6.600932031869888306e-02 -1.641254043579101562e+01 0.000000000000000000e+00 -6.793804001063108444e-03 0.000000000000000000e+00 5.000000000000000000e+01 0.000000000000000000e+00
4.586051702499389648e-01 4.283329546451568604e-01 -6.637523323297500610e-02 -6.600932031869888306e-02 -1.641254043579101562e+01 0.000000000000000000e+00 -6.793804001063108444e-03 0.000000000000000000e+00 5.000000000000000000e+01 0.000000000000000000e+00
4.586051702499389648e-01 4.283329546451568604e-01 -6.637523323297500610e-02 -6.600932031869888306e-02 -1.641254043579101562e+01 0.000000000000000000e+00 -6.793804001063108444e-03 0.000000000000000000e+00 5.000000000000000000e+01 0.000000000000000000e+00
4.586051702499389648e-01 4.283329546451568604e-01 -6.637523323297500610e-02 -6.600932031869888306e-02 -1.641254043579101562e+01 0.000000000000000000e+00 -6.793804001063108444e-03 0.000000000000000000e+00 5.000000000000000000e+01 0.000000000000000000e+00
4.586051702499389648e-01 4.283329546451568604e-01 -6.637523323297500610e-02 -6.600932031869888306e-02 -1.641254043579101562e+01 0.000000000000000000e+00 -6.793804001063108444e-03 0.000000000000000000e+00 5.000000000000000000e+01 0.000000000000000000e+00
4.586051702499389648e-01 4.283329546451568604e-01 -6.637523323297500610e-02 -6.600932031869888306e-02 -1.641254043579101562e+01 0.000000000000000000e+00 -6.793804001063108444e-03 0.000000000000000000e+00 5.000000000000000000e+01 0.000000000000000000e+00
4.586051702499389648e-01 4.283329546451568604e-01 -6.637523323297500610e-02 -6.600932031869888306e-02 -1.641254043579101562e+01 0.000000000000000000e+00 -6.793804001063108444e-03 0.000000000000000000e+00 5.000000000000000000e+01 0.000000000000000000e+00
4.586051702499389648e-01 4.283329546451568604e-01 -6.637523323297500610e-02 -6.600932031869888306e-02 -1.641254043579101562e+01 0.000000000000000000e+00 -6.793804001063108444e-03 0.000000000000000000e+00 5.000000000000000000e+01 0.000000000000000000e+00
4.586051702499389648e-01 4.283329546451568604e-01 -6.637523323297500610e-02 -6.600932031869888306e-02 -1.641254043579101562e+01 0.000000000000000000e+00 -6.793804001063108444e-03 0.000000000000000000e+00 5.000000000000000000e+01 0.000000000000000000e+00
4.586051702499389648e-01 4.283329546451568604e-01 -6.637523323297500610e-02 -6.600932031869888306e-02 -1.641254043579101562e+01 0.000000000000000000e+00 -6.793804001063108444e-03 0.000000000000000000e+00 5.000000000000000000e+01 0.000000000000000000e+00
4.586051702499389648e-01 4.283329546451568604e-01 -6.637523323297500610e-02 -6.600932031869888306e-02 -1.641254043579101562e+01 0.000000000000000000e+00 -6.793804001063108444e-03 0.000000000000000000e+00 5.000000000000000000e+01 0.000000000000000000e+00
4.586051702499389648e-01 4.283329546451568604e-01 -6.637523323297500610e-02 -6.600932031869888306e-02 -1.641254043579101562e+01 0.000000000000000000e+00 -6.793804001063108444e-03 0.000000000000000000e+00 5.000000000000000000e+01 0.000000000000000000e+00
4.586051702499389648e-01 4.283329546451568604e-01 -6.637523323297500610e-02 -6.600932031869888306e-02 -1.641254043579101562e+01 0.000000000000000000e+00 -6.793804001063108444e-03 0.000000000000000000e+00 5.000000000000000000e+01 0.000000000000000000e+00
4.586051702499389648e-01 4.283329546451568604e-01 -6.637523323297500610e-02 -6.600932031869888306e-02 -1.641254043579101562e+01 0.000000000000000000e+00 -6.793804001063108444e-03 0.000000000000000000e+00 5.000000000000000000e+01 0.000000000000000000e+00
4.586051702499389648e-01 4.283329546451568604e-01 -6.637523323297500610e-02 -6.600932031869888306e-02 -1.641254043579101562e+01 0.000000000000000000e+00 -6.793804001063108444e-03 0.000000000000000000e+00 5.000000000000000000e+01 0.000000000000000000e+00
4.586051702499389648e-01 4.283329546451568604e-01 -6.637523323297500610e-02 -6.600932031869888306e-02 -1.641254043579101562e+01 0.000000000000000000e+00 -6.793804001063108444e-03 0.000000000000000000e+00 5.000000000000000000e+01 0.000000000000000000e+00
4.586051702499389648e-01 4.283329546451568604e-01 -6.637523323297500610e-02 -6.600932031869888306e-02 -1.641254043579101562e+01 0.000000000000000000e+00 -6.793804001063108444e-03 0.000000000000000000e+00 5.000000000000000000e+01 0.000000000000000000e+00
4.586051702499389648e-01 4.283329546451568604e-01 -6.637523323297500610e-02 -6.600932031869888306e-02 -1.641254043579101562e+01 0.000000000000000000e+00 -6.793804001063108444e-03 0.000000000000000000e+00 5.000000000000000000e+01 0.000000000000000000e+00
4.586051702499389648e-01 4.283329546451568604e-01 -6.637523323297500610e-02 -6.600932031869888306e-02 -1.641254043579101562e+01 0.000000000000000000e+00 -6.793804001063108444e-03 0.000000000000000000e+00 5.000000000000000000e+01 0.000000000000000000e+00
4.586051702499389648e-01 4.283329546451568604e-01 -6.637523323297500610e-02 -6.600932031869888306e-02 -1.641254043579101562e+01 0.000000000000000000e+00 -6.793804001063108444e-03 0.000000000000000000e+00 5.000000000000000000e+01 0.000000000000000000e+00
4.586051702499389648e-01 4.283329546451568604e-01 -6.637523323297500610e-02 -6.600932031869888306e-02 -1.641254043579101562e+01 0.000000000000000000e+00 -6.793804001063108444e-03 0.000000000000000000e+00 5.000000000000000000e+01 0.000000000000000000e+00
4.586051702499389648e-01 4.283329546451568604e-01 -6.637523323297500610e-02 -6.600932031869888306e-02 -1.641254043579101562e+01 0.000000000000000000e+00 -6.793804001063108444e-03 0.000000000000000000e+00 5.000000000000000000e+01 0.000000000000000000e+00
4.586051702499389648e-01 4.283329546451568604e-01 -6.637523323297500610e-02 -6.600932031869888306e-02 -1.641254043579101562e+01 0.000000000000000000e+00 -6.793804001063108444e-03 0.000000000000000000e+00 5.000000000000000000e+01 0.000000000000000000e+00
4.586051702499389648e-01 4.283329546451568604e-01 -6.637523323297500610e-02 -6.600932031869888306e-02 -1.641254043579101562e+01 0.000000000000000000e+00 -6.793804001063108444e-03 0.000000000000000000e+00 5.000000000000000000e+01 0.000000000000000000e+00
4.586051702499389648e-01 4.283329546451568604e-01 -6.637523323297500610e-02 -6.600932031869888306e-02 -1.641254043579101562e+01 0.000000000000000000e+00 -6.793804001063108444e-03 0.000000000000000000e+00 5.000000000000000000e+01 0.000000000000000000e+00
4.586051702499389648e-01 4.283329546451568604e-01 -6.637523323297500610e-02 -6.600932031869888306e-02 -1.641254043579101562e+01 0.000000000000000000e+00 -6.793804001063108444e-03 0.000000000000000000e+00 5.000000000000000000e+01 0.000000000000000000e+00
4.586051702499389648e-01 4.283329546451568604e-01 -6.637523323297500610e-02 -6.600932031869888306e-02 -1.641254043579101562e+01 0.000000000000000000e+00 -6.793804001063108444e-03 0.000000000000000000e+00 5.000000000000000000e+01 0.000000000000000000e+00
4.586051702499389648e-01 4.283329546451568604e-01 -6.637523323297500610e-02 -6.600932031869888306e-02 -1.641254043579101562e+01 0.000000000000000000e+00 -6.793804001063108444e-03 0.000000000000000000e+00 5.000000000000000000e+01 0.000000000000000000e+00
4.586051702499389648e-01 4.283329546451568604e-01 -6.637523323297500610e-02 -6.600932031869888306e-02 -1.641254043579101562e+01 0.000000000000000000e+00 -6.793804001063108444e-03 0.000000000000000000e+00 5.000000000000000000e+01 0.000000000000000000e+00
4.586051702499389648e-01 4.283329546451568604e-01 -6.637523323297500610e-02 -6.600932031869888306e-02 -1.641254043579101562e+01 0.000000000000000000e+00 -6.793804001063108444e-03 0.000000000000000000e+00 5.000000000000000000e+01 0.000000000000000000e+00
4.586051702499389648e-01 4.283329546451568604e-01 -6.637523323297500610e-02 -6.600932031869888306e-02 -1.641254043579101562e+01 0.000000000000000000e+00 -6.793804001063108444e-03 0.000000000000000000e+00 5.000000000000000000e+01 0.000000000000000000e+00
4.586051702499389648e-01 4.283329546451568604e-01 -6.637523323297500610e-02 -6.600932031869888306e-02 -1.641254043579101562e+01 0.000000000000000000e+00 -6.793804001063108444e-03 0.000000000000000000e+00 5.000000000000000000e+01 0.000000000000000000e+00
4.586051702499389648e-01 4.283329546451568604e-01 -6.637523323297500610e-02 -6.600932031869888306e-02 -1.641254043579101562e+01 0.000000000000000000e+00 -6.793804001063108444e-03 0.000000000000000000e+00 5.000000000000000000e+01 0.000000000000000000e+00
4.586051702499389648e-01 4.283329546451568604e-01 -6.637523323297500610e-02 -6.600932031869888306e-02 -1.641254043579101562e+01 0.000000000000000000e+00 -6.793804001063108444e-03 0.000000000000000000e+00 5.000000000000000000e+01 0.000000000000000000e+00
4.586051702499389648e-01 4.283329546451568604e-01 -6.637523323297500610e-02 -6.600932031869888306e-02 -1.641254043579101562e+01 0.000000000000000000e+00 -6.793804001063108444e-03 0.000000000000000000e+00 5.000000000000000000e+01 0.000000000000000000e+00
4.586051702499389648e-01 4.283329546451568604e-01 -6.637523323297500610e-02 -6.600932031869888306e-02 -1.641254043579101562e+01 0.000000000000000000e+00 -6.793804001063108444e-03 0.000000000000000000e+00 5.000000000000000000e+01 0.000000000000000000e+00
4.586051702499389648e-01 4.283329546451568604e-01 -6.637523323297500610e-02 -6.600932031869888306e-02 -1.641254043579101562e+01 0.000000000000000000e+00 -6.793804001063108444e-03 0.000000000000000000e+00 5.000000000000000000e+01 0.000000000000000000e+00
4.586051702499389648e-01 4.283329546451568604e-01 -6.637523323297500610e-02 -6.600932031869888306e-02 -1.641254043579101562e+01 0.000000000000000000e+00 -6.793804001063108444e-03 0.000000000000000000e+00 5.000000000000000000e+01 0.000000000000000000e+00
4.586051702499389648e-01 4.283329546451568604e-01 -6.637523323297500610e-02 -6.600932031869888306e-02 -1.641254043579101562e+01 0.000000000000000000e+00 -6.793804001063108444e-03 0.000000000000000000e+00 5.000000000000000000e+01 0.000000000000000000e+00
4.586051702499389648e-01 4.283329546451568604e-01 -6.637523323297500610e-02 -6.600932031869888306e-02 -1.641254043579101562e+01 0.000000000000000000e+00 -6.793804001063108444e-03 0.000000000000000000e+00 5.000000000000000000e+01 0.000000000000000000e+00
4.586051702499389648e-01 4.283329546451568604e-01 -6.637523323297500610e-02 -6.600932031869888306e-02 -1.641254043579101562e+01 0.000000000000000000e+00 -6.793804001063108444e-03 0.000000000000000000e+00 5.000000000000000000e+01 0.000000000000000000e+00
4.586051702499389648e-01 4.283329546451568604e-01 -6.637523323297500610e-02 -6.600932031869888306e-02 -1.641254043579101562e+01 0.000000000000000000e+00 -6.793804001063108444e-03 0.000000000000000000e+00 5.000000000000000000e+01 0.000000000000000000e+00
4.586051702499389648e-01 4.283329546451568604e-01 -6.637523323297500610e-02 -6.600932031869888306e-02 -1.641254043579101562e+01 0.000000000000000000e+00 -6.793804001063108444e-03 0.000000000000000000e+00 5.000000000000000000e+01 0.000000000000000000e+00
4.586051702499389648e-01 4.283329546451568604e-01 -6.637523323297500610e-02 -6.600932031869888306e-02 -1.641254043579101562e+01 0.000000000000000000e+00 -6.793804001063108444e-03 0.000000000000000000e+00 5.000000000000000000e+01 0.000000000000000000e+00
4.586051702499389648e-01 4.283329546451568604e-01 -6.637523323297500610e-02 -6.600932031869888306e-02 -1.641254043579101562e+01 0.000000000000000000e+00 -6.793804001063108444e-03 0.000000000000000000e+00 5.000000000000000000e+01 0.000000000000000000e+00
4.586051702499389648e-01 4.283329546451568604e-01 -6.637523323297500610e-02 -6.600932031869888306e-02 -1.641254043579101562e+01 0.000000000000000000e+00 -6.793804001063108444e-03 0.000000000000000000e+00 5.000000000000000000e+01 0.000000000000000000e+00
4.586051702499389648e-01 4.283329546451568604e-01 -6.637523323297500610e-02 -6.600932031869888306e-02 -1.641254043579101562e+01 0.000000000000000000e+00 -6.793804001063108444e-03 0.000000000000000000e+00 5.000000000000000000e+01 0.000000000000000000e+00
4.586051702499389648e-01 4.283329546451568604e-01 -6.637523323297500610e-02 -6.600932031869888306e-02 -1.641254043579101562e+01 0.000000000000000000e+00 -6.793804001063108444e-03 0.000000000000000000e+00 5.000000000000000000e+01 0.000000000000000000e+00
4.586051702499389648e-01 4.283329546451568604e-01 -6.637523323297500610e-02 -6.600932031869888306e-02 -1.641254043579101562e+01 0.000000000000000000e+00 -6.793804001063108444e-03 0.000000000000000000e+00 5.000000000000000000e+01 0.000000000000000000e+00
4.586051702499389648e-01 4.283329546451568604e-01 -6.637523323297500610e-02 -6.600932031869888306e-02 -1.641254043579101562e+01 0.000000000000000000e+00 -6.793804001063108444e-03 0.000000000000000000e+00 5.000000000000000000e+01 0.000000000000000000e+00
4.586051702499389648e-01 4.283329546451568604e-01 -6.637523323297500610e-02 -6.600932031869888306e-02 -1.641254043579101562e+01 0.000000000000000000e+00 -6.793804001063108444e-03 0.000000000000000000e+00 5.000000000000000000e+01 0.000000000000000000e+00
