4.776737093925476074e-01 8.294150829315185547e-01 7.422995567321777344e-01 7.363632917404174805e-01 -3.855092620849609375e+01 -2.737117767333984375e+01 -1.595776341855525970e-02 -3.730608150362968445e-02 2.460000000000000000e+02 1.960000000000000000e+02
4.776737093925476074e-01 7.997730374336242676e-01 6.772376894950866699e-01 6.743082404136657715e-01 -1.857680130004882812e+01 -7.397052764892578125e+00 -7.689678110182285309e-03 -1.008195802569389343e-02 1.590000000000000000e+02 1.090000000000000000e+02
4.776737093925476074e-01 7.869557142257690430e-01 6.517218351364135742e-01 6.474754810333251953e-01 -1.815876197814941406e+01 -6.979012012481689453e+00 -7.516634650528430939e-03 -9.512181393802165985e-03 1.510000000000000000e+02 1.010000000000000000e+02
4.776737093925476074e-01 7.897492647171020508e-01 6.617276072502136230e-01 6.533237099647521973e-01 -1.646255493164062500e+01 -5.282806396484375000e+00 -6.814507301896810532e-03 -7.200304418802261353e-03 1.430000000000000000e+02 9.300000000000000000e+01
4.776737093925476074e-01 7.950723767280578613e-01 6.723257303237915039e-01 6.644675135612487793e-01 -1.623933982849121094e+01 -5.059590816497802734e+00 -6.722109392285346985e-03 -6.896068342030048370e-03 1.410000000000000000e+02 9.100000000000000000e+01
4.776737093925476074e-01 7.945415973663330078e-01 6.711409687995910645e-01 6.633563637733459473e-01 -1.622908020019531250e+01 -5.049330711364746094e+00 -6.717862561345100403e-03 -6.882084067910909653e-03 1.400000000000000000e+02 9.000000000000000000e+01
4.776737093925476074e-01 7.945415973663330078e-01 6.711409687995910645e-01 6.633563637733459473e-01 -1.622908020019531250e+01 -5.049330711364746094e+00 -6.717862561345100403e-03 -6.882084067910909653e-03 1.400000000000000000e+02 9.000000000000000000e+01
4.776737093925476074e-01 7.928668260574340820e-01 6.671270132064819336e-01 6.598502397537231445e-01 -1.610341262817382812e+01 -4.923664093017578125e+00 -6.665844004601240158e-03 -6.710804533213376999e-03 1.380000000000000000e+02 8.800000000000000000e+01
4.776737093925476074e-01 7.897402644157409668e-01 6.604533195495605469e-01 6.533048748970031738e-01 -1.608471679687500000e+01 -4.904966831207275391e+00 -6.658104714006185532e-03 -6.685320753604173660e-03 1.370000000000000000e+02 8.700000000000000000e+01
4.776737093925476074e-01 7.812053561210632324e-01 6.430318951606750488e-01 6.354371905326843262e-01 -1.590196990966796875e+01 -4.722220420837402344e+00 -6.582458503544330597e-03 -6.436242721974849701e-03 1.350000000000000000e+02 8.500000000000000000e+01
4.776737093925476074e-01 7.877428531646728516e-01 6.559438705444335938e-01 6.491233110427856445e-01 -1.589496135711669922e+01 -4.715211868286132812e+00 -6.579557433724403381e-03 -6.426690611988306046e-03 1.350000000000000000e+02 8.500000000000000000e+01
4.776737093925476074e-01 7.707849740982055664e-01 6.197700500488281250e-01 6.136223673820495605e-01 -1.558348846435546875e+01 -4.403738975524902344e+00 -6.450626533478498459e-03 -6.002162583172321320e-03 1.260000000000000000e+02 7.600000000000000000e+01
4.776737093925476074e-01 7.643224000930786133e-01 6.057652235031127930e-01 6.000930666923522949e-01 -1.548659896850585938e+01 -4.306849479675292969e+00 -6.410520058125257492e-03 -5.870104767382144928e-03 1.230000000000000000e+02 7.300000000000000000e+01
4.776737093925476074e-01 7.571954131126403809e-01 5.908945202827453613e-01 5.851728916168212891e-01 -1.532310485839843750e+01 -4.143356323242187500e+00 -6.342843174934387207e-03 -5.647268611937761307e-03 1.200000000000000000e+02 7.000000000000000000e+01
4.776737093925476074e-01 7.574724555015563965e-01 5.913197398185729980e-01 5.857528448104858398e-01 -1.508236789703369141e+01 -3.902618408203125000e+00 -6.243192590773105621e-03 -5.319150164723396301e-03 1.210000000000000000e+02 7.100000000000000000e+01
4.776737093925476074e-01 7.496962547302246094e-01 5.766861438751220703e-01 5.694735646247863770e-01 -1.505030822753906250e+01 -3.870558500289916992e+00 -6.229922175407409668e-03 -5.275453440845012665e-03 1.190000000000000000e+02 6.900000000000000000e+01
4.776737093925476074e-01 7.475723624229431152e-01 5.733259916305541992e-01 5.650272369384765625e-01 -1.410339927673339844e+01 -2.923650741577148438e+00 -5.837958771735429764e-03 -3.984847106039524078e-03 1.190000000000000000e+02 6.900000000000000000e+01
4.776737093925476074e-01 7.425420880317687988e-01 5.616726875305175781e-01 5.544964671134948730e-01 -1.408653068542480469e+01 -2.906782627105712891e+00 -5.830976180732250214e-03 -3.961856476962566376e-03 1.180000000000000000e+02 6.800000000000000000e+01
4.776737093925476074e-01 7.406736612319946289e-01 5.573742389678955078e-01 5.505849719047546387e-01 -1.405418777465820312e+01 -2.874439716339111328e+00 -5.817587953060865402e-03 -3.917774185538291931e-03 1.170000000000000000e+02 6.700000000000000000e+01
4.776737093925476074e-01 7.383510470390319824e-01 5.526454448699951172e-01 5.457226037979125977e-01 -1.405039310455322266e+01 -2.870644569396972656e+00 -5.816017277538776398e-03 -3.912601154297590256e-03 1.160000000000000000e+02 6.600000000000000000e+01
4.776737093925476074e-01 7.218165993690490723e-01 5.174264311790466309e-01 5.111081004142761230e-01 -1.370017433166503906e+01 -2.520425796508789062e+00 -5.671047605574131012e-03 -3.435263643041253090e-03 1.100000000000000000e+02 6.000000000000000000e+01
4.776737093925476074e-01 7.106273770332336426e-01 4.944508969783782959e-01 4.876836836338043213e-01 -1.336471557617187500e+01 -2.184966564178466797e+00 -5.532187875360250473e-03 -2.978042932227253914e-03 1.070000000000000000e+02 5.700000000000000000e+01
4.776737093925476074e-01 7.075896859169006348e-01 4.872105419635772705e-01 4.813243150711059570e-01 -1.323156547546386719e+01 -2.051817655563354492e+00 -5.477071739733219147e-03 -2.796565182507038116e-03 1.060000000000000000e+02 5.600000000000000000e+01
4.776737093925476074e-01 7.004302740097045898e-01 4.715903401374816895e-01 4.663362503051757812e-01 -1.317028045654296875e+01 -1.990531563758850098e+00 -5.451703444123268127e-03 -2.713033929467201233e-03 1.030000000000000000e+02 5.300000000000000000e+01
4.776737093925476074e-01 6.916934847831726074e-01 4.543018341064453125e-01 4.480459690093994141e-01 -1.315227222442626953e+01 -1.972523689270019531e+00 -5.444249138236045837e-03 -2.688489854335784912e-03 1.010000000000000000e+02 5.100000000000000000e+01
4.776737093925476074e-01 6.993931531906127930e-01 4.707863926887512207e-01 4.641650617122650146e-01 -1.307452583312988281e+01 -1.894777297973632812e+00 -5.412066821008920670e-03 -2.582523971796035767e-03 1.010000000000000000e+02 5.100000000000000000e+01
4.776737093925476074e-01 6.955114603042602539e-01 4.612051248550415039e-01 4.560388028621673584e-01 -1.306581687927246094e+01 -1.886068105697631836e+00 -5.408462136983871460e-03 -2.570653567090630531e-03 1.000000000000000000e+02 5.000000000000000000e+01
4.776737093925476074e-01 6.944389343261718750e-01 4.590753018856048584e-01 4.537934958934783936e-01 -1.306146240234375000e+01 -1.881713151931762695e+00 -5.406659562140703201e-03 -2.564717782661318779e-03 9.900000000000000000e+01 4.900000000000000000e+01
4.776737093925476074e-01 6.916624307632446289e-01 4.536475241184234619e-01 4.479809403419494629e-01 -1.303819656372070312e+01 -1.858447551727294922e+00 -5.397028755396604538e-03 -2.533007413148880005e-03 9.700000000000000000e+01 4.700000000000000000e+01
4.776737093925476074e-01 6.871063709259033203e-01 4.433825612068176270e-01 4.384429454803466797e-01 -1.279914855957031250e+01 -1.619399309158325195e+00 -5.298077128827571869e-03 -2.207192126661539078e-03 9.400000000000000000e+01 4.400000000000000000e+01
4.776737093925476074e-01 6.840090751647949219e-01 4.352457821369171143e-01 4.319587945938110352e-01 -1.271989345550537109e+01 -1.540144920349121094e+00 -5.265270359814167023e-03 -2.099170815199613571e-03 9.300000000000000000e+01 4.300000000000000000e+01
4.776737093925476074e-01 6.623328924179077148e-01 3.914691209793090820e-01 3.865801692008972168e-01 -1.247467708587646484e+01 -1.294929146766662598e+00 -5.163765512406826019e-03 -1.764949061907827854e-03 8.900000000000000000e+01 3.900000000000000000e+01
4.776737093925476074e-01 6.400029063224792480e-01 3.428454101085662842e-01 3.398328125476837158e-01 -1.201079654693603516e+01 -8.310481905937194824e-01 -4.971747286617755890e-03 -1.132693374529480934e-03 8.400000000000000000e+01 3.400000000000000000e+01
4.776737093925476074e-01 6.311258077621459961e-01 3.211892247200012207e-01 3.212487697601318359e-01 -1.193329429626464844e+01 -7.535459399223327637e-01 -4.939666017889976501e-03 -1.027060206979513168e-03 8.400000000000000000e+01 3.400000000000000000e+01
4.776737093925476074e-01 6.264901757240295410e-01 3.090107142925262451e-01 3.115441799163818359e-01 -1.185725212097167969e+01 -6.775035858154296875e-01 -4.908188711851835251e-03 -9.234168101102113724e-04 8.300000000000000000e+01 3.300000000000000000e+01
4.776737093925476074e-01 6.264901757240295410e-01 3.090107142925262451e-01 3.115441799163818359e-01 -1.185725212097167969e+01 -6.775035858154296875e-01 -4.908188711851835251e-03 -9.234168101102113724e-04 8.300000000000000000e+01 3.300000000000000000e+01
4.776737093925476074e-01 6.264901757240295410e-01 3.090107142925262451e-01 3.115441799163818359e-01 -1.185725212097167969e+01 -6.775035858154296875e-01 -4.908188711851835251e-03 -9.234168101102113724e-04 8.300000000000000000e+01 3.300000000000000000e+01
4.776737093925476074e-01 6.150725483894348145e-01 2.803074717521667480e-01 2.876416146755218506e-01 -1.164829063415527344e+01 -4.685423374176025391e-01 -4.821691196411848068e-03 -6.386089371517300606e-04 7.800000000000000000e+01 2.800000000000000000e+01
4.776737093925476074e-01 5.841755270957946777e-01 2.167647182941436768e-01 2.229593396186828613e-01 -1.145475006103515625e+01 -2.750000953674316406e-01 -4.741577431559562683e-03 -3.748167655430734158e-04 7.100000000000000000e+01 2.100000000000000000e+01
4.776737093925476074e-01 5.402861237525939941e-01 1.300634890794754028e-01 1.310777962207794189e-01 -1.130762672424316406e+01 -1.278779506683349609e-01 -4.680676851421594620e-03 -1.742937602102756500e-04 6.500000000000000000e+01 1.500000000000000000e+01
4.776737093925476074e-01 5.094206929206848145e-01 5.986727401614189148e-02 6.646165251731872559e-02 -1.124644088745117188e+01 -6.669133901596069336e-02 -4.655349999666213989e-03 -9.089826926356181502e-05 6.100000000000000000e+01 1.100000000000000000e+01
4.776737093925476074e-01 5.067971944808959961e-01 5.517811328172683716e-02 6.096941232681274414e-02 -1.123293495178222656e+01 -5.318659543991088867e-02 -4.649759270250797272e-03 -7.249171176226809621e-05 6.000000000000000000e+01 1.000000000000000000e+01
4.776737093925476074e-01 5.067971944808959961e-01 5.517811328172683716e-02 6.096941232681274414e-02 -1.123293495178222656e+01 -5.318659543991088867e-02 -4.649759270250797272e-03 -7.249171176226809621e-05 6.000000000000000000e+01 1.000000000000000000e+01
4.776737093925476074e-01 5.071268081665039062e-01 5.460526794195175171e-02 6.165945157408714294e-02 -1.121881198883056641e+01 -3.906333446502685547e-02 -4.643912892788648605e-03 -5.324213634594343603e-05 5.800000000000000000e+01 8.000000000000000000e+00
4.776737093925476074e-01 5.032382011413574219e-01 4.678330197930335999e-02 5.351873487234115601e-02 -1.121403503417968750e+01 -3.428608179092407227e-02 -4.641935694962739944e-03 -4.673088551498949528e-05 5.700000000000000000e+01 7.000000000000000000e+00
4.776737093925476074e-01 5.032382011413574219e-01 4.678330197930335999e-02 5.351873487234115601e-02 -1.121403503417968750e+01 -3.428608179092407227e-02 -4.641935694962739944e-03 -4.673088551498949528e-05 5.700000000000000000e+01 7.000000000000000000e+00
4.776737093925476074e-01 4.980147480964660645e-01 3.730339929461479187e-02 4.258354380726814270e-02 -1.119389152526855469e+01 -1.414215564727783203e-02 -4.633597563952207565e-03 -1.927532866830006242e-05 5.500000000000000000e+01 5.000000000000000000e+00
4.776737093925476074e-01 4.793749451637268066e-01 -8.922743727453052998e-04 3.561501856893301010e-03 -1.118515014648437500e+01 -5.400598049163818359e-03 -4.629978910088539124e-03 -7.360850759141612798e-06 5.300000000000000000e+01 3.000000000000000000e+00
4.776737093925476074e-01 4.760927855968475342e-01 -8.109132759273052216e-03 -3.309631254523992538e-03 -1.118235778808593750e+01 -2.609312534332275391e-03 -4.628823138773441315e-03 -3.556413730620988645e-06 5.200000000000000000e+01 2.000000000000000000e+00
4.776737093925476074e-01 4.673993587493896484e-01 -2.680427581071853638e-02 -2.150914072990417480e-02 -1.117983055114746094e+01 -8.195638656616210938e-05 -4.627777263522148132e-03 -1.117040611120501126e-07 5.100000000000000000e+01 1.000000000000000000e+00
4.776737093925476074e-01 4.673993587493896484e-01 -2.680427581071853638e-02 -2.150914072990417480e-02 -1.117983055114746094e+01 -8.195638656616210938e-05 -4.627777263522148132e-03 -1.117040611120501126e-07 5.100000000000000000e+01 1.000000000000000000e+00
4.776737093925476074e-01 4.673993587493896484e-01 -2.680427581071853638e-02 -2.150914072990417480e-02 -1.117983055114746094e+01 -8.195638656616210938e-05 -4.627777263522148132e-03 -1.117040611120501126e-07 5.100000000000000000e+01 1.000000000000000000e+00
4.776737093925476074e-01 4.673993587493896484e-01 -2.680427581071853638e-02 -2.150914072990417480e-02 -1.117983055114746094e+01 -8.195638656616210938e-05 -4.627777263522148132e-03 -1.117040611120501126e-07 5.100000000000000000e+01 1.000000000000000000e+00
4.776737093925476074e-01 4.673993587493896484e-01 -2.680427581071853638e-02 -2.150914072990417480e-02 -1.117983055114746094e+01 -8.195638656616210938e-05 -4.627777263522148132e-03 -1.117040611120501126e-07 5.100000000000000000e+01 1.000000000000000000e+00
4.776737093925476074e-01 4.673993587493896484e-01 -2.680427581071853638e-02 -2.150914072990417480e-02 -1.117983055114746094e+01 -8.195638656616210938e-05 -4.627777263522148132e-03 -1.117040611120501126e-07 5.100000000000000000e+01 1.000000000000000000e+00
4.776737093925476074e-01 4.673993587493896484e-01 -2.680427581071853638e-02 -2.150914072990417480e-02 -1.117983055114746094e+01 -8.195638656616210938e-05 -4.627777263522148132e-03 -1.117040611120501126e-07 5.100000000000000000e+01 1.000000000000000000e+00
4.776737093925476074e-01 4.673993587493896484e-01 -2.680427581071853638e-02 -2.150914072990417480e-02 -1.117983055114746094e+01 -8.195638656616210938e-05 -4.627777263522148132e-03 -1.117040611120501126e-07 5.100000000000000000e+01 1.000000000000000000e+00
4.776737093925476074e-01 4.608335793018341064e-01 -3.970422223210334778e-02 -3.525446355342864990e-02 -1.117974853515625000e+01 0.000000000000000000e+00 -4.627743270248174667e-03 0.000000000000000000e+00 5.000000000000000000e+01 0.000000000000000000e+00
4.776737093925476074e-01 4.608335793018341064e-01 -3.970422223210334778e-02 -3.525446355342864990e-02 -1.117974853515625000e+01 0.000000000000000000e+00 -4.627743270248174667e-03 0.000000000000000000e+00 5.000000000000000000e+01 0.000000000000000000e+00
4.776737093925476074e-01 4.608335793018341064e-01 -3.970422223210334778e-02 -3.525446355342864990e-02 -1.117974853515625000e+01 0.000000000000000000e+00 -4.627743270248174667e-03 0.000000000000000000e+00 5.000000000000000000e+01 0.000000000000000000e+00
4.776737093925476074e-01 4.608335793018341064e-01 -3.970422223210334778e-02 -3.525446355342864990e-02 -1.117974853515625000e+01 0.000000000000000000e+00 -4.627743270248174667e-03 0.000000000000000000e+00 5.000000000000000000e+01 0.000000000000000000e+00
4.776737093925476074e-01 4.608335793018341064e-01 -3.970422223210334778e-02 -3.525446355342864990e-02 -1.117974853515625000e+01 0.000000000000000000e+00 -4.627743270248174667e-03 0.000000000000000000e+00 5.000000000000000000e+01 0.000000000000000000e+00
4.776737093925476074e-01 4.608335793018341064e-01 -3.970422223210334778e-02 -3.525446355342864990e-02 -1.117974853515625000e+01 0.000000000000000000e+00 -4.627743270248174667e-03 0.000000000000000000e+00 5.000000000000000000e+01 0.000000000000000000e+00
4.776737093925476074e-01 4.608335793018341064e-01 -3.970422223210334778e-02 -3.525446355342864990e-02 -1.117974853515625000e+01 0.000000000000000000e+00 -4.627743270248174667e-03 0.000000000000000000e+00 5.000000000000000000e+01 0.000000000000000000e+00
4.776737093925476074e-01 4.608335793018341064e-01 -3.970422223210334778e-02 -3.525446355342864990e-02 -1.117974853515625000e+01 0.000000000000000000e+00 -4.627743270248174667e-03 0.000000000000000000e+00 5.000000000000000000e+01 0.000000000000000000e+00
4.776737093925476074e-01 4.608335793018341064e-01 -3.970422223210334778e-02 -3.525446355342864990e-02 -1.117974853515625000e+01 0.000000000000000000e+00 -4.627743270248174667e-03 0.000000000000000000e+00 5.000000000000000000e+01 0.000000000000000000e+00
4.776737093925476074e-01 4.608335793018341064e-01 -3.970422223210334778e-02 -3.525446355342864990e-02 -1.117974853515625000e+01 0.000000000000000000e+00 -4.627743270248174667e-03 0.000000000000000000e+00 5.000000000000000000e+01 0.000000000000000000e+00
4.776737093925476074e-01 4.608335793018341064e-01 -3.970422223210334778e-02 -3.525446355342864990e-02 -1.117974853515625000e+01 0.000000000000000000e+00 -4.627743270248174667e-03 0.000000000000000000e+00 5.000000000000000000e+01 0.000000000000000000e+00
4.776737093925476074e-01 4.608335793018341064e-01 -3.970422223210334778e-02 -3.525446355342864990e-02 -1.117974853515625000e+01 0.000000000000000000e+00 -4.627743270248174667e-03 0.000000000000000000e+00 5.000000000000000000e+01 0.000000000000000000e+00
4.776737093925476074e-01 4.608335793018341064e-01 -3.970422223210334778e-02 -3.525446355342864990e-02 -1.117974853515625000e+01 0.000000000000000000e+00 -4.627743270248174667e-03 0.000000000000000000e+00 5.000000000000000000e+01 0.000000000000000000e+00
4.776737093925476074e-01 4.608335793018341064e-01 -3.970422223210334778e-02 -3.525446355342864990e-02 -1.117974853515625000e+01 0.000000000000000000e+00 -4.627743270248174667e-03 0.000000000000000000e+00 5.000000000000000000e+01 0.000000000000000000e+00
4.776737093925476074e-01 4.608335793018341064e-01 -3.970422223210334778e-02 -3.525446355342864990e-02 -1.117974853515625000e+01 0.000000000000000000e+00 -4.627743270248174667e-03 0.000000000000000000e+00 5.000000000000000000e+01 0.000000000000000000e+00
4.776737093925476074e-01 4.608335793018341064e-01 -3.970422223210334778e-02 -3.525446355342864990e-02 -1.117974853515625000e+01 0.000000000000000000e+00 -4.627743270248174667e-03 0.000000000000000000e+00 5.000000000000000000e+01 0.000000000000000000e+00
4.776737093925476074e-01 4.608335793018341064e-01 -3.970422223210334778e-02 -3.525446355342864990e-02 -1.117974853515625000e+01 0.000000000000000000e+00 -4.627743270248174667e-03 0.000000000000000000e+00 5.000000000000000000e+01 0.000000000000000000e+00
4.776737093925476074e-01 4.608335793018341064e-01 -3.970422223210334778e-02 -3.525446355342864990e-02 -1.117974853515625000e+01 0.000000000000000000e+00 -4.627743270248174667e-03 0.000000000000000000e+00 5.000000000000000000e+01 0.000000000000000000e+00
4.776737093925476074e-01 4.608335793018341064e-01 -3.970422223210334778e-02 -3.525446355342864990e-02 -1.117974853515625000e+01 0.000000000000000000e+00 -4.627743270248174667e-03 0.000000000000000000e+00 5.000000000000000000e+01 0.000000000000000000e+00
4.776737093925476074e-01 4.608335793018341064e-01 -3.970422223210334778e-02 -3.525446355342864990e-02 -1.117974853515625000e+01 0.000000000000000000e+00 -4.627743270248174667e-03 0.000000000000000000e+00 5.000000000000000000e+01 0.000000000000000000e+00
4.776737093925476074e-01 4.608335793018341064e-01 -3.970422223210334778e-02 -3.525446355342864990e-02 -1.117974853515625000e+01 0.000000000000000000e+00 -4.627743270248174667e-03 0.000000000000000000e+00 5.000000000000000000e+01 0.000000000000000000e+00
4.776737093925476074e-01 4.608335793018341064e-01 -3.970422223210334778e-02 -3.525446355342864990e-02 -1.117974853515625000e+01 0.000000000000000000e+00 -4.627743270248174667e-03 0.000000000000000000e+00 5.000000000000000000e+01 0.000000000000000000e+00
4.776737093925476074e-01 4.608335793018341064e-01 -3.970422223210334778e-02 -3.525446355342864990e-02 -1.117974853515625000e+01 0.000000000000000000e+00 -4.627743270248174667e-03 0.000000000000000000e+00 5.000000000000000000e+01 0.000000000000000000e+00
4.776737093925476074e-01 4.608335793018341064e-01 -3.970422223210334778e-02 -3.525446355342864990e-02 -1.117974853515625000e+01 0.000000000000000000e+00 -4.627743270248174667e-03 0.000000000000000000e+00 5.000000000000000000e+01 0.000000000000000000e+00
4.776737093925476074e-01 4.608335793018341064e-01 -3.970422223210334778e-02 -3.525446355342864990e-02 -1.117974853515625000e+01 0.000000000000000000e+00 -4.627743270248174667e-03 0.000000000000000000e+00 5.000000000000000000e+01 0.000000000000000000e+00
4.776737093925476074e-01 4.608335793018341064e-01 -3.970422223210334778e-02 -3.525446355342864990e-02 -1.117974853515625000e+01 0.000000000000000000e+00 -4.627743270248174667e-03 0.000000000000000000e+00 5.000000000000000000e+01 0.000000000000000000e+00
4.776737093925476074e-01 4.608335793018341064e-01 -3.970422223210334778e-02 -3.525446355342864990e-02 -1.117974853515625000e+01 0.000000000000000000e+00 -4.627743270248174667e-03 0.000000000000000000e+00 5.000000000000000000e+01 0.000000000000000000e+00
4.776737093925476074e-01 4.608335793018341064e-01 -3.970422223210334778e-02 -3.525446355342864990e-02 -1.117974853515625000e+01 0.000000000000000000e+00 -4.627743270248174667e-03 0.000000000000000000e+00 5.000000000000000000e+01 0.000000000000000000e+00
4.776737093925476074e-01 4.608335793018341064e-01 -3.970422223210334778e-02 -3.525446355342864990e-02 -1.117974853515625000e+01 0.000000000000000000e+00 -4.627743270248174667e-03 0.000000000000000000e+00 5.000000000000000000e+01 0.000000000000000000e+00
4.776737093925476074e-01 4.608335793018341064e-01 -3.970422223210334778e-02 -3.525446355342864990e-02 -1.117974853515625000e+01 0.000000000000000000e+00 -4.627743270248174667e-03 0.000000000000000000e+00 5.000000000000000000e+01 0.000000000000000000e+00
4.776737093925476074e-01 4.608335793018341064e-01 -3.970422223210334778e-02 -3.525446355342864990e-02 -1.117974853515625000e+01 0.000000000000000000e+00 -4.627743270248174667e-03 0.000000000000000000e+00 5.000000000000000000e+01 0.000000000000000000e+00
4.776737093925476074e-01 4.608335793018341064e-01 -3.970422223210334778e-02 -3.525446355342864990e-02 -1.117974853515625000e+01 0.000000000000000000e+00 -4.627743270248174667e-03 0.000000000000000000e+00 5.000000000000000000e+01 0.000000000000000000e+00
4.776737093925476074e-01 4.608335793018341064e-01 -3.970422223210334778e-02 -3.525446355342864990e-02 -1.117974853515625000e+01 0.000000000000000000e+00 -4.627743270248174667e-03 0.000000000000000000e+00 5.000000000000000000e+01 0.000000000000000000e+00
4.776737093925476074e-01 4.608335793018341064e-01 -3.970422223210334778e-02 -3.525446355342864990e-02 -1.117974853515625000e+01 0.000000000000000000e+00 -4.627743270248174667e-03 0.000000000000000000e+00 5.000000000000000000e+01 0.000000000000000000e+00
