4.400212764739990234e-01 5.049237608909606934e-01 1.153974905610084534e-01 1.474985182285308838e-01 -1.016375274658203125e+02 -7.451293945312500000e+01 -4.207181930541992188e-02 -9.327927976846694946e-02 2.540000000000000000e+02 2.040000000000000000e+02
4.400212764739990234e-01 5.074052214622497559e-01 1.225245445966720581e-01 1.531379222869873047e-01 -8.877250671386718750e+01 -6.164792633056640625e+01 -3.674647584557533264e-02 -7.717417180538177490e-02 2.200000000000000000e+02 1.700000000000000000e+02
4.400212764739990234e-01 5.111998915672302246e-01 1.334286779165267944e-01 1.617617607116699219e-01 -8.326913452148437500e+01 -5.614454650878906250e+01 -3.446841239929199219e-02 -7.028474658727645874e-02 2.090000000000000000e+02 1.590000000000000000e+02
4.400212764739990234e-01 5.132556557655334473e-01 1.377920806407928467e-01 1.664337217807769775e-01 -8.188342285156250000e+01 -5.475883483886718750e+01 -3.389481082558631897e-02 -6.855003535747528076e-02 2.070000000000000000e+02 1.570000000000000000e+02
4.400212764739990234e-01 5.121978521347045898e-01 1.356017887592315674e-01 1.640297472476959229e-01 -8.135308837890625000e+01 -5.422850418090820312e+01 -3.367528319358825684e-02 -6.788613647222518921e-02 2.040000000000000000e+02 1.540000000000000000e+02
4.400212764739990234e-01 5.120719075202941895e-01 1.348208934068679810e-01 1.637435108423233032e-01 -8.113767242431640625e+01 -5.401308822631835938e+01 -3.358611464500427246e-02 -6.761647015810012817e-02 2.010000000000000000e+02 1.510000000000000000e+02
4.400212764739990234e-01 5.120364427566528320e-01 1.347529590129852295e-01 1.636629253625869751e-01 -8.110636901855468750e+01 -5.398178482055664062e+01 -3.357315808534622192e-02 -6.757728010416030884e-02 2.000000000000000000e+02 1.500000000000000000e+02
4.400212764739990234e-01 5.126060843467712402e-01 1.354918479919433594e-01 1.649574935436248779e-01 -7.972755432128906250e+01 -5.260297393798828125e+01 -3.300241008400917053e-02 -6.585121154785156250e-02 1.950000000000000000e+02 1.450000000000000000e+02
4.400212764739990234e-01 5.133945941925048828e-01 1.375659853219985962e-01 1.667494773864746094e-01 -7.888469696044921875e+01 -5.176011276245117188e+01 -3.265351802110671997e-02 -6.479607522487640381e-02 1.940000000000000000e+02 1.440000000000000000e+02
4.400212764739990234e-01 5.139949917793273926e-01 1.390768140554428101e-01 1.681139469146728516e-01 -7.728419494628906250e+01 -5.015960693359375000e+01 -3.199100494384765625e-02 -6.279247999191284180e-02 1.910000000000000000e+02 1.410000000000000000e+02
4.400212764739990234e-01 5.173006057739257812e-01 1.453025788068771362e-01 1.756263524293899536e-01 -7.650082397460937500e+01 -4.937623977661132812e+01 -3.166673704981803894e-02 -6.181181594729423523e-02 1.900000000000000000e+02 1.400000000000000000e+02
4.400212764739990234e-01 5.173181891441345215e-01 1.436013132333755493e-01 1.756663024425506592e-01 -6.923723602294921875e+01 -4.211265945434570312e+01 -2.866004966199398041e-02 -5.271887779235839844e-02 1.750000000000000000e+02 1.250000000000000000e+02
4.400212764739990234e-01 5.173759460449218750e-01 1.448760181665420532e-01 1.757975667715072632e-01 -6.440163421630859375e+01 -3.727705001831054688e+01 -2.665840089321136475e-02 -4.666540399193763733e-02 1.640000000000000000e+02 1.140000000000000000e+02
4.400212764739990234e-01 5.164036154747009277e-01 1.467736810445785522e-01 1.735878288745880127e-01 -6.025296783447265625e+01 -3.312837982177734375e+01 -2.494110353291034698e-02 -4.147187620401382446e-02 1.550000000000000000e+02 1.050000000000000000e+02
4.400212764739990234e-01 5.090698003768920898e-01 1.291887462139129639e-01 1.569208800792694092e-01 -5.342283248901367188e+01 -2.629824829101562500e+01 -2.211383730173110962e-02 -3.292155265808105469e-02 1.420000000000000000e+02 9.200000000000000000e+01
4.400212764739990234e-01 5.070562362670898438e-01 1.249388083815574646e-01 1.523448079824447632e-01 -5.145485687255859375e+01 -2.433027267456054688e+01 -2.129921503365039825e-02 -3.045793622732162476e-02 1.390000000000000000e+02 8.900000000000000000e+01
4.400212764739990234e-01 5.060458183288574219e-01 1.236438155174255371e-01 1.500485241413116455e-01 -4.910433197021484375e+01 -2.197974777221679688e+01 -2.032623812556266785e-02 -2.751542255282402039e-02 1.360000000000000000e+02 8.600000000000000000e+01
4.400212764739990234e-01 5.106423497200012207e-01 1.341723799705505371e-01 1.604946851730346680e-01 -4.681970596313476562e+01 -1.969512176513671875e+01 -1.938054151833057404e-02 -2.465540543198585510e-02 1.310000000000000000e+02 8.100000000000000000e+01
4.400212764739990234e-01 5.137138366699218750e-01 1.413643509149551392e-01 1.674750000238418579e-01 -4.450090408325195312e+01 -1.737631988525390625e+01 -1.842069625854492188e-02 -2.175260521471500397e-02 1.290000000000000000e+02 7.900000000000000000e+01
4.400212764739990234e-01 5.118493437767028809e-01 1.369865238666534424e-01 1.632377207279205322e-01 -4.330304718017578125e+01 -1.617846298217773438e+01 -1.792485639452934265e-02 -2.025306411087512970e-02 1.250000000000000000e+02 7.500000000000000000e+01
4.400212764739990234e-01 4.848829805850982666e-01 7.399921864271163940e-02 1.019534915685653687e-01 -3.745001983642578125e+01 -1.032543563842773438e+01 -1.550205517560243607e-02 -1.292593218386173248e-02 1.090000000000000000e+02 5.900000000000000000e+01
4.400212764739990234e-01 4.852365851402282715e-01 7.634108513593673706e-02 1.027570962905883789e-01 -3.615483093261718750e+01 -9.030244827270507812e+00 -1.496592443436384201e-02 -1.130454335361719131e-02 1.040000000000000000e+02 5.400000000000000000e+01
4.400212764739990234e-01 4.803417026996612549e-01 6.489600986242294312e-02 9.163290262222290039e-02 -3.530073547363281250e+01 -8.176151275634765625e+00 -1.461238041520118713e-02 -1.023534312844276428e-02 9.900000000000000000e+01 4.900000000000000000e+01
4.400212764739990234e-01 4.789122045040130615e-01 6.297425925731658936e-02 8.838419616222381592e-02 -3.500569915771484375e+01 -7.881113529205322266e+00 -1.449025329202413559e-02 -9.865999221801757812e-03 9.700000000000000000e+01 4.700000000000000000e+01
4.400212764739990234e-01 4.726817309856414795e-01 4.703351855278015137e-02 7.422471791505813599e-02 -3.384384155273437500e+01 -6.719259738922119141e+00 -1.400931365787982941e-02 -8.411528542637825012e-03 9.400000000000000000e+01 4.400000000000000000e+01
4.400212764739990234e-01 4.712717235088348389e-01 4.441037029027938843e-02 7.102031260728836060e-02 -3.383469009399414062e+01 -6.710107326507568359e+00 -1.400552596896886826e-02 -8.400071412324905396e-03 9.300000000000000000e+01 4.300000000000000000e+01
4.400212764739990234e-01 4.661684930324554443e-01 3.365213423967361450e-02 5.942261964082717896e-02 -3.219434738159179688e+01 -5.069764614105224609e+00 -1.332652289420366287e-02 -6.346602458506822586e-03 8.900000000000000000e+01 3.900000000000000000e+01
4.400212764739990234e-01 4.628346562385559082e-01 2.225738950073719025e-02 5.184608325362205505e-02 -3.058359909057617188e+01 -3.459014415740966797e+00 -1.265976950526237488e-02 -4.330179188400506973e-03 8.700000000000000000e+01 3.700000000000000000e+01
4.400212764739990234e-01 4.570322632789611816e-01 9.420728310942649841e-03 3.865946456789970398e-02 -3.003400421142578125e+01 -2.909421443939208984e+00 -1.243227068334817886e-02 -3.642169293016195297e-03 8.500000000000000000e+01 3.500000000000000000e+01
4.400212764739990234e-01 4.565255939960479736e-01 8.650493808090686798e-03 3.750799968838691711e-02 -2.869725036621093750e+01 -1.572666764259338379e+00 -1.187893468886613846e-02 -1.968748401850461960e-03 8.000000000000000000e+01 3.000000000000000000e+01
4.400212764739990234e-01 4.338032901287078857e-01 -4.212396219372749329e-02 -1.413110364228487015e-02 -2.789001464843750000e+01 -7.654296159744262695e-01 -1.154478825628757477e-02 -9.582057246007025242e-04 7.700000000000000000e+01 2.700000000000000000e+01
4.400212764739990234e-01 4.284043908119201660e-01 -5.542195588350296021e-02 -2.640073560178279877e-02 -2.753125762939453125e+01 -4.066733121871948242e-01 -1.139628421515226364e-02 -5.090953782200813293e-04 7.500000000000000000e+01 2.500000000000000000e+01
4.400212764739990234e-01 4.262861609458923340e-01 -5.939636006951332092e-02 -3.121466189622879028e-02 -2.730168914794921875e+01 -1.771060228347778320e-01 -1.130125671625137329e-02 -2.217107830801978707e-04 7.100000000000000000e+01 2.100000000000000000e+01
4.400212764739990234e-01 4.262861609458923340e-01 -5.939636006951332092e-02 -3.121466189622879028e-02 -2.730168914794921875e+01 -1.771060228347778320e-01 -1.130125671625137329e-02 -2.217107830801978707e-04 7.100000000000000000e+01 2.100000000000000000e+01
4.400212764739990234e-01 4.247919619083404541e-01 -6.217614561319351196e-02 -3.461040556430816650e-02 -2.729253768920898438e+01 -1.679537892341613770e-01 -1.129746809601783752e-02 -2.102535363519564271e-04 7.000000000000000000e+01 2.000000000000000000e+01
4.400212764739990234e-01 4.247919619083404541e-01 -6.217614561319351196e-02 -3.461040556430816650e-02 -2.729253768920898438e+01 -1.679537892341613770e-01 -1.129746809601783752e-02 -2.102535363519564271e-04 7.000000000000000000e+01 2.000000000000000000e+01
4.400212764739990234e-01 4.245132803916931152e-01 -6.256138533353805542e-02 -3.524374216794967651e-02 -2.724891662597656250e+01 -1.243326663970947266e-01 -1.127941161394119263e-02 -1.556462812004610896e-04 7.000000000000000000e+01 2.000000000000000000e+01
4.400212764739990234e-01 4.245132803916931152e-01 -6.256138533353805542e-02 -3.524374216794967651e-02 -2.724891662597656250e+01 -1.243326663970947266e-01 -1.127941161394119263e-02 -1.556462812004610896e-04 7.000000000000000000e+01 2.000000000000000000e+01
4.400212764739990234e-01 4.163161516189575195e-01 -8.028626441955566406e-02 -5.387267842888832092e-02 -2.721373748779296875e+01 -8.915263414382934570e-02 -1.126484945416450500e-02 -1.116060302592813969e-04 6.500000000000000000e+01 1.500000000000000000e+01
4.400212764739990234e-01 4.165941774845123291e-01 -7.961837947368621826e-02 -5.324083194136619568e-02 -2.720274353027343750e+01 -7.815933227539062500e-02 -1.126029901206493378e-02 -9.784402936929836869e-05 6.300000000000000000e+01 1.300000000000000000e+01
4.400212764739990234e-01 4.093456566333770752e-01 -9.270232915878295898e-02 -6.971395015716552734e-02 -2.714641380310058594e+01 -2.182960510253906250e-02 -1.123698148876428604e-02 -2.732746543188113719e-05 5.800000000000000000e+01 8.000000000000000000e+00
4.400212764739990234e-01 4.050733745098114014e-01 -1.015336364507675171e-01 -7.942321151494979858e-02 -2.713885879516601562e+01 -1.427561044692993164e-02 -1.123385410755872726e-02 -1.787097244232427329e-05 5.700000000000000000e+01 7.000000000000000000e+00
4.400212764739990234e-01 4.049461781978607178e-01 -1.018020436167716980e-01 -7.971227914094924927e-02 -2.713442420959472656e+01 -9.839832782745361328e-03 -1.123201847076416016e-02 -1.231802889378741384e-05 5.600000000000000000e+01 6.000000000000000000e+00
4.400212764739990234e-01 4.049461781978607178e-01 -1.018020510673522949e-01 -7.971227914094924927e-02 -2.713442420959472656e+01 -9.839832782745361328e-03 -1.123201847076416016e-02 -1.231802889378741384e-05 5.600000000000000000e+01 6.000000000000000000e+00
4.400212764739990234e-01 4.050704538822174072e-01 -1.015605330467224121e-01 -7.942984998226165771e-02 -2.713233757019042969e+01 -7.752239704132080078e-03 -1.123115513473749161e-02 -9.704667718324344605e-06 5.400000000000000000e+01 4.000000000000000000e+00
4.400212764739990234e-01 4.050704538822174072e-01 -1.015605330467224121e-01 -7.942984998226165771e-02 -2.713233757019042969e+01 -7.752239704132080078e-03 -1.123115513473749161e-02 -9.704667718324344605e-06 5.400000000000000000e+01 4.000000000000000000e+00
4.400212764739990234e-01 3.975594937801361084e-01 -1.180020123720169067e-01 -9.649938344955444336e-02 -2.713127517700195312e+01 -6.690025329589843750e-03 -1.123071555048227310e-02 -8.374930985155515373e-06 5.300000000000000000e+01 3.000000000000000000e+00
4.400212764739990234e-01 3.916896283626556396e-01 -1.292805075645446777e-01 -1.098393425345420837e-01 -2.712755203247070312e+01 -2.967715263366699219e-03 -1.122917421162128448e-02 -3.715144657689961605e-06 5.200000000000000000e+01 2.000000000000000000e+00
4.400212764739990234e-01 3.904780447483062744e-01 -1.315805613994598389e-01 -1.125928089022636414e-01 -2.712682342529296875e+01 -2.238094806671142578e-03 -1.122887246310710907e-02 -2.801766640914138407e-06 5.100000000000000000e+01 1.000000000000000000e+00
4.400212764739990234e-01 3.904780447483062744e-01 -1.315805613994598389e-01 -1.125928089022636414e-01 -2.712682342529296875e+01 -2.238094806671142578e-03 -1.122887246310710907e-02 -2.801766640914138407e-06 5.100000000000000000e+01 1.000000000000000000e+00
4.400212764739990234e-01 3.826071023941040039e-01 -1.481417566537857056e-01 -1.304804533720016479e-01 -2.712458419799804688e+01 0.000000000000000000e+00 -1.122794579714536667e-02 0.000000000000000000e+00 5.000000000000000000e+01 0.000000000000000000e+00
4.400212764739990234e-01 3.826071023941040039e-01 -1.481417566537857056e-01 -1.304804533720016479e-01 -2.712458419799804688e+01 0.000000000000000000e+00 -1.122794579714536667e-02 0.000000000000000000e+00 5.000000000000000000e+01 0.000000000000000000e+00
4.400212764739990234e-01 3.826071023941040039e-01 -1.481417566537857056e-01 -1.304804533720016479e-01 -2.712458419799804688e+01 0.000000000000000000e+00 -1.122794579714536667e-02 0.000000000000000000e+00 5.000000000000000000e+01 0.000000000000000000e+00
4.400212764739990234e-01 3.826071023941040039e-01 -1.481417566537857056e-01 -1.304804533720016479e-01 -2.712458419799804688e+01 0.000000000000000000e+00 -1.122794579714536667e-02 0.000000000000000000e+00 5.000000000000000000e+01 0.000000000000000000e+00
4.400212764739990234e-01 3.826071023941040039e-01 -1.481417566537857056e-01 -1.304804533720016479e-01 -2.712458419799804688e+01 0.000000000000000000e+00 -1.122794579714536667e-02 0.000000000000000000e+00 5.000000000000000000e+01 0.000000000000000000e+00
4.400212764739990234e-01 3.826071023941040039e-01 -1.481417566537857056e-01 -1.304804533720016479e-01 -2.712458419799804688e+01 0.000000000000000000e+00 -1.122794579714536667e-02 0.000000000000000000e+00 5.000000000000000000e+01 0.000000000000000000e+00
4.400212764739990234e-01 3.826071023941040039e-01 -1.481417566537857056e-01 -1.304804533720016479e-01 -2.712458419799804688e+01 0.000000000000000000e+00 -1.122794579714536667e-02 0.000000000000000000e+00 5.000000000000000000e+01 0.000000000000000000e+00
4.400212764739990234e-01 3.826071023941040039e-01 -1.481417566537857056e-01 -1.304804533720016479e-01 -2.712458419799804688e+01 0.000000000000000000e+00 -1.122794579714536667e-02 0.000000000000000000e+00 5.000000000000000000e+01 0.000000000000000000e+00
4.400212764739990234e-01 3.826071023941040039e-01 -1.481417566537857056e-01 -1.304804533720016479e-01 -2.712458419799804688e+01 0.000000000000000000e+00 -1.122794579714536667e-02 0.000000000000000000e+00 5.000000000000000000e+01 0.000000000000000000e+00
4.400212764739990234e-01 3.826071023941040039e-01 -1.481417566537857056e-01 -1.304804533720016479e-01 -2.712458419799804688e+01 0.000000000000000000e+00 -1.122794579714536667e-02 0.000000000000000000e+00 5.000000000000000000e+01 0.000000000000000000e+00
4.400212764739990234e-01 3.826071023941040039e-01 -1.481417566537857056e-01 -1.304804533720016479e-01 -2.712458419799804688e+01 0.000000000000000000e+00 -1.122794579714536667e-02 0.000000000000000000e+00 5.000000000000000000e+01 0.000000000000000000e+00
4.400212764739990234e-01 3.826071023941040039e-01 -1.481417566537857056e-01 -1.304804533720016479e-01 -2.712458419799804688e+01 0.000000000000000000e+00 -1.122794579714536667e-02 0.000000000000000000e+00 5.000000000000000000e+01 0.000000000000000000e+00
4.400212764739990234e-01 3.826071023941040039e-01 -1.481417566537857056e-01 -1.304804533720016479e-01 -2.712458419799804688e+01 0.000000000000000000e+00 -1.122794579714536667e-02 0.000000000000000000e+00 5.000000000000000000e+01 0.000000000000000000e+00
4.400212764739990234e-01 3.826071023941040039e-01 -1.481417566537857056e-01 -1.304804533720016479e-01 -2.712458419799804688e+01 0.000000000000000000e+00 -1.122794579714536667e-02 0.000000000000000000e+00 5.000000000000000000e+01 0.000000000000000000e+00
4.400212764739990234e-01 3.826071023941040039e-01 -1.481417566537857056e-01 -1.304804533720016479e-01 -2.712458419799804688e+01 0.000000000000000000e+00 -1.122794579714536667e-02 0.000000000000000000e+00 5.000000000000000000e+01 0.000000000000000000e+00
4.400212764739990234e-01 3.826071023941040039e-01 -1.481417566537857056e-01 -1.304804533720016479e-01 -2.712458419799804688e+01 0.000000000000000000e+00 -1.122794579714536667e-02 0.000000000000000000e+00 5.000000000000000000e+01 0.000000000000000000e+00
4.400212764739990234e-01 3.826071023941040039e-01 -1.481417566537857056e-01 -1.304804533720016479e-01 -2.712458419799804688e+01 0.000000000000000000e+00 -1.122794579714536667e-02 0.000000000000000000e+00 5.000000000000000000e+01 0.000000000000000000e+00
4.400212764739990234e-01 3.826071023941040039e-01 -1.481417566537857056e-01 -1.304804533720016479e-01 -2.712458419799804688e+01 0.000000000000000000e+00 -1.122794579714536667e-02 0.000000000000000000e+00 5.000000000000000000e+01 0.000000000000000000e+00
4.400212764739990234e-01 3.826071023941040039e-01 -1.481417566537857056e-01 -1.304804533720016479e-01 -2.712458419799804688e+01 0.000000000000000000e+00 -1.122794579714536667e-02 0.000000000000000000e+00 5.000000000000000000e+01 0.000000000000000000e+00
4.400212764739990234e-01 3.826071023941040039e-01 -1.481417566537857056e-01 -1.304804533720016479e-01 -2.712458419799804688e+01 0.000000000000000000e+00 -1.122794579714536667e-02 0.000000000000000000e+00 5.000000000000000000e+01 0.000000000000000000e+00
4.400212764739990234e-01 3.826071023941040039e-01 -1.481417566537857056e-01 -1.304804533720016479e-01 -2.712458419799804688e+01 0.000000000000000000e+00 -1.122794579714536667e-02 0.000000000000000000e+00 5.000000000000000000e+01 0.000000000000000000e+00
4.400212764739990234e-01 3.826071023941040039e-01 -1.481417566537857056e-01 -1.304804533720016479e-01 -2.712458419799804688e+01 0.000000000000000000e+00 -1.122794579714536667e-02 0.000000000000000000e+00 5.000000000000000000e+01 0.000000000000000000e+00
4.400212764739990234e-01 3.826071023941040039e-01 -1.481417566537857056e-01 -1.304804533720016479e-01 -2.712458419799804688e+01 0.000000000000000000e+00 -1.122794579714536667e-02 0.000000000000000000e+00 5.000000000000000000e+01 0.000000000000000000e+00
4.400212764739990234e-01 3.826071023941040039e-01 -1.481417566537857056e-01 -1.304804533720016479e-01 -2.712458419799804688e+01 0.000000000000000000e+00 -1.122794579714536667e-02 0.000000000000000000e+00 5.000000000000000000e+01 0.000000000000000000e+00
4.400212764739990234e-01 3.826071023941040039e-01 -1.481417566537857056e-01 -1.304804533720016479e-01 -2.712458419799804688e+01 0.000000000000000000e+00 -1.122794579714536667e-02 0.000000000000000000e+00 5.000000000000000000e+01 0.000000000000000000e+00
4.400212764739990234e-01 3.826071023941040039e-01 -1.481417566537857056e-01 -1.304804533720016479e-01 -2.712458419799804688e+01 0.000000000000000000e+00 -1.122794579714536667e-02 0.000000000000000000e+00 5.000000000000000000e+01 0.000000000000000000e+00
4.400212764739990234e-01 3.826071023941040039e-01 -1.481417566537857056e-01 -1.304804533720016479e-01 -2.712458419799804688e+01 0.000000000000000000e+00 -1.122794579714536667e-02 0.000000000000000000e+00 5.000000000000000000e+01 0.000000000000000000e+00
4.400212764739990234e-01 3.826071023941040039e-01 -1.481417566537857056e-01 -1.304804533720016479e-01 -2.712458419799804688e+01 0.000000000000000000e+00 -1.122794579714536667e-02 0.000000000000000000e+00 5.000000000000000000e+01 0.000000000000000000e+00
4.400212764739990234e-01 3.826071023941040039e-01 -1.481417566537857056e-01 -1.304804533720016479e-01 -2.712458419799804688e+01 0.000000000000000000e+00 -1.122794579714536667e-02 0.000000000000000000e+00 5.000000000000000000e+01 0.000000000000000000e+00
4.400212764739990234e-01 3.826071023941040039e-01 -1.481417566537857056e-01 -1.304804533720016479e-01 -2.712458419799804688e+01 0.000000000000000000e+00 -1.122794579714536667e-02 0.000000000000000000e+00 5.000000000000000000e+01 0.000000000000000000e+00
4.400212764739990234e-01 3.826071023941040039e-01 -1.481417566537857056e-01 -1.304804533720016479e-01 -2.712458419799804688e+01 0.000000000000000000e+00 -1.122794579714536667e-02 0.000000000000000000e+00 5.000000000000000000e+01 0.000000000000000000e+00
4.400212764739990234e-01 3.826071023941040039e-01 -1.481417566537857056e-01 -1.304804533720016479e-01 -2.712458419799804688e+01 0.000000000000000000e+00 -1.122794579714536667e-02 0.000000000000000000e+00 5.000000000000000000e+01 0.000000000000000000e+00
4.400212764739990234e-01 3.826071023941040039e-01 -1.481417566537857056e-01 -1.304804533720016479e-01 -2.712458419799804688e+01 0.000000000000000000e+00 -1.122794579714536667e-02 0.000000000000000000e+00 5.000000000000000000e+01 0.000000000000000000e+00
4.400212764739990234e-01 3.826071023941040039e-01 -1.481417566537857056e-01 -1.304804533720016479e-01 -2.712458419799804688e+01 0.000000000000000000e+00 -1.122794579714536667e-02 0.000000000000000000e+00 5.000000000000000000e+01 0.000000000000000000e+00
4.400212764739990234e-01 3.826071023941040039e-01 -1.481417566537857056e-01 -1.304804533720016479e-01 -2.712458419799804688e+01 0.000000000000000000e+00 -1.122794579714536667e-02 0.000000000000000000e+00 5.000000000000000000e+01 0.000000000000000000e+00
4.400212764739990234e-01 3.826071023941040039e-01 -1.481417566537857056e-01 -1.304804533720016479e-01 -2.712458419799804688e+01 0.000000000000000000e+00 -1.122794579714536667e-02 0.000000000000000000e+00 5.000000000000000000e+01 0.000000000000000000e+00
4.400212764739990234e-01 3.826071023941040039e-01 -1.481417566537857056e-01 -1.304804533720016479e-01 -2.712458419799804688e+01 0.000000000000000000e+00 -1.122794579714536667e-02 0.000000000000000000e+00 5.000000000000000000e+01 0.000000000000000000e+00
4.400212764739990234e-01 3.826071023941040039e-01 -1.481417566537857056e-01 -1.304804533720016479e-01 -2.712458419799804688e+01 0.000000000000000000e+00 -1.122794579714536667e-02 0.000000000000000000e+00 5.000000000000000000e+01 0.000000000000000000e+00
4.400212764739990234e-01 3.826071023941040039e-01 -1.481417566537857056e-01 -1.304804533720016479e-01 -2.712458419799804688e+01 0.000000000000000000e+00 -1.122794579714536667e-02 0.000000000000000000e+00 5.000000000000000000e+01 0.000000000000000000e+00
4.400212764739990234e-01 3.826071023941040039e-01 -1.481417566537857056e-01 -1.304804533720016479e-01 -2.712458419799804688e+01 0.000000000000000000e+00 -1.122794579714536667e-02 0.000000000000000000e+00 5.000000000000000000e+01 0.000000000000000000e+00
4.400212764739990234e-01 3.826071023941040039e-01 -1.481417566537857056e-01 -1.304804533720016479e-01 -2.712458419799804688e+01 0.000000000000000000e+00 -1.122794579714536667e-02 0.000000000000000000e+00 5.000000000000000000e+01 0.000000000000000000e+00
