4.289718866348266602e-01 3.115882277488708496e-01 -2.746042907238006592e-01 -2.736395001411437988e-01 -1.314143524169921875e+02 -9.988156127929687500e+01 -5.439763516187667847e-02 -1.316217929124832153e-01 2.240000000000000000e+02 1.740000000000000000e+02
4.289718866348266602e-01 3.232592642307281494e-01 -2.458912581205368042e-01 -2.464325129985809326e-01 -1.295835266113281250e+02 -9.805072784423828125e+01 -5.363978445529937744e-02 -1.292091608047485352e-01 2.210000000000000000e+02 1.710000000000000000e+02
4.289718866348266602e-01 3.235332369804382324e-01 -2.450524866580963135e-01 -2.457938492298126221e-01 -1.273302764892578125e+02 -9.579747009277343750e+01 -5.270707234740257263e-02 -1.262398660182952881e-01 2.170000000000000000e+02 1.670000000000000000e+02
4.289718866348266602e-01 3.222205936908721924e-01 -2.482184618711471558e-01 -2.488538175821304321e-01 -1.253178710937500000e+02 -9.378507232666015625e+01 -5.187405645847320557e-02 -1.235879734158515930e-01 2.140000000000000000e+02 1.640000000000000000e+02
4.289718866348266602e-01 3.267387449741363525e-01 -2.379732131958007812e-01 -2.383213043212890625e-01 -1.238515319824218750e+02 -9.231873321533203125e+01 -5.126708000898361206e-02 -1.216556653380393982e-01 2.110000000000000000e+02 1.610000000000000000e+02
4.289718866348266602e-01 3.291408121585845947e-01 -2.323821932077407837e-01 -2.327217161655426025e-01 -1.226599273681640625e+02 -9.112712097167968750e+01 -5.077382922172546387e-02 -1.200853809714317322e-01 2.090000000000000000e+02 1.590000000000000000e+02
4.289718866348266602e-01 3.291343152523040771e-01 -2.323992103338241577e-01 -2.327368706464767456e-01 -1.220270538330078125e+02 -9.049424743652343750e+01 -5.051185935735702515e-02 -1.192514002323150635e-01 2.080000000000000000e+02 1.580000000000000000e+02
4.289718866348266602e-01 3.277412354946136475e-01 -2.355672717094421387e-01 -2.359843552112579346e-01 -1.215583953857421875e+02 -9.002558898925781250e+01 -5.031786113977432251e-02 -1.186338067054748535e-01 2.070000000000000000e+02 1.570000000000000000e+02
4.289718866348266602e-01 3.287143707275390625e-01 -2.330842465162277222e-01 -2.337158173322677612e-01 -1.202325439453125000e+02 -8.869974517822265625e+01 -4.976904019713401794e-02 -1.168866381049156189e-01 2.050000000000000000e+02 1.550000000000000000e+02
4.289718866348266602e-01 3.303951323032379150e-01 -2.294022291898727417e-01 -2.297977060079574585e-01 -1.188181991577148438e+02 -8.728540039062500000e+01 -4.918358474969863892e-02 -1.150228455662727356e-01 2.030000000000000000e+02 1.530000000000000000e+02
4.289718866348266602e-01 3.306001722812652588e-01 -2.288565337657928467e-01 -2.293197214603424072e-01 -1.171923980712890625e+02 -8.565959930419921875e+01 -4.851059988141059875e-02 -1.128804013133049011e-01 2.000000000000000000e+02 1.500000000000000000e+02
4.289718866348266602e-01 3.372181653976440430e-01 -2.130614817142486572e-01 -2.138921618461608887e-01 -1.091125640869140625e+02 -7.757975769042968750e+01 -4.516603425145149231e-02 -1.022329553961753845e-01 1.870000000000000000e+02 1.370000000000000000e+02
4.289718866348266602e-01 3.379881978034973145e-01 -2.113581597805023193e-01 -2.120970934629440308e-01 -1.029858245849609375e+02 -7.145302581787109375e+01 -4.262993484735488892e-02 -9.415928274393081665e-02 1.770000000000000000e+02 1.270000000000000000e+02
4.289718866348266602e-01 3.501474559307098389e-01 -1.838742792606353760e-01 -1.837519705295562744e-01 -9.608274841308593750e+01 -6.454994201660156250e+01 -3.977247700095176697e-02 -8.506254106760025024e-02 1.660000000000000000e+02 1.160000000000000000e+02
4.289718866348266602e-01 3.533738255500793457e-01 -1.754014194011688232e-01 -1.762308031320571899e-01 -9.038243103027343750e+01 -5.884963226318359375e+01 -3.741288930177688599e-02 -7.755079865455627441e-02 1.560000000000000000e+02 1.060000000000000000e+02
4.289718866348266602e-01 3.539862334728240967e-01 -1.738995462656021118e-01 -1.748031824827194214e-01 -8.647560119628906250e+01 -5.494280242919921875e+01 -3.579569607973098755e-02 -7.240245491266250610e-02 1.500000000000000000e+02 1.000000000000000000e+02
4.289718866348266602e-01 3.522939980030059814e-01 -1.772753149271011353e-01 -1.787480562925338745e-01 -8.172976684570312500e+01 -5.019696044921875000e+01 -3.383120521903038025e-02 -6.614848971366882324e-02 1.420000000000000000e+02 9.200000000000000000e+01
4.289718866348266602e-01 3.523389697074890137e-01 -1.771495342254638672e-01 -1.786432117223739624e-01 -7.901528930664062500e+01 -4.748247909545898438e+01 -3.270757570862770081e-02 -6.257139891386032104e-02 1.370000000000000000e+02 8.700000000000000000e+01
4.289718866348266602e-01 3.489454984664916992e-01 -1.855866014957427979e-01 -1.865539252758026123e-01 -7.396570587158203125e+01 -4.243290710449218750e+01 -3.061735071241855621e-02 -5.591718479990959167e-02 1.270000000000000000e+02 7.700000000000000000e+01
4.289718866348266602e-01 3.539320528507232666e-01 -1.753273308277130127e-01 -1.749294847249984741e-01 -7.277436828613281250e+01 -4.124156570434570312e+01 -3.012420982122421265e-02 -5.434725806117057800e-02 1.240000000000000000e+02 7.400000000000000000e+01
4.289718866348266602e-01 3.742219507694244385e-01 -1.262157410383224487e-01 -1.276305913925170898e-01 -5.951535797119140625e+01 -2.798255538940429688e+01 -2.463577687740325928e-02 -3.687481582164764404e-02 1.010000000000000000e+02 5.100000000000000000e+01
4.289718866348266602e-01 3.657592833042144775e-01 -1.464462429285049438e-01 -1.473583877086639404e-01 -5.187542724609375000e+01 -2.034262847900390625e+01 -2.147330529987812042e-02 -2.680708467960357666e-02 8.800000000000000000e+01 3.800000000000000000e+01
4.289718866348266602e-01 3.680258095264434814e-01 -1.408451944589614868e-01 -1.420747637748718262e-01 -4.688026046752929688e+01 -1.534745979309082031e+01 -1.940560713410377502e-02 -2.022455632686614990e-02 7.800000000000000000e+01 2.800000000000000000e+01
4.289718866348266602e-01 3.720239996910095215e-01 -1.316831409931182861e-01 -1.327543556690216064e-01 -4.396350860595703125e+01 -1.243070983886718750e+01 -1.819824799895286560e-02 -1.638092473149299622e-02 7.300000000000000000e+01 2.300000000000000000e+01
4.289718866348266602e-01 3.676118254661560059e-01 -1.409060359001159668e-01 -1.430398225784301758e-01 -4.196693038940429688e+01 -1.043412971496582031e+01 -1.737178303301334381e-02 -1.374987419694662094e-02 7.000000000000000000e+01 2.000000000000000000e+01
4.289718866348266602e-01 3.658802807331085205e-01 -1.449025124311447144e-01 -1.470763236284255981e-01 -4.029721069335937500e+01 -8.764408111572265625e+00 -1.668062061071395874e-02 -1.154955103993415833e-02 6.700000000000000000e+01 1.700000000000000000e+01
4.289718866348266602e-01 3.533105850219726562e-01 -1.743058413267135620e-01 -1.763782352209091187e-01 -3.824742126464843750e+01 -6.714620590209960938e+00 -1.583213172852993011e-02 -8.848384022712707520e-03 6.400000000000000000e+01 1.400000000000000000e+01
4.289718866348266602e-01 3.455524444580078125e-01 -1.919254660606384277e-01 -1.944636553525924683e-01 -3.746058654785156250e+01 -5.927787780761718750e+00 -1.550642866641283035e-02 -7.811512798070907593e-03 6.300000000000000000e+01 1.300000000000000000e+01
4.289718866348266602e-01 3.379376828670501709e-01 -2.112928032875061035e-01 -2.122148424386978149e-01 -3.599604415893554688e+01 -4.463243007659912109e+00 -1.490019634366035461e-02 -5.881567019969224930e-03 6.100000000000000000e+01 1.100000000000000000e+01
4.289718866348266602e-01 3.231877684593200684e-01 -2.495066076517105103e-01 -2.465991824865341187e-01 -3.314892959594726562e+01 -1.616126537322998047e+00 -1.372166257351636887e-02 -2.129697240889072418e-03 5.300000000000000000e+01 3.000000000000000000e+00
4.289718866348266602e-01 3.252907395362854004e-01 -2.444153577089309692e-01 -2.416968345642089844e-01 -3.153280258178710938e+01 0.000000000000000000e+00 -1.305268332362174988e-02 0.000000000000000000e+00 5.000000000000000000e+01 0.000000000000000000e+00
4.289718866348266602e-01 3.252907395362854004e-01 -2.444153577089309692e-01 -2.416968345642089844e-01 -3.153280258178710938e+01 0.000000000000000000e+00 -1.305268332362174988e-02 0.000000000000000000e+00 5.000000000000000000e+01 0.000000000000000000e+00
4.289718866348266602e-01 3.252907395362854004e-01 -2.444153577089309692e-01 -2.416968345642089844e-01 -3.153280258178710938e+01 0.000000000000000000e+00 -1.305268332362174988e-02 0.000000000000000000e+00 5.000000000000000000e+01 0.000000000000000000e+00
4.289718866348266602e-01 3.252907395362854004e-01 -2.444153577089309692e-01 -2.416968345642089844e-01 -3.153280258178710938e+01 0.000000000000000000e+00 -1.305268332362174988e-02 0.000000000000000000e+00 5.000000000000000000e+01 0.000000000000000000e+00
4.289718866348266602e-01 3.252907395362854004e-01 -2.444153577089309692e-01 -2.416968345642089844e-01 -3.153280258178710938e+01 0.000000000000000000e+00 -1.305268332362174988e-02 0.000000000000000000e+00 5.000000000000000000e+01 0.000000000000000000e+00
4.289718866348266602e-01 3.252907395362854004e-01 -2.444153577089309692e-01 -2.416968345642089844e-01 -3.153280258178710938e+01 0.000000000000000000e+00 -1.305268332362174988e-02 0.000000000000000000e+00 5.000000000000000000e+01 0.000000000000000000e+00
4.289718866348266602e-01 3.252907395362854004e-01 -2.444153577089309692e-01 -2.416968345642089844e-01 -3.153280258178710938e+01 0.000000000000000000e+00 -1.305268332362174988e-02 0.000000000000000000e+00 5.000000000000000000e+01 0.000000000000000000e+00
4.289718866348266602e-01 3.252907395362854004e-01 -2.444153577089309692e-01 -2.416968345642089844e-01 -3.153280258178710938e+01 0.000000000000000000e+00 -1.305268332362174988e-02 0.000000000000000000e+00 5.000000000000000000e+01 0.000000000000000000e+00
4.289718866348266602e-01 3.252907395362854004e-01 -2.444153577089309692e-01 -2.416968345642089844e-01 -3.153280258178710938e+01 0.000000000000000000e+00 -1.305268332362174988e-02 0.000000000000000000e+00 5.000000000000000000e+01 0.000000000000000000e+00
4.289718866348266602e-01 3.252907395362854004e-01 -2.444153577089309692e-01 -2.416968345642089844e-01 -3.153280258178710938e+01 0.000000000000000000e+00 -1.305268332362174988e-02 0.000000000000000000e+00 5.000000000000000000e+01 0.000000000000000000e+00
4.289718866348266602e-01 3.252907395362854004e-01 -2.444153577089309692e-01 -2.416968345642089844e-01 -3.153280258178710938e+01 0.000000000000000000e+00 -1.305268332362174988e-02 0.000000000000000000e+00 5.000000000000000000e+01 0.000000000000000000e+00
4.289718866348266602e-01 3.252907395362854004e-01 -2.444153577089309692e-01 -2.416968345642089844e-01 -3.153280258178710938e+01 0.000000000000000000e+00 -1.305268332362174988e-02 0.000000000000000000e+00 5.000000000000000000e+01 0.000000000000000000e+00
4.289718866348266602e-01 3.252907395362854004e-01 -2.444153577089309692e-01 -2.416968345642089844e-01 -3.153280258178710938e+01 0.000000000000000000e+00 -1.305268332362174988e-02 0.000000000000000000e+00 5.000000000000000000e+01 0.000000000000000000e+00
4.289718866348266602e-01 3.252907395362854004e-01 -2.444153577089309692e-01 -2.416968345642089844e-01 -3.153280258178710938e+01 0.000000000000000000e+00 -1.305268332362174988e-02 0.000000000000000000e+00 5.000000000000000000e+01 0.000000000000000000e+00
4.289718866348266602e-01 3.252907395362854004e-01 -2.444153577089309692e-01 -2.416968345642089844e-01 -3.153280258178710938e+01 0.000000000000000000e+00 -1.305268332362174988e-02 0.000000000000000000e+00 5.000000000000000000e+01 0.000000000000000000e+00
4.289718866348266602e-01 3.252907395362854004e-01 -2.444153577089309692e-01 -2.416968345642089844e-01 -3.153280258178710938e+01 0.000000000000000000e+00 -1.305268332362174988e-02 0.000000000000000000e+00 5.000000000000000000e+01 0.000000000000000000e+00
4.289718866348266602e-01 3.252907395362854004e-01 -2.444153577089309692e-01 -2.416968345642089844e-01 -3.153280258178710938e+01 0.000000000000000000e+00 -1.305268332362174988e-02 0.000000000000000000e+00 5.000000000000000000e+01 0.000000000000000000e+00
4.289718866348266602e-01 3.252907395362854004e-01 -2.444153577089309692e-01 -2.416968345642089844e-01 -3.153280258178710938e+01 0.000000000000000000e+00 -1.305268332362174988e-02 0.000000000000000000e+00 5.000000000000000000e+01 0.000000000000000000e+00
4.289718866348266602e-01 3.252907395362854004e-01 -2.444153577089309692e-01 -2.416968345642089844e-01 -3.153280258178710938e+01 0.000000000000000000e+00 -1.305268332362174988e-02 0.000000000000000000e+00 5.000000000000000000e+01 0.000000000000000000e+00
4.289718866348266602e-01 3.252907395362854004e-01 -2.444153577089309692e-01 -2.416968345642089844e-01 -3.153280258178710938e+01 0.000000000000000000e+00 -1.305268332362174988e-02 0.000000000000000000e+00 5.000000000000000000e+01 0.000000000000000000e+00
4.289718866348266602e-01 3.252907395362854004e-01 -2.444153577089309692e-01 -2.416968345642089844e-01 -3.153280258178710938e+01 0.000000000000000000e+00 -1.305268332362174988e-02 0.000000000000000000e+00 5.000000000000000000e+01 0.000000000000000000e+00
4.289718866348266602e-01 3.252907395362854004e-01 -2.444153577089309692e-01 -2.416968345642089844e-01 -3.153280258178710938e+01 0.000000000000000000e+00 -1.305268332362174988e-02 0.000000000000000000e+00 5.000000000000000000e+01 0.000000000000000000e+00
4.289718866348266602e-01 3.252907395362854004e-01 -2.444153577089309692e-01 -2.416968345642089844e-01 -3.153280258178710938e+01 0.000000000000000000e+00 -1.305268332362174988e-02 0.000000000000000000e+00 5.000000000000000000e+01 0.000000000000000000e+00
4.289718866348266602e-01 3.252907395362854004e-01 -2.444153577089309692e-01 -2.416968345642089844e-01 -3.153280258178710938e+01 0.000000000000000000e+00 -1.305268332362174988e-02 0.000000000000000000e+00 5.000000000000000000e+01 0.000000000000000000e+00
4.289718866348266602e-01 3.252907395362854004e-01 -2.444153577089309692e-01 -2.416968345642089844e-01 -3.153280258178710938e+01 0.000000000000000000e+00 -1.305268332362174988e-02 0.000000000000000000e+00 5.000000000000000000e+01 0.000000000000000000e+00
4.289718866348266602e-01 3.252907395362854004e-01 -2.444153577089309692e-01 -2.416968345642089844e-01 -3.153280258178710938e+01 0.000000000000000000e+00 -1.305268332362174988e-02 0.000000000000000000e+00 5.000000000000000000e+01 0.000000000000000000e+00
4.289718866348266602e-01 3.252907395362854004e-01 -2.444153577089309692e-01 -2.416968345642089844e-01 -3.153280258178710938e+01 0.000000000000000000e+00 -1.305268332362174988e-02 0.000000000000000000e+00 5.000000000000000000e+01 0.000000000000000000e+00
4.289718866348266602e-01 3.252907395362854004e-01 -2.444153577089309692e-01 -2.416968345642089844e-01 -3.153280258178710938e+01 0.000000000000000000e+00 -1.305268332362174988e-02 0.000000000000000000e+00 5.000000000000000000e+01 0.000000000000000000e+00
4.289718866348266602e-01 3.252907395362854004e-01 -2.444153577089309692e-01 -2.416968345642089844e-01 -3.153280258178710938e+01 0.000000000000000000e+00 -1.305268332362174988e-02 0.000000000000000000e+00 5.000000000000000000e+01 0.000000000000000000e+00
4.289718866348266602e-01 3.252907395362854004e-01 -2.444153577089309692e-01 -2.416968345642089844e-01 -3.153280258178710938e+01 0.000000000000000000e+00 -1.305268332362174988e-02 0.000000000000000000e+00 5.000000000000000000e+01 0.000000000000000000e+00
4.289718866348266602e-01 3.252907395362854004e-01 -2.444153577089309692e-01 -2.416968345642089844e-01 -3.153280258178710938e+01 0.000000000000000000e+00 -1.305268332362174988e-02 0.000000000000000000e+00 5.000000000000000000e+01 0.000000000000000000e+00
4.289718866348266602e-01 3.252907395362854004e-01 -2.444153577089309692e-01 -2.416968345642089844e-01 -3.153280258178710938e+01 0.000000000000000000e+00 -1.305268332362174988e-02 0.000000000000000000e+00 5.000000000000000000e+01 0.000000000000000000e+00
4.289718866348266602e-01 3.252907395362854004e-01 -2.444153577089309692e-01 -2.416968345642089844e-01 -3.153280258178710938e+01 0.000000000000000000e+00 -1.305268332362174988e-02 0.000000000000000000e+00 5.000000000000000000e+01 0.000000000000000000e+00
4.289718866348266602e-01 3.252907395362854004e-01 -2.444153577089309692e-01 -2.416968345642089844e-01 -3.153280258178710938e+01 0.000000000000000000e+00 -1.305268332362174988e-02 0.000000000000000000e+00 5.000000000000000000e+01 0.000000000000000000e+00
4.289718866348266602e-01 3.252907395362854004e-01 -2.444153577089309692e-01 -2.416968345642089844e-01 -3.153280258178710938e+01 0.000000000000000000e+00 -1.305268332362174988e-02 0.000000000000000000e+00 5.000000000000000000e+01 0.000000000000000000e+00
4.289718866348266602e-01 3.252907395362854004e-01 -2.444153577089309692e-01 -2.416968345642089844e-01 -3.153280258178710938e+01 0.000000000000000000e+00 -1.305268332362174988e-02 0.000000000000000000e+00 5.000000000000000000e+01 0.000000000000000000e+00
4.289718866348266602e-01 3.252907395362854004e-01 -2.444153577089309692e-01 -2.416968345642089844e-01 -3.153280258178710938e+01 0.000000000000000000e+00 -1.305268332362174988e-02 0.000000000000000000e+00 5.000000000000000000e+01 0.000000000000000000e+00
4.289718866348266602e-01 3.252907395362854004e-01 -2.444153577089309692e-01 -2.416968345642089844e-01 -3.153280258178710938e+01 0.000000000000000000e+00 -1.305268332362174988e-02 0.000000000000000000e+00 5.000000000000000000e+01 0.000000000000000000e+00
4.289718866348266602e-01 3.252907395362854004e-01 -2.444153577089309692e-01 -2.416968345642089844e-01 -3.153280258178710938e+01 0.000000000000000000e+00 -1.305268332362174988e-02 0.000000000000000000e+00 5.000000000000000000e+01 0.000000000000000000e+00
4.289718866348266602e-01 3.252907395362854004e-01 -2.444153577089309692e-01 -2.416968345642089844e-01 -3.153280258178710938e+01 0.000000000000000000e+00 -1.305268332362174988e-02 0.000000000000000000e+00 5.000000000000000000e+01 0.000000000000000000e+00
4.289718866348266602e-01 3.252907395362854004e-01 -2.444153577089309692e-01 -2.416968345642089844e-01 -3.153280258178710938e+01 0.000000000000000000e+00 -1.305268332362174988e-02 0.000000000000000000e+00 5.000000000000000000e+01 0.000000000000000000e+00
4.289718866348266602e-01 3.252907395362854004e-01 -2.444153577089309692e-01 -2.416968345642089844e-01 -3.153280258178710938e+01 0.000000000000000000e+00 -1.305268332362174988e-02 0.000000000000000000e+00 5.000000000000000000e+01 0.000000000000000000e+00
4.289718866348266602e-01 3.252907395362854004e-01 -2.444153577089309692e-01 -2.416968345642089844e-01 -3.153280258178710938e+01 0.000000000000000000e+00 -1.305268332362174988e-02 0.000000000000000000e+00 5.000000000000000000e+01 0.000000000000000000e+00
4.289718866348266602e-01 3.252907395362854004e-01 -2.444153577089309692e-01 -2.416968345642089844e-01 -3.153280258178710938e+01 0.000000000000000000e+00 -1.305268332362174988e-02 0.000000000000000000e+00 5.000000000000000000e+01 0.000000000000000000e+00
4.289718866348266602e-01 3.252907395362854004e-01 -2.444153577089309692e-01 -2.416968345642089844e-01 -3.153280258178710938e+01 0.000000000000000000e+00 -1.305268332362174988e-02 0.000000000000000000e+00 5.000000000000000000e+01 0.000000000000000000e+00
4.289718866348266602e-01 3.252907395362854004e-01 -2.444153577089309692e-01 -2.416968345642089844e-01 -3.153280258178710938e+01 0.000000000000000000e+00 -1.305268332362174988e-02 0.000000000000000000e+00 5.000000000000000000e+01 0.000000000000000000e+00
4.289718866348266602e-01 3.252907395362854004e-01 -2.444153577089309692e-01 -2.416968345642089844e-01 -3.153280258178710938e+01 0.000000000000000000e+00 -1.305268332362174988e-02 0.000000000000000000e+00 5.000000000000000000e+01 0.000000000000000000e+00
4.289718866348266602e-01 3.252907395362854004e-01 -2.444153577089309692e-01 -2.416968345642089844e-01 -3.153280258178710938e+01 0.000000000000000000e+00 -1.305268332362174988e-02 0.000000000000000000e+00 5.000000000000000000e+01 0.000000000000000000e+00
4.289718866348266602e-01 3.252907395362854004e-01 -2.444153577089309692e-01 -2.416968345642089844e-01 -3.153280258178710938e+01 0.000000000000000000e+00 -1.305268332362174988e-02 0.000000000000000000e+00 5.000000000000000000e+01 0.000000000000000000e+00
4.289718866348266602e-01 3.252907395362854004e-01 -2.444153577089309692e-01 -2.416968345642089844e-01 -3.153280258178710938e+01 0.000000000000000000e+00 -1.305268332362174988e-02 0.000000000000000000e+00 5.000000000000000000e+01 0.000000000000000000e+00
4.289718866348266602e-01 3.252907395362854004e-01 -2.444153577089309692e-01 -2.416968345642089844e-01 -3.153280258178710938e+01 0.000000000000000000e+00 -1.305268332362174988e-02 0.000000000000000000e+00 5.000000000000000000e+01 0.000000000000000000e+00
4.289718866348266602e-01 3.252907395362854004e-01 -2.444153577089309692e-01 -2.416968345642089844e-01 -3.153280258178710938e+01 0.000000000000000000e+00 -1.305268332362174988e-02 0.000000000000000000e+00 5.000000000000000000e+01 0.000000000000000000e+00
4.289718866348266602e-01 3.252907395362854004e-01 -2.444153577089309692e-01 -2.416968345642089844e-01 -3.153280258178710938e+01 0.000000000000000000e+00 -1.305268332362174988e-02 0.000000000000000000e+00 5.000000000000000000e+01 0.000000000000000000e+00
4.289718866348266602e-01 3.252907395362854004e-01 -2.444153577089309692e-01 -2.416968345642089844e-01 -3.153280258178710938e+01 0.000000000000000000e+00 -1.305268332362174988e-02 0.000000000000000000e+00 5.000000000000000000e+01 0.000000000000000000e+00
4.289718866348266602e-01 3.252907395362854004e-01 -2.444153577089309692e-01 -2.416968345642089844e-01 -3.153280258178710938e+01 0.000000000000000000e+00 -1.305268332362174988e-02 0.000000000000000000e+00 5.000000000000000000e+01 0.000000000000000000e+00
4.289718866348266602e-01 3.252907395362854004e-01 -2.444153577089309692e-01 -2.416968345642089844e-01 -3.153280258178710938e+01 0.000000000000000000e+00 -1.305268332362174988e-02 0.000000000000000000e+00 5.000000000000000000e+01 0.000000000000000000e+00
4.289718866348266602e-01 3.252907395362854004e-01 -2.444153577089309692e-01 -2.416968345642089844e-01 -3.153280258178710938e+01 0.000000000000000000e+00 -1.305268332362174988e-02 0.000000000000000000e+00 5.000000000000000000e+01 0.000000000000000000e+00
4.289718866348266602e-01 3.252907395362854004e-01 -2.444153577089309692e-01 -2.416968345642089844e-01 -3.153280258178710938e+01 0.000000000000000000e+00 -1.305268332362174988e-02 0.000000000000000000e+00 5.000000000000000000e+01 0.000000000000000000e+00
4.289718866348266602e-01 3.252907395362854004e-01 -2.444153577089309692e-01 -2.416968345642089844e-01 -3.153280258178710938e+01 0.000000000000000000e+00 -1.305268332362174988e-02 0.000000000000000000e+00 5.000000000000000000e+01 0.000000000000000000e+00
4.289718866348266602e-01 3.252907395362854004e-01 -2.444153577089309692e-01 -2.416968345642089844e-01 -3.153280258178710938e+01 0.000000000000000000e+00 -1.305268332362174988e-02 0.000000000000000000e+00 5.000000000000000000e+01 0.000000000000000000e+00
4.289718866348266602e-01 3.252907395362854004e-01 -2.444153577089309692e-01 -2.416968345642089844e-01 -3.153280258178710938e+01 0.000000000000000000e+00 -1.305268332362174988e-02 0.000000000000000000e+00 5.000000000000000000e+01 0.000000000000000000e+00
