4.698832631111145020e-01 7.805815935134887695e-01 6.615824103355407715e-01 6.612244844436645508e-01 -5.382163238525390625e+01 -4.053443527221679688e+01 -2.227891795337200165e-02 -5.359066277742385864e-02 2.130000000000000000e+02 1.630000000000000000e+02
4.698832631111145020e-01 7.594703435897827148e-01 6.190199255943298340e-01 6.162958145141601562e-01 -3.810930252075195312e+01 -2.482210922241210938e+01 -1.577495783567428589e-02 -3.281736373901367188e-02 1.530000000000000000e+02 1.030000000000000000e+02
4.698832631111145020e-01 7.547287344932556152e-01 6.088649034500122070e-01 6.062047481536865234e-01 -3.581409072875976562e+01 -2.252689552307128906e+01 -1.482487842440605164e-02 -2.978285588324069977e-02 1.460000000000000000e+02 9.600000000000000000e+01
4.698832631111145020e-01 7.499447464942932129e-01 5.977197289466857910e-01 5.960235595703125000e-01 -3.443424987792968750e+01 -2.114705657958984375e+01 -1.425370760262012482e-02 -2.795856818556785583e-02 1.400000000000000000e+02 9.000000000000000000e+01
4.698832631111145020e-01 7.457880973815917969e-01 5.891098976135253906e-01 5.871773958206176758e-01 -3.310094833374023438e+01 -1.981375503540039062e+01 -1.370180118829011917e-02 -2.619580738246440887e-02 1.380000000000000000e+02 8.800000000000000000e+01
4.698832631111145020e-01 7.471255064010620117e-01 5.924881696701049805e-01 5.900236368179321289e-01 -3.204898834228515625e+01 -1.876179504394531250e+01 -1.326635293662548065e-02 -2.480500936508178711e-02 1.350000000000000000e+02 8.500000000000000000e+01
4.698832631111145020e-01 7.434910535812377930e-01 5.845582485198974609e-01 5.822888612747192383e-01 -3.144476699829101562e+01 -1.815757179260253906e+01 -1.301624160259962082e-02 -2.400616370141506195e-02 1.330000000000000000e+02 8.300000000000000000e+01
4.698832631111145020e-01 7.434910535812377930e-01 5.845582485198974609e-01 5.822888612747192383e-01 -3.144476699829101562e+01 -1.815757179260253906e+01 -1.301624160259962082e-02 -2.400616370141506195e-02 1.330000000000000000e+02 8.300000000000000000e+01
4.698832631111145020e-01 7.377413511276245117e-01 5.721950531005859375e-01 5.700523853302001953e-01 -3.138462066650390625e+01 -1.809742546081542969e+01 -1.299134455621242523e-02 -2.392664551734924316e-02 1.320000000000000000e+02 8.200000000000000000e+01
4.698832631111145020e-01 7.305890321731567383e-01 5.550227165222167969e-01 5.548309087753295898e-01 -3.104841995239257812e+01 -1.776122665405273438e+01 -1.285217795521020889e-02 -2.348215505480766296e-02 1.310000000000000000e+02 8.100000000000000000e+01
4.698832631111145020e-01 7.305450439453125000e-01 5.549066662788391113e-01 5.547373294830322266e-01 -3.092404556274414062e+01 -1.763685226440429688e+01 -1.280069444328546524e-02 -2.331772074103355408e-02 1.300000000000000000e+02 8.000000000000000000e+01
4.698832631111145020e-01 7.100872397422790527e-01 5.110542178153991699e-01 5.111992359161376953e-01 -2.724576187133789062e+01 -1.395856666564941406e+01 -1.127810589969158173e-02 -1.845465041697025299e-02 1.200000000000000000e+02 7.000000000000000000e+01
4.698832631111145020e-01 7.096672654151916504e-01 5.100640058517456055e-01 5.103054642677307129e-01 -2.573329544067382812e+01 -1.244609928131103516e+01 -1.065203547477722168e-02 -1.645501516759395599e-02 1.190000000000000000e+02 6.900000000000000000e+01
4.698832631111145020e-01 7.048466801643371582e-01 4.994886815547943115e-01 5.000463724136352539e-01 -2.563066101074218750e+01 -1.234346580505371094e+01 -1.060955133289098740e-02 -1.631932333111763000e-02 1.180000000000000000e+02 6.800000000000000000e+01
4.698832631111145020e-01 6.991514563560485840e-01 4.878119826316833496e-01 4.879258573055267334e-01 -2.391837692260742188e+01 -1.063118171691894531e+01 -9.900769218802452087e-03 -1.405550818890333176e-02 1.110000000000000000e+02 6.100000000000000000e+01
4.698832631111145020e-01 6.978915333747863770e-01 4.848964512348175049e-01 4.852445125579833984e-01 -2.380616188049316406e+01 -1.051896667480468750e+01 -9.854318574070930481e-03 -1.390714850276708603e-02 1.100000000000000000e+02 6.000000000000000000e+01
4.698832631111145020e-01 6.928458809852600098e-01 4.742121100425720215e-01 4.745064079761505127e-01 -2.366754341125488281e+01 -1.038034820556640625e+01 -9.796938858926296234e-03 -1.372388098388910294e-02 1.110000000000000000e+02 6.100000000000000000e+01
4.698832631111145020e-01 6.844543814659118652e-01 4.567793309688568115e-01 4.566477239131927490e-01 -2.327170944213867188e+01 -9.984515190124511719e+00 -9.633087553083896637e-03 -1.320054847747087479e-02 1.080000000000000000e+02 5.800000000000000000e+01
4.698832631111145020e-01 6.765128970146179199e-01 4.387094080448150635e-01 4.397467374801635742e-01 -2.302409744262695312e+01 -9.736902236938476562e+00 -9.530590847134590149e-03 -1.287317927926778793e-02 1.070000000000000000e+02 5.700000000000000000e+01
4.698832631111145020e-01 6.733489632606506348e-01 4.321607053279876709e-01 4.330132901668548584e-01 -2.278966522216796875e+01 -9.502470016479492188e+00 -9.433549828827381134e-03 -1.256323605775833130e-02 1.040000000000000000e+02 5.400000000000000000e+01
4.698832631111145020e-01 6.516906619071960449e-01 3.870940208435058594e-01 3.869203627109527588e-01 -2.114047622680664062e+01 -7.853281497955322266e+00 -8.750884793698787689e-03 -1.038284040987491608e-02 9.600000000000000000e+01 4.600000000000000000e+01
4.698832631111145020e-01 6.483713388442993164e-01 3.798225224018096924e-01 3.798561990261077881e-01 -2.037196540832519531e+01 -7.084771633148193359e+00 -8.432768285274505615e-03 -9.366791695356369019e-03 9.600000000000000000e+01 4.600000000000000000e+01
4.698832631111145020e-01 6.474702954292297363e-01 3.764523267745971680e-01 3.779386281967163086e-01 -1.999366378784179688e+01 -6.706470489501953125e+00 -8.276173844933509827e-03 -8.866638876497745514e-03 9.400000000000000000e+01 4.400000000000000000e+01
4.698832631111145020e-01 6.510542631149291992e-01 3.841108977794647217e-01 3.855659663677215576e-01 -1.917950439453125000e+01 -5.892310142517089844e+00 -7.939160801470279694e-03 -7.790235802531242371e-03 9.100000000000000000e+01 4.100000000000000000e+01
4.698832631111145020e-01 6.504124999046325684e-01 3.852750957012176514e-01 3.842001855373382568e-01 -1.898019790649414062e+01 -5.693003654479980469e+00 -7.856659591197967529e-03 -7.526732515543699265e-03 9.000000000000000000e+01 4.000000000000000000e+01
4.698832631111145020e-01 6.471149325370788574e-01 3.780336678028106689e-01 3.771823346614837646e-01 -1.882081413269042969e+01 -5.533619880676269531e+00 -7.790684700012207031e-03 -7.316010538488626480e-03 8.800000000000000000e+01 3.800000000000000000e+01
4.698832631111145020e-01 6.471149325370788574e-01 3.780336678028106689e-01 3.771823346614837646e-01 -1.882081413269042969e+01 -5.533619880676269531e+00 -7.790684700012207031e-03 -7.316010538488626480e-03 8.800000000000000000e+01 3.800000000000000000e+01
4.698832631111145020e-01 6.401427984237670898e-01 3.624337017536163330e-01 3.623443245887756348e-01 -1.839295959472656250e+01 -5.105765342712402344e+00 -7.613578345626592636e-03 -6.750343367457389832e-03 8.500000000000000000e+01 3.500000000000000000e+01
4.698832631111145020e-01 6.402022242546081543e-01 3.624806404113769531e-01 3.624708056449890137e-01 -1.838008117675781250e+01 -5.092887878417968750e+00 -7.608247455209493637e-03 -6.733317859470844269e-03 8.500000000000000000e+01 3.500000000000000000e+01
4.698832631111145020e-01 5.959099531173706055e-01 2.609095573425292969e-01 2.682085037231445312e-01 -1.545316123962402344e+01 -2.165967464447021484e+00 -6.396678742021322250e-03 -2.863630186766386032e-03 7.600000000000000000e+01 2.600000000000000000e+01
4.698832631111145020e-01 5.786988139152526855e-01 2.237394899129867554e-01 2.315799742937088013e-01 -1.503806781768798828e+01 -1.750873088836669922e+00 -6.224855314940214157e-03 -2.314832992851734161e-03 7.400000000000000000e+01 2.400000000000000000e+01
4.698832631111145020e-01 5.624578595161437988e-01 1.908471286296844482e-01 1.970161646604537964e-01 -1.487576198577880859e+01 -1.588567972183227539e+00 -6.157670170068740845e-03 -2.100249053910374641e-03 7.100000000000000000e+01 2.100000000000000000e+01
4.698832631111145020e-01 5.521679520606994629e-01 1.701689809560775757e-01 1.751172989606857300e-01 -1.471024703979492188e+01 -1.423053383827209473e+00 -6.089156959205865860e-03 -1.881421892903745174e-03 7.000000000000000000e+01 2.000000000000000000e+01
4.698832631111145020e-01 5.521679520606994629e-01 1.701689809560775757e-01 1.751172989606857300e-01 -1.471024703979492188e+01 -1.423053383827209473e+00 -6.089156959205865860e-03 -1.881421892903745174e-03 7.000000000000000000e+01 2.000000000000000000e+01
4.698832631111145020e-01 5.512488484382629395e-01 1.685076653957366943e-01 1.731612831354141235e-01 -1.436080741882324219e+01 -1.073613166809082031e+00 -5.944509990513324738e-03 -1.419426291249692440e-03 6.600000000000000000e+01 1.600000000000000000e+01
4.698832631111145020e-01 5.417705178260803223e-01 1.504106819629669189e-01 1.529896110296249390e-01 -1.417812442779541016e+01 -8.909302353858947754e-01 -5.868890322744846344e-03 -1.177900820039212704e-03 6.400000000000000000e+01 1.400000000000000000e+01
4.698832631111145020e-01 5.336179137229919434e-01 1.327027678489685059e-01 1.356393247842788696e-01 -1.409549236297607422e+01 -8.082981705665588379e-01 -5.834685638546943665e-03 -1.068652723915874958e-03 6.300000000000000000e+01 1.300000000000000000e+01
4.698832631111145020e-01 5.161446928977966309e-01 9.626449644565582275e-02 9.845302999019622803e-02 -1.394313049316406250e+01 -6.559358239173889160e-01 -5.771616939455270767e-03 -8.672141702845692635e-04 6.100000000000000000e+01 1.100000000000000000e+01
4.698832631111145020e-01 4.835954904556274414e-01 2.816475741565227509e-02 2.918219938874244690e-02 -1.347753524780273438e+01 -1.903420090675354004e-01 -5.578888580203056335e-03 -2.516515669412910938e-04 5.400000000000000000e+01 4.000000000000000000e+00
4.698832631111145020e-01 4.674790203571319580e-01 -4.923757165670394897e-03 -5.116681102663278580e-03 -1.333159828186035156e+01 -4.440480470657348633e-02 -5.518479272723197937e-03 -5.870768654858693480e-05 5.100000000000000000e+01 1.000000000000000000e+00
4.698832631111145020e-01 4.674790203571319580e-01 -4.923757165670394897e-03 -5.116681102663278580e-03 -1.333159828186035156e+01 -4.440480470657348633e-02 -5.518479272723197937e-03 -5.870768654858693480e-05 5.100000000000000000e+01 1.000000000000000000e+00
4.698832631111145020e-01 4.566400349140167236e-01 -2.733019925653934479e-02 -2.818408235907554626e-02 -1.328719329833984375e+01 0.000000000000000000e+00 -5.500098690390586853e-03 0.000000000000000000e+00 5.000000000000000000e+01 0.000000000000000000e+00
4.698832631111145020e-01 4.566400349140167236e-01 -2.733019925653934479e-02 -2.818408235907554626e-02 -1.328719329833984375e+01 0.000000000000000000e+00 -5.500098690390586853e-03 0.000000000000000000e+00 5.000000000000000000e+01 0.000000000000000000e+00
4.698832631111145020e-01 4.566400349140167236e-01 -2.733019925653934479e-02 -2.818408235907554626e-02 -1.328719329833984375e+01 0.000000000000000000e+00 -5.500098690390586853e-03 0.000000000000000000e+00 5.000000000000000000e+01 0.000000000000000000e+00
4.698832631111145020e-01 4.566400349140167236e-01 -2.733019925653934479e-02 -2.818408235907554626e-02 -1.328719329833984375e+01 0.000000000000000000e+00 -5.500098690390586853e-03 0.000000000000000000e+00 5.000000000000000000e+01 0.000000000000000000e+00
4.698832631111145020e-01 4.566400349140167236e-01 -2.733019925653934479e-02 -2.818408235907554626e-02 -1.328719329833984375e+01 0.000000000000000000e+00 -5.500098690390586853e-03 0.000000000000000000e+00 5.000000000000000000e+01 0.000000000000000000e+00
4.698832631111145020e-01 4.566400349140167236e-01 -2.733019925653934479e-02 -2.818408235907554626e-02 -1.328719329833984375e+01 0.000000000000000000e+00 -5.500098690390586853e-03 0.000000000000000000e+00 5.000000000000000000e+01 0.000000000000000000e+00
4.698832631111145020e-01 4.566400349140167236e-01 -2.733019925653934479e-02 -2.818408235907554626e-02 -1.328719329833984375e+01 0.000000000000000000e+00 -5.500098690390586853e-03 0.000000000000000000e+00 5.000000000000000000e+01 0.000000000000000000e+00
4.698832631111145020e-01 4.566400349140167236e-01 -2.733019925653934479e-02 -2.818408235907554626e-02 -1.328719329833984375e+01 0.000000000000000000e+00 -5.500098690390586853e-03 0.000000000000000000e+00 5.000000000000000000e+01 0.000000000000000000e+00
4.698832631111145020e-01 4.566400349140167236e-01 -2.733019925653934479e-02 -2.818408235907554626e-02 -1.328719329833984375e+01 0.000000000000000000e+00 -5.500098690390586853e-03 0.000000000000000000e+00 5.000000000000000000e+01 0.000000000000000000e+00
4.698832631111145020e-01 4.566400349140167236e-01 -2.733019925653934479e-02 -2.818408235907554626e-02 -1.328719329833984375e+01 0.000000000000000000e+00 -5.500098690390586853e-03 0.000000000000000000e+00 5.000000000000000000e+01 0.000000000000000000e+00
4.698832631111145020e-01 4.566400349140167236e-01 -2.733019925653934479e-02 -2.818408235907554626e-02 -1.328719329833984375e+01 0.000000000000000000e+00 -5.500098690390586853e-03 0.000000000000000000e+00 5.000000000000000000e+01 0.000000000000000000e+00
4.698832631111145020e-01 4.566400349140167236e-01 -2.733019925653934479e-02 -2.818408235907554626e-02 -1.328719329833984375e+01 0.000000000000000000e+00 -5.500098690390586853e-03 0.000000000000000000e+00 5.000000000000000000e+01 0.000000000000000000e+00
4.698832631111145020e-01 4.566400349140167236e-01 -2.733019925653934479e-02 -2.818408235907554626e-02 -1.328719329833984375e+01 0.000000000000000000e+00 -5.500098690390586853e-03 0.000000000000000000e+00 5.000000000000000000e+01 0.000000000000000000e+00
4.698832631111145020e-01 4.566400349140167236e-01 -2.733019925653934479e-02 -2.818408235907554626e-02 -1.328719329833984375e+01 0.000000000000000000e+00 -5.500098690390586853e-03 0.000000000000000000e+00 5.000000000000000000e+01 0.000000000000000000e+00
4.698832631111145020e-01 4.566400349140167236e-01 -2.733019925653934479e-02 -2.818408235907554626e-02 -1.328719329833984375e+01 0.000000000000000000e+00 -5.500098690390586853e-03 0.000000000000000000e+00 5.000000000000000000e+01 0.000000000000000000e+00
4.698832631111145020e-01 4.566400349140167236e-01 -2.733019925653934479e-02 -2.818408235907554626e-02 -1.328719329833984375e+01 0.000000000000000000e+00 -5.500098690390586853e-03 0.000000000000000000e+00 5.000000000000000000e+01 0.000000000000000000e+00
4.698832631111145020e-01 4.566400349140167236e-01 -2.733019925653934479e-02 -2.818408235907554626e-02 -1.328719329833984375e+01 0.000000000000000000e+00 -5.500098690390586853e-03 0.000000000000000000e+00 5.000000000000000000e+01 0.000000000000000000e+00
4.698832631111145020e-01 4.566400349140167236e-01 -2.733019925653934479e-02 -2.818408235907554626e-02 -1.328719329833984375e+01 0.000000000000000000e+00 -5.500098690390586853e-03 0.000000000000000000e+00 5.000000000000000000e+01 0.000000000000000000e+00
4.698832631111145020e-01 4.566400349140167236e-01 -2.733019925653934479e-02 -2.818408235907554626e-02 -1.328719329833984375e+01 0.000000000000000000e+00 -5.500098690390586853e-03 0.000000000000000000e+00 5.000000000000000000e+01 0.000000000000000000e+00
4.698832631111145020e-01 4.566400349140167236e-01 -2.733019925653934479e-02 -2.818408235907554626e-02 -1.328719329833984375e+01 0.000000000000000000e+00 -5.500098690390586853e-03 0.000000000000000000e+00 5.000000000000000000e+01 0.000000000000000000e+00
4.698832631111145020e-01 4.566400349140167236e-01 -2.733019925653934479e-02 -2.818408235907554626e-02 -1.328719329833984375e+01 0.000000000000000000e+00 -5.500098690390586853e-03 0.000000000000000000e+00 5.000000000000000000e+01 0.000000000000000000e+00
4.698832631111145020e-01 4.566400349140167236e-01 -2.733019925653934479e-02 -2.818408235907554626e-02 -1.328719329833984375e+01 0.000000000000000000e+00 -5.500098690390586853e-03 0.000000000000000000e+00 5.000000000000000000e+01 0.000000000000000000e+00
4.698832631111145020e-01 4.566400349140167236e-01 -2.733019925653934479e-02 -2.818408235907554626e-02 -1.328719329833984375e+01 0.000000000000000000e+00 -5.500098690390586853e-03 0.000000000000000000e+00 5.000000000000000000e+01 0.000000000000000000e+00
4.698832631111145020e-01 4.566400349140167236e-01 -2.733019925653934479e-02 -2.818408235907554626e-02 -1.328719329833984375e+01 0.000000000000000000e+00 -5.500098690390586853e-03 0.000000000000000000e+00 5.000000000000000000e+01 0.000000000000000000e+00
4.698832631111145020e-01 4.566400349140167236e-01 -2.733019925653934479e-02 -2.818408235907554626e-02 -1.328719329833984375e+01 0.000000000000000000e+00 -5.500098690390586853e-03 0.000000000000000000e+00 5.000000000000000000e+01 0.000000000000000000e+00
4.698832631111145020e-01 4.566400349140167236e-01 -2.733019925653934479e-02 -2.818408235907554626e-02 -1.328719329833984375e+01 0.000000000000000000e+00 -5.500098690390586853e-03 0.000000000000000000e+00 5.000000000000000000e+01 0.000000000000000000e+00
4.698832631111145020e-01 4.566400349140167236e-01 -2.733019925653934479e-02 -2.818408235907554626e-02 -1.328719329833984375e+01 0.000000000000000000e+00 -5.500098690390586853e-03 0.000000000000000000e+00 5.000000000000000000e+01 0.000000000000000000e+00
4.698832631111145020e-01 4.566400349140167236e-01 -2.733019925653934479e-02 -2.818408235907554626e-02 -1.328719329833984375e+01 0.000000000000000000e+00 -5.500098690390586853e-03 0.000000000000000000e+00 5.000000000000000000e+01 0.000000000000000000e+00
4.698832631111145020e-01 4.566400349140167236e-01 -2.733019925653934479e-02 -2.818408235907554626e-02 -1.328719329833984375e+01 0.000000000000000000e+00 -5.500098690390586853e-03 0.000000000000000000e+00 5.000000000000000000e+01 0.000000000000000000e+00
4.698832631111145020e-01 4.566400349140167236e-01 -2.733019925653934479e-02 -2.818408235907554626e-02 -1.328719329833984375e+01 0.000000000000000000e+00 -5.500098690390586853e-03 0.000000000000000000e+00 5.000000000000000000e+01 0.000000000000000000e+00
4.698832631111145020e-01 4.566400349140167236e-01 -2.733019925653934479e-02 -2.818408235907554626e-02 -1.328719329833984375e+01 0.000000000000000000e+00 -5.500098690390586853e-03 0.000000000000000000e+00 5.000000000000000000e+01 0.000000000000000000e+00
4.698832631111145020e-01 4.566400349140167236e-01 -2.733019925653934479e-02 -2.818408235907554626e-02 -1.328719329833984375e+01 0.000000000000000000e+00 -5.500098690390586853e-03 0.000000000000000000e+00 5.000000000000000000e+01 0.000000000000000000e+00
4.698832631111145020e-01 4.566400349140167236e-01 -2.733019925653934479e-02 -2.818408235907554626e-02 -1.328719329833984375e+01 0.000000000000000000e+00 -5.500098690390586853e-03 0.000000000000000000e+00 5.000000000000000000e+01 0.000000000000000000e+00
4.698832631111145020e-01 4.566400349140167236e-01 -2.733019925653934479e-02 -2.818408235907554626e-02 -1.328719329833984375e+01 0.000000000000000000e+00 -5.500098690390586853e-03 0.000000000000000000e+00 5.000000000000000000e+01 0.000000000000000000e+00
4.698832631111145020e-01 4.566400349140167236e-01 -2.733019925653934479e-02 -2.818408235907554626e-02 -1.328719329833984375e+01 0.000000000000000000e+00 -5.500098690390586853e-03 0.000000000000000000e+00 5.000000000000000000e+01 0.000000000000000000e+00
4.698832631111145020e-01 4.566400349140167236e-01 -2.733019925653934479e-02 -2.818408235907554626e-02 -1.328719329833984375e+01 0.000000000000000000e+00 -5.500098690390586853e-03 0.000000000000000000e+00 5.000000000000000000e+01 0.000000000000000000e+00
4.698832631111145020e-01 4.566400349140167236e-01 -2.733019925653934479e-02 -2.818408235907554626e-02 -1.328719329833984375e+01 0.000000000000000000e+00 -5.500098690390586853e-03 0.000000000000000000e+00 5.000000000000000000e+01 0.000000000000000000e+00
4.698832631111145020e-01 4.566400349140167236e-01 -2.733019925653934479e-02 -2.818408235907554626e-02 -1.328719329833984375e+01 0.000000000000000000e+00 -5.500098690390586853e-03 0.000000000000000000e+00 5.000000000000000000e+01 0.000000000000000000e+00
4.698832631111145020e-01 4.566400349140167236e-01 -2.733019925653934479e-02 -2.818408235907554626e-02 -1.328719329833984375e+01 0.000000000000000000e+00 -5.500098690390586853e-03 0.000000000000000000e+00 5.000000000000000000e+01 0.000000000000000000e+00
4.698832631111145020e-01 4.566400349140167236e-01 -2.733019925653934479e-02 -2.818408235907554626e-02 -1.328719329833984375e+01 0.000000000000000000e+00 -5.500098690390586853e-03 0.000000000000000000e+00 5.000000000000000000e+01 0.000000000000000000e+00
4.698832631111145020e-01 4.566400349140167236e-01 -2.733019925653934479e-02 -2.818408235907554626e-02 -1.328719329833984375e+01 0.000000000000000000e+00 -5.500098690390586853e-03 0.000000000000000000e+00 5.000000000000000000e+01 0.000000000000000000e+00
4.698832631111145020e-01 4.566400349140167236e-01 -2.733019925653934479e-02 -2.818408235907554626e-02 -1.328719329833984375e+01 0.000000000000000000e+00 -5.500098690390586853e-03 0.000000000000000000e+00 5.000000000000000000e+01 0.000000000000000000e+00
4.698832631111145020e-01 4.566400349140167236e-01 -2.733019925653934479e-02 -2.818408235907554626e-02 -1.328719329833984375e+01 0.000000000000000000e+00 -5.500098690390586853e-03 0.000000000000000000e+00 5.000000000000000000e+01 0.000000000000000000e+00
4.698832631111145020e-01 4.566400349140167236e-01 -2.733019925653934479e-02 -2.818408235907554626e-02 -1.328719329833984375e+01 0.000000000000000000e+00 -5.500098690390586853e-03 0.000000000000000000e+00 5.000000000000000000e+01 0.000000000000000000e+00
4.698832631111145020e-01 4.566400349140167236e-01 -2.733019925653934479e-02 -2.818408235907554626e-02 -1.328719329833984375e+01 0.000000000000000000e+00 -5.500098690390586853e-03 0.000000000000000000e+00 5.000000000000000000e+01 0.000000000000000000e+00
4.698832631111145020e-01 4.566400349140167236e-01 -2.733019925653934479e-02 -2.818408235907554626e-02 -1.328719329833984375e+01 0.000000000000000000e+00 -5.500098690390586853e-03 0.000000000000000000e+00 5.000000000000000000e+01 0.000000000000000000e+00
4.698832631111145020e-01 4.566400349140167236e-01 -2.733019925653934479e-02 -2.818408235907554626e-02 -1.328719329833984375e+01 0.000000000000000000e+00 -5.500098690390586853e-03 0.000000000000000000e+00 5.000000000000000000e+01 0.000000000000000000e+00
4.698832631111145020e-01 4.566400349140167236e-01 -2.733019925653934479e-02 -2.818408235907554626e-02 -1.328719329833984375e+01 0.000000000000000000e+00 -5.500098690390586853e-03 0.000000000000000000e+00 5.000000000000000000e+01 0.000000000000000000e+00
4.698832631111145020e-01 4.566400349140167236e-01 -2.733019925653934479e-02 -2.818408235907554626e-02 -1.328719329833984375e+01 0.000000000000000000e+00 -5.500098690390586853e-03 0.000000000000000000e+00 5.000000000000000000e+01 0.000000000000000000e+00
4.698832631111145020e-01 4.566400349140167236e-01 -2.733019925653934479e-02 -2.818408235907554626e-02 -1.328719329833984375e+01 0.000000000000000000e+00 -5.500098690390586853e-03 0.000000000000000000e+00 5.000000000000000000e+01 0.000000000000000000e+00
