4.541163444519042969e-01 4.290685057640075684e-01 -5.435521900653839111e-02 -5.515731498599052429e-02 -1.922684936523437500e+02 -1.665002441406250000e+02 -7.958758622407913208e-02 -1.947741955518722534e-01 4.170000000000000000e+02 3.670000000000000000e+02
4.541163444519042969e-01 4.442615509033203125e-01 -1.788699068129062653e-02 -2.170103229582309723e-02 -1.053059387207031250e+02 -7.953771209716796875e+01 -4.359032213687896729e-02 -9.304427355527877808e-02 2.400000000000000000e+02 1.900000000000000000e+02
4.541163444519042969e-01 4.504007697105407715e-01 -3.875861177220940590e-03 -8.181988261640071869e-03 -9.708668518066406250e+01 -7.131846618652343750e+01 -4.018804430961608887e-02 -8.342929184436798096e-02 2.210000000000000000e+02 1.710000000000000000e+02
4.541163444519042969e-01 4.490617215633392334e-01 -4.268965683877468109e-03 -1.113067846745252609e-02 -9.082197570800781250e+01 -6.505374908447265625e+01 -3.759483247995376587e-02 -7.610073685646057129e-02 2.080000000000000000e+02 1.580000000000000000e+02
4.541163444519042969e-01 4.649944305419921875e-01 3.064597025513648987e-02 2.395440265536308289e-02 -8.709899902343750000e+01 -6.133077239990234375e+01 -3.605374321341514587e-02 -7.174555212259292603e-02 2.000000000000000000e+02 1.500000000000000000e+02
4.541163444519042969e-01 4.623603224754333496e-01 2.551663853228092194e-02 1.815388910472393036e-02 -8.494759368896484375e+01 -5.917936706542968750e+01 -3.516319394111633301e-02 -6.922880560159683228e-02 1.960000000000000000e+02 1.460000000000000000e+02
4.541163444519042969e-01 4.671793282032012939e-01 3.440253809094429016e-02 2.876571938395500183e-02 -8.144723510742187500e+01 -5.567901611328125000e+01 -3.371425345540046692e-02 -6.513405591249465942e-02 1.890000000000000000e+02 1.390000000000000000e+02
4.541163444519042969e-01 4.733042716979980469e-01 4.736078158020973206e-02 4.225333034992218018e-02 -7.994971466064453125e+01 -5.418148803710937500e+01 -3.309437260031700134e-02 -6.338222324848175049e-02 1.870000000000000000e+02 1.370000000000000000e+02
4.541163444519042969e-01 4.731001257896423340e-01 4.595889896154403687e-02 4.180378466844558716e-02 -7.837182617187500000e+01 -5.260360717773437500e+01 -3.244122117757797241e-02 -6.153639778494834900e-02 1.830000000000000000e+02 1.330000000000000000e+02
4.541163444519042969e-01 4.740588963031768799e-01 4.807424545288085938e-02 4.391507059335708618e-02 -7.754913330078125000e+01 -5.178090667724609375e+01 -3.210067376494407654e-02 -6.057399138808250427e-02 1.810000000000000000e+02 1.310000000000000000e+02
4.541163444519042969e-01 4.693453013896942139e-01 3.656083345413208008e-02 3.353536501526832581e-02 -7.582220458984375000e+01 -5.005398559570312500e+01 -3.138583153486251831e-02 -5.855381861329078674e-02 1.770000000000000000e+02 1.270000000000000000e+02
4.541163444519042969e-01 4.705516397953033447e-01 4.071689397096633911e-02 3.619181737303733826e-02 -6.921775054931640625e+01 -4.344952392578125000e+01 -2.865198440849781036e-02 -5.082783102989196777e-02 1.620000000000000000e+02 1.120000000000000000e+02
4.541163444519042969e-01 4.571270644664764404e-01 1.073557790368795395e-02 6.629842799156904221e-03 -6.489086914062500000e+01 -3.912265014648437500e+01 -2.686091512441635132e-02 -4.576619714498519897e-02 1.530000000000000000e+02 1.030000000000000000e+02
4.541163444519042969e-01 4.609120190143585205e-01 1.937113702297210693e-02 1.496461126953363419e-02 -6.264008331298828125e+01 -3.687186050415039062e+01 -2.592922560870647430e-02 -4.313319176435470581e-02 1.470000000000000000e+02 9.700000000000000000e+01
4.541163444519042969e-01 4.497098326683044434e-01 -4.343586042523384094e-03 -9.703486226499080658e-03 -5.930751800537109375e+01 -3.353929901123046875e+01 -2.454974316060543060e-02 -3.923471644520759583e-02 1.410000000000000000e+02 9.100000000000000000e+01
4.541163444519042969e-01 4.480388462543487549e-01 -9.415159001946449280e-03 -1.338313054293394089e-02 -5.780180358886718750e+01 -3.203358078002929688e+01 -2.392646856606006622e-02 -3.747330978512763977e-02 1.380000000000000000e+02 8.800000000000000000e+01
4.541163444519042969e-01 4.585590958595275879e-01 1.437126565724611282e-02 9.783289395272731781e-03 -5.613417816162109375e+01 -3.036595916748046875e+01 -2.323617227375507355e-02 -3.552250191569328308e-02 1.350000000000000000e+02 8.500000000000000000e+01
4.541163444519042969e-01 4.571999609470367432e-01 1.112880185246467590e-02 6.790366489440202713e-03 -5.577627563476562500e+01 -3.000805473327636719e+01 -2.308802120387554169e-02 -3.510382026433944702e-02 1.330000000000000000e+02 8.300000000000000000e+01
4.541163444519042969e-01 4.535915255546569824e-01 3.263988532125949860e-03 -1.155692618340253830e-03 -5.460031127929687500e+01 -2.883209037780761719e+01 -2.260124310851097107e-02 -3.372816368937492371e-02 1.300000000000000000e+02 8.000000000000000000e+01
4.541163444519042969e-01 4.524073004722595215e-01 1.403126632794737816e-03 -3.763449611142277718e-03 -5.402362823486328125e+01 -2.825540542602539062e+01 -2.236253209412097931e-02 -3.305354714393615723e-02 1.280000000000000000e+02 7.800000000000000000e+01
4.541163444519042969e-01 4.637635648250579834e-01 2.766587212681770325e-02 2.124393917620182037e-02 -4.880194854736328125e+01 -2.303372573852539062e+01 -2.020107023417949677e-02 -2.694515883922576904e-02 1.120000000000000000e+02 6.200000000000000000e+01
4.541163444519042969e-01 4.552920460700988770e-01 6.876926403492689133e-03 2.588987583294510841e-03 -4.535463714599609375e+01 -1.958641815185546875e+01 -1.877409033477306366e-02 -2.291245199739933014e-02 1.060000000000000000e+02 5.600000000000000000e+01
4.541163444519042969e-01 4.528593719005584717e-01 1.576919574290513992e-03 -2.767952624708414078e-03 -4.237889862060546875e+01 -1.661067390441894531e+01 -1.754231378436088562e-02 -1.943138614296913147e-02 9.800000000000000000e+01 4.800000000000000000e+01
4.541163444519042969e-01 4.445020854473114014e-01 -1.694807037711143494e-02 -2.117135562002658844e-02 -3.995362854003906250e+01 -1.418540763854980469e+01 -1.653839834034442902e-02 -1.659427769482135773e-02 9.400000000000000000e+01 4.400000000000000000e+01
4.541163444519042969e-01 4.497908949851989746e-01 -6.771030370146036148e-03 -9.524980559945106506e-03 -3.795490264892578125e+01 -1.218667793273925781e+01 -1.571104675531387329e-02 -1.425613742321729660e-02 9.000000000000000000e+01 4.000000000000000000e+01
4.541163444519042969e-01 4.109606742858886719e-01 -8.960404247045516968e-02 -9.503218531608581543e-02 -3.578165817260742188e+01 -1.001343441009521484e+01 -1.481145340949296951e-02 -1.171384844928979874e-02 8.500000000000000000e+01 3.500000000000000000e+01
4.541163444519042969e-01 4.162403643131256104e-01 -7.620523124933242798e-02 -8.340589702129364014e-02 -3.436403656005859375e+01 -8.595817565917968750e+00 -1.422464381903409958e-02 -1.005550194531679153e-02 8.100000000000000000e+01 3.100000000000000000e+01
4.541163444519042969e-01 4.141294658184051514e-01 -8.129959553480148315e-02 -8.805426210165023804e-02 -3.383227920532226562e+01 -8.064056396484375000e+00 -1.400452759116888046e-02 -9.433439932763576508e-03 7.900000000000000000e+01 2.900000000000000000e+01
4.541163444519042969e-01 4.078877568244934082e-01 -9.313199669122695923e-02 -1.017989963293075562e-01 -3.284011077880859375e+01 -7.071890830993652344e+00 -1.359383016824722290e-02 -8.272792212665081024e-03 7.600000000000000000e+01 2.600000000000000000e+01
4.541163444519042969e-01 4.168179333209991455e-01 -7.787872105836868286e-02 -8.213404566049575806e-02 -2.794056320190429688e+01 -2.172339439392089844e+00 -1.156571228057146072e-02 -2.541231457144021988e-03 6.000000000000000000e+01 1.000000000000000000e+01
4.541163444519042969e-01 4.155563712120056152e-01 -8.346066623926162720e-02 -8.491209894418716431e-02 -2.691268539428710938e+01 -1.144464969635009766e+00 -1.114023197442293167e-02 -1.338810310699045658e-03 5.600000000000000000e+01 6.000000000000000000e+00
4.541163444519042969e-01 4.009335339069366455e-01 -1.160204410552978516e-01 -1.171127408742904663e-01 -2.604511070251464844e+01 -2.768874168395996094e-01 -1.078110840171575546e-02 -3.239065699744969606e-04 5.300000000000000000e+01 3.000000000000000000e+00
4.541163444519042969e-01 4.034450054168701172e-01 -1.105883270502090454e-01 -1.115822866559028625e-01 -2.583834838867187500e+01 -7.012611627578735352e-02 -1.069552171975374222e-02 -8.203446486731991172e-05 5.100000000000000000e+01 1.000000000000000000e+00
4.541163444519042969e-01 4.034450054168701172e-01 -1.105883270502090454e-01 -1.115822866559028625e-01 -2.583834838867187500e+01 -7.012611627578735352e-02 -1.069552171975374222e-02 -8.203446486731991172e-05 5.100000000000000000e+01 1.000000000000000000e+00
4.541163444519042969e-01 4.034450054168701172e-01 -1.105883270502090454e-01 -1.115822866559028625e-01 -2.583834838867187500e+01 -7.012611627578735352e-02 -1.069552171975374222e-02 -8.203446486731991172e-05 5.100000000000000000e+01 1.000000000000000000e+00
4.541163444519042969e-01 4.034450054168701172e-01 -1.105883270502090454e-01 -1.115822866559028625e-01 -2.583834838867187500e+01 -7.012611627578735352e-02 -1.069552171975374222e-02 -8.203446486731991172e-05 5.100000000000000000e+01 1.000000000000000000e+00
4.541163444519042969e-01 4.034450054168701172e-01 -1.105883270502090454e-01 -1.115822866559028625e-01 -2.583834838867187500e+01 -7.012611627578735352e-02 -1.069552171975374222e-02 -8.203446486731991172e-05 5.100000000000000000e+01 1.000000000000000000e+00
4.541163444519042969e-01 4.034450054168701172e-01 -1.105883270502090454e-01 -1.115822866559028625e-01 -2.583834838867187500e+01 -7.012611627578735352e-02 -1.069552171975374222e-02 -8.203446486731991172e-05 5.100000000000000000e+01 1.000000000000000000e+00
4.541163444519042969e-01 4.028563499450683594e-01 -1.119011268019676208e-01 -1.128785535693168640e-01 -2.576822280883789062e+01 0.000000000000000000e+00 -1.066649332642555237e-02 0.000000000000000000e+00 5.000000000000000000e+01 0.000000000000000000e+00
4.541163444519042969e-01 4.028563499450683594e-01 -1.119011268019676208e-01 -1.128785535693168640e-01 -2.576822280883789062e+01 0.000000000000000000e+00 -1.066649332642555237e-02 0.000000000000000000e+00 5.000000000000000000e+01 0.000000000000000000e+00
4.541163444519042969e-01 4.028563499450683594e-01 -1.119011268019676208e-01 -1.128785535693168640e-01 -2.576822280883789062e+01 0.000000000000000000e+00 -1.066649332642555237e-02 0.000000000000000000e+00 5.000000000000000000e+01 0.000000000000000000e+00
4.541163444519042969e-01 4.028563499450683594e-01 -1.119011268019676208e-01 -1.128785535693168640e-01 -2.576822280883789062e+01 0.000000000000000000e+00 -1.066649332642555237e-02 0.000000000000000000e+00 5.000000000000000000e+01 0.000000000000000000e+00
4.541163444519042969e-01 4.028563499450683594e-01 -1.119011268019676208e-01 -1.128785535693168640e-01 -2.576822280883789062e+01 0.000000000000000000e+00 -1.066649332642555237e-02 0.000000000000000000e+00 5.000000000000000000e+01 0.000000000000000000e+00
4.541163444519042969e-01 4.028563499450683594e-01 -1.119011268019676208e-01 -1.128785535693168640e-01 -2.576822280883789062e+01 0.000000000000000000e+00 -1.066649332642555237e-02 0.000000000000000000e+00 5.000000000000000000e+01 0.000000000000000000e+00
4.541163444519042969e-01 4.028563499450683594e-01 -1.119011268019676208e-01 -1.128785535693168640e-01 -2.576822280883789062e+01 0.000000000000000000e+00 -1.066649332642555237e-02 0.000000000000000000e+00 5.000000000000000000e+01 0.000000000000000000e+00
4.541163444519042969e-01 4.028563499450683594e-01 -1.119011268019676208e-01 -1.128785535693168640e-01 -2.576822280883789062e+01 0.000000000000000000e+00 -1.066649332642555237e-02 0.000000000000000000e+00 5.000000000000000000e+01 0.000000000000000000e+00
4.541163444519042969e-01 4.028563499450683594e-01 -1.119011268019676208e-01 -1.128785535693168640e-01 -2.576822280883789062e+01 0.000000000000000000e+00 -1.066649332642555237e-02 0.000000000000000000e+00 5.000000000000000000e+01 0.000000000000000000e+00
4.541163444519042969e-01 4.028563499450683594e-01 -1.119011268019676208e-01 -1.128785535693168640e-01 -2.576822280883789062e+01 0.000000000000000000e+00 -1.066649332642555237e-02 0.000000000000000000e+00 5.000000000000000000e+01 0.000000000000000000e+00
4.541163444519042969e-01 4.028563499450683594e-01 -1.119011268019676208e-01 -1.128785535693168640e-01 -2.576822280883789062e+01 0.000000000000000000e+00 -1.066649332642555237e-02 0.000000000000000000e+00 5.000000000000000000e+01 0.000000000000000000e+00
4.541163444519042969e-01 4.028563499450683594e-01 -1.119011268019676208e-01 -1.128785535693168640e-01 -2.576822280883789062e+01 0.000000000000000000e+00 -1.066649332642555237e-02 0.000000000000000000e+00 5.000000000000000000e+01 0.000000000000000000e+00
4.541163444519042969e-01 4.028563499450683594e-01 -1.119011268019676208e-01 -1.128785535693168640e-01 -2.576822280883789062e+01 0.000000000000000000e+00 -1.066649332642555237e-02 0.000000000000000000e+00 5.000000000000000000e+01 0.000000000000000000e+00
4.541163444519042969e-01 4.028563499450683594e-01 -1.119011268019676208e-01 -1.128785535693168640e-01 -2.576822280883789062e+01 0.000000000000000000e+00 -1.066649332642555237e-02 0.000000000000000000e+00 5.000000000000000000e+01 0.000000000000000000e+00
4.541163444519042969e-01 4.028563499450683594e-01 -1.119011268019676208e-01 -1.128785535693168640e-01 -2.576822280883789062e+01 0.000000000000000000e+00 -1.066649332642555237e-02 0.000000000000000000e+00 5.000000000000000000e+01 0.000000000000000000e+00
4.541163444519042969e-01 4.028563499450683594e-01 -1.119011268019676208e-01 -1.128785535693168640e-01 -2.576822280883789062e+01 0.000000000000000000e+00 -1.066649332642555237e-02 0.000000000000000000e+00 5.000000000000000000e+01 0.000000000000000000e+00
4.541163444519042969e-01 4.028563499450683594e-01 -1.119011268019676208e-01 -1.128785535693168640e-01 -2.576822280883789062e+01 0.000000000000000000e+00 -1.066649332642555237e-02 0.000000000000000000e+00 5.000000000000000000e+01 0.000000000000000000e+00
4.541163444519042969e-01 4.028563499450683594e-01 -1.119011268019676208e-01 -1.128785535693168640e-01 -2.576822280883789062e+01 0.000000000000000000e+00 -1.066649332642555237e-02 0.000000000000000000e+00 5.000000000000000000e+01 0.000000000000000000e+00
4.541163444519042969e-01 4.028563499450683594e-01 -1.119011268019676208e-01 -1.128785535693168640e-01 -2.576822280883789062e+01 0.000000000000000000e+00 -1.066649332642555237e-02 0.000000000000000000e+00 5.000000000000000000e+01 0.000000000000000000e+00
4.541163444519042969e-01 4.028563499450683594e-01 -1.119011268019676208e-01 -1.128785535693168640e-01 -2.576822280883789062e+01 0.000000000000000000e+00 -1.066649332642555237e-02 0.000000000000000000e+00 5.000000000000000000e+01 0.000000000000000000e+00
4.541163444519042969e-01 4.028563499450683594e-01 -1.119011268019676208e-01 -1.128785535693168640e-01 -2.576822280883789062e+01 0.000000000000000000e+00 -1.066649332642555237e-02 0.000000000000000000e+00 5.000000000000000000e+01 0.000000000000000000e+00
4.541163444519042969e-01 4.028563499450683594e-01 -1.119011268019676208e-01 -1.128785535693168640e-01 -2.576822280883789062e+01 0.000000000000000000e+00 -1.066649332642555237e-02 0.000000000000000000e+00 5.000000000000000000e+01 0.000000000000000000e+00
4.541163444519042969e-01 4.028563499450683594e-01 -1.119011268019676208e-01 -1.128785535693168640e-01 -2.576822280883789062e+01 0.000000000000000000e+00 -1.066649332642555237e-02 0.000000000000000000e+00 5.000000000000000000e+01 0.000000000000000000e+00
4.541163444519042969e-01 4.028563499450683594e-01 -1.119011268019676208e-01 -1.128785535693168640e-01 -2.576822280883789062e+01 0.000000000000000000e+00 -1.066649332642555237e-02 0.000000000000000000e+00 5.000000000000000000e+01 0.000000000000000000e+00
4.541163444519042969e-01 4.028563499450683594e-01 -1.119011268019676208e-01 -1.128785535693168640e-01 -2.576822280883789062e+01 0.000000000000000000e+00 -1.066649332642555237e-02 0.000000000000000000e+00 5.000000000000000000e+01 0.000000000000000000e+00
4.541163444519042969e-01 4.028563499450683594e-01 -1.119011268019676208e-01 -1.128785535693168640e-01 -2.576822280883789062e+01 0.000000000000000000e+00 -1.066649332642555237e-02 0.000000000000000000e+00 5.000000000000000000e+01 0.000000000000000000e+00
4.541163444519042969e-01 4.028563499450683594e-01 -1.119011268019676208e-01 -1.128785535693168640e-01 -2.576822280883789062e+01 0.000000000000000000e+00 -1.066649332642555237e-02 0.000000000000000000e+00 5.000000000000000000e+01 0.000000000000000000e+00
4.541163444519042969e-01 4.028563499450683594e-01 -1.119011268019676208e-01 -1.128785535693168640e-01 -2.576822280883789062e+01 0.000000000000000000e+00 -1.066649332642555237e-02 0.000000000000000000e+00 5.000000000000000000e+01 0.000000000000000000e+00
4.541163444519042969e-01 4.028563499450683594e-01 -1.119011268019676208e-01 -1.128785535693168640e-01 -2.576822280883789062e+01 0.000000000000000000e+00 -1.066649332642555237e-02 0.000000000000000000e+00 5.000000000000000000e+01 0.000000000000000000e+00
4.541163444519042969e-01 4.028563499450683594e-01 -1.119011268019676208e-01 -1.128785535693168640e-01 -2.576822280883789062e+01 0.000000000000000000e+00 -1.066649332642555237e-02 0.000000000000000000e+00 5.000000000000000000e+01 0.000000000000000000e+00
4.541163444519042969e-01 4.028563499450683594e-01 -1.119011268019676208e-01 -1.128785535693168640e-01 -2.576822280883789062e+01 0.000000000000000000e+00 -1.066649332642555237e-02 0.000000000000000000e+00 5.000000000000000000e+01 0.000000000000000000e+00
4.541163444519042969e-01 4.028563499450683594e-01 -1.119011268019676208e-01 -1.128785535693168640e-01 -2.576822280883789062e+01 0.000000000000000000e+00 -1.066649332642555237e-02 0.000000000000000000e+00 5.000000000000000000e+01 0.000000000000000000e+00
4.541163444519042969e-01 4.028563499450683594e-01 -1.119011268019676208e-01 -1.128785535693168640e-01 -2.576822280883789062e+01 0.000000000000000000e+00 -1.066649332642555237e-02 0.000000000000000000e+00 5.000000000000000000e+01 0.000000000000000000e+00
4.541163444519042969e-01 4.028563499450683594e-01 -1.119011268019676208e-01 -1.128785535693168640e-01 -2.576822280883789062e+01 0.000000000000000000e+00 -1.066649332642555237e-02 0.000000000000000000e+00 5.000000000000000000e+01 0.000000000000000000e+00
4.541163444519042969e-01 4.028563499450683594e-01 -1.119011268019676208e-01 -1.128785535693168640e-01 -2.576822280883789062e+01 0.000000000000000000e+00 -1.066649332642555237e-02 0.000000000000000000e+00 5.000000000000000000e+01 0.000000000000000000e+00
4.541163444519042969e-01 4.028563499450683594e-01 -1.119011268019676208e-01 -1.128785535693168640e-01 -2.576822280883789062e+01 0.000000000000000000e+00 -1.066649332642555237e-02 0.000000000000000000e+00 5.000000000000000000e+01 0.000000000000000000e+00
4.541163444519042969e-01 4.028563499450683594e-01 -1.119011268019676208e-01 -1.128785535693168640e-01 -2.576822280883789062e+01 0.000000000000000000e+00 -1.066649332642555237e-02 0.000000000000000000e+00 5.000000000000000000e+01 0.000000000000000000e+00
4.541163444519042969e-01 4.028563499450683594e-01 -1.119011268019676208e-01 -1.128785535693168640e-01 -2.576822280883789062e+01 0.000000000000000000e+00 -1.066649332642555237e-02 0.000000000000000000e+00 5.000000000000000000e+01 0.000000000000000000e+00
4.541163444519042969e-01 4.028563499450683594e-01 -1.119011268019676208e-01 -1.128785535693168640e-01 -2.576822280883789062e+01 0.000000000000000000e+00 -1.066649332642555237e-02 0.000000000000000000e+00 5.000000000000000000e+01 0.000000000000000000e+00
4.541163444519042969e-01 4.028563499450683594e-01 -1.119011268019676208e-01 -1.128785535693168640e-01 -2.576822280883789062e+01 0.000000000000000000e+00 -1.066649332642555237e-02 0.000000000000000000e+00 5.000000000000000000e+01 0.000000000000000000e+00
4.541163444519042969e-01 4.028563499450683594e-01 -1.119011268019676208e-01 -1.128785535693168640e-01 -2.576822280883789062e+01 0.000000000000000000e+00 -1.066649332642555237e-02 0.000000000000000000e+00 5.000000000000000000e+01 0.000000000000000000e+00
4.541163444519042969e-01 4.028563499450683594e-01 -1.119011268019676208e-01 -1.128785535693168640e-01 -2.576822280883789062e+01 0.000000000000000000e+00 -1.066649332642555237e-02 0.000000000000000000e+00 5.000000000000000000e+01 0.000000000000000000e+00
4.541163444519042969e-01 4.028563499450683594e-01 -1.119011268019676208e-01 -1.128785535693168640e-01 -2.576822280883789062e+01 0.000000000000000000e+00 -1.066649332642555237e-02 0.000000000000000000e+00 5.000000000000000000e+01 0.000000000000000000e+00
4.541163444519042969e-01 4.028563499450683594e-01 -1.119011268019676208e-01 -1.128785535693168640e-01 -2.576822280883789062e+01 0.000000000000000000e+00 -1.066649332642555237e-02 0.000000000000000000e+00 5.000000000000000000e+01 0.000000000000000000e+00
4.541163444519042969e-01 4.028563499450683594e-01 -1.119011268019676208e-01 -1.128785535693168640e-01 -2.576822280883789062e+01 0.000000000000000000e+00 -1.066649332642555237e-02 0.000000000000000000e+00 5.000000000000000000e+01 0.000000000000000000e+00
4.541163444519042969e-01 4.028563499450683594e-01 -1.119011268019676208e-01 -1.128785535693168640e-01 -2.576822280883789062e+01 0.000000000000000000e+00 -1.066649332642555237e-02 0.000000000000000000e+00 5.000000000000000000e+01 0.000000000000000000e+00
4.541163444519042969e-01 4.028563499450683594e-01 -1.119011268019676208e-01 -1.128785535693168640e-01 -2.576822280883789062e+01 0.000000000000000000e+00 -1.066649332642555237e-02 0.000000000000000000e+00 5.000000000000000000e+01 0.000000000000000000e+00
4.541163444519042969e-01 4.028563499450683594e-01 -1.119011268019676208e-01 -1.128785535693168640e-01 -2.576822280883789062e+01 0.000000000000000000e+00 -1.066649332642555237e-02 0.000000000000000000e+00 5.000000000000000000e+01 0.000000000000000000e+00
4.541163444519042969e-01 4.028563499450683594e-01 -1.119011268019676208e-01 -1.128785535693168640e-01 -2.576822280883789062e+01 0.000000000000000000e+00 -1.066649332642555237e-02 0.000000000000000000e+00 5.000000000000000000e+01 0.000000000000000000e+00
4.541163444519042969e-01 4.028563499450683594e-01 -1.119011268019676208e-01 -1.128785535693168640e-01 -2.576822280883789062e+01 0.000000000000000000e+00 -1.066649332642555237e-02 0.000000000000000000e+00 5.000000000000000000e+01 0.000000000000000000e+00
4.541163444519042969e-01 4.028563499450683594e-01 -1.119011268019676208e-01 -1.128785535693168640e-01 -2.576822280883789062e+01 0.000000000000000000e+00 -1.066649332642555237e-02 0.000000000000000000e+00 5.000000000000000000e+01 0.000000000000000000e+00
4.541163444519042969e-01 4.028563499450683594e-01 -1.119011268019676208e-01 -1.128785535693168640e-01 -2.576822280883789062e+01 0.000000000000000000e+00 -1.066649332642555237e-02 0.000000000000000000e+00 5.000000000000000000e+01 0.000000000000000000e+00
4.541163444519042969e-01 4.028563499450683594e-01 -1.119011268019676208e-01 -1.128785535693168640e-01 -2.576822280883789062e+01 0.000000000000000000e+00 -1.066649332642555237e-02 0.000000000000000000e+00 5.000000000000000000e+01 0.000000000000000000e+00
