4.819820821285247803e-01 7.954766750335693359e-01 6.409817337989807129e-01 6.504278779029846191e-01 -4.410041046142578125e+01 -3.552901458740234375e+01 -1.825491711497306824e-02 -4.193727672100067139e-02 2.220000000000000000e+02 1.720000000000000000e+02
4.819820821285247803e-01 7.530379891395568848e-01 5.569964647293090820e-01 5.623775720596313477e-01 -1.882427787780761719e+01 -1.025288200378417969e+01 -7.792118471115827560e-03 -1.210216432809829712e-02 1.460000000000000000e+02 9.600000000000000000e+01
4.819820821285247803e-01 7.532891631126403809e-01 5.592218041419982910e-01 5.628986954689025879e-01 -1.760116958618164062e+01 -9.029771804809570312e+00 -7.285824976861476898e-03 -1.065844483673572540e-02 1.340000000000000000e+02 8.400000000000000000e+01
4.819820821285247803e-01 7.536336183547973633e-01 5.630308389663696289e-01 5.636133551597595215e-01 -1.708440017700195312e+01 -8.513002395629882812e+00 -7.071913685649633408e-03 -1.004846766591072083e-02 1.280000000000000000e+02 7.800000000000000000e+01
4.819820821285247803e-01 7.399681210517883301e-01 5.362868309020996094e-01 5.352606177330017090e-01 -1.693743133544921875e+01 -8.366034507751464844e+00 -7.011077366769313812e-03 -9.874991141259670258e-03 1.270000000000000000e+02 7.700000000000000000e+01
4.819820821285247803e-01 7.335823178291320801e-01 5.221023559570312500e-01 5.220115780830383301e-01 -1.548609352111816406e+01 -6.914695739746093750e+00 -6.410310976207256317e-03 -8.161879144608974457e-03 1.250000000000000000e+02 7.500000000000000000e+01
4.819820821285247803e-01 7.334457039833068848e-01 5.213916301727294922e-01 5.217281579971313477e-01 -1.518481731414794922e+01 -6.613420486450195312e+00 -6.285600829869508743e-03 -7.806263864040374756e-03 1.230000000000000000e+02 7.300000000000000000e+01
4.819820821285247803e-01 7.324413061141967773e-01 5.191617608070373535e-01 5.196442604064941406e-01 -1.474878311157226562e+01 -6.177385330200195312e+00 -6.105108652263879776e-03 -7.291581947356462479e-03 1.210000000000000000e+02 7.100000000000000000e+01
4.819820821285247803e-01 7.324413061141967773e-01 5.191617608070373535e-01 5.196442604064941406e-01 -1.474878311157226562e+01 -6.177385330200195312e+00 -6.105108652263879776e-03 -7.291581947356462479e-03 1.210000000000000000e+02 7.100000000000000000e+01
4.819820821285247803e-01 7.277726531028747559e-01 5.092644691467285156e-01 5.099579095840454102e-01 -1.466188812255859375e+01 -6.090490818023681641e+00 -6.069139577448368073e-03 -7.189014926552772522e-03 1.190000000000000000e+02 6.900000000000000000e+01
4.819820821285247803e-01 7.261922359466552734e-01 5.053983926773071289e-01 5.066788792610168457e-01 -1.445713424682617188e+01 -5.885736465454101562e+00 -5.984383635222911835e-03 -6.947329267859458923e-03 1.170000000000000000e+02 6.700000000000000000e+01
4.819820821285247803e-01 7.099944353103637695e-01 4.691387116909027100e-01 4.730722606182098389e-01 -1.402396202087402344e+01 -5.452564716339111328e+00 -5.805076565593481064e-03 -6.436027586460113525e-03 1.130000000000000000e+02 6.300000000000000000e+01
4.819820821285247803e-01 7.090082168579101562e-01 4.668632149696350098e-01 4.710260927677154541e-01 -1.375612831115722656e+01 -5.184731483459472656e+00 -5.694209598004817963e-03 -6.119886413216590881e-03 1.100000000000000000e+02 6.000000000000000000e+01
4.819820821285247803e-01 7.047719955444335938e-01 4.575954377651214600e-01 4.622369110584259033e-01 -1.362912464141845703e+01 -5.057727336883544922e+00 -5.641637369990348816e-03 -5.969974678009748459e-03 1.090000000000000000e+02 5.900000000000000000e+01
4.819820821285247803e-01 7.013034820556640625e-01 4.508730173110961914e-01 4.550405740737915039e-01 -1.358458232879638672e+01 -5.013185024261474609e+00 -5.623199511319398880e-03 -5.917398259043693542e-03 1.080000000000000000e+02 5.800000000000000000e+01
4.819820821285247803e-01 6.982327699661254883e-01 4.442942738533020020e-01 4.486695528030395508e-01 -1.349580383300781250e+01 -4.924407482147216797e+00 -5.586450919508934021e-03 -5.812608171254396439e-03 1.050000000000000000e+02 5.500000000000000000e+01
4.819820821285247803e-01 6.981283426284790039e-01 4.463114142417907715e-01 4.484528899192810059e-01 -1.315783786773681641e+01 -4.586441040039062500e+00 -5.446553230285644531e-03 -5.413684062659740448e-03 1.000000000000000000e+02 5.000000000000000000e+01
4.819820821285247803e-01 6.858719587326049805e-01 4.188651144504547119e-01 4.230237603187561035e-01 -1.310077667236328125e+01 -4.529378890991210938e+00 -5.422933027148246765e-03 -5.346329417079687119e-03 1.010000000000000000e+02 5.100000000000000000e+01
4.819820821285247803e-01 6.858719587326049805e-01 4.188651144504547119e-01 4.230237603187561035e-01 -1.310077667236328125e+01 -4.529378890991210938e+00 -5.422933027148246765e-03 -5.346329417079687119e-03 1.010000000000000000e+02 5.100000000000000000e+01
4.819820821285247803e-01 6.858719587326049805e-01 4.188651144504547119e-01 4.230237603187561035e-01 -1.310077667236328125e+01 -4.529378890991210938e+00 -5.422933027148246765e-03 -5.346329417079687119e-03 1.010000000000000000e+02 5.100000000000000000e+01
4.819820821285247803e-01 6.737935543060302734e-01 3.953106701374053955e-01 3.979639112949371338e-01 -1.270576477050781250e+01 -4.134367942810058594e+00 -5.259422119706869125e-03 -4.880071617662906647e-03 9.800000000000000000e+01 4.800000000000000000e+01
4.819820821285247803e-01 6.606842875480651855e-01 3.633691370487213135e-01 3.707652390003204346e-01 -1.164581203460693359e+01 -3.074415445327758789e+00 -4.820665344595909119e-03 -3.628938691690564156e-03 9.500000000000000000e+01 4.500000000000000000e+01
4.819820821285247803e-01 6.555736660957336426e-01 3.520511984825134277e-01 3.601619005203247070e-01 -1.153230285644531250e+01 -2.960906028747558594e+00 -4.773679655045270920e-03 -3.494955832138657570e-03 9.200000000000000000e+01 4.200000000000000000e+01
4.819820821285247803e-01 6.541128158569335938e-01 3.488757312297821045e-01 3.571309745311737061e-01 -1.150706100463867188e+01 -2.935664176940917969e+00 -4.763230681419372559e-03 -3.465161193162202835e-03 9.000000000000000000e+01 4.000000000000000000e+01
4.819820821285247803e-01 6.526479721069335938e-01 3.464633822441101074e-01 3.540917634963989258e-01 -1.116313362121582031e+01 -2.591736793518066406e+00 -4.620865453034639359e-03 -3.059200709685683250e-03 8.900000000000000000e+01 3.900000000000000000e+01
4.819820821285247803e-01 6.526479721069335938e-01 3.464633822441101074e-01 3.540917634963989258e-01 -1.116313362121582031e+01 -2.591736793518066406e+00 -4.620865453034639359e-03 -3.059200709685683250e-03 8.900000000000000000e+01 3.900000000000000000e+01
4.819820821285247803e-01 6.483021974563598633e-01 3.363669514656066895e-01 3.450753092765808105e-01 -1.056417942047119141e+01 -1.992782592773437500e+00 -4.372934810817241669e-03 -2.352214884012937546e-03 8.700000000000000000e+01 3.700000000000000000e+01
4.819820821285247803e-01 6.483021974563598633e-01 3.363669514656066895e-01 3.450753092765808105e-01 -1.056417942047119141e+01 -1.992782592773437500e+00 -4.372934810817241669e-03 -2.352214884012937546e-03 8.700000000000000000e+01 3.700000000000000000e+01
4.819820821285247803e-01 6.483021974563598633e-01 3.363669514656066895e-01 3.450753092765808105e-01 -1.056417942047119141e+01 -1.992782592773437500e+00 -4.372934810817241669e-03 -2.352214884012937546e-03 8.700000000000000000e+01 3.700000000000000000e+01
4.819820821285247803e-01 6.350920796394348145e-01 3.116095364093780518e-01 3.176673948764801025e-01 -1.018606185913085938e+01 -1.614665031433105469e+00 -4.216416738927364349e-03 -1.905897399410605431e-03 8.100000000000000000e+01 3.100000000000000000e+01
4.819820821285247803e-01 6.268646717071533203e-01 2.912357449531555176e-01 3.005974590778350830e-01 -1.014317798614501953e+01 -1.571781396865844727e+00 -4.198665264993906021e-03 -1.855278969742357731e-03 8.200000000000000000e+01 3.200000000000000000e+01
4.819820821285247803e-01 6.146104931831359863e-01 2.697142660617828369e-01 2.751729190349578857e-01 -9.452468872070312500e+00 -8.810716271400451660e-01 -3.912753425538539886e-03 -1.039987895637750626e-03 7.700000000000000000e+01 2.700000000000000000e+01
4.819820821285247803e-01 6.021811962127685547e-01 2.453189194202423096e-01 2.493850290775299072e-01 -9.300225257873535156e+00 -7.288288474082946777e-01 -3.849733620882034302e-03 -8.602855377830564976e-04 7.600000000000000000e+01 2.600000000000000000e+01
4.819820821285247803e-01 5.935787558555603027e-01 2.291798740625381470e-01 2.315369695425033569e-01 -9.264962196350097656e+00 -6.935654282569885254e-01 -3.835136769339442253e-03 -8.186617633327841759e-04 7.400000000000000000e+01 2.400000000000000000e+01
4.819820821285247803e-01 5.856724381446838379e-01 2.134333252906799316e-01 2.151332199573516846e-01 -9.229231834411621094e+00 -6.578352451324462891e-01 -3.820346668362617493e-03 -7.764870533719658852e-04 7.300000000000000000e+01 2.300000000000000000e+01
4.819820821285247803e-01 5.663356781005859375e-01 1.741468757390975952e-01 1.750139594078063965e-01 -9.195593833923339844e+00 -6.241971850395202637e-01 -3.806422464549541473e-03 -7.367818034254014492e-04 7.400000000000000000e+01 2.400000000000000000e+01
4.819820821285247803e-01 5.632632970809936523e-01 1.676244735717773438e-01 1.686394959688186646e-01 -9.081353187561035156e+00 -5.099565386772155762e-01 -3.759133862331509590e-03 -6.019358988851308823e-04 7.200000000000000000e+01 2.200000000000000000e+01
4.819820821285247803e-01 5.632632970809936523e-01 1.676244735717773438e-01 1.686394959688186646e-01 -9.081353187561035156e+00 -5.099565386772155762e-01 -3.759133862331509590e-03 -6.019358988851308823e-04 7.200000000000000000e+01 2.200000000000000000e+01
4.819820821285247803e-01 5.411538481712341309e-01 1.234411522746086121e-01 1.227675601840019226e-01 -8.843866348266601562e+00 -2.724702358245849609e-01 -3.660828573629260063e-03 -3.216149052605032921e-04 6.400000000000000000e+01 1.400000000000000000e+01
4.819820821285247803e-01 5.162999033927917480e-01 7.082548737525939941e-02 7.120144367218017578e-02 -8.744701385498046875e+00 -1.733051538467407227e-01 -3.619780298322439194e-03 -2.045636938419193029e-04 6.100000000000000000e+01 1.100000000000000000e+01
4.819820821285247803e-01 5.044441819190979004e-01 4.644218459725379944e-02 4.660359770059585571e-02 -8.662628173828125000e+00 -9.123206138610839844e-02 -3.585806814953684807e-03 -1.076873231795616448e-04 5.600000000000000000e+01 6.000000000000000000e+00
4.819820821285247803e-01 5.005739331245422363e-01 3.858663141727447510e-02 3.857373818755149841e-02 -8.641971588134765625e+00 -7.057547569274902344e-02 -3.577256342396140099e-03 -8.330496348207816482e-05 5.500000000000000000e+01 5.000000000000000000e+00
4.819820821285247803e-01 4.935148656368255615e-01 2.263469621539115906e-02 2.392782643437385559e-02 -8.625257492065429688e+00 -5.386090278625488281e-02 -3.570337546989321709e-03 -6.357563688652589917e-05 5.400000000000000000e+01 4.000000000000000000e+00
4.819820821285247803e-01 4.837758839130401611e-01 2.775758504867553711e-03 3.721718909218907356e-03 -8.609357833862304688e+00 -3.796058893203735352e-02 -3.563756123185157776e-03 -4.480742791201919317e-05 5.300000000000000000e+01 3.000000000000000000e+00
4.819820821285247803e-01 4.837758839130401611e-01 2.775758504867553711e-03 3.721718909218907356e-03 -8.609357833862304688e+00 -3.796058893203735352e-02 -3.563756123185157776e-03 -4.480742791201919317e-05 5.300000000000000000e+01 3.000000000000000000e+00
4.819820821285247803e-01 4.675903916358947754e-01 -3.042004816234111786e-02 -2.985938824713230133e-02 -8.582456588745117188e+00 -1.105958223342895508e-02 -3.552620531991124153e-03 -1.305436671827919781e-05 5.200000000000000000e+01 2.000000000000000000e+00
4.819820821285247803e-01 4.675903916358947754e-01 -3.042004816234111786e-02 -2.985938824713230133e-02 -8.582456588745117188e+00 -1.105958223342895508e-02 -3.552620531991124153e-03 -1.305436671827919781e-05 5.200000000000000000e+01 2.000000000000000000e+00
4.819820821285247803e-01 4.660362005233764648e-01 -3.407782316207885742e-02 -3.308397158980369568e-02 -8.576442718505859375e+00 -5.046248435974121094e-03 -3.550131339579820633e-03 -5.956425411568488926e-06 5.100000000000000000e+01 1.000000000000000000e+00
4.819820821285247803e-01 4.556234776973724365e-01 -5.523180961608886719e-02 -5.468793585896492004e-02 -8.571396827697753906e+00 0.000000000000000000e+00 -3.548042615875601768e-03 0.000000000000000000e+00 5.000000000000000000e+01 0.000000000000000000e+00
4.819820821285247803e-01 4.556234776973724365e-01 -5.523180961608886719e-02 -5.468793585896492004e-02 -8.571396827697753906e+00 0.000000000000000000e+00 -3.548042615875601768e-03 0.000000000000000000e+00 5.000000000000000000e+01 0.000000000000000000e+00
4.819820821285247803e-01 4.556234776973724365e-01 -5.523180961608886719e-02 -5.468793585896492004e-02 -8.571396827697753906e+00 0.000000000000000000e+00 -3.548042615875601768e-03 0.000000000000000000e+00 5.000000000000000000e+01 0.000000000000000000e+00
4.819820821285247803e-01 4.556234776973724365e-01 -5.523180961608886719e-02 -5.468793585896492004e-02 -8.571396827697753906e+00 0.000000000000000000e+00 -3.548042615875601768e-03 0.000000000000000000e+00 5.000000000000000000e+01 0.000000000000000000e+00
4.819820821285247803e-01 4.556234776973724365e-01 -5.523180961608886719e-02 -5.468793585896492004e-02 -8.571396827697753906e+00 0.000000000000000000e+00 -3.548042615875601768e-03 0.000000000000000000e+00 5.000000000000000000e+01 0.000000000000000000e+00
4.819820821285247803e-01 4.556234776973724365e-01 -5.523180961608886719e-02 -5.468793585896492004e-02 -8.571396827697753906e+00 0.000000000000000000e+00 -3.548042615875601768e-03 0.000000000000000000e+00 5.000000000000000000e+01 0.000000000000000000e+00
4.819820821285247803e-01 4.556234776973724365e-01 -5.523180961608886719e-02 -5.468793585896492004e-02 -8.571396827697753906e+00 0.000000000000000000e+00 -3.548042615875601768e-03 0.000000000000000000e+00 5.000000000000000000e+01 0.000000000000000000e+00
4.819820821285247803e-01 4.556234776973724365e-01 -5.523180961608886719e-02 -5.468793585896492004e-02 -8.571396827697753906e+00 0.000000000000000000e+00 -3.548042615875601768e-03 0.000000000000000000e+00 5.000000000000000000e+01 0.000000000000000000e+00
4.819820821285247803e-01 4.556234776973724365e-01 -5.523180961608886719e-02 -5.468793585896492004e-02 -8.571396827697753906e+00 0.000000000000000000e+00 -3.548042615875601768e-03 0.000000000000000000e+00 5.000000000000000000e+01 0.000000000000000000e+00
4.819820821285247803e-01 4.556234776973724365e-01 -5.523180961608886719e-02 -5.468793585896492004e-02 -8.571396827697753906e+00 0.000000000000000000e+00 -3.548042615875601768e-03 0.000000000000000000e+00 5.000000000000000000e+01 0.000000000000000000e+00
4.819820821285247803e-01 4.556234776973724365e-01 -5.523180961608886719e-02 -5.468793585896492004e-02 -8.571396827697753906e+00 0.000000000000000000e+00 -3.548042615875601768e-03 0.000000000000000000e+00 5.000000000000000000e+01 0.000000000000000000e+00
4.819820821285247803e-01 4.556234776973724365e-01 -5.523180961608886719e-02 -5.468793585896492004e-02 -8.571396827697753906e+00 0.000000000000000000e+00 -3.548042615875601768e-03 0.000000000000000000e+00 5.000000000000000000e+01 0.000000000000000000e+00
4.819820821285247803e-01 4.556234776973724365e-01 -5.523180961608886719e-02 -5.468793585896492004e-02 -8.571396827697753906e+00 0.000000000000000000e+00 -3.548042615875601768e-03 0.000000000000000000e+00 5.000000000000000000e+01 0.000000000000000000e+00
4.819820821285247803e-01 4.556234776973724365e-01 -5.523180961608886719e-02 -5.468793585896492004e-02 -8.571396827697753906e+00 0.000000000000000000e+00 -3.548042615875601768e-03 0.000000000000000000e+00 5.000000000000000000e+01 0.000000000000000000e+00
4.819820821285247803e-01 4.556234776973724365e-01 -5.523180961608886719e-02 -5.468793585896492004e-02 -8.571396827697753906e+00 0.000000000000000000e+00 -3.548042615875601768e-03 0.000000000000000000e+00 5.000000000000000000e+01 0.000000000000000000e+00
4.819820821285247803e-01 4.556234776973724365e-01 -5.523180961608886719e-02 -5.468793585896492004e-02 -8.571396827697753906e+00 0.000000000000000000e+00 -3.548042615875601768e-03 0.000000000000000000e+00 5.000000000000000000e+01 0.000000000000000000e+00
4.819820821285247803e-01 4.556234776973724365e-01 -5.523180961608886719e-02 -5.468793585896492004e-02 -8.571396827697753906e+00 0.000000000000000000e+00 -3.548042615875601768e-03 0.000000000000000000e+00 5.000000000000000000e+01 0.000000000000000000e+00
4.819820821285247803e-01 4.556234776973724365e-01 -5.523180961608886719e-02 -5.468793585896492004e-02 -8.571396827697753906e+00 0.000000000000000000e+00 -3.548042615875601768e-03 0.000000000000000000e+00 5.000000000000000000e+01 0.000000000000000000e+00
4.819820821285247803e-01 4.556234776973724365e-01 -5.523180961608886719e-02 -5.468793585896492004e-02 -8.571396827697753906e+00 0.000000000000000000e+00 -3.548042615875601768e-03 0.000000000000000000e+00 5.000000000000000000e+01 0.000000000000000000e+00
4.819820821285247803e-01 4.556234776973724365e-01 -5.523180961608886719e-02 -5.468793585896492004e-02 -8.571396827697753906e+00 0.000000000000000000e+00 -3.548042615875601768e-03 0.000000000000000000e+00 5.000000000000000000e+01 0.000000000000000000e+00
4.819820821285247803e-01 4.556234776973724365e-01 -5.523180961608886719e-02 -5.468793585896492004e-02 -8.571396827697753906e+00 0.000000000000000000e+00 -3.548042615875601768e-03 0.000000000000000000e+00 5.000000000000000000e+01 0.000000000000000000e+00
4.819820821285247803e-01 4.556234776973724365e-01 -5.523180961608886719e-02 -5.468793585896492004e-02 -8.571396827697753906e+00 0.000000000000000000e+00 -3.548042615875601768e-03 0.000000000000000000e+00 5.000000000000000000e+01 0.000000000000000000e+00
4.819820821285247803e-01 4.556234776973724365e-01 -5.523180961608886719e-02 -5.468793585896492004e-02 -8.571396827697753906e+00 0.000000000000000000e+00 -3.548042615875601768e-03 0.000000000000000000e+00 5.000000000000000000e+01 0.000000000000000000e+00
4.819820821285247803e-01 4.556234776973724365e-01 -5.523180961608886719e-02 -5.468793585896492004e-02 -8.571396827697753906e+00 0.000000000000000000e+00 -3.548042615875601768e-03 0.000000000000000000e+00 5.000000000000000000e+01 0.000000000000000000e+00
4.819820821285247803e-01 4.556234776973724365e-01 -5.523180961608886719e-02 -5.468793585896492004e-02 -8.571396827697753906e+00 0.000000000000000000e+00 -3.548042615875601768e-03 0.000000000000000000e+00 5.000000000000000000e+01 0.000000000000000000e+00
4.819820821285247803e-01 4.556234776973724365e-01 -5.523180961608886719e-02 -5.468793585896492004e-02 -8.571396827697753906e+00 0.000000000000000000e+00 -3.548042615875601768e-03 0.000000000000000000e+00 5.000000000000000000e+01 0.000000000000000000e+00
4.819820821285247803e-01 4.556234776973724365e-01 -5.523180961608886719e-02 -5.468793585896492004e-02 -8.571396827697753906e+00 0.000000000000000000e+00 -3.548042615875601768e-03 0.000000000000000000e+00 5.000000000000000000e+01 0.000000000000000000e+00
4.819820821285247803e-01 4.556234776973724365e-01 -5.523180961608886719e-02 -5.468793585896492004e-02 -8.571396827697753906e+00 0.000000000000000000e+00 -3.548042615875601768e-03 0.000000000000000000e+00 5.000000000000000000e+01 0.000000000000000000e+00
4.819820821285247803e-01 4.556234776973724365e-01 -5.523180961608886719e-02 -5.468793585896492004e-02 -8.571396827697753906e+00 0.000000000000000000e+00 -3.548042615875601768e-03 0.000000000000000000e+00 5.000000000000000000e+01 0.000000000000000000e+00
4.819820821285247803e-01 4.556234776973724365e-01 -5.523180961608886719e-02 -5.468793585896492004e-02 -8.571396827697753906e+00 0.000000000000000000e+00 -3.548042615875601768e-03 0.000000000000000000e+00 5.000000000000000000e+01 0.000000000000000000e+00
4.819820821285247803e-01 4.556234776973724365e-01 -5.523180961608886719e-02 -5.468793585896492004e-02 -8.571396827697753906e+00 0.000000000000000000e+00 -3.548042615875601768e-03 0.000000000000000000e+00 5.000000000000000000e+01 0.000000000000000000e+00
4.819820821285247803e-01 4.556234776973724365e-01 -5.523180961608886719e-02 -5.468793585896492004e-02 -8.571396827697753906e+00 0.000000000000000000e+00 -3.548042615875601768e-03 0.000000000000000000e+00 5.000000000000000000e+01 0.000000000000000000e+00
4.819820821285247803e-01 4.556234776973724365e-01 -5.523180961608886719e-02 -5.468793585896492004e-02 -8.571396827697753906e+00 0.000000000000000000e+00 -3.548042615875601768e-03 0.000000000000000000e+00 5.000000000000000000e+01 0.000000000000000000e+00
4.819820821285247803e-01 4.556234776973724365e-01 -5.523180961608886719e-02 -5.468793585896492004e-02 -8.571396827697753906e+00 0.000000000000000000e+00 -3.548042615875601768e-03 0.000000000000000000e+00 5.000000000000000000e+01 0.000000000000000000e+00
4.819820821285247803e-01 4.556234776973724365e-01 -5.523180961608886719e-02 -5.468793585896492004e-02 -8.571396827697753906e+00 0.000000000000000000e+00 -3.548042615875601768e-03 0.000000000000000000e+00 5.000000000000000000e+01 0.000000000000000000e+00
4.819820821285247803e-01 4.556234776973724365e-01 -5.523180961608886719e-02 -5.468793585896492004e-02 -8.571396827697753906e+00 0.000000000000000000e+00 -3.548042615875601768e-03 0.000000000000000000e+00 5.000000000000000000e+01 0.000000000000000000e+00
4.819820821285247803e-01 4.556234776973724365e-01 -5.523180961608886719e-02 -5.468793585896492004e-02 -8.571396827697753906e+00 0.000000000000000000e+00 -3.548042615875601768e-03 0.000000000000000000e+00 5.000000000000000000e+01 0.000000000000000000e+00
4.819820821285247803e-01 4.556234776973724365e-01 -5.523180961608886719e-02 -5.468793585896492004e-02 -8.571396827697753906e+00 0.000000000000000000e+00 -3.548042615875601768e-03 0.000000000000000000e+00 5.000000000000000000e+01 0.000000000000000000e+00
4.819820821285247803e-01 4.556234776973724365e-01 -5.523180961608886719e-02 -5.468793585896492004e-02 -8.571396827697753906e+00 0.000000000000000000e+00 -3.548042615875601768e-03 0.000000000000000000e+00 5.000000000000000000e+01 0.000000000000000000e+00
4.819820821285247803e-01 4.556234776973724365e-01 -5.523180961608886719e-02 -5.468793585896492004e-02 -8.571396827697753906e+00 0.000000000000000000e+00 -3.548042615875601768e-03 0.000000000000000000e+00 5.000000000000000000e+01 0.000000000000000000e+00
4.819820821285247803e-01 4.556234776973724365e-01 -5.523180961608886719e-02 -5.468793585896492004e-02 -8.571396827697753906e+00 0.000000000000000000e+00 -3.548042615875601768e-03 0.000000000000000000e+00 5.000000000000000000e+01 0.000000000000000000e+00
4.819820821285247803e-01 4.556234776973724365e-01 -5.523180961608886719e-02 -5.468793585896492004e-02 -8.571396827697753906e+00 0.000000000000000000e+00 -3.548042615875601768e-03 0.000000000000000000e+00 5.000000000000000000e+01 0.000000000000000000e+00
4.819820821285247803e-01 4.556234776973724365e-01 -5.523180961608886719e-02 -5.468793585896492004e-02 -8.571396827697753906e+00 0.000000000000000000e+00 -3.548042615875601768e-03 0.000000000000000000e+00 5.000000000000000000e+01 0.000000000000000000e+00
