4.277431368827819824e-01 2.518762052059173584e-01 -4.119891226291656494e-01 -4.111507833003997803e-01 -7.057561492919921875e+01 -3.218914794921875000e+01 -2.921405807137489319e-02 -3.630594164133071899e-02 1.470000000000000000e+02 9.700000000000000000e+01
4.277431368827819824e-01 2.550896704196929932e-01 -4.039754271507263184e-01 -4.036381840705871582e-01 -6.595729064941406250e+01 -2.757082748413085938e+01 -2.730234898626804352e-02 -3.109696693718433380e-02 1.360000000000000000e+02 8.600000000000000000e+01
4.277431368827819824e-01 2.600766420364379883e-01 -3.933902382850646973e-01 -3.919793963432312012e-01 -6.019721221923828125e+01 -2.181074905395507812e+01 -2.491802349686622620e-02 -2.460020966827869415e-02 1.260000000000000000e+02 7.600000000000000000e+01
4.277431368827819824e-01 2.600768506526947021e-01 -3.933895826339721680e-01 -3.919788897037506104e-01 -5.995845031738281250e+01 -2.157198524475097656e+01 -2.481918968260288239e-02 -2.433090843260288239e-02 1.250000000000000000e+02 7.500000000000000000e+01
4.277431368827819824e-01 2.614384293556213379e-01 -3.905450999736785889e-01 -3.887957334518432617e-01 -5.810281372070312500e+01 -1.971634864807128906e+01 -2.405106835067272186e-02 -2.223794721066951752e-02 1.200000000000000000e+02 7.000000000000000000e+01
4.277431368827819824e-01 2.615397870540618896e-01 -3.903403282165527344e-01 -3.885587751865386963e-01 -5.768207931518554688e+01 -1.929561614990234375e+01 -2.387690916657447815e-02 -2.176340669393539429e-02 1.190000000000000000e+02 6.900000000000000000e+01
4.277431368827819824e-01 2.632116675376892090e-01 -3.865730166435241699e-01 -3.846501708030700684e-01 -5.662971496582031250e+01 -1.824324798583984375e+01 -2.344129420816898346e-02 -2.057644724845886230e-02 1.160000000000000000e+02 6.600000000000000000e+01
4.277431368827819824e-01 2.659353911876678467e-01 -3.799733221530914307e-01 -3.782825171947479248e-01 -5.566873168945312500e+01 -1.728226852416992188e+01 -2.304350584745407104e-02 -1.949256472289562225e-02 1.130000000000000000e+02 6.300000000000000000e+01
4.277431368827819824e-01 2.659895122051239014e-01 -3.798613250255584717e-01 -3.781559765338897705e-01 -5.524603652954101562e+01 -1.685956954956054688e+01 -2.286853455007076263e-02 -1.901580393314361572e-02 1.120000000000000000e+02 6.200000000000000000e+01
4.277431368827819824e-01 2.660883963108062744e-01 -3.796562254428863525e-01 -3.779247999191284180e-01 -5.470845031738281250e+01 -1.632198143005371094e+01 -2.264600619673728943e-02 -1.840946264564990997e-02 1.100000000000000000e+02 6.000000000000000000e+01
4.277431368827819824e-01 2.676906585693359375e-01 -3.759984076023101807e-01 -3.741789460182189941e-01 -5.411085510253906250e+01 -1.572438907623291016e+01 -2.239863760769367218e-02 -1.773544214665889740e-02 1.080000000000000000e+02 5.800000000000000000e+01
4.277431368827819824e-01 2.708814144134521484e-01 -3.683697283267974854e-01 -3.667194247245788574e-01 -5.172017288208007812e+01 -1.333370590209960938e+01 -2.140904031693935394e-02 -1.503900438547134399e-02 1.000000000000000000e+02 5.000000000000000000e+01
4.277431368827819824e-01 2.717861831188201904e-01 -3.654312193393707275e-01 -3.646042346954345703e-01 -4.946498489379882812e+01 -1.107851982116699219e+01 -2.047552727162837982e-02 -1.249539386481046677e-02 9.600000000000000000e+01 4.600000000000000000e+01
4.277431368827819824e-01 2.747241556644439697e-01 -3.578137457370758057e-01 -3.577356636524200439e-01 -4.868115997314453125e+01 -1.029469585418701172e+01 -2.015107125043869019e-02 -1.161132380366325378e-02 9.200000000000000000e+01 4.200000000000000000e+01
4.277431368827819824e-01 2.769708633422851562e-01 -3.527423441410064697e-01 -3.524832129478454590e-01 -4.799040222167968750e+01 -9.603936195373535156e+00 -1.986513845622539520e-02 -1.083222031593322754e-02 8.900000000000000000e+01 3.900000000000000000e+01
4.277431368827819824e-01 2.797863781452178955e-01 -3.466478288173675537e-01 -3.459009528160095215e-01 -4.725265884399414062e+01 -8.866194725036621094e+00 -1.955975778400897980e-02 -1.000012643635272980e-02 8.600000000000000000e+01 3.600000000000000000e+01
4.277431368827819824e-01 2.800271213054656982e-01 -3.460380733013153076e-01 -3.453381359577178955e-01 -4.689448547363281250e+01 -8.508021354675292969e+00 -1.941149495542049408e-02 -9.596144780516624451e-03 8.500000000000000000e+01 3.500000000000000000e+01
4.277431368827819824e-01 2.800599932670593262e-01 -3.459516167640686035e-01 -3.452612757682800293e-01 -4.625131988525390625e+01 -7.864855289459228516e+00 -1.914526335895061493e-02 -8.870721794664859772e-03 8.300000000000000000e+01 3.300000000000000000e+01
4.277431368827819824e-01 2.752088010311126709e-01 -3.578167557716369629e-01 -3.566026389598846436e-01 -4.519959259033203125e+01 -6.813127040863037109e+00 -1.870991103351116180e-02 -7.684484124183654785e-03 8.200000000000000000e+01 3.200000000000000000e+01
4.277431368827819824e-01 2.752088010311126709e-01 -3.578167557716369629e-01 -3.566026389598846436e-01 -4.519959259033203125e+01 -6.813127040863037109e+00 -1.870991103351116180e-02 -7.684484124183654785e-03 8.200000000000000000e+01 3.200000000000000000e+01
4.277431368827819824e-01 2.879789173603057861e-01 -3.294342756271362305e-01 -3.267480134963989258e-01 -4.248347473144531250e+01 -4.097009181976318359e+00 -1.758560165762901306e-02 -4.620991181582212448e-03 7.300000000000000000e+01 2.300000000000000000e+01
4.277431368827819824e-01 2.903783023357391357e-01 -3.233259618282318115e-01 -3.211386203765869141e-01 -4.188220977783203125e+01 -3.495748043060302734e+00 -1.733671501278877258e-02 -3.942832816392183304e-03 6.900000000000000000e+01 1.900000000000000000e+01
4.277431368827819824e-01 2.899930179119110107e-01 -3.243199884891510010e-01 -3.220393359661102295e-01 -4.169439315795898438e+01 -3.307929277420043945e+00 -1.725897006690502167e-02 -3.730993019416928291e-03 6.800000000000000000e+01 1.800000000000000000e+01
4.277431368827819824e-01 3.018704056739807129e-01 -2.956473529338836670e-01 -2.942717671394348145e-01 -4.089890670776367188e+01 -2.512444972991943359e+00 -1.692968606948852539e-02 -2.833771286532282829e-03 6.400000000000000000e+01 1.400000000000000000e+01
4.277431368827819824e-01 3.048558235168457031e-01 -2.886018157005310059e-01 -2.872923016548156738e-01 -4.037765121459960938e+01 -1.991186976432800293e+00 -1.671391725540161133e-02 -2.245847601443529129e-03 6.200000000000000000e+01 1.200000000000000000e+01
4.277431368827819824e-01 3.048558235168457031e-01 -2.886018157005310059e-01 -2.872923016548156738e-01 -4.037765121459960938e+01 -1.991186976432800293e+00 -1.671391725540161133e-02 -2.245847601443529129e-03 6.200000000000000000e+01 1.200000000000000000e+01
4.277431368827819824e-01 3.084456026554107666e-01 -2.802222371101379395e-01 -2.788999378681182861e-01 -4.000508880615234375e+01 -1.618623852729797363e+00 -1.655969955027103424e-02 -1.825635903514921665e-03 5.900000000000000000e+01 9.000000000000000000e+00
4.277431368827819824e-01 3.104453980922698975e-01 -2.752201259136199951e-01 -2.742246985435485840e-01 -3.992073440551757812e+01 -1.534268379211425781e+00 -1.652478240430355072e-02 -1.730491872876882553e-03 5.800000000000000000e+01 8.000000000000000000e+00
4.277431368827819824e-01 3.158858716487884521e-01 -2.622812688350677490e-01 -2.615056931972503662e-01 -3.967675781250000000e+01 -1.290294528007507324e+00 -1.642378978431224823e-02 -1.455315272323787212e-03 5.600000000000000000e+01 6.000000000000000000e+00
4.277431368827819824e-01 3.147705197334289551e-01 -2.644110321998596191e-01 -2.641132175922393799e-01 -3.875665283203125000e+01 -3.701895475387573242e-01 -1.604292169213294983e-02 -4.175344947725534439e-04 5.200000000000000000e+01 2.000000000000000000e+00
4.277431368827819824e-01 3.253013789653778076e-01 -2.380318790674209595e-01 -2.394936382770538330e-01 -3.857451629638671875e+01 -1.880548000335693359e-01 -1.596752926707267761e-02 -2.121058496413752437e-04 5.100000000000000000e+01 1.000000000000000000e+00
4.277431368827819824e-01 3.306609392166137695e-01 -2.255622595548629761e-01 -2.269637733697891235e-01 -3.838646697998046875e+01 0.000000000000000000e+00 -1.588968746364116669e-02 0.000000000000000000e+00 5.000000000000000000e+01 0.000000000000000000e+00
4.277431368827819824e-01 3.306609392166137695e-01 -2.255622595548629761e-01 -2.269637733697891235e-01 -3.838646697998046875e+01 0.000000000000000000e+00 -1.588968746364116669e-02 0.000000000000000000e+00 5.000000000000000000e+01 0.000000000000000000e+00
4.277431368827819824e-01 3.306609392166137695e-01 -2.255622595548629761e-01 -2.269637733697891235e-01 -3.838646697998046875e+01 0.000000000000000000e+00 -1.588968746364116669e-02 0.000000000000000000e+00 5.000000000000000000e+01 0.000000000000000000e+00
4.277431368827819824e-01 3.306609392166137695e-01 -2.255622595548629761e-01 -2.269637733697891235e-01 -3.838646697998046875e+01 0.000000000000000000e+00 -1.588968746364116669e-02 0.000000000000000000e+00 5.000000000000000000e+01 0.000000000000000000e+00
4.277431368827819824e-01 3.306609392166137695e-01 -2.255622595548629761e-01 -2.269637733697891235e-01 -3.838646697998046875e+01 0.000000000000000000e+00 -1.588968746364116669e-02 0.000000000000000000e+00 5.000000000000000000e+01 0.000000000000000000e+00
4.277431368827819824e-01 3.306609392166137695e-01 -2.255622595548629761e-01 -2.269637733697891235e-01 -3.838646697998046875e+01 0.000000000000000000e+00 -1.588968746364116669e-02 0.000000000000000000e+00 5.000000000000000000e+01 0.000000000000000000e+00
4.277431368827819824e-01 3.306609392166137695e-01 -2.255622595548629761e-01 -2.269637733697891235e-01 -3.838646697998046875e+01 0.000000000000000000e+00 -1.588968746364116669e-02 0.000000000000000000e+00 5.000000000000000000e+01 0.000000000000000000e+00
4.277431368827819824e-01 3.306609392166137695e-01 -2.255622595548629761e-01 -2.269637733697891235e-01 -3.838646697998046875e+01 0.000000000000000000e+00 -1.588968746364116669e-02 0.000000000000000000e+00 5.000000000000000000e+01 0.000000000000000000e+00
4.277431368827819824e-01 3.306609392166137695e-01 -2.255622595548629761e-01 -2.269637733697891235e-01 -3.838646697998046875e+01 0.000000000000000000e+00 -1.588968746364116669e-02 0.000000000000000000e+00 5.000000000000000000e+01 0.000000000000000000e+00
4.277431368827819824e-01 3.306609392166137695e-01 -2.255622595548629761e-01 -2.269637733697891235e-01 -3.838646697998046875e+01 0.000000000000000000e+00 -1.588968746364116669e-02 0.000000000000000000e+00 5.000000000000000000e+01 0.000000000000000000e+00
4.277431368827819824e-01 3.306609392166137695e-01 -2.255622595548629761e-01 -2.269637733697891235e-01 -3.838646697998046875e+01 0.000000000000000000e+00 -1.588968746364116669e-02 0.000000000000000000e+00 5.000000000000000000e+01 0.000000000000000000e+00
4.277431368827819824e-01 3.306609392166137695e-01 -2.255622595548629761e-01 -2.269637733697891235e-01 -3.838646697998046875e+01 0.000000000000000000e+00 -1.588968746364116669e-02 0.000000000000000000e+00 5.000000000000000000e+01 0.000000000000000000e+00
4.277431368827819824e-01 3.306609392166137695e-01 -2.255622595548629761e-01 -2.269637733697891235e-01 -3.838646697998046875e+01 0.000000000000000000e+00 -1.588968746364116669e-02 0.000000000000000000e+00 5.000000000000000000e+01 0.000000000000000000e+00
4.277431368827819824e-01 3.306609392166137695e-01 -2.255622595548629761e-01 -2.269637733697891235e-01 -3.838646697998046875e+01 0.000000000000000000e+00 -1.588968746364116669e-02 0.000000000000000000e+00 5.000000000000000000e+01 0.000000000000000000e+00
4.277431368827819824e-01 3.306609392166137695e-01 -2.255622595548629761e-01 -2.269637733697891235e-01 -3.838646697998046875e+01 0.000000000000000000e+00 -1.588968746364116669e-02 0.000000000000000000e+00 5.000000000000000000e+01 0.000000000000000000e+00
4.277431368827819824e-01 3.306609392166137695e-01 -2.255622595548629761e-01 -2.269637733697891235e-01 -3.838646697998046875e+01 0.000000000000000000e+00 -1.588968746364116669e-02 0.000000000000000000e+00 5.000000000000000000e+01 0.000000000000000000e+00
4.277431368827819824e-01 3.306609392166137695e-01 -2.255622595548629761e-01 -2.269637733697891235e-01 -3.838646697998046875e+01 0.000000000000000000e+00 -1.588968746364116669e-02 0.000000000000000000e+00 5.000000000000000000e+01 0.000000000000000000e+00
4.277431368827819824e-01 3.306609392166137695e-01 -2.255622595548629761e-01 -2.269637733697891235e-01 -3.838646697998046875e+01 0.000000000000000000e+00 -1.588968746364116669e-02 0.000000000000000000e+00 5.000000000000000000e+01 0.000000000000000000e+00
4.277431368827819824e-01 3.306609392166137695e-01 -2.255622595548629761e-01 -2.269637733697891235e-01 -3.838646697998046875e+01 0.000000000000000000e+00 -1.588968746364116669e-02 0.000000000000000000e+00 5.000000000000000000e+01 0.000000000000000000e+00
4.277431368827819824e-01 3.306609392166137695e-01 -2.255622595548629761e-01 -2.269637733697891235e-01 -3.838646697998046875e+01 0.000000000000000000e+00 -1.588968746364116669e-02 0.000000000000000000e+00 5.000000000000000000e+01 0.000000000000000000e+00
4.277431368827819824e-01 3.306609392166137695e-01 -2.255622595548629761e-01 -2.269637733697891235e-01 -3.838646697998046875e+01 0.000000000000000000e+00 -1.588968746364116669e-02 0.000000000000000000e+00 5.000000000000000000e+01 0.000000000000000000e+00
4.277431368827819824e-01 3.306609392166137695e-01 -2.255622595548629761e-01 -2.269637733697891235e-01 -3.838646697998046875e+01 0.000000000000000000e+00 -1.588968746364116669e-02 0.000000000000000000e+00 5.000000000000000000e+01 0.000000000000000000e+00
4.277431368827819824e-01 3.306609392166137695e-01 -2.255622595548629761e-01 -2.269637733697891235e-01 -3.838646697998046875e+01 0.000000000000000000e+00 -1.588968746364116669e-02 0.000000000000000000e+00 5.000000000000000000e+01 0.000000000000000000e+00
4.277431368827819824e-01 3.306609392166137695e-01 -2.255622595548629761e-01 -2.269637733697891235e-01 -3.838646697998046875e+01 0.000000000000000000e+00 -1.588968746364116669e-02 0.000000000000000000e+00 5.000000000000000000e+01 0.000000000000000000e+00
4.277431368827819824e-01 3.306609392166137695e-01 -2.255622595548629761e-01 -2.269637733697891235e-01 -3.838646697998046875e+01 0.000000000000000000e+00 -1.588968746364116669e-02 0.000000000000000000e+00 5.000000000000000000e+01 0.000000000000000000e+00
4.277431368827819824e-01 3.306609392166137695e-01 -2.255622595548629761e-01 -2.269637733697891235e-01 -3.838646697998046875e+01 0.000000000000000000e+00 -1.588968746364116669e-02 0.000000000000000000e+00 5.000000000000000000e+01 0.000000000000000000e+00
4.277431368827819824e-01 3.306609392166137695e-01 -2.255622595548629761e-01 -2.269637733697891235e-01 -3.838646697998046875e+01 0.000000000000000000e+00 -1.588968746364116669e-02 0.000000000000000000e+00 5.000000000000000000e+01 0.000000000000000000e+00
4.277431368827819824e-01 3.306609392166137695e-01 -2.255622595548629761e-01 -2.269637733697891235e-01 -3.838646697998046875e+01 0.000000000000000000e+00 -1.588968746364116669e-02 0.000000000000000000e+00 5.000000000000000000e+01 0.000000000000000000e+00
4.277431368827819824e-01 3.306609392166137695e-01 -2.255622595548629761e-01 -2.269637733697891235e-01 -3.838646697998046875e+01 0.000000000000000000e+00 -1.588968746364116669e-02 0.000000000000000000e+00 5.000000000000000000e+01 0.000000000000000000e+00
4.277431368827819824e-01 3.306609392166137695e-01 -2.255622595548629761e-01 -2.269637733697891235e-01 -3.838646697998046875e+01 0.000000000000000000e+00 -1.588968746364116669e-02 0.000000000000000000e+00 5.000000000000000000e+01 0.000000000000000000e+00
4.277431368827819824e-01 3.306609392166137695e-01 -2.255622595548629761e-01 -2.269637733697891235e-01 -3.838646697998046875e+01 0.000000000000000000e+00 -1.588968746364116669e-02 0.000000000000000000e+00 5.000000000000000000e+01 0.000000000000000000e+00
4.277431368827819824e-01 3.306609392166137695e-01 -2.255622595548629761e-01 -2.269637733697891235e-01 -3.838646697998046875e+01 0.000000000000000000e+00 -1.588968746364116669e-02 0.000000000000000000e+00 5.000000000000000000e+01 0.000000000000000000e+00
4.277431368827819824e-01 3.306609392166137695e-01 -2.255622595548629761e-01 -2.269637733697891235e-01 -3.838646697998046875e+01 0.000000000000000000e+00 -1.588968746364116669e-02 0.000000000000000000e+00 5.000000000000000000e+01 0.000000000000000000e+00
4.277431368827819824e-01 3.306609392166137695e-01 -2.255622595548629761e-01 -2.269637733697891235e-01 -3.838646697998046875e+01 0.000000000000000000e+00 -1.588968746364116669e-02 0.000000000000000000e+00 5.000000000000000000e+01 0.000000000000000000e+00
4.277431368827819824e-01 3.306609392166137695e-01 -2.255622595548629761e-01 -2.269637733697891235e-01 -3.838646697998046875e+01 0.000000000000000000e+00 -1.588968746364116669e-02 0.000000000000000000e+00 5.000000000000000000e+01 0.000000000000000000e+00
4.277431368827819824e-01 3.306609392166137695e-01 -2.255622595548629761e-01 -2.269637733697891235e-01 -3.838646697998046875e+01 0.000000000000000000e+00 -1.588968746364116669e-02 0.000000000000000000e+00 5.000000000000000000e+01 0.000000000000000000e+00
4.277431368827819824e-01 3.306609392166137695e-01 -2.255622595548629761e-01 -2.269637733697891235e-01 -3.838646697998046875e+01 0.000000000000000000e+00 -1.588968746364116669e-02 0.000000000000000000e+00 5.000000000000000000e+01 0.000000000000000000e+00
4.277431368827819824e-01 3.306609392166137695e-01 -2.255622595548629761e-01 -2.269637733697891235e-01 -3.838646697998046875e+01 0.000000000000000000e+00 -1.588968746364116669e-02 0.000000000000000000e+00 5.000000000000000000e+01 0.000000000000000000e+00
4.277431368827819824e-01 3.306609392166137695e-01 -2.255622595548629761e-01 -2.269637733697891235e-01 -3.838646697998046875e+01 0.000000000000000000e+00 -1.588968746364116669e-02 0.000000000000000000e+00 5.000000000000000000e+01 0.000000000000000000e+00
4.277431368827819824e-01 3.306609392166137695e-01 -2.255622595548629761e-01 -2.269637733697891235e-01 -3.838646697998046875e+01 0.000000000000000000e+00 -1.588968746364116669e-02 0.000000000000000000e+00 5.000000000000000000e+01 0.000000000000000000e+00
4.277431368827819824e-01 3.306609392166137695e-01 -2.255622595548629761e-01 -2.269637733697891235e-01 -3.838646697998046875e+01 0.000000000000000000e+00 -1.588968746364116669e-02 0.000000000000000000e+00 5.000000000000000000e+01 0.000000000000000000e+00
4.277431368827819824e-01 3.306609392166137695e-01 -2.255622595548629761e-01 -2.269637733697891235e-01 -3.838646697998046875e+01 0.000000000000000000e+00 -1.588968746364116669e-02 0.000000000000000000e+00 5.000000000000000000e+01 0.000000000000000000e+00
4.277431368827819824e-01 3.306609392166137695e-01 -2.255622595548629761e-01 -2.269637733697891235e-01 -3.838646697998046875e+01 0.000000000000000000e+00 -1.588968746364116669e-02 0.000000000000000000e+00 5.000000000000000000e+01 0.000000000000000000e+00
4.277431368827819824e-01 3.306609392166137695e-01 -2.255622595548629761e-01 -2.269637733697891235e-01 -3.838646697998046875e+01 0.000000000000000000e+00 -1.588968746364116669e-02 0.000000000000000000e+00 5.000000000000000000e+01 0.000000000000000000e+00
4.277431368827819824e-01 3.306609392166137695e-01 -2.255622595548629761e-01 -2.269637733697891235e-01 -3.838646697998046875e+01 0.000000000000000000e+00 -1.588968746364116669e-02 0.000000000000000000e+00 5.000000000000000000e+01 0.000000000000000000e+00
4.277431368827819824e-01 3.306609392166137695e-01 -2.255622595548629761e-01 -2.269637733697891235e-01 -3.838646697998046875e+01 0.000000000000000000e+00 -1.588968746364116669e-02 0.000000000000000000e+00 5.000000000000000000e+01 0.000000000000000000e+00
4.277431368827819824e-01 3.306609392166137695e-01 -2.255622595548629761e-01 -2.269637733697891235e-01 -3.838646697998046875e+01 0.000000000000000000e+00 -1.588968746364116669e-02 0.000000000000000000e+00 5.000000000000000000e+01 0.000000000000000000e+00
4.277431368827819824e-01 3.306609392166137695e-01 -2.255622595548629761e-01 -2.269637733697891235e-01 -3.838646697998046875e+01 0.000000000000000000e+00 -1.588968746364116669e-02 0.000000000000000000e+00 5.000000000000000000e+01 0.000000000000000000e+00
4.277431368827819824e-01 3.306609392166137695e-01 -2.255622595548629761e-01 -2.269637733697891235e-01 -3.838646697998046875e+01 0.000000000000000000e+00 -1.588968746364116669e-02 0.000000000000000000e+00 5.000000000000000000e+01 0.000000000000000000e+00
4.277431368827819824e-01 3.306609392166137695e-01 -2.255622595548629761e-01 -2.269637733697891235e-01 -3.838646697998046875e+01 0.000000000000000000e+00 -1.588968746364116669e-02 0.000000000000000000e+00 5.000000000000000000e+01 0.000000000000000000e+00
4.277431368827819824e-01 3.306609392166137695e-01 -2.255622595548629761e-01 -2.269637733697891235e-01 -3.838646697998046875e+01 0.000000000000000000e+00 -1.588968746364116669e-02 0.000000000000000000e+00 5.000000000000000000e+01 0.000000000000000000e+00
4.277431368827819824e-01 3.306609392166137695e-01 -2.255622595548629761e-01 -2.269637733697891235e-01 -3.838646697998046875e+01 0.000000000000000000e+00 -1.588968746364116669e-02 0.000000000000000000e+00 5.000000000000000000e+01 0.000000000000000000e+00
4.277431368827819824e-01 3.306609392166137695e-01 -2.255622595548629761e-01 -2.269637733697891235e-01 -3.838646697998046875e+01 0.000000000000000000e+00 -1.588968746364116669e-02 0.000000000000000000e+00 5.000000000000000000e+01 0.000000000000000000e+00
4.277431368827819824e-01 3.306609392166137695e-01 -2.255622595548629761e-01 -2.269637733697891235e-01 -3.838646697998046875e+01 0.000000000000000000e+00 -1.588968746364116669e-02 0.000000000000000000e+00 5.000000000000000000e+01 0.000000000000000000e+00
4.277431368827819824e-01 3.306609392166137695e-01 -2.255622595548629761e-01 -2.269637733697891235e-01 -3.838646697998046875e+01 0.000000000000000000e+00 -1.588968746364116669e-02 0.000000000000000000e+00 5.000000000000000000e+01 0.000000000000000000e+00
4.277431368827819824e-01 3.306609392166137695e-01 -2.255622595548629761e-01 -2.269637733697891235e-01 -3.838646697998046875e+01 0.000000000000000000e+00 -1.588968746364116669e-02 0.000000000000000000e+00 5.000000000000000000e+01 0.000000000000000000e+00
4.277431368827819824e-01 3.306609392166137695e-01 -2.255622595548629761e-01 -2.269637733697891235e-01 -3.838646697998046875e+01 0.000000000000000000e+00 -1.588968746364116669e-02 0.000000000000000000e+00 5.000000000000000000e+01 0.000000000000000000e+00
4.277431368827819824e-01 3.306609392166137695e-01 -2.255622595548629761e-01 -2.269637733697891235e-01 -3.838646697998046875e+01 0.000000000000000000e+00 -1.588968746364116669e-02 0.000000000000000000e+00 5.000000000000000000e+01 0.000000000000000000e+00
4.277431368827819824e-01 3.306609392166137695e-01 -2.255622595548629761e-01 -2.269637733697891235e-01 -3.838646697998046875e+01 0.000000000000000000e+00 -1.588968746364116669e-02 0.000000000000000000e+00 5.000000000000000000e+01 0.000000000000000000e+00
4.277431368827819824e-01 3.306609392166137695e-01 -2.255622595548629761e-01 -2.269637733697891235e-01 -3.838646697998046875e+01 0.000000000000000000e+00 -1.588968746364116669e-02 0.000000000000000000e+00 5.000000000000000000e+01 0.000000000000000000e+00
