4.246623516082763672e-01 2.513400614261627197e-01 -4.223883748054504395e-01 -4.081414043903350830e-01 -6.364876556396484375e+01 -4.153269195556640625e+01 -2.634675987064838409e-02 -3.641432896256446838e-02 1.820000000000000000e+02 1.320000000000000000e+02
4.246623516082763672e-01 2.555671334266662598e-01 -4.112882018089294434e-01 -3.981874585151672363e-01 -5.563840866088867188e+01 -3.352232742309570312e+01 -2.303095348179340363e-02 -2.939113602042198181e-02 1.680000000000000000e+02 1.180000000000000000e+02
4.246623516082763672e-01 2.572437524795532227e-01 -4.069715738296508789e-01 -3.942393362522125244e-01 -5.192819976806640625e+01 -2.981212043762207031e+01 -2.149515040218830109e-02 -2.613816410303115845e-02 1.600000000000000000e+02 1.100000000000000000e+02
4.246623516082763672e-01 2.585086822509765625e-01 -4.037087857723236084e-01 -3.912606537342071533e-01 -4.989562988281250000e+01 -2.777954864501953125e+01 -2.065378800034523010e-02 -2.435608021914958954e-02 1.550000000000000000e+02 1.050000000000000000e+02
4.246623516082763672e-01 2.647601366043090820e-01 -3.884066045284271240e-01 -3.765396475791931152e-01 -4.847552871704101562e+01 -2.635945129394531250e+01 -2.006595209240913391e-02 -2.311099134385585785e-02 1.520000000000000000e+02 1.020000000000000000e+02
4.246623516082763672e-01 2.662676274776458740e-01 -3.844795823097229004e-01 -3.729898035526275635e-01 -4.744253921508789062e+01 -2.532645988464355469e+01 -1.963835582137107849e-02 -2.220530249178409576e-02 1.490000000000000000e+02 9.900000000000000000e+01
4.246623516082763672e-01 2.672454416751861572e-01 -3.820291459560394287e-01 -3.706872165203094482e-01 -4.662702941894531250e+01 -2.451095199584960938e+01 -1.930078491568565369e-02 -2.149029634892940521e-02 1.450000000000000000e+02 9.500000000000000000e+01
4.246623516082763672e-01 2.687937915325164795e-01 -3.779369592666625977e-01 -3.670411407947540283e-01 -4.633133697509765625e+01 -2.421525955200195312e+01 -1.917838491499423981e-02 -2.123104408383369446e-02 1.430000000000000000e+02 9.300000000000000000e+01
4.246623516082763672e-01 2.690072655677795410e-01 -3.774674236774444580e-01 -3.665384650230407715e-01 -4.611780548095703125e+01 -2.400173187255859375e+01 -1.908999681472778320e-02 -2.104382961988449097e-02 1.420000000000000000e+02 9.200000000000000000e+01
4.246623516082763672e-01 2.693481445312500000e-01 -3.765535652637481689e-01 -3.657357692718505859e-01 -4.589978790283203125e+01 -2.378371047973632812e+01 -1.899974979460239410e-02 -2.085267752408981323e-02 1.410000000000000000e+02 9.100000000000000000e+01
4.246623516082763672e-01 2.715177237987518311e-01 -3.708120286464691162e-01 -3.606268167495727539e-01 -4.531803894042968750e+01 -2.320196151733398438e+01 -1.875894144177436829e-02 -2.034262195229530334e-02 1.390000000000000000e+02 8.900000000000000000e+01
4.246623516082763672e-01 2.779425978660583496e-01 -3.536678850650787354e-01 -3.454974293708801270e-01 -4.268472290039062500e+01 -2.056864929199218750e+01 -1.766890659928321838e-02 -1.803383044898509979e-02 1.310000000000000000e+02 8.100000000000000000e+01
4.246623516082763672e-01 2.818363308906555176e-01 -3.433373868465423584e-01 -3.363284170627593994e-01 -4.037768554687500000e+01 -1.826160621643066406e+01 -1.671393215656280518e-02 -1.601110026240348816e-02 1.240000000000000000e+02 7.400000000000000000e+01
4.246623516082763672e-01 2.923907339572906494e-01 -3.192095160484313965e-01 -3.114748001098632812e-01 -3.758672714233398438e+01 -1.547065162658691406e+01 -1.555864326655864716e-02 -1.356409490108489990e-02 1.130000000000000000e+02 6.300000000000000000e+01
4.246623516082763672e-01 2.926908731460571289e-01 -3.189031183719635010e-01 -3.107680082321166992e-01 -3.612981033325195312e+01 -1.401373291015625000e+01 -1.495556719601154327e-02 -1.228672266006469727e-02 1.100000000000000000e+02 6.000000000000000000e+01
4.246623516082763672e-01 2.939942181110382080e-01 -3.157723844051361084e-01 -3.076988756656646729e-01 -3.537878417968750000e+01 -1.326270866394042969e+01 -1.464468799531459808e-02 -1.162825245410203934e-02 1.070000000000000000e+02 5.700000000000000000e+01
4.246623516082763672e-01 2.950336337089538574e-01 -3.129639029502868652e-01 -3.052512705326080322e-01 -3.439179229736328125e+01 -1.227571487426757812e+01 -1.423613261431455612e-02 -1.076289266347885132e-02 1.020000000000000000e+02 5.200000000000000000e+01
4.246623516082763672e-01 2.961931824684143066e-01 -3.098628818988800049e-01 -3.025207519531250000e-01 -3.400094223022460938e+01 -1.188486480712890625e+01 -1.407434418797492981e-02 -1.042020972818136215e-02 1.000000000000000000e+02 5.000000000000000000e+01
4.246623516082763672e-01 2.956006824970245361e-01 -3.113292455673217773e-01 -3.039159774780273438e-01 -3.315663909912109375e+01 -1.104056358337402344e+01 -1.372485328465700150e-02 -9.679957292973995209e-03 9.600000000000000000e+01 4.600000000000000000e+01
4.246623516082763672e-01 2.956236898899078369e-01 -3.112773895263671875e-01 -3.038617968559265137e-01 -3.238582611083984375e+01 -1.026975059509277344e+01 -1.340578310191631317e-02 -9.004137478768825531e-03 9.400000000000000000e+01 4.400000000000000000e+01
4.246623516082763672e-01 3.082938790321350098e-01 -2.800786793231964111e-01 -2.740258872509002686e-01 -3.110225868225097656e+01 -8.986180305480957031e+00 -1.287446357309818268e-02 -7.878750562667846680e-03 8.800000000000000000e+01 3.800000000000000000e+01
4.246623516082763672e-01 3.143492043018341064e-01 -2.649134099483489990e-01 -2.597667276859283447e-01 -2.815634155273437500e+01 -6.040263652801513672e+00 -1.165503077208995819e-02 -5.295879673212766647e-03 7.700000000000000000e+01 2.700000000000000000e+01
4.246623516082763672e-01 3.153621852397918701e-01 -2.625477015972137451e-01 -2.573813498020172119e-01 -2.665431976318359375e+01 -4.538241386413574219e+00 -1.103328447788953781e-02 -3.978962078690528870e-03 7.200000000000000000e+01 2.200000000000000000e+01
4.246623516082763672e-01 3.236922323703765869e-01 -2.435179054737091064e-01 -2.377656549215316772e-01 -2.553343772888183594e+01 -3.417360067367553711e+00 -1.056930702179670334e-02 -2.996214898303151131e-03 6.700000000000000000e+01 1.700000000000000000e+01
4.246623516082763672e-01 3.247831761837005615e-01 -2.411001473665237427e-01 -2.351966798305511475e-01 -2.488462829589843750e+01 -2.768551588058471680e+00 -1.030073873698711395e-02 -2.427363535389304161e-03 6.400000000000000000e+01 1.400000000000000000e+01
4.246623516082763672e-01 3.307358622550964355e-01 -2.260705828666687012e-01 -2.211792171001434326e-01 -2.419899749755859375e+01 -2.082920551300048828e+00 -1.001692842692136765e-02 -1.826227642595767975e-03 6.100000000000000000e+01 1.100000000000000000e+01
4.246623516082763672e-01 3.347537815570831299e-01 -2.176549881696701050e-01 -2.117177844047546387e-01 -2.402695083618164062e+01 -1.910872578620910645e+00 -9.945712052285671234e-03 -1.675382372923195362e-03 6.000000000000000000e+01 1.000000000000000000e+01
4.246623516082763672e-01 3.347537815570831299e-01 -2.176549881696701050e-01 -2.117177844047546387e-01 -2.402695083618164062e+01 -1.910872578620910645e+00 -9.945712052285671234e-03 -1.675382372923195362e-03 6.000000000000000000e+01 1.000000000000000000e+01
4.246623516082763672e-01 3.396178781986236572e-01 -2.065865248441696167e-01 -2.002637535333633423e-01 -2.361699295043945312e+01 -1.500913619995117188e+00 -9.776013903319835663e-03 -1.315945526584982872e-03 5.800000000000000000e+01 8.000000000000000000e+00
4.246623516082763672e-01 3.450553119182586670e-01 -1.947377175092697144e-01 -1.874596178531646729e-01 -2.282882118225097656e+01 -7.127439975738525391e-01 -9.449758566915988922e-03 -6.249075522646307945e-04 5.400000000000000000e+01 4.000000000000000000e+00
4.246623516082763672e-01 3.343694210052490234e-01 -2.182984501123428345e-01 -2.126228809356689453e-01 -2.239881896972656250e+01 -2.827425003051757812e-01 -9.271763265132904053e-03 -2.478981623426079750e-04 5.200000000000000000e+01 2.000000000000000000e+00
4.246623516082763672e-01 3.334181904792785645e-01 -2.206999510526657104e-01 -2.148628383874893188e-01 -2.230291366577148438e+01 -1.868362426757812500e-01 -9.232064709067344666e-03 -1.638110989006236196e-04 5.100000000000000000e+01 1.000000000000000000e+00
4.246623516082763672e-01 3.379736244678497314e-01 -2.099486887454986572e-01 -2.041356563568115234e-01 -2.211607742309570312e+01 0.000000000000000000e+00 -9.154724888503551483e-03 0.000000000000000000e+00 5.000000000000000000e+01 0.000000000000000000e+00
4.246623516082763672e-01 3.379736244678497314e-01 -2.099486887454986572e-01 -2.041356563568115234e-01 -2.211607742309570312e+01 0.000000000000000000e+00 -9.154724888503551483e-03 0.000000000000000000e+00 5.000000000000000000e+01 0.000000000000000000e+00
4.246623516082763672e-01 3.379736244678497314e-01 -2.099486887454986572e-01 -2.041356563568115234e-01 -2.211607742309570312e+01 0.000000000000000000e+00 -9.154724888503551483e-03 0.000000000000000000e+00 5.000000000000000000e+01 0.000000000000000000e+00
4.246623516082763672e-01 3.379736244678497314e-01 -2.099486887454986572e-01 -2.041356563568115234e-01 -2.211607742309570312e+01 0.000000000000000000e+00 -9.154724888503551483e-03 0.000000000000000000e+00 5.000000000000000000e+01 0.000000000000000000e+00
4.246623516082763672e-01 3.379736244678497314e-01 -2.099486887454986572e-01 -2.041356563568115234e-01 -2.211607742309570312e+01 0.000000000000000000e+00 -9.154724888503551483e-03 0.000000000000000000e+00 5.000000000000000000e+01 0.000000000000000000e+00
4.246623516082763672e-01 3.379736244678497314e-01 -2.099486887454986572e-01 -2.041356563568115234e-01 -2.211607742309570312e+01 0.000000000000000000e+00 -9.154724888503551483e-03 0.000000000000000000e+00 5.000000000000000000e+01 0.000000000000000000e+00
4.246623516082763672e-01 3.379736244678497314e-01 -2.099486887454986572e-01 -2.041356563568115234e-01 -2.211607742309570312e+01 0.000000000000000000e+00 -9.154724888503551483e-03 0.000000000000000000e+00 5.000000000000000000e+01 0.000000000000000000e+00
4.246623516082763672e-01 3.379736244678497314e-01 -2.099486887454986572e-01 -2.041356563568115234e-01 -2.211607742309570312e+01 0.000000000000000000e+00 -9.154724888503551483e-03 0.000000000000000000e+00 5.000000000000000000e+01 0.000000000000000000e+00
4.246623516082763672e-01 3.379736244678497314e-01 -2.099486887454986572e-01 -2.041356563568115234e-01 -2.211607742309570312e+01 0.000000000000000000e+00 -9.154724888503551483e-03 0.000000000000000000e+00 5.000000000000000000e+01 0.000000000000000000e+00
4.246623516082763672e-01 3.379736244678497314e-01 -2.099486887454986572e-01 -2.041356563568115234e-01 -2.211607742309570312e+01 0.000000000000000000e+00 -9.154724888503551483e-03 0.000000000000000000e+00 5.000000000000000000e+01 0.000000000000000000e+00
4.246623516082763672e-01 3.379736244678497314e-01 -2.099486887454986572e-01 -2.041356563568115234e-01 -2.211607742309570312e+01 0.000000000000000000e+00 -9.154724888503551483e-03 0.000000000000000000e+00 5.000000000000000000e+01 0.000000000000000000e+00
4.246623516082763672e-01 3.379736244678497314e-01 -2.099486887454986572e-01 -2.041356563568115234e-01 -2.211607742309570312e+01 0.000000000000000000e+00 -9.154724888503551483e-03 0.000000000000000000e+00 5.000000000000000000e+01 0.000000000000000000e+00
4.246623516082763672e-01 3.379736244678497314e-01 -2.099486887454986572e-01 -2.041356563568115234e-01 -2.211607742309570312e+01 0.000000000000000000e+00 -9.154724888503551483e-03 0.000000000000000000e+00 5.000000000000000000e+01 0.000000000000000000e+00
4.246623516082763672e-01 3.379736244678497314e-01 -2.099486887454986572e-01 -2.041356563568115234e-01 -2.211607742309570312e+01 0.000000000000000000e+00 -9.154724888503551483e-03 0.000000000000000000e+00 5.000000000000000000e+01 0.000000000000000000e+00
4.246623516082763672e-01 3.379736244678497314e-01 -2.099486887454986572e-01 -2.041356563568115234e-01 -2.211607742309570312e+01 0.000000000000000000e+00 -9.154724888503551483e-03 0.000000000000000000e+00 5.000000000000000000e+01 0.000000000000000000e+00
4.246623516082763672e-01 3.379736244678497314e-01 -2.099486887454986572e-01 -2.041356563568115234e-01 -2.211607742309570312e+01 0.000000000000000000e+00 -9.154724888503551483e-03 0.000000000000000000e+00 5.000000000000000000e+01 0.000000000000000000e+00
4.246623516082763672e-01 3.379736244678497314e-01 -2.099486887454986572e-01 -2.041356563568115234e-01 -2.211607742309570312e+01 0.000000000000000000e+00 -9.154724888503551483e-03 0.000000000000000000e+00 5.000000000000000000e+01 0.000000000000000000e+00
4.246623516082763672e-01 3.379736244678497314e-01 -2.099486887454986572e-01 -2.041356563568115234e-01 -2.211607742309570312e+01 0.000000000000000000e+00 -9.154724888503551483e-03 0.000000000000000000e+00 5.000000000000000000e+01 0.000000000000000000e+00
4.246623516082763672e-01 3.379736244678497314e-01 -2.099486887454986572e-01 -2.041356563568115234e-01 -2.211607742309570312e+01 0.000000000000000000e+00 -9.154724888503551483e-03 0.000000000000000000e+00 5.000000000000000000e+01 0.000000000000000000e+00
4.246623516082763672e-01 3.379736244678497314e-01 -2.099486887454986572e-01 -2.041356563568115234e-01 -2.211607742309570312e+01 0.000000000000000000e+00 -9.154724888503551483e-03 0.000000000000000000e+00 5.000000000000000000e+01 0.000000000000000000e+00
4.246623516082763672e-01 3.379736244678497314e-01 -2.099486887454986572e-01 -2.041356563568115234e-01 -2.211607742309570312e+01 0.000000000000000000e+00 -9.154724888503551483e-03 0.000000000000000000e+00 5.000000000000000000e+01 0.000000000000000000e+00
4.246623516082763672e-01 3.379736244678497314e-01 -2.099486887454986572e-01 -2.041356563568115234e-01 -2.211607742309570312e+01 0.000000000000000000e+00 -9.154724888503551483e-03 0.000000000000000000e+00 5.000000000000000000e+01 0.000000000000000000e+00
4.246623516082763672e-01 3.379736244678497314e-01 -2.099486887454986572e-01 -2.041356563568115234e-01 -2.211607742309570312e+01 0.000000000000000000e+00 -9.154724888503551483e-03 0.000000000000000000e+00 5.000000000000000000e+01 0.000000000000000000e+00
4.246623516082763672e-01 3.379736244678497314e-01 -2.099486887454986572e-01 -2.041356563568115234e-01 -2.211607742309570312e+01 0.000000000000000000e+00 -9.154724888503551483e-03 0.000000000000000000e+00 5.000000000000000000e+01 0.000000000000000000e+00
4.246623516082763672e-01 3.379736244678497314e-01 -2.099486887454986572e-01 -2.041356563568115234e-01 -2.211607742309570312e+01 0.000000000000000000e+00 -9.154724888503551483e-03 0.000000000000000000e+00 5.000000000000000000e+01 0.000000000000000000e+00
4.246623516082763672e-01 3.379736244678497314e-01 -2.099486887454986572e-01 -2.041356563568115234e-01 -2.211607742309570312e+01 0.000000000000000000e+00 -9.154724888503551483e-03 0.000000000000000000e+00 5.000000000000000000e+01 0.000000000000000000e+00
4.246623516082763672e-01 3.379736244678497314e-01 -2.099486887454986572e-01 -2.041356563568115234e-01 -2.211607742309570312e+01 0.000000000000000000e+00 -9.154724888503551483e-03 0.000000000000000000e+00 5.000000000000000000e+01 0.000000000000000000e+00
4.246623516082763672e-01 3.379736244678497314e-01 -2.099486887454986572e-01 -2.041356563568115234e-01 -2.211607742309570312e+01 0.000000000000000000e+00 -9.154724888503551483e-03 0.000000000000000000e+00 5.000000000000000000e+01 0.000000000000000000e+00
4.246623516082763672e-01 3.379736244678497314e-01 -2.099486887454986572e-01 -2.041356563568115234e-01 -2.211607742309570312e+01 0.000000000000000000e+00 -9.154724888503551483e-03 0.000000000000000000e+00 5.000000000000000000e+01 0.000000000000000000e+00
4.246623516082763672e-01 3.379736244678497314e-01 -2.099486887454986572e-01 -2.041356563568115234e-01 -2.211607742309570312e+01 0.000000000000000000e+00 -9.154724888503551483e-03 0.000000000000000000e+00 5.000000000000000000e+01 0.000000000000000000e+00
4.246623516082763672e-01 3.379736244678497314e-01 -2.099486887454986572e-01 -2.041356563568115234e-01 -2.211607742309570312e+01 0.000000000000000000e+00 -9.154724888503551483e-03 0.000000000000000000e+00 5.000000000000000000e+01 0.000000000000000000e+00
4.246623516082763672e-01 3.379736244678497314e-01 -2.099486887454986572e-01 -2.041356563568115234e-01 -2.211607742309570312e+01 0.000000000000000000e+00 -9.154724888503551483e-03 0.000000000000000000e+00 5.000000000000000000e+01 0.000000000000000000e+00
4.246623516082763672e-01 3.379736244678497314e-01 -2.099486887454986572e-01 -2.041356563568115234e-01 -2.211607742309570312e+01 0.000000000000000000e+00 -9.154724888503551483e-03 0.000000000000000000e+00 5.000000000000000000e+01 0.000000000000000000e+00
4.246623516082763672e-01 3.379736244678497314e-01 -2.099486887454986572e-01 -2.041356563568115234e-01 -2.211607742309570312e+01 0.000000000000000000e+00 -9.154724888503551483e-03 0.000000000000000000e+00 5.000000000000000000e+01 0.000000000000000000e+00
4.246623516082763672e-01 3.379736244678497314e-01 -2.099486887454986572e-01 -2.041356563568115234e-01 -2.211607742309570312e+01 0.000000000000000000e+00 -9.154724888503551483e-03 0.000000000000000000e+00 5.000000000000000000e+01 0.000000000000000000e+00
4.246623516082763672e-01 3.379736244678497314e-01 -2.099486887454986572e-01 -2.041356563568115234e-01 -2.211607742309570312e+01 0.000000000000000000e+00 -9.154724888503551483e-03 0.000000000000000000e+00 5.000000000000000000e+01 0.000000000000000000e+00
4.246623516082763672e-01 3.379736244678497314e-01 -2.099486887454986572e-01 -2.041356563568115234e-01 -2.211607742309570312e+01 0.000000000000000000e+00 -9.154724888503551483e-03 0.000000000000000000e+00 5.000000000000000000e+01 0.000000000000000000e+00
4.246623516082763672e-01 3.379736244678497314e-01 -2.099486887454986572e-01 -2.041356563568115234e-01 -2.211607742309570312e+01 0.000000000000000000e+00 -9.154724888503551483e-03 0.000000000000000000e+00 5.000000000000000000e+01 0.000000000000000000e+00
4.246623516082763672e-01 3.379736244678497314e-01 -2.099486887454986572e-01 -2.041356563568115234e-01 -2.211607742309570312e+01 0.000000000000000000e+00 -9.154724888503551483e-03 0.000000000000000000e+00 5.000000000000000000e+01 0.000000000000000000e+00
4.246623516082763672e-01 3.379736244678497314e-01 -2.099486887454986572e-01 -2.041356563568115234e-01 -2.211607742309570312e+01 0.000000000000000000e+00 -9.154724888503551483e-03 0.000000000000000000e+00 5.000000000000000000e+01 0.000000000000000000e+00
4.246623516082763672e-01 3.379736244678497314e-01 -2.099486887454986572e-01 -2.041356563568115234e-01 -2.211607742309570312e+01 0.000000000000000000e+00 -9.154724888503551483e-03 0.000000000000000000e+00 5.000000000000000000e+01 0.000000000000000000e+00
4.246623516082763672e-01 3.379736244678497314e-01 -2.099486887454986572e-01 -2.041356563568115234e-01 -2.211607742309570312e+01 0.000000000000000000e+00 -9.154724888503551483e-03 0.000000000000000000e+00 5.000000000000000000e+01 0.000000000000000000e+00
4.246623516082763672e-01 3.379736244678497314e-01 -2.099486887454986572e-01 -2.041356563568115234e-01 -2.211607742309570312e+01 0.000000000000000000e+00 -9.154724888503551483e-03 0.000000000000000000e+00 5.000000000000000000e+01 0.000000000000000000e+00
4.246623516082763672e-01 3.379736244678497314e-01 -2.099486887454986572e-01 -2.041356563568115234e-01 -2.211607742309570312e+01 0.000000000000000000e+00 -9.154724888503551483e-03 0.000000000000000000e+00 5.000000000000000000e+01 0.000000000000000000e+00
4.246623516082763672e-01 3.379736244678497314e-01 -2.099486887454986572e-01 -2.041356563568115234e-01 -2.211607742309570312e+01 0.000000000000000000e+00 -9.154724888503551483e-03 0.000000000000000000e+00 5.000000000000000000e+01 0.000000000000000000e+00
4.246623516082763672e-01 3.379736244678497314e-01 -2.099486887454986572e-01 -2.041356563568115234e-01 -2.211607742309570312e+01 0.000000000000000000e+00 -9.154724888503551483e-03 0.000000000000000000e+00 5.000000000000000000e+01 0.000000000000000000e+00
4.246623516082763672e-01 3.379736244678497314e-01 -2.099486887454986572e-01 -2.041356563568115234e-01 -2.211607742309570312e+01 0.000000000000000000e+00 -9.154724888503551483e-03 0.000000000000000000e+00 5.000000000000000000e+01 0.000000000000000000e+00
4.246623516082763672e-01 3.379736244678497314e-01 -2.099486887454986572e-01 -2.041356563568115234e-01 -2.211607742309570312e+01 0.000000000000000000e+00 -9.154724888503551483e-03 0.000000000000000000e+00 5.000000000000000000e+01 0.000000000000000000e+00
4.246623516082763672e-01 3.379736244678497314e-01 -2.099486887454986572e-01 -2.041356563568115234e-01 -2.211607742309570312e+01 0.000000000000000000e+00 -9.154724888503551483e-03 0.000000000000000000e+00 5.000000000000000000e+01 0.000000000000000000e+00
4.246623516082763672e-01 3.379736244678497314e-01 -2.099486887454986572e-01 -2.041356563568115234e-01 -2.211607742309570312e+01 0.000000000000000000e+00 -9.154724888503551483e-03 0.000000000000000000e+00 5.000000000000000000e+01 0.000000000000000000e+00
4.246623516082763672e-01 3.379736244678497314e-01 -2.099486887454986572e-01 -2.041356563568115234e-01 -2.211607742309570312e+01 0.000000000000000000e+00 -9.154724888503551483e-03 0.000000000000000000e+00 5.000000000000000000e+01 0.000000000000000000e+00
4.246623516082763672e-01 3.379736244678497314e-01 -2.099486887454986572e-01 -2.041356563568115234e-01 -2.211607742309570312e+01 0.000000000000000000e+00 -9.154724888503551483e-03 0.000000000000000000e+00 5.000000000000000000e+01 0.000000000000000000e+00
4.246623516082763672e-01 3.379736244678497314e-01 -2.099486887454986572e-01 -2.041356563568115234e-01 -2.211607742309570312e+01 0.000000000000000000e+00 -9.154724888503551483e-03 0.000000000000000000e+00 5.000000000000000000e+01 0.000000000000000000e+00
4.246623516082763672e-01 3.379736244678497314e-01 -2.099486887454986572e-01 -2.041356563568115234e-01 -2.211607742309570312e+01 0.000000000000000000e+00 -9.154724888503551483e-03 0.000000000000000000e+00 5.000000000000000000e+01 0.000000000000000000e+00
4.246623516082763672e-01 3.379736244678497314e-01 -2.099486887454986572e-01 -2.041356563568115234e-01 -2.211607742309570312e+01 0.000000000000000000e+00 -9.154724888503551483e-03 0.000000000000000000e+00 5.000000000000000000e+01 0.000000000000000000e+00
4.246623516082763672e-01 3.379736244678497314e-01 -2.099486887454986572e-01 -2.041356563568115234e-01 -2.211607742309570312e+01 0.000000000000000000e+00 -9.154724888503551483e-03 0.000000000000000000e+00 5.000000000000000000e+01 0.000000000000000000e+00
4.246623516082763672e-01 3.379736244678497314e-01 -2.099486887454986572e-01 -2.041356563568115234e-01 -2.211607742309570312e+01 0.000000000000000000e+00 -9.154724888503551483e-03 0.000000000000000000e+00 5.000000000000000000e+01 0.000000000000000000e+00
4.246623516082763672e-01 3.379736244678497314e-01 -2.099486887454986572e-01 -2.041356563568115234e-01 -2.211607742309570312e+01 0.000000000000000000e+00 -9.154724888503551483e-03 0.000000000000000000e+00 5.000000000000000000e+01 0.000000000000000000e+00
4.246623516082763672e-01 3.379736244678497314e-01 -2.099486887454986572e-01 -2.041356563568115234e-01 -2.211607742309570312e+01 0.000000000000000000e+00 -9.154724888503551483e-03 0.000000000000000000e+00 5.000000000000000000e+01 0.000000000000000000e+00
