4.746876358985900879e-01 6.916215419769287109e-01 4.610728323459625244e-01 4.570035040378570557e-01 -1.635000000000000000e+02 -1.309044189453125000e+02 -6.767915934324264526e-02 -1.369830965995788574e-01 2.770000000000000000e+02 2.270000000000000000e+02
4.746876358985900879e-01 6.840752363204956055e-01 4.440505206584930420e-01 4.411060810089111328e-01 -1.498930053710937500e+02 -1.172974319458007812e+02 -6.204668432474136353e-02 -1.227442547678947449e-01 2.570000000000000000e+02 2.070000000000000000e+02
4.746876358985900879e-01 6.833750605583190918e-01 4.423139393329620361e-01 4.396310448646545410e-01 -1.443160095214843750e+02 -1.117204284667968750e+02 -5.973814427852630615e-02 -1.169082745909690857e-01 2.490000000000000000e+02 1.990000000000000000e+02
4.746876358985900879e-01 6.829562783241271973e-01 4.419756531715393066e-01 4.387488365173339844e-01 -1.420621643066406250e+02 -1.094665985107421875e+02 -5.880518630146980286e-02 -1.145497858524322510e-01 2.450000000000000000e+02 1.950000000000000000e+02
4.746876358985900879e-01 6.826301217079162598e-01 4.413890838623046875e-01 4.380617141723632812e-01 -1.385184326171875000e+02 -1.059228820800781250e+02 -5.733829736709594727e-02 -1.108415126800537109e-01 2.400000000000000000e+02 1.900000000000000000e+02
4.746876358985900879e-01 6.865959763526916504e-01 4.493086636066436768e-01 4.464163780212402344e-01 -1.357482299804687500e+02 -1.031526641845703125e+02 -5.619159713387489319e-02 -1.079426556825637817e-01 2.350000000000000000e+02 1.850000000000000000e+02
4.746876358985900879e-01 6.853308081626892090e-01 4.468879699707031250e-01 4.437511265277862549e-01 -1.335580749511718750e+02 -1.009624938964843750e+02 -5.528500676155090332e-02 -1.056507825851440430e-01 2.310000000000000000e+02 1.810000000000000000e+02
4.746876358985900879e-01 6.845011711120605469e-01 4.450546801090240479e-01 4.420033693313598633e-01 -1.286221160888671875e+02 -9.602654266357421875e+01 -5.324181541800498962e-02 -1.004856303334236145e-01 2.240000000000000000e+02 1.740000000000000000e+02
4.746876358985900879e-01 6.831594705581665039e-01 4.420346021652221680e-01 4.391768872737884521e-01 -1.251562957763671875e+02 -9.256072998046875000e+01 -5.180717632174491882e-02 -9.685888141393661499e-02 2.200000000000000000e+02 1.700000000000000000e+02
4.746876358985900879e-01 6.795437335968017578e-01 4.337315559387207031e-01 4.315598011016845703e-01 -1.229515228271484375e+02 -9.035595703125000000e+01 -5.089453235268592834e-02 -9.455172717571258545e-02 2.160000000000000000e+02 1.660000000000000000e+02
4.746876358985900879e-01 6.784406900405883789e-01 4.313392043113708496e-01 4.292360544204711914e-01 -1.206697082519531250e+02 -8.807413482666015625e+01 -4.994999989867210388e-02 -9.216394275426864624e-02 2.120000000000000000e+02 1.620000000000000000e+02
4.746876358985900879e-01 6.672196984291076660e-01 4.072872698307037354e-01 4.055973887443542480e-01 -1.032166595458984375e+02 -7.062109375000000000e+01 -4.272548481822013855e-02 -7.390045374631881714e-02 1.840000000000000000e+02 1.340000000000000000e+02
4.746876358985900879e-01 6.583576202392578125e-01 3.880330920219421387e-01 3.869281113147735596e-01 -8.871566772460937500e+01 -5.612009811401367188e+01 -3.672294691205024719e-02 -5.872609093785285950e-02 1.650000000000000000e+02 1.150000000000000000e+02
4.746876358985900879e-01 6.571086645126342773e-01 3.848641812801361084e-01 3.842969834804534912e-01 -7.996829223632812500e+01 -4.737272262573242188e+01 -3.310206159949302673e-02 -4.957251995801925659e-02 1.520000000000000000e+02 1.020000000000000000e+02
4.746876358985900879e-01 6.506994962692260742e-01 3.710681498050689697e-01 3.707951307296752930e-01 -7.385411071777343750e+01 -4.125854492187500000e+01 -3.057115711271762848e-02 -4.317442700266838074e-02 1.430000000000000000e+02 9.300000000000000000e+01
4.746876358985900879e-01 6.490435600280761719e-01 3.677057921886444092e-01 3.673066496849060059e-01 -7.151273345947265625e+01 -3.891716384887695312e+01 -2.960196882486343384e-02 -4.072432219982147217e-02 1.390000000000000000e+02 8.900000000000000000e+01
4.746876358985900879e-01 6.493100523948669434e-01 3.682441711425781250e-01 3.678680658340454102e-01 -7.002751922607421875e+01 -3.743194580078125000e+01 -2.898717857897281647e-02 -3.917013481259346008e-02 1.370000000000000000e+02 8.700000000000000000e+01
4.746876358985900879e-01 6.474899053573608398e-01 3.642512559890747070e-01 3.640336394309997559e-01 -6.940160369873046875e+01 -3.680603027343750000e+01 -2.872808836400508881e-02 -3.851515427231788635e-02 1.350000000000000000e+02 8.500000000000000000e+01
4.746876358985900879e-01 6.501522660255432129e-01 3.693279922008514404e-01 3.696422874927520752e-01 -6.812230682373046875e+01 -3.552673339843750000e+01 -2.819853648543357849e-02 -3.717645257711410522e-02 1.320000000000000000e+02 8.200000000000000000e+01
4.746876358985900879e-01 6.471879482269287109e-01 3.634316027164459229e-01 3.633975386619567871e-01 -6.728382110595703125e+01 -3.468825531005859375e+01 -2.785145305097103119e-02 -3.629903867840766907e-02 1.290000000000000000e+02 7.900000000000000000e+01
4.746876358985900879e-01 6.301731467247009277e-01 3.270466923713684082e-01 3.275533318519592285e-01 -5.990753936767578125e+01 -2.731196784973144531e+01 -2.479811571538448334e-02 -2.858022600412368774e-02 1.140000000000000000e+02 6.400000000000000000e+01
4.746876358985900879e-01 5.826519131660461426e-01 2.275158762931823730e-01 2.274427860975265503e-01 -4.727849197387695312e+01 -1.468292045593261719e+01 -1.957045122981071472e-02 -1.536473631858825684e-02 9.000000000000000000e+01 4.000000000000000000e+01
4.746876358985900879e-01 5.738113522529602051e-01 2.081025838851928711e-01 2.088188230991363525e-01 -4.608582305908203125e+01 -1.349025535583496094e+01 -1.907675713300704956e-02 -1.411668863147497177e-02 8.500000000000000000e+01 3.500000000000000000e+01
4.746876358985900879e-01 5.643057823181152344e-01 1.894945800304412842e-01 1.887939274311065674e-01 -4.415975952148437500e+01 -1.156419372558593750e+01 -1.827948354184627533e-02 -1.210118830204010010e-02 8.300000000000000000e+01 3.300000000000000000e+01
4.746876358985900879e-01 5.435297489166259766e-01 1.456141620874404907e-01 1.450261324644088745e-01 -4.114562988281250000e+01 -8.550063133239746094e+00 -1.703181490302085876e-02 -8.947093971073627472e-03 7.700000000000000000e+01 2.700000000000000000e+01
4.746876358985900879e-01 5.435297489166259766e-01 1.456141620874404907e-01 1.450261324644088745e-01 -4.114562988281250000e+01 -8.550063133239746094e+00 -1.703181490302085876e-02 -8.947093971073627472e-03 7.700000000000000000e+01 2.700000000000000000e+01
4.746876358985900879e-01 5.386229753494262695e-01 1.344062536954879761e-01 1.346892863512039185e-01 -3.963248443603515625e+01 -7.036912441253662109e+00 -1.640546321868896484e-02 -7.363678421825170517e-03 7.400000000000000000e+01 2.400000000000000000e+01
4.746876358985900879e-01 5.174385905265808105e-01 8.994436264038085938e-02 9.006123244762420654e-02 -3.710216522216796875e+01 -4.506595611572265625e+00 -1.535806432366371155e-02 -4.715863615274429321e-03 6.900000000000000000e+01 1.900000000000000000e+01
4.746876358985900879e-01 5.043107867240905762e-01 6.101696938276290894e-02 6.240556761622428894e-02 -3.506769943237304688e+01 -2.472128629684448242e+00 -1.451591774821281433e-02 -2.586924238130450249e-03 6.500000000000000000e+01 1.500000000000000000e+01
4.746876358985900879e-01 4.667323827743530273e-01 -1.764553599059581757e-02 -1.675892248749732971e-02 -3.287498474121093750e+01 -2.794134020805358887e-01 -1.360826566815376282e-02 -2.923882275354117155e-04 5.300000000000000000e+01 3.000000000000000000e+00
4.746876358985900879e-01 4.662411510944366455e-01 -1.857467181980609894e-02 -1.779377460479736328e-02 -3.278887939453125000e+01 -1.933102607727050781e-01 -1.357262302190065384e-02 -2.022868138737976551e-04 5.200000000000000000e+01 2.000000000000000000e+00
4.746876358985900879e-01 4.662411510944366455e-01 -1.857467181980609894e-02 -1.779377460479736328e-02 -3.278887939453125000e+01 -1.933102607727050781e-01 -1.357262302190065384e-02 -2.022868138737976551e-04 5.200000000000000000e+01 2.000000000000000000e+00
4.746876358985900879e-01 4.607632756233215332e-01 -2.853973768651485443e-02 -2.933373302221298218e-02 -3.268112182617187500e+01 -8.555096387863159180e-02 -1.352801825851202011e-02 -8.952360803959891200e-05 5.100000000000000000e+01 1.000000000000000000e+00
4.746876358985900879e-01 4.607632756233215332e-01 -2.853973768651485443e-02 -2.933373302221298218e-02 -3.268112182617187500e+01 -8.555096387863159180e-02 -1.352801825851202011e-02 -8.952360803959891200e-05 5.100000000000000000e+01 1.000000000000000000e+00
4.746876358985900879e-01 4.607632756233215332e-01 -2.853973768651485443e-02 -2.933373302221298218e-02 -3.268112182617187500e+01 -8.555096387863159180e-02 -1.352801825851202011e-02 -8.952360803959891200e-05 5.100000000000000000e+01 1.000000000000000000e+00
4.746876358985900879e-01 4.568741619586944580e-01 -3.626251965761184692e-02 -3.752672672271728516e-02 -3.259556961059570312e+01 0.000000000000000000e+00 -1.349260471761226654e-02 0.000000000000000000e+00 5.000000000000000000e+01 0.000000000000000000e+00
4.746876358985900879e-01 4.568741619586944580e-01 -3.626251965761184692e-02 -3.752672672271728516e-02 -3.259556961059570312e+01 0.000000000000000000e+00 -1.349260471761226654e-02 0.000000000000000000e+00 5.000000000000000000e+01 0.000000000000000000e+00
4.746876358985900879e-01 4.568741619586944580e-01 -3.626251965761184692e-02 -3.752672672271728516e-02 -3.259556961059570312e+01 0.000000000000000000e+00 -1.349260471761226654e-02 0.000000000000000000e+00 5.000000000000000000e+01 0.000000000000000000e+00
4.746876358985900879e-01 4.568741619586944580e-01 -3.626251965761184692e-02 -3.752672672271728516e-02 -3.259556961059570312e+01 0.000000000000000000e+00 -1.349260471761226654e-02 0.000000000000000000e+00 5.000000000000000000e+01 0.000000000000000000e+00
4.746876358985900879e-01 4.568741619586944580e-01 -3.626251965761184692e-02 -3.752672672271728516e-02 -3.259556961059570312e+01 0.000000000000000000e+00 -1.349260471761226654e-02 0.000000000000000000e+00 5.000000000000000000e+01 0.000000000000000000e+00
4.746876358985900879e-01 4.568741619586944580e-01 -3.626251965761184692e-02 -3.752672672271728516e-02 -3.259556961059570312e+01 0.000000000000000000e+00 -1.349260471761226654e-02 0.000000000000000000e+00 5.000000000000000000e+01 0.000000000000000000e+00
4.746876358985900879e-01 4.568741619586944580e-01 -3.626251965761184692e-02 -3.752672672271728516e-02 -3.259556961059570312e+01 0.000000000000000000e+00 -1.349260471761226654e-02 0.000000000000000000e+00 5.000000000000000000e+01 0.000000000000000000e+00
4.746876358985900879e-01 4.568741619586944580e-01 -3.626251965761184692e-02 -3.752672672271728516e-02 -3.259556961059570312e+01 0.000000000000000000e+00 -1.349260471761226654e-02 0.000000000000000000e+00 5.000000000000000000e+01 0.000000000000000000e+00
4.746876358985900879e-01 4.568741619586944580e-01 -3.626251965761184692e-02 -3.752672672271728516e-02 -3.259556961059570312e+01 0.000000000000000000e+00 -1.349260471761226654e-02 0.000000000000000000e+00 5.000000000000000000e+01 0.000000000000000000e+00
4.746876358985900879e-01 4.568741619586944580e-01 -3.626251965761184692e-02 -3.752672672271728516e-02 -3.259556961059570312e+01 0.000000000000000000e+00 -1.349260471761226654e-02 0.000000000000000000e+00 5.000000000000000000e+01 0.000000000000000000e+00
4.746876358985900879e-01 4.568741619586944580e-01 -3.626251965761184692e-02 -3.752672672271728516e-02 -3.259556961059570312e+01 0.000000000000000000e+00 -1.349260471761226654e-02 0.000000000000000000e+00 5.000000000000000000e+01 0.000000000000000000e+00
4.746876358985900879e-01 4.568741619586944580e-01 -3.626251965761184692e-02 -3.752672672271728516e-02 -3.259556961059570312e+01 0.000000000000000000e+00 -1.349260471761226654e-02 0.000000000000000000e+00 5.000000000000000000e+01 0.000000000000000000e+00
4.746876358985900879e-01 4.568741619586944580e-01 -3.626251965761184692e-02 -3.752672672271728516e-02 -3.259556961059570312e+01 0.000000000000000000e+00 -1.349260471761226654e-02 0.000000000000000000e+00 5.000000000000000000e+01 0.000000000000000000e+00
4.746876358985900879e-01 4.568741619586944580e-01 -3.626251965761184692e-02 -3.752672672271728516e-02 -3.259556961059570312e+01 0.000000000000000000e+00 -1.349260471761226654e-02 0.000000000000000000e+00 5.000000000000000000e+01 0.000000000000000000e+00
4.746876358985900879e-01 4.568741619586944580e-01 -3.626251965761184692e-02 -3.752672672271728516e-02 -3.259556961059570312e+01 0.000000000000000000e+00 -1.349260471761226654e-02 0.000000000000000000e+00 5.000000000000000000e+01 0.000000000000000000e+00
4.746876358985900879e-01 4.568741619586944580e-01 -3.626251965761184692e-02 -3.752672672271728516e-02 -3.259556961059570312e+01 0.000000000000000000e+00 -1.349260471761226654e-02 0.000000000000000000e+00 5.000000000000000000e+01 0.000000000000000000e+00
4.746876358985900879e-01 4.568741619586944580e-01 -3.626251965761184692e-02 -3.752672672271728516e-02 -3.259556961059570312e+01 0.000000000000000000e+00 -1.349260471761226654e-02 0.000000000000000000e+00 5.000000000000000000e+01 0.000000000000000000e+00
4.746876358985900879e-01 4.568741619586944580e-01 -3.626251965761184692e-02 -3.752672672271728516e-02 -3.259556961059570312e+01 0.000000000000000000e+00 -1.349260471761226654e-02 0.000000000000000000e+00 5.000000000000000000e+01 0.000000000000000000e+00
4.746876358985900879e-01 4.568741619586944580e-01 -3.626251965761184692e-02 -3.752672672271728516e-02 -3.259556961059570312e+01 0.000000000000000000e+00 -1.349260471761226654e-02 0.000000000000000000e+00 5.000000000000000000e+01 0.000000000000000000e+00
4.746876358985900879e-01 4.568741619586944580e-01 -3.626251965761184692e-02 -3.752672672271728516e-02 -3.259556961059570312e+01 0.000000000000000000e+00 -1.349260471761226654e-02 0.000000000000000000e+00 5.000000000000000000e+01 0.000000000000000000e+00
4.746876358985900879e-01 4.568741619586944580e-01 -3.626251965761184692e-02 -3.752672672271728516e-02 -3.259556961059570312e+01 0.000000000000000000e+00 -1.349260471761226654e-02 0.000000000000000000e+00 5.000000000000000000e+01 0.000000000000000000e+00
4.746876358985900879e-01 4.568741619586944580e-01 -3.626251965761184692e-02 -3.752672672271728516e-02 -3.259556961059570312e+01 0.000000000000000000e+00 -1.349260471761226654e-02 0.000000000000000000e+00 5.000000000000000000e+01 0.000000000000000000e+00
4.746876358985900879e-01 4.568741619586944580e-01 -3.626251965761184692e-02 -3.752672672271728516e-02 -3.259556961059570312e+01 0.000000000000000000e+00 -1.349260471761226654e-02 0.000000000000000000e+00 5.000000000000000000e+01 0.000000000000000000e+00
4.746876358985900879e-01 4.568741619586944580e-01 -3.626251965761184692e-02 -3.752672672271728516e-02 -3.259556961059570312e+01 0.000000000000000000e+00 -1.349260471761226654e-02 0.000000000000000000e+00 5.000000000000000000e+01 0.000000000000000000e+00
4.746876358985900879e-01 4.568741619586944580e-01 -3.626251965761184692e-02 -3.752672672271728516e-02 -3.259556961059570312e+01 0.000000000000000000e+00 -1.349260471761226654e-02 0.000000000000000000e+00 5.000000000000000000e+01 0.000000000000000000e+00
4.746876358985900879e-01 4.568741619586944580e-01 -3.626251965761184692e-02 -3.752672672271728516e-02 -3.259556961059570312e+01 0.000000000000000000e+00 -1.349260471761226654e-02 0.000000000000000000e+00 5.000000000000000000e+01 0.000000000000000000e+00
4.746876358985900879e-01 4.568741619586944580e-01 -3.626251965761184692e-02 -3.752672672271728516e-02 -3.259556961059570312e+01 0.000000000000000000e+00 -1.349260471761226654e-02 0.000000000000000000e+00 5.000000000000000000e+01 0.000000000000000000e+00
4.746876358985900879e-01 4.568741619586944580e-01 -3.626251965761184692e-02 -3.752672672271728516e-02 -3.259556961059570312e+01 0.000000000000000000e+00 -1.349260471761226654e-02 0.000000000000000000e+00 5.000000000000000000e+01 0.000000000000000000e+00
4.746876358985900879e-01 4.568741619586944580e-01 -3.626251965761184692e-02 -3.752672672271728516e-02 -3.259556961059570312e+01 0.000000000000000000e+00 -1.349260471761226654e-02 0.000000000000000000e+00 5.000000000000000000e+01 0.000000000000000000e+00
4.746876358985900879e-01 4.568741619586944580e-01 -3.626251965761184692e-02 -3.752672672271728516e-02 -3.259556961059570312e+01 0.000000000000000000e+00 -1.349260471761226654e-02 0.000000000000000000e+00 5.000000000000000000e+01 0.000000000000000000e+00
4.746876358985900879e-01 4.568741619586944580e-01 -3.626251965761184692e-02 -3.752672672271728516e-02 -3.259556961059570312e+01 0.000000000000000000e+00 -1.349260471761226654e-02 0.000000000000000000e+00 5.000000000000000000e+01 0.000000000000000000e+00
4.746876358985900879e-01 4.568741619586944580e-01 -3.626251965761184692e-02 -3.752672672271728516e-02 -3.259556961059570312e+01 0.000000000000000000e+00 -1.349260471761226654e-02 0.000000000000000000e+00 5.000000000000000000e+01 0.000000000000000000e+00
4.746876358985900879e-01 4.568741619586944580e-01 -3.626251965761184692e-02 -3.752672672271728516e-02 -3.259556961059570312e+01 0.000000000000000000e+00 -1.349260471761226654e-02 0.000000000000000000e+00 5.000000000000000000e+01 0.000000000000000000e+00
4.746876358985900879e-01 4.568741619586944580e-01 -3.626251965761184692e-02 -3.752672672271728516e-02 -3.259556961059570312e+01 0.000000000000000000e+00 -1.349260471761226654e-02 0.000000000000000000e+00 5.000000000000000000e+01 0.000000000000000000e+00
4.746876358985900879e-01 4.568741619586944580e-01 -3.626251965761184692e-02 -3.752672672271728516e-02 -3.259556961059570312e+01 0.000000000000000000e+00 -1.349260471761226654e-02 0.000000000000000000e+00 5.000000000000000000e+01 0.000000000000000000e+00
4.746876358985900879e-01 4.568741619586944580e-01 -3.626251965761184692e-02 -3.752672672271728516e-02 -3.259556961059570312e+01 0.000000000000000000e+00 -1.349260471761226654e-02 0.000000000000000000e+00 5.000000000000000000e+01 0.000000000000000000e+00
4.746876358985900879e-01 4.568741619586944580e-01 -3.626251965761184692e-02 -3.752672672271728516e-02 -3.259556961059570312e+01 0.000000000000000000e+00 -1.349260471761226654e-02 0.000000000000000000e+00 5.000000000000000000e+01 0.000000000000000000e+00
4.746876358985900879e-01 4.568741619586944580e-01 -3.626251965761184692e-02 -3.752672672271728516e-02 -3.259556961059570312e+01 0.000000000000000000e+00 -1.349260471761226654e-02 0.000000000000000000e+00 5.000000000000000000e+01 0.000000000000000000e+00
4.746876358985900879e-01 4.568741619586944580e-01 -3.626251965761184692e-02 -3.752672672271728516e-02 -3.259556961059570312e+01 0.000000000000000000e+00 -1.349260471761226654e-02 0.000000000000000000e+00 5.000000000000000000e+01 0.000000000000000000e+00
4.746876358985900879e-01 4.568741619586944580e-01 -3.626251965761184692e-02 -3.752672672271728516e-02 -3.259556961059570312e+01 0.000000000000000000e+00 -1.349260471761226654e-02 0.000000000000000000e+00 5.000000000000000000e+01 0.000000000000000000e+00
4.746876358985900879e-01 4.568741619586944580e-01 -3.626251965761184692e-02 -3.752672672271728516e-02 -3.259556961059570312e+01 0.000000000000000000e+00 -1.349260471761226654e-02 0.000000000000000000e+00 5.000000000000000000e+01 0.000000000000000000e+00
4.746876358985900879e-01 4.568741619586944580e-01 -3.626251965761184692e-02 -3.752672672271728516e-02 -3.259556961059570312e+01 0.000000000000000000e+00 -1.349260471761226654e-02 0.000000000000000000e+00 5.000000000000000000e+01 0.000000000000000000e+00
4.746876358985900879e-01 4.568741619586944580e-01 -3.626251965761184692e-02 -3.752672672271728516e-02 -3.259556961059570312e+01 0.000000000000000000e+00 -1.349260471761226654e-02 0.000000000000000000e+00 5.000000000000000000e+01 0.000000000000000000e+00
4.746876358985900879e-01 4.568741619586944580e-01 -3.626251965761184692e-02 -3.752672672271728516e-02 -3.259556961059570312e+01 0.000000000000000000e+00 -1.349260471761226654e-02 0.000000000000000000e+00 5.000000000000000000e+01 0.000000000000000000e+00
4.746876358985900879e-01 4.568741619586944580e-01 -3.626251965761184692e-02 -3.752672672271728516e-02 -3.259556961059570312e+01 0.000000000000000000e+00 -1.349260471761226654e-02 0.000000000000000000e+00 5.000000000000000000e+01 0.000000000000000000e+00
4.746876358985900879e-01 4.568741619586944580e-01 -3.626251965761184692e-02 -3.752672672271728516e-02 -3.259556961059570312e+01 0.000000000000000000e+00 -1.349260471761226654e-02 0.000000000000000000e+00 5.000000000000000000e+01 0.000000000000000000e+00
4.746876358985900879e-01 4.568741619586944580e-01 -3.626251965761184692e-02 -3.752672672271728516e-02 -3.259556961059570312e+01 0.000000000000000000e+00 -1.349260471761226654e-02 0.000000000000000000e+00 5.000000000000000000e+01 0.000000000000000000e+00
4.746876358985900879e-01 4.568741619586944580e-01 -3.626251965761184692e-02 -3.752672672271728516e-02 -3.259556961059570312e+01 0.000000000000000000e+00 -1.349260471761226654e-02 0.000000000000000000e+00 5.000000000000000000e+01 0.000000000000000000e+00
4.746876358985900879e-01 4.568741619586944580e-01 -3.626251965761184692e-02 -3.752672672271728516e-02 -3.259556961059570312e+01 0.000000000000000000e+00 -1.349260471761226654e-02 0.000000000000000000e+00 5.000000000000000000e+01 0.000000000000000000e+00
4.746876358985900879e-01 4.568741619586944580e-01 -3.626251965761184692e-02 -3.752672672271728516e-02 -3.259556961059570312e+01 0.000000000000000000e+00 -1.349260471761226654e-02 0.000000000000000000e+00 5.000000000000000000e+01 0.000000000000000000e+00
4.746876358985900879e-01 4.568741619586944580e-01 -3.626251965761184692e-02 -3.752672672271728516e-02 -3.259556961059570312e+01 0.000000000000000000e+00 -1.349260471761226654e-02 0.000000000000000000e+00 5.000000000000000000e+01 0.000000000000000000e+00
4.746876358985900879e-01 4.568741619586944580e-01 -3.626251965761184692e-02 -3.752672672271728516e-02 -3.259556961059570312e+01 0.000000000000000000e+00 -1.349260471761226654e-02 0.000000000000000000e+00 5.000000000000000000e+01 0.000000000000000000e+00
4.746876358985900879e-01 4.568741619586944580e-01 -3.626251965761184692e-02 -3.752672672271728516e-02 -3.259556961059570312e+01 0.000000000000000000e+00 -1.349260471761226654e-02 0.000000000000000000e+00 5.000000000000000000e+01 0.000000000000000000e+00
4.746876358985900879e-01 4.568741619586944580e-01 -3.626251965761184692e-02 -3.752672672271728516e-02 -3.259556961059570312e+01 0.000000000000000000e+00 -1.349260471761226654e-02 0.000000000000000000e+00 5.000000000000000000e+01 0.000000000000000000e+00
4.746876358985900879e-01 4.568741619586944580e-01 -3.626251965761184692e-02 -3.752672672271728516e-02 -3.259556961059570312e+01 0.000000000000000000e+00 -1.349260471761226654e-02 0.000000000000000000e+00 5.000000000000000000e+01 0.000000000000000000e+00
4.746876358985900879e-01 4.568741619586944580e-01 -3.626251965761184692e-02 -3.752672672271728516e-02 -3.259556961059570312e+01 0.000000000000000000e+00 -1.349260471761226654e-02 0.000000000000000000e+00 5.000000000000000000e+01 0.000000000000000000e+00
