4.182895421981811523e-01 1.454630196094512939e-01 -6.557268500328063965e-01 -6.522432565689086914e-01 -1.113538360595703125e+02 -7.489825439453125000e+01 -4.609378799796104431e-02 -6.238115578889846802e-02 1.760000000000000000e+02 1.260000000000000000e+02
4.182895421981811523e-01 1.469132453203201294e-01 -6.522347331047058105e-01 -6.487762331962585449e-01 -9.393082427978515625e+01 -5.747523880004882812e+01 -3.888170793652534485e-02 -4.786989837884902954e-02 1.460000000000000000e+02 9.600000000000000000e+01
4.182895421981811523e-01 1.483458727598190308e-01 -6.490452289581298828e-01 -6.453511714935302734e-01 -9.200165557861328125e+01 -5.554606628417968750e+01 -3.808315098285675049e-02 -4.626313224434852600e-02 1.420000000000000000e+02 9.200000000000000000e+01
4.182895421981811523e-01 1.521060019731521606e-01 -6.407719850540161133e-01 -6.363619565963745117e-01 -8.768696594238281250e+01 -5.123138046264648438e+01 -3.629712760448455811e-02 -4.266951978206634521e-02 1.350000000000000000e+02 8.500000000000000000e+01
4.182895421981811523e-01 1.524928957223892212e-01 -6.397647857666015625e-01 -6.354370117187500000e-01 -8.476568603515625000e+01 -4.831009674072265625e+01 -3.508789464831352234e-02 -4.023644700646400452e-02 1.290000000000000000e+02 7.900000000000000000e+01
4.182895421981811523e-01 1.536071598529815674e-01 -6.370554566383361816e-01 -6.327731013298034668e-01 -8.285903930664062500e+01 -4.640345764160156250e+01 -3.429865464568138123e-02 -3.864844888448715210e-02 1.260000000000000000e+02 7.600000000000000000e+01
4.182895421981811523e-01 1.538639515638351440e-01 -6.364632844924926758e-01 -6.321591734886169434e-01 -8.277776336669921875e+01 -4.632217407226562500e+01 -3.426501154899597168e-02 -3.858074918389320374e-02 1.250000000000000000e+02 7.500000000000000000e+01
4.182895421981811523e-01 1.551373302936553955e-01 -6.330883502960205078e-01 -6.291149854660034180e-01 -8.112663269042968750e+01 -4.467104721069335938e+01 -3.358154371380805969e-02 -3.720555827021598816e-02 1.230000000000000000e+02 7.300000000000000000e+01
4.182895421981811523e-01 1.559018343687057495e-01 -6.312925815582275391e-01 -6.272872686386108398e-01 -7.734948730468750000e+01 -4.089389419555664062e+01 -3.201803192496299744e-02 -3.405965119600296021e-02 1.180000000000000000e+02 6.800000000000000000e+01
4.182895421981811523e-01 1.572109013795852661e-01 -6.283057332038879395e-01 -6.241577267646789551e-01 -7.578540039062500000e+01 -3.932981109619140625e+01 -3.137059509754180908e-02 -3.275695815682411194e-02 1.150000000000000000e+02 6.500000000000000000e+01
4.182895421981811523e-01 1.583766937255859375e-01 -6.254592537879943848e-01 -6.213706731796264648e-01 -7.339494323730468750e+01 -3.693935394287109375e+01 -3.038109093904495239e-02 -3.076599724590778351e-02 1.120000000000000000e+02 6.200000000000000000e+01
4.182895421981811523e-01 1.789780557155609131e-01 -5.765462517738342285e-01 -5.721192359924316406e-01 -6.418986511230468750e+01 -2.773427581787109375e+01 -2.657074108719825745e-02 -2.309928461909294128e-02 9.600000000000000000e+01 4.600000000000000000e+01
4.182895421981811523e-01 1.842133104801177979e-01 -5.633023381233215332e-01 -5.596033334732055664e-01 -6.036011886596679688e+01 -2.390453147888183594e+01 -2.498545683920383453e-02 -1.990957371890544891e-02 9.000000000000000000e+01 4.000000000000000000e+01
4.182895421981811523e-01 1.941048353910446167e-01 -5.385509133338928223e-01 -5.359557867050170898e-01 -5.626153564453125000e+01 -1.980594253540039062e+01 -2.328889071941375732e-02 -1.649594679474830627e-02 8.400000000000000000e+01 3.400000000000000000e+01
4.182895421981811523e-01 2.096725851297378540e-01 -5.011358261108398438e-01 -4.987381696701049805e-01 -5.133946228027343750e+01 -1.488387203216552734e+01 -2.125144749879837036e-02 -1.239645853638648987e-02 7.800000000000000000e+01 2.800000000000000000e+01
4.182895421981811523e-01 2.182245999574661255e-01 -4.796145558357238770e-01 -4.782929718494415283e-01 -4.870064544677734375e+01 -1.224505710601806641e+01 -2.015913650393486023e-02 -1.019864622503519058e-02 7.400000000000000000e+01 2.400000000000000000e+01
4.182895421981811523e-01 2.145798802375793457e-01 -4.880394637584686279e-01 -4.870063364505767822e-01 -4.687927627563476562e+01 -1.042368698120117188e+01 -1.940519921481609344e-02 -8.681666105985641479e-03 7.200000000000000000e+01 2.200000000000000000e+01
4.182895421981811523e-01 2.145798802375793457e-01 -4.880394637584686279e-01 -4.870063364505767822e-01 -4.687927627563476562e+01 -1.042368698120117188e+01 -1.940519921481609344e-02 -8.681666105985641479e-03 7.200000000000000000e+01 2.200000000000000000e+01
4.182895421981811523e-01 2.166503667831420898e-01 -4.828596413135528564e-01 -4.820564687252044678e-01 -4.630427169799804688e+01 -9.848682403564453125e+00 -1.916718296706676483e-02 -8.202756755053997040e-03 7.100000000000000000e+01 2.100000000000000000e+01
4.182895421981811523e-01 2.248497754335403442e-01 -4.624373018741607666e-01 -4.624542295932769775e-01 -4.480812835693359375e+01 -8.352540016174316406e+00 -1.854786835610866547e-02 -6.956651806831359863e-03 6.800000000000000000e+01 1.800000000000000000e+01
4.182895421981811523e-01 2.441425621509552002e-01 -4.180389344692230225e-01 -4.163311719894409180e-01 -4.129208374023437500e+01 -4.836496353149414062e+00 -1.709243841469287872e-02 -4.028214607387781143e-03 5.900000000000000000e+01 9.000000000000000000e+00
4.182895421981811523e-01 2.498987764120101929e-01 -4.047125279903411865e-01 -4.025698602199554443e-01 -3.940205383300781250e+01 -2.946465969085693359e+00 -1.631007902324199677e-02 -2.454048488289117813e-03 5.600000000000000000e+01 6.000000000000000000e+00
4.182895421981811523e-01 2.508696615695953369e-01 -4.024260640144348145e-01 -4.002487957477569580e-01 -3.850164031982421875e+01 -2.046051025390625000e+00 -1.593736186623573303e-02 -1.704112160950899124e-03 5.500000000000000000e+01 5.000000000000000000e+00
4.182895421981811523e-01 2.549231052398681641e-01 -3.927073180675506592e-01 -3.905582726001739502e-01 -3.776103973388671875e+01 -1.305450320243835449e+00 -1.563079841434955597e-02 -1.087281620129942894e-03 5.400000000000000000e+01 4.000000000000000000e+00
4.182895421981811523e-01 2.571644783020019531e-01 -3.881693184375762939e-01 -3.851998448371887207e-01 -3.669420242309570312e+01 -2.386153936386108398e-01 -1.518919225782155991e-02 -1.987376599572598934e-04 5.200000000000000000e+01 2.000000000000000000e+00
4.182895421981811523e-01 2.571644783020019531e-01 -3.881693184375762939e-01 -3.851998448371887207e-01 -3.669420242309570312e+01 -2.386153936386108398e-01 -1.518919225782155991e-02 -1.987376599572598934e-04 5.200000000000000000e+01 2.000000000000000000e+00
4.182895421981811523e-01 2.571644783020019531e-01 -3.881693184375762939e-01 -3.851998448371887207e-01 -3.669420242309570312e+01 -2.386153936386108398e-01 -1.518919225782155991e-02 -1.987376599572598934e-04 5.200000000000000000e+01 2.000000000000000000e+00
4.182895421981811523e-01 2.571644783020019531e-01 -3.881693184375762939e-01 -3.851998448371887207e-01 -3.669420242309570312e+01 -2.386153936386108398e-01 -1.518919225782155991e-02 -1.987376599572598934e-04 5.200000000000000000e+01 2.000000000000000000e+00
4.182895421981811523e-01 2.571644783020019531e-01 -3.881693184375762939e-01 -3.851998448371887207e-01 -3.669420242309570312e+01 -2.386153936386108398e-01 -1.518919225782155991e-02 -1.987376599572598934e-04 5.200000000000000000e+01 2.000000000000000000e+00
4.182895421981811523e-01 2.579028308391571045e-01 -3.864685595035552979e-01 -3.834346532821655273e-01 -3.655448150634765625e+01 -9.889346361160278320e-02 -1.513135619461536407e-02 -8.236624853452667594e-05 5.100000000000000000e+01 1.000000000000000000e+00
4.182895421981811523e-01 2.579028308391571045e-01 -3.864685595035552979e-01 -3.834346532821655273e-01 -3.655448150634765625e+01 -9.889346361160278320e-02 -1.513135619461536407e-02 -8.236624853452667594e-05 5.100000000000000000e+01 1.000000000000000000e+00
4.182895421981811523e-01 2.579028308391571045e-01 -3.864685595035552979e-01 -3.834346532821655273e-01 -3.655448150634765625e+01 -9.889346361160278320e-02 -1.513135619461536407e-02 -8.236624853452667594e-05 5.100000000000000000e+01 1.000000000000000000e+00
4.182895421981811523e-01 2.577184736728668213e-01 -3.869155943393707275e-01 -3.838753998279571533e-01 -3.645558929443359375e+01 0.000000000000000000e+00 -1.509041991084814072e-02 0.000000000000000000e+00 5.000000000000000000e+01 0.000000000000000000e+00
4.182895421981811523e-01 2.577184736728668213e-01 -3.869155943393707275e-01 -3.838753998279571533e-01 -3.645558929443359375e+01 0.000000000000000000e+00 -1.509041991084814072e-02 0.000000000000000000e+00 5.000000000000000000e+01 0.000000000000000000e+00
4.182895421981811523e-01 2.577184736728668213e-01 -3.869155943393707275e-01 -3.838753998279571533e-01 -3.645558929443359375e+01 0.000000000000000000e+00 -1.509041991084814072e-02 0.000000000000000000e+00 5.000000000000000000e+01 0.000000000000000000e+00
4.182895421981811523e-01 2.577184736728668213e-01 -3.869155943393707275e-01 -3.838753998279571533e-01 -3.645558929443359375e+01 0.000000000000000000e+00 -1.509041991084814072e-02 0.000000000000000000e+00 5.000000000000000000e+01 0.000000000000000000e+00
4.182895421981811523e-01 2.577184736728668213e-01 -3.869155943393707275e-01 -3.838753998279571533e-01 -3.645558929443359375e+01 0.000000000000000000e+00 -1.509041991084814072e-02 0.000000000000000000e+00 5.000000000000000000e+01 0.000000000000000000e+00
4.182895421981811523e-01 2.577184736728668213e-01 -3.869155943393707275e-01 -3.838753998279571533e-01 -3.645558929443359375e+01 0.000000000000000000e+00 -1.509041991084814072e-02 0.000000000000000000e+00 5.000000000000000000e+01 0.000000000000000000e+00
4.182895421981811523e-01 2.577184736728668213e-01 -3.869155943393707275e-01 -3.838753998279571533e-01 -3.645558929443359375e+01 0.000000000000000000e+00 -1.509041991084814072e-02 0.000000000000000000e+00 5.000000000000000000e+01 0.000000000000000000e+00
4.182895421981811523e-01 2.577184736728668213e-01 -3.869155943393707275e-01 -3.838753998279571533e-01 -3.645558929443359375e+01 0.000000000000000000e+00 -1.509041991084814072e-02 0.000000000000000000e+00 5.000000000000000000e+01 0.000000000000000000e+00
4.182895421981811523e-01 2.577184736728668213e-01 -3.869155943393707275e-01 -3.838753998279571533e-01 -3.645558929443359375e+01 0.000000000000000000e+00 -1.509041991084814072e-02 0.000000000000000000e+00 5.000000000000000000e+01 0.000000000000000000e+00
4.182895421981811523e-01 2.577184736728668213e-01 -3.869155943393707275e-01 -3.838753998279571533e-01 -3.645558929443359375e+01 0.000000000000000000e+00 -1.509041991084814072e-02 0.000000000000000000e+00 5.000000000000000000e+01 0.000000000000000000e+00
4.182895421981811523e-01 2.577184736728668213e-01 -3.869155943393707275e-01 -3.838753998279571533e-01 -3.645558929443359375e+01 0.000000000000000000e+00 -1.509041991084814072e-02 0.000000000000000000e+00 5.000000000000000000e+01 0.000000000000000000e+00
4.182895421981811523e-01 2.577184736728668213e-01 -3.869155943393707275e-01 -3.838753998279571533e-01 -3.645558929443359375e+01 0.000000000000000000e+00 -1.509041991084814072e-02 0.000000000000000000e+00 5.000000000000000000e+01 0.000000000000000000e+00
4.182895421981811523e-01 2.577184736728668213e-01 -3.869155943393707275e-01 -3.838753998279571533e-01 -3.645558929443359375e+01 0.000000000000000000e+00 -1.509041991084814072e-02 0.000000000000000000e+00 5.000000000000000000e+01 0.000000000000000000e+00
4.182895421981811523e-01 2.577184736728668213e-01 -3.869155943393707275e-01 -3.838753998279571533e-01 -3.645558929443359375e+01 0.000000000000000000e+00 -1.509041991084814072e-02 0.000000000000000000e+00 5.000000000000000000e+01 0.000000000000000000e+00
4.182895421981811523e-01 2.577184736728668213e-01 -3.869155943393707275e-01 -3.838753998279571533e-01 -3.645558929443359375e+01 0.000000000000000000e+00 -1.509041991084814072e-02 0.000000000000000000e+00 5.000000000000000000e+01 0.000000000000000000e+00
4.182895421981811523e-01 2.577184736728668213e-01 -3.869155943393707275e-01 -3.838753998279571533e-01 -3.645558929443359375e+01 0.000000000000000000e+00 -1.509041991084814072e-02 0.000000000000000000e+00 5.000000000000000000e+01 0.000000000000000000e+00
4.182895421981811523e-01 2.577184736728668213e-01 -3.869155943393707275e-01 -3.838753998279571533e-01 -3.645558929443359375e+01 0.000000000000000000e+00 -1.509041991084814072e-02 0.000000000000000000e+00 5.000000000000000000e+01 0.000000000000000000e+00
4.182895421981811523e-01 2.577184736728668213e-01 -3.869155943393707275e-01 -3.838753998279571533e-01 -3.645558929443359375e+01 0.000000000000000000e+00 -1.509041991084814072e-02 0.000000000000000000e+00 5.000000000000000000e+01 0.000000000000000000e+00
4.182895421981811523e-01 2.577184736728668213e-01 -3.869155943393707275e-01 -3.838753998279571533e-01 -3.645558929443359375e+01 0.000000000000000000e+00 -1.509041991084814072e-02 0.000000000000000000e+00 5.000000000000000000e+01 0.000000000000000000e+00
4.182895421981811523e-01 2.577184736728668213e-01 -3.869155943393707275e-01 -3.838753998279571533e-01 -3.645558929443359375e+01 0.000000000000000000e+00 -1.509041991084814072e-02 0.000000000000000000e+00 5.000000000000000000e+01 0.000000000000000000e+00
4.182895421981811523e-01 2.577184736728668213e-01 -3.869155943393707275e-01 -3.838753998279571533e-01 -3.645558929443359375e+01 0.000000000000000000e+00 -1.509041991084814072e-02 0.000000000000000000e+00 5.000000000000000000e+01 0.000000000000000000e+00
4.182895421981811523e-01 2.577184736728668213e-01 -3.869155943393707275e-01 -3.838753998279571533e-01 -3.645558929443359375e+01 0.000000000000000000e+00 -1.509041991084814072e-02 0.000000000000000000e+00 5.000000000000000000e+01 0.000000000000000000e+00
4.182895421981811523e-01 2.577184736728668213e-01 -3.869155943393707275e-01 -3.838753998279571533e-01 -3.645558929443359375e+01 0.000000000000000000e+00 -1.509041991084814072e-02 0.000000000000000000e+00 5.000000000000000000e+01 0.000000000000000000e+00
4.182895421981811523e-01 2.577184736728668213e-01 -3.869155943393707275e-01 -3.838753998279571533e-01 -3.645558929443359375e+01 0.000000000000000000e+00 -1.509041991084814072e-02 0.000000000000000000e+00 5.000000000000000000e+01 0.000000000000000000e+00
4.182895421981811523e-01 2.577184736728668213e-01 -3.869155943393707275e-01 -3.838753998279571533e-01 -3.645558929443359375e+01 0.000000000000000000e+00 -1.509041991084814072e-02 0.000000000000000000e+00 5.000000000000000000e+01 0.000000000000000000e+00
4.182895421981811523e-01 2.577184736728668213e-01 -3.869155943393707275e-01 -3.838753998279571533e-01 -3.645558929443359375e+01 0.000000000000000000e+00 -1.509041991084814072e-02 0.000000000000000000e+00 5.000000000000000000e+01 0.000000000000000000e+00
4.182895421981811523e-01 2.577184736728668213e-01 -3.869155943393707275e-01 -3.838753998279571533e-01 -3.645558929443359375e+01 0.000000000000000000e+00 -1.509041991084814072e-02 0.000000000000000000e+00 5.000000000000000000e+01 0.000000000000000000e+00
4.182895421981811523e-01 2.577184736728668213e-01 -3.869155943393707275e-01 -3.838753998279571533e-01 -3.645558929443359375e+01 0.000000000000000000e+00 -1.509041991084814072e-02 0.000000000000000000e+00 5.000000000000000000e+01 0.000000000000000000e+00
4.182895421981811523e-01 2.577184736728668213e-01 -3.869155943393707275e-01 -3.838753998279571533e-01 -3.645558929443359375e+01 0.000000000000000000e+00 -1.509041991084814072e-02 0.000000000000000000e+00 5.000000000000000000e+01 0.000000000000000000e+00
4.182895421981811523e-01 2.577184736728668213e-01 -3.869155943393707275e-01 -3.838753998279571533e-01 -3.645558929443359375e+01 0.000000000000000000e+00 -1.509041991084814072e-02 0.000000000000000000e+00 5.000000000000000000e+01 0.000000000000000000e+00
4.182895421981811523e-01 2.577184736728668213e-01 -3.869155943393707275e-01 -3.838753998279571533e-01 -3.645558929443359375e+01 0.000000000000000000e+00 -1.509041991084814072e-02 0.000000000000000000e+00 5.000000000000000000e+01 0.000000000000000000e+00
4.182895421981811523e-01 2.577184736728668213e-01 -3.869155943393707275e-01 -3.838753998279571533e-01 -3.645558929443359375e+01 0.000000000000000000e+00 -1.509041991084814072e-02 0.000000000000000000e+00 5.000000000000000000e+01 0.000000000000000000e+00
4.182895421981811523e-01 2.577184736728668213e-01 -3.869155943393707275e-01 -3.838753998279571533e-01 -3.645558929443359375e+01 0.000000000000000000e+00 -1.509041991084814072e-02 0.000000000000000000e+00 5.000000000000000000e+01 0.000000000000000000e+00
4.182895421981811523e-01 2.577184736728668213e-01 -3.869155943393707275e-01 -3.838753998279571533e-01 -3.645558929443359375e+01 0.000000000000000000e+00 -1.509041991084814072e-02 0.000000000000000000e+00 5.000000000000000000e+01 0.000000000000000000e+00
4.182895421981811523e-01 2.577184736728668213e-01 -3.869155943393707275e-01 -3.838753998279571533e-01 -3.645558929443359375e+01 0.000000000000000000e+00 -1.509041991084814072e-02 0.000000000000000000e+00 5.000000000000000000e+01 0.000000000000000000e+00
4.182895421981811523e-01 2.577184736728668213e-01 -3.869155943393707275e-01 -3.838753998279571533e-01 -3.645558929443359375e+01 0.000000000000000000e+00 -1.509041991084814072e-02 0.000000000000000000e+00 5.000000000000000000e+01 0.000000000000000000e+00
4.182895421981811523e-01 2.577184736728668213e-01 -3.869155943393707275e-01 -3.838753998279571533e-01 -3.645558929443359375e+01 0.000000000000000000e+00 -1.509041991084814072e-02 0.000000000000000000e+00 5.000000000000000000e+01 0.000000000000000000e+00
4.182895421981811523e-01 2.577184736728668213e-01 -3.869155943393707275e-01 -3.838753998279571533e-01 -3.645558929443359375e+01 0.000000000000000000e+00 -1.509041991084814072e-02 0.000000000000000000e+00 5.000000000000000000e+01 0.000000000000000000e+00
4.182895421981811523e-01 2.577184736728668213e-01 -3.869155943393707275e-01 -3.838753998279571533e-01 -3.645558929443359375e+01 0.000000000000000000e+00 -1.509041991084814072e-02 0.000000000000000000e+00 5.000000000000000000e+01 0.000000000000000000e+00
4.182895421981811523e-01 2.577184736728668213e-01 -3.869155943393707275e-01 -3.838753998279571533e-01 -3.645558929443359375e+01 0.000000000000000000e+00 -1.509041991084814072e-02 0.000000000000000000e+00 5.000000000000000000e+01 0.000000000000000000e+00
4.182895421981811523e-01 2.577184736728668213e-01 -3.869155943393707275e-01 -3.838753998279571533e-01 -3.645558929443359375e+01 0.000000000000000000e+00 -1.509041991084814072e-02 0.000000000000000000e+00 5.000000000000000000e+01 0.000000000000000000e+00
4.182895421981811523e-01 2.577184736728668213e-01 -3.869155943393707275e-01 -3.838753998279571533e-01 -3.645558929443359375e+01 0.000000000000000000e+00 -1.509041991084814072e-02 0.000000000000000000e+00 5.000000000000000000e+01 0.000000000000000000e+00
4.182895421981811523e-01 2.577184736728668213e-01 -3.869155943393707275e-01 -3.838753998279571533e-01 -3.645558929443359375e+01 0.000000000000000000e+00 -1.509041991084814072e-02 0.000000000000000000e+00 5.000000000000000000e+01 0.000000000000000000e+00
4.182895421981811523e-01 2.577184736728668213e-01 -3.869155943393707275e-01 -3.838753998279571533e-01 -3.645558929443359375e+01 0.000000000000000000e+00 -1.509041991084814072e-02 0.000000000000000000e+00 5.000000000000000000e+01 0.000000000000000000e+00
4.182895421981811523e-01 2.577184736728668213e-01 -3.869155943393707275e-01 -3.838753998279571533e-01 -3.645558929443359375e+01 0.000000000000000000e+00 -1.509041991084814072e-02 0.000000000000000000e+00 5.000000000000000000e+01 0.000000000000000000e+00
4.182895421981811523e-01 2.577184736728668213e-01 -3.869155943393707275e-01 -3.838753998279571533e-01 -3.645558929443359375e+01 0.000000000000000000e+00 -1.509041991084814072e-02 0.000000000000000000e+00 5.000000000000000000e+01 0.000000000000000000e+00
4.182895421981811523e-01 2.577184736728668213e-01 -3.869155943393707275e-01 -3.838753998279571533e-01 -3.645558929443359375e+01 0.000000000000000000e+00 -1.509041991084814072e-02 0.000000000000000000e+00 5.000000000000000000e+01 0.000000000000000000e+00
4.182895421981811523e-01 2.577184736728668213e-01 -3.869155943393707275e-01 -3.838753998279571533e-01 -3.645558929443359375e+01 0.000000000000000000e+00 -1.509041991084814072e-02 0.000000000000000000e+00 5.000000000000000000e+01 0.000000000000000000e+00
4.182895421981811523e-01 2.577184736728668213e-01 -3.869155943393707275e-01 -3.838753998279571533e-01 -3.645558929443359375e+01 0.000000000000000000e+00 -1.509041991084814072e-02 0.000000000000000000e+00 5.000000000000000000e+01 0.000000000000000000e+00
4.182895421981811523e-01 2.577184736728668213e-01 -3.869155943393707275e-01 -3.838753998279571533e-01 -3.645558929443359375e+01 0.000000000000000000e+00 -1.509041991084814072e-02 0.000000000000000000e+00 5.000000000000000000e+01 0.000000000000000000e+00
4.182895421981811523e-01 2.577184736728668213e-01 -3.869155943393707275e-01 -3.838753998279571533e-01 -3.645558929443359375e+01 0.000000000000000000e+00 -1.509041991084814072e-02 0.000000000000000000e+00 5.000000000000000000e+01 0.000000000000000000e+00
4.182895421981811523e-01 2.577184736728668213e-01 -3.869155943393707275e-01 -3.838753998279571533e-01 -3.645558929443359375e+01 0.000000000000000000e+00 -1.509041991084814072e-02 0.000000000000000000e+00 5.000000000000000000e+01 0.000000000000000000e+00
4.182895421981811523e-01 2.577184736728668213e-01 -3.869155943393707275e-01 -3.838753998279571533e-01 -3.645558929443359375e+01 0.000000000000000000e+00 -1.509041991084814072e-02 0.000000000000000000e+00 5.000000000000000000e+01 0.000000000000000000e+00
4.182895421981811523e-01 2.577184736728668213e-01 -3.869155943393707275e-01 -3.838753998279571533e-01 -3.645558929443359375e+01 0.000000000000000000e+00 -1.509041991084814072e-02 0.000000000000000000e+00 5.000000000000000000e+01 0.000000000000000000e+00
4.182895421981811523e-01 2.577184736728668213e-01 -3.869155943393707275e-01 -3.838753998279571533e-01 -3.645558929443359375e+01 0.000000000000000000e+00 -1.509041991084814072e-02 0.000000000000000000e+00 5.000000000000000000e+01 0.000000000000000000e+00
4.182895421981811523e-01 2.577184736728668213e-01 -3.869155943393707275e-01 -3.838753998279571533e-01 -3.645558929443359375e+01 0.000000000000000000e+00 -1.509041991084814072e-02 0.000000000000000000e+00 5.000000000000000000e+01 0.000000000000000000e+00
4.182895421981811523e-01 2.577184736728668213e-01 -3.869155943393707275e-01 -3.838753998279571533e-01 -3.645558929443359375e+01 0.000000000000000000e+00 -1.509041991084814072e-02 0.000000000000000000e+00 5.000000000000000000e+01 0.000000000000000000e+00
4.182895421981811523e-01 2.577184736728668213e-01 -3.869155943393707275e-01 -3.838753998279571533e-01 -3.645558929443359375e+01 0.000000000000000000e+00 -1.509041991084814072e-02 0.000000000000000000e+00 5.000000000000000000e+01 0.000000000000000000e+00
4.182895421981811523e-01 2.577184736728668213e-01 -3.869155943393707275e-01 -3.838753998279571533e-01 -3.645558929443359375e+01 0.000000000000000000e+00 -1.509041991084814072e-02 0.000000000000000000e+00 5.000000000000000000e+01 0.000000000000000000e+00
