4.249864816665649414e-01 2.037880420684814453e-01 -5.298686027526855469e-01 -5.204834938049316406e-01 -1.843971710205078125e+02 -1.500306243896484375e+02 -7.632933557033538818e-02 -1.785993725061416626e-01 3.090000000000000000e+02 2.590000000000000000e+02
4.249864816665649414e-01 2.049686014652252197e-01 -5.272881984710693359e-01 -5.177056193351745605e-01 -1.633031158447265625e+02 -1.289365692138671875e+02 -6.759766489267349243e-02 -1.534886062145233154e-01 2.760000000000000000e+02 2.260000000000000000e+02
4.249864816665649414e-01 2.043489813804626465e-01 -5.285543203353881836e-01 -5.191635489463806152e-01 -1.481932067871093750e+02 -1.138266525268554688e+02 -6.134307011961936951e-02 -1.355014592409133911e-01 2.520000000000000000e+02 2.020000000000000000e+02
4.249864816665649414e-01 2.045274376869201660e-01 -5.281604528427124023e-01 -5.187436342239379883e-01 -1.419535827636718750e+02 -1.075870437622070312e+02 -5.876024067401885986e-02 -1.280737072229385376e-01 2.410000000000000000e+02 1.910000000000000000e+02
4.249864816665649414e-01 2.047924548387527466e-01 -5.275817513465881348e-01 -5.181200504302978516e-01 -1.333182830810546875e+02 -9.895173645019531250e+01 -5.518574640154838562e-02 -1.177940741181373596e-01 2.270000000000000000e+02 1.770000000000000000e+02
4.249864816665649414e-01 2.050694227218627930e-01 -5.269342064857482910e-01 -5.174683332443237305e-01 -1.282163848876953125e+02 -9.384983062744140625e+01 -5.307386815547943115e-02 -1.117206662893295288e-01 2.190000000000000000e+02 1.690000000000000000e+02
4.249864816665649414e-01 2.052787989377975464e-01 -5.264814496040344238e-01 -5.169757008552551270e-01 -1.248467712402343750e+02 -9.048023223876953125e+01 -5.167905241250991821e-02 -1.077094301581382751e-01 2.130000000000000000e+02 1.630000000000000000e+02
4.249864816665649414e-01 2.052795886993408203e-01 -5.264793038368225098e-01 -5.169738531112670898e-01 -1.242422332763671875e+02 -8.987568664550781250e+01 -5.142880976200103760e-02 -1.069897636771202087e-01 2.120000000000000000e+02 1.620000000000000000e+02
4.249864816665649414e-01 2.085282057523727417e-01 -5.188523530960083008e-01 -5.093297958374023438e-01 -1.178923645019531250e+02 -8.352581787109375000e+01 -4.880034551024436951e-02 -9.943075478076934814e-02 2.020000000000000000e+02 1.520000000000000000e+02
4.249864816665649414e-01 2.085893601179122925e-01 -5.186891555786132812e-01 -5.091859102249145508e-01 -1.148106002807617188e+02 -8.044406127929687500e+01 -4.752467945218086243e-02 -9.576217830181121826e-02 1.970000000000000000e+02 1.470000000000000000e+02
4.249864816665649414e-01 2.086461037397384644e-01 -5.185452699661254883e-01 -5.090523958206176758e-01 -1.128290939331054688e+02 -7.846253967285156250e+01 -4.670445621013641357e-02 -9.340333193540573120e-02 1.940000000000000000e+02 1.440000000000000000e+02
4.249864816665649414e-01 2.110046595335006714e-01 -5.125650763511657715e-01 -5.035026669502258301e-01 -9.724110412597656250e+01 -6.287454986572265625e+01 -4.025196656584739685e-02 -7.484708726406097412e-02 1.680000000000000000e+02 1.180000000000000000e+02
4.249864816665649414e-01 2.128858566284179688e-01 -5.083050727844238281e-01 -4.990761578083038330e-01 -8.484494781494140625e+01 -5.047840118408203125e+01 -3.512070327997207642e-02 -6.009047105908393860e-02 1.480000000000000000e+02 9.800000000000000000e+01
4.249864816665649414e-01 2.221527844667434692e-01 -4.857279956340789795e-01 -4.772709310054779053e-01 -7.609650421142578125e+01 -4.172995758056640625e+01 -3.149937465786933899e-02 -4.967615380883216858e-02 1.330000000000000000e+02 8.300000000000000000e+01
4.249864816665649414e-01 2.266213595867156982e-01 -4.752620458602905273e-01 -4.667563140392303467e-01 -6.739416503906250000e+01 -3.302761840820312500e+01 -2.789712883532047272e-02 -3.931671753525733948e-02 1.160000000000000000e+02 6.600000000000000000e+01
4.249864816665649414e-01 2.328265458345413208e-01 -4.607240855693817139e-01 -4.521554112434387207e-01 -6.291629028320312500e+01 -2.854974746704101562e+01 -2.604355849325656891e-02 -3.398617357015609741e-02 1.070000000000000000e+02 5.700000000000000000e+01
4.249864816665649414e-01 2.349612712860107422e-01 -4.554202556610107422e-01 -4.471323788166046143e-01 -6.078931808471679688e+01 -2.642277526855468750e+01 -2.516311965882778168e-02 -3.145418688654899597e-02 1.030000000000000000e+02 5.300000000000000000e+01
4.249864816665649414e-01 2.407815903425216675e-01 -4.415401816368103027e-01 -4.334370493888854980e-01 -5.778691864013671875e+01 -2.342037582397460938e+01 -2.392030693590641022e-02 -2.788007073104381561e-02 9.700000000000000000e+01 4.700000000000000000e+01
4.249864816665649414e-01 2.434247881174087524e-01 -4.345692098140716553e-01 -4.272175729274749756e-01 -5.635272979736328125e+01 -2.198617935180664062e+01 -2.332663908600807190e-02 -2.617277577519416809e-02 9.500000000000000000e+01 4.500000000000000000e+01
4.249864816665649414e-01 2.451360672712326050e-01 -4.307681322097778320e-01 -4.231908917427062988e-01 -5.447137451171875000e+01 -2.010483169555664062e+01 -2.254787087440490723e-02 -2.393318340182304382e-02 9.200000000000000000e+01 4.200000000000000000e+01
4.249864816665649414e-01 2.641221284866333008e-01 -3.840513825416564941e-01 -3.785164058208465576e-01 -4.511069488525390625e+01 -1.074414730072021484e+01 -1.867311261594295502e-02 -1.279004197567701340e-02 7.600000000000000000e+01 2.600000000000000000e+01
4.249864816665649414e-01 2.869191169738769531e-01 -3.272233903408050537e-01 -3.248747289180755615e-01 -4.206497573852539062e+01 -7.698429584503173828e+00 -1.741236820816993713e-02 -9.164360351860523224e-03 7.000000000000000000e+01 2.000000000000000000e+01
4.249864816665649414e-01 3.000084757804870605e-01 -2.940552532672882080e-01 -2.940752506256103516e-01 -3.864099121093750000e+01 -4.274445533752441406e+00 -1.599504612386226654e-02 -5.088382866233587265e-03 6.300000000000000000e+01 1.300000000000000000e+01
4.249864816665649414e-01 3.072881698608398438e-01 -2.777995765209197998e-01 -2.769460082054138184e-01 -3.795954513549804688e+01 -3.592999696731567383e+00 -1.571296714246273041e-02 -4.277176689356565475e-03 6.100000000000000000e+01 1.100000000000000000e+01
4.249864816665649414e-01 3.126001954078674316e-01 -2.654789388179779053e-01 -2.644467353820800781e-01 -3.718818283081054688e+01 -2.821635007858276367e+00 -1.539366971701383591e-02 -3.358929185196757317e-03 5.900000000000000000e+01 9.000000000000000000e+00
4.249864816665649414e-01 3.115178942680358887e-01 -2.683239281177520752e-01 -2.669934034347534180e-01 -3.697052764892578125e+01 -2.603979349136352539e+00 -1.530357357114553452e-02 -3.099827561527490616e-03 5.800000000000000000e+01 8.000000000000000000e+00
4.249864816665649414e-01 3.176595270633697510e-01 -2.535298168659210205e-01 -2.525420486927032471e-01 -3.610721206665039062e+01 -1.740662813186645508e+00 -1.494621299207210541e-02 -2.072118921205401421e-03 5.600000000000000000e+01 6.000000000000000000e+00
4.249864816665649414e-01 3.225564956665039062e-01 -2.407742440700531006e-01 -2.410193979740142822e-01 -3.580581283569335938e+01 -1.439265966415405273e+00 -1.482145208865404129e-02 -1.713330158963799477e-03 5.500000000000000000e+01 5.000000000000000000e+00
4.249864816665649414e-01 3.169175982475280762e-01 -2.545096874237060547e-01 -2.542878091335296631e-01 -3.616654968261718750e+01 -1.800003767013549805e+00 -1.497077569365501404e-02 -2.142759505659341812e-03 5.600000000000000000e+01 6.000000000000000000e+00
4.249864816665649414e-01 3.293363749980926514e-01 -2.266252636909484863e-01 -2.250662297010421753e-01 -3.482142639160156250e+01 -4.548816680908203125e-01 -1.441397517919540405e-02 -5.414999905042350292e-04 5.300000000000000000e+01 3.000000000000000000e+00
4.249864816665649414e-01 3.368894159793853760e-01 -2.092422246932983398e-01 -2.072938084602355957e-01 -3.452454376220703125e+01 -1.579977869987487793e-01 -1.429108344018459320e-02 -1.880836352938786149e-04 5.100000000000000000e+01 1.000000000000000000e+00
4.249864816665649414e-01 3.430925011634826660e-01 -1.950516998767852783e-01 -1.926978528499603271e-01 -3.436654663085937500e+01 0.000000000000000000e+00 -1.422568224370479584e-02 0.000000000000000000e+00 5.000000000000000000e+01 0.000000000000000000e+00
4.249864816665649414e-01 3.430925011634826660e-01 -1.950516998767852783e-01 -1.926978528499603271e-01 -3.436654663085937500e+01 0.000000000000000000e+00 -1.422568224370479584e-02 0.000000000000000000e+00 5.000000000000000000e+01 0.000000000000000000e+00
4.249864816665649414e-01 3.430925011634826660e-01 -1.950516998767852783e-01 -1.926978528499603271e-01 -3.436654663085937500e+01 0.000000000000000000e+00 -1.422568224370479584e-02 0.000000000000000000e+00 5.000000000000000000e+01 0.000000000000000000e+00
4.249864816665649414e-01 3.430925011634826660e-01 -1.950516998767852783e-01 -1.926978528499603271e-01 -3.436654663085937500e+01 0.000000000000000000e+00 -1.422568224370479584e-02 0.000000000000000000e+00 5.000000000000000000e+01 0.000000000000000000e+00
4.249864816665649414e-01 3.430925011634826660e-01 -1.950516998767852783e-01 -1.926978528499603271e-01 -3.436654663085937500e+01 0.000000000000000000e+00 -1.422568224370479584e-02 0.000000000000000000e+00 5.000000000000000000e+01 0.000000000000000000e+00
4.249864816665649414e-01 3.430925011634826660e-01 -1.950516998767852783e-01 -1.926978528499603271e-01 -3.436654663085937500e+01 0.000000000000000000e+00 -1.422568224370479584e-02 0.000000000000000000e+00 5.000000000000000000e+01 0.000000000000000000e+00
4.249864816665649414e-01 3.430925011634826660e-01 -1.950516998767852783e-01 -1.926978528499603271e-01 -3.436654663085937500e+01 0.000000000000000000e+00 -1.422568224370479584e-02 0.000000000000000000e+00 5.000000000000000000e+01 0.000000000000000000e+00
4.249864816665649414e-01 3.430925011634826660e-01 -1.950516998767852783e-01 -1.926978528499603271e-01 -3.436654663085937500e+01 0.000000000000000000e+00 -1.422568224370479584e-02 0.000000000000000000e+00 5.000000000000000000e+01 0.000000000000000000e+00
4.249864816665649414e-01 3.430925011634826660e-01 -1.950516998767852783e-01 -1.926978528499603271e-01 -3.436654663085937500e+01 0.000000000000000000e+00 -1.422568224370479584e-02 0.000000000000000000e+00 5.000000000000000000e+01 0.000000000000000000e+00
4.249864816665649414e-01 3.430925011634826660e-01 -1.950516998767852783e-01 -1.926978528499603271e-01 -3.436654663085937500e+01 0.000000000000000000e+00 -1.422568224370479584e-02 0.000000000000000000e+00 5.000000000000000000e+01 0.000000000000000000e+00
4.249864816665649414e-01 3.430925011634826660e-01 -1.950516998767852783e-01 -1.926978528499603271e-01 -3.436654663085937500e+01 0.000000000000000000e+00 -1.422568224370479584e-02 0.000000000000000000e+00 5.000000000000000000e+01 0.000000000000000000e+00
4.249864816665649414e-01 3.430925011634826660e-01 -1.950516998767852783e-01 -1.926978528499603271e-01 -3.436654663085937500e+01 0.000000000000000000e+00 -1.422568224370479584e-02 0.000000000000000000e+00 5.000000000000000000e+01 0.000000000000000000e+00
4.249864816665649414e-01 3.430925011634826660e-01 -1.950516998767852783e-01 -1.926978528499603271e-01 -3.436654663085937500e+01 0.000000000000000000e+00 -1.422568224370479584e-02 0.000000000000000000e+00 5.000000000000000000e+01 0.000000000000000000e+00
4.249864816665649414e-01 3.430925011634826660e-01 -1.950516998767852783e-01 -1.926978528499603271e-01 -3.436654663085937500e+01 0.000000000000000000e+00 -1.422568224370479584e-02 0.000000000000000000e+00 5.000000000000000000e+01 0.000000000000000000e+00
4.249864816665649414e-01 3.430925011634826660e-01 -1.950516998767852783e-01 -1.926978528499603271e-01 -3.436654663085937500e+01 0.000000000000000000e+00 -1.422568224370479584e-02 0.000000000000000000e+00 5.000000000000000000e+01 0.000000000000000000e+00
4.249864816665649414e-01 3.430925011634826660e-01 -1.950516998767852783e-01 -1.926978528499603271e-01 -3.436654663085937500e+01 0.000000000000000000e+00 -1.422568224370479584e-02 0.000000000000000000e+00 5.000000000000000000e+01 0.000000000000000000e+00
4.249864816665649414e-01 3.430925011634826660e-01 -1.950516998767852783e-01 -1.926978528499603271e-01 -3.436654663085937500e+01 0.000000000000000000e+00 -1.422568224370479584e-02 0.000000000000000000e+00 5.000000000000000000e+01 0.000000000000000000e+00
4.249864816665649414e-01 3.430925011634826660e-01 -1.950516998767852783e-01 -1.926978528499603271e-01 -3.436654663085937500e+01 0.000000000000000000e+00 -1.422568224370479584e-02 0.000000000000000000e+00 5.000000000000000000e+01 0.000000000000000000e+00
4.249864816665649414e-01 3.430925011634826660e-01 -1.950516998767852783e-01 -1.926978528499603271e-01 -3.436654663085937500e+01 0.000000000000000000e+00 -1.422568224370479584e-02 0.000000000000000000e+00 5.000000000000000000e+01 0.000000000000000000e+00
4.249864816665649414e-01 3.430925011634826660e-01 -1.950516998767852783e-01 -1.926978528499603271e-01 -3.436654663085937500e+01 0.000000000000000000e+00 -1.422568224370479584e-02 0.000000000000000000e+00 5.000000000000000000e+01 0.000000000000000000e+00
4.249864816665649414e-01 3.430925011634826660e-01 -1.950516998767852783e-01 -1.926978528499603271e-01 -3.436654663085937500e+01 0.000000000000000000e+00 -1.422568224370479584e-02 0.000000000000000000e+00 5.000000000000000000e+01 0.000000000000000000e+00
4.249864816665649414e-01 3.430925011634826660e-01 -1.950516998767852783e-01 -1.926978528499603271e-01 -3.436654663085937500e+01 0.000000000000000000e+00 -1.422568224370479584e-02 0.000000000000000000e+00 5.000000000000000000e+01 0.000000000000000000e+00
4.249864816665649414e-01 3.430925011634826660e-01 -1.950516998767852783e-01 -1.926978528499603271e-01 -3.436654663085937500e+01 0.000000000000000000e+00 -1.422568224370479584e-02 0.000000000000000000e+00 5.000000000000000000e+01 0.000000000000000000e+00
4.249864816665649414e-01 3.430925011634826660e-01 -1.950516998767852783e-01 -1.926978528499603271e-01 -3.436654663085937500e+01 0.000000000000000000e+00 -1.422568224370479584e-02 0.000000000000000000e+00 5.000000000000000000e+01 0.000000000000000000e+00
4.249864816665649414e-01 3.430925011634826660e-01 -1.950516998767852783e-01 -1.926978528499603271e-01 -3.436654663085937500e+01 0.000000000000000000e+00 -1.422568224370479584e-02 0.000000000000000000e+00 5.000000000000000000e+01 0.000000000000000000e+00
4.249864816665649414e-01 3.430925011634826660e-01 -1.950516998767852783e-01 -1.926978528499603271e-01 -3.436654663085937500e+01 0.000000000000000000e+00 -1.422568224370479584e-02 0.000000000000000000e+00 5.000000000000000000e+01 0.000000000000000000e+00
4.249864816665649414e-01 3.430925011634826660e-01 -1.950516998767852783e-01 -1.926978528499603271e-01 -3.436654663085937500e+01 0.000000000000000000e+00 -1.422568224370479584e-02 0.000000000000000000e+00 5.000000000000000000e+01 0.000000000000000000e+00
4.249864816665649414e-01 3.430925011634826660e-01 -1.950516998767852783e-01 -1.926978528499603271e-01 -3.436654663085937500e+01 0.000000000000000000e+00 -1.422568224370479584e-02 0.000000000000000000e+00 5.000000000000000000e+01 0.000000000000000000e+00
4.249864816665649414e-01 3.430925011634826660e-01 -1.950516998767852783e-01 -1.926978528499603271e-01 -3.436654663085937500e+01 0.000000000000000000e+00 -1.422568224370479584e-02 0.000000000000000000e+00 5.000000000000000000e+01 0.000000000000000000e+00
4.249864816665649414e-01 3.430925011634826660e-01 -1.950516998767852783e-01 -1.926978528499603271e-01 -3.436654663085937500e+01 0.000000000000000000e+00 -1.422568224370479584e-02 0.000000000000000000e+00 5.000000000000000000e+01 0.000000000000000000e+00
4.249864816665649414e-01 3.430925011634826660e-01 -1.950516998767852783e-01 -1.926978528499603271e-01 -3.436654663085937500e+01 0.000000000000000000e+00 -1.422568224370479584e-02 0.000000000000000000e+00 5.000000000000000000e+01 0.000000000000000000e+00
4.249864816665649414e-01 3.430925011634826660e-01 -1.950516998767852783e-01 -1.926978528499603271e-01 -3.436654663085937500e+01 0.000000000000000000e+00 -1.422568224370479584e-02 0.000000000000000000e+00 5.000000000000000000e+01 0.000000000000000000e+00
4.249864816665649414e-01 3.430925011634826660e-01 -1.950516998767852783e-01 -1.926978528499603271e-01 -3.436654663085937500e+01 0.000000000000000000e+00 -1.422568224370479584e-02 0.000000000000000000e+00 5.000000000000000000e+01 0.000000000000000000e+00
4.249864816665649414e-01 3.430925011634826660e-01 -1.950516998767852783e-01 -1.926978528499603271e-01 -3.436654663085937500e+01 0.000000000000000000e+00 -1.422568224370479584e-02 0.000000000000000000e+00 5.000000000000000000e+01 0.000000000000000000e+00
4.249864816665649414e-01 3.430925011634826660e-01 -1.950516998767852783e-01 -1.926978528499603271e-01 -3.436654663085937500e+01 0.000000000000000000e+00 -1.422568224370479584e-02 0.000000000000000000e+00 5.000000000000000000e+01 0.000000000000000000e+00
4.249864816665649414e-01 3.430925011634826660e-01 -1.950516998767852783e-01 -1.926978528499603271e-01 -3.436654663085937500e+01 0.000000000000000000e+00 -1.422568224370479584e-02 0.000000000000000000e+00 5.000000000000000000e+01 0.000000000000000000e+00
4.249864816665649414e-01 3.430925011634826660e-01 -1.950516998767852783e-01 -1.926978528499603271e-01 -3.436654663085937500e+01 0.000000000000000000e+00 -1.422568224370479584e-02 0.000000000000000000e+00 5.000000000000000000e+01 0.000000000000000000e+00
4.249864816665649414e-01 3.430925011634826660e-01 -1.950516998767852783e-01 -1.926978528499603271e-01 -3.436654663085937500e+01 0.000000000000000000e+00 -1.422568224370479584e-02 0.000000000000000000e+00 5.000000000000000000e+01 0.000000000000000000e+00
4.249864816665649414e-01 3.430925011634826660e-01 -1.950516998767852783e-01 -1.926978528499603271e-01 -3.436654663085937500e+01 0.000000000000000000e+00 -1.422568224370479584e-02 0.000000000000000000e+00 5.000000000000000000e+01 0.000000000000000000e+00
4.249864816665649414e-01 3.430925011634826660e-01 -1.950516998767852783e-01 -1.926978528499603271e-01 -3.436654663085937500e+01 0.000000000000000000e+00 -1.422568224370479584e-02 0.000000000000000000e+00 5.000000000000000000e+01 0.000000000000000000e+00
4.249864816665649414e-01 3.430925011634826660e-01 -1.950516998767852783e-01 -1.926978528499603271e-01 -3.436654663085937500e+01 0.000000000000000000e+00 -1.422568224370479584e-02 0.000000000000000000e+00 5.000000000000000000e+01 0.000000000000000000e+00
4.249864816665649414e-01 3.430925011634826660e-01 -1.950516998767852783e-01 -1.926978528499603271e-01 -3.436654663085937500e+01 0.000000000000000000e+00 -1.422568224370479584e-02 0.000000000000000000e+00 5.000000000000000000e+01 0.000000000000000000e+00
4.249864816665649414e-01 3.430925011634826660e-01 -1.950516998767852783e-01 -1.926978528499603271e-01 -3.436654663085937500e+01 0.000000000000000000e+00 -1.422568224370479584e-02 0.000000000000000000e+00 5.000000000000000000e+01 0.000000000000000000e+00
4.249864816665649414e-01 3.430925011634826660e-01 -1.950516998767852783e-01 -1.926978528499603271e-01 -3.436654663085937500e+01 0.000000000000000000e+00 -1.422568224370479584e-02 0.000000000000000000e+00 5.000000000000000000e+01 0.000000000000000000e+00
4.249864816665649414e-01 3.430925011634826660e-01 -1.950516998767852783e-01 -1.926978528499603271e-01 -3.436654663085937500e+01 0.000000000000000000e+00 -1.422568224370479584e-02 0.000000000000000000e+00 5.000000000000000000e+01 0.000000000000000000e+00
4.249864816665649414e-01 3.430925011634826660e-01 -1.950516998767852783e-01 -1.926978528499603271e-01 -3.436654663085937500e+01 0.000000000000000000e+00 -1.422568224370479584e-02 0.000000000000000000e+00 5.000000000000000000e+01 0.000000000000000000e+00
4.249864816665649414e-01 3.430925011634826660e-01 -1.950516998767852783e-01 -1.926978528499603271e-01 -3.436654663085937500e+01 0.000000000000000000e+00 -1.422568224370479584e-02 0.000000000000000000e+00 5.000000000000000000e+01 0.000000000000000000e+00
4.249864816665649414e-01 3.430925011634826660e-01 -1.950516998767852783e-01 -1.926978528499603271e-01 -3.436654663085937500e+01 0.000000000000000000e+00 -1.422568224370479584e-02 0.000000000000000000e+00 5.000000000000000000e+01 0.000000000000000000e+00
4.249864816665649414e-01 3.430925011634826660e-01 -1.950516998767852783e-01 -1.926978528499603271e-01 -3.436654663085937500e+01 0.000000000000000000e+00 -1.422568224370479584e-02 0.000000000000000000e+00 5.000000000000000000e+01 0.000000000000000000e+00
4.249864816665649414e-01 3.430925011634826660e-01 -1.950516998767852783e-01 -1.926978528499603271e-01 -3.436654663085937500e+01 0.000000000000000000e+00 -1.422568224370479584e-02 0.000000000000000000e+00 5.000000000000000000e+01 0.000000000000000000e+00
4.249864816665649414e-01 3.430925011634826660e-01 -1.950516998767852783e-01 -1.926978528499603271e-01 -3.436654663085937500e+01 0.000000000000000000e+00 -1.422568224370479584e-02 0.000000000000000000e+00 5.000000000000000000e+01 0.000000000000000000e+00
4.249864816665649414e-01 3.430925011634826660e-01 -1.950516998767852783e-01 -1.926978528499603271e-01 -3.436654663085937500e+01 0.000000000000000000e+00 -1.422568224370479584e-02 0.000000000000000000e+00 5.000000000000000000e+01 0.000000000000000000e+00
4.249864816665649414e-01 3.430925011634826660e-01 -1.950516998767852783e-01 -1.926978528499603271e-01 -3.436654663085937500e+01 0.000000000000000000e+00 -1.422568224370479584e-02 0.000000000000000000e+00 5.000000000000000000e+01 0.000000000000000000e+00
4.249864816665649414e-01 3.430925011634826660e-01 -1.950516998767852783e-01 -1.926978528499603271e-01 -3.436654663085937500e+01 0.000000000000000000e+00 -1.422568224370479584e-02 0.000000000000000000e+00 5.000000000000000000e+01 0.000000000000000000e+00
4.249864816665649414e-01 3.430925011634826660e-01 -1.950516998767852783e-01 -1.926978528499603271e-01 -3.436654663085937500e+01 0.000000000000000000e+00 -1.422568224370479584e-02 0.000000000000000000e+00 5.000000000000000000e+01 0.000000000000000000e+00
4.249864816665649414e-01 3.430925011634826660e-01 -1.950516998767852783e-01 -1.926978528499603271e-01 -3.436654663085937500e+01 0.000000000000000000e+00 -1.422568224370479584e-02 0.000000000000000000e+00 5.000000000000000000e+01 0.000000000000000000e+00
4.249864816665649414e-01 3.430925011634826660e-01 -1.950516998767852783e-01 -1.926978528499603271e-01 -3.436654663085937500e+01 0.000000000000000000e+00 -1.422568224370479584e-02 0.000000000000000000e+00 5.000000000000000000e+01 0.000000000000000000e+00
4.249864816665649414e-01 3.430925011634826660e-01 -1.950516998767852783e-01 -1.926978528499603271e-01 -3.436654663085937500e+01 0.000000000000000000e+00 -1.422568224370479584e-02 0.000000000000000000e+00 5.000000000000000000e+01 0.000000000000000000e+00
4.249864816665649414e-01 3.430925011634826660e-01 -1.950516998767852783e-01 -1.926978528499603271e-01 -3.436654663085937500e+01 0.000000000000000000e+00 -1.422568224370479584e-02 0.000000000000000000e+00 5.000000000000000000e+01 0.000000000000000000e+00
4.249864816665649414e-01 3.430925011634826660e-01 -1.950516998767852783e-01 -1.926978528499603271e-01 -3.436654663085937500e+01 0.000000000000000000e+00 -1.422568224370479584e-02 0.000000000000000000e+00 5.000000000000000000e+01 0.000000000000000000e+00
