4.761803448200225830e-01 7.545796632766723633e-01 5.878220796585083008e-01 5.846509933471679688e-01 -1.203072814941406250e+02 -9.676335144042968750e+01 -4.979997500777244568e-02 -1.383918523788452148e-01 2.650000000000000000e+02 2.150000000000000000e+02
4.761803448200225830e-01 6.952744722366333008e-01 4.687388241291046143e-01 4.601074457168579102e-01 -6.400447082519531250e+01 -4.046053695678710938e+01 -2.649400010704994202e-02 -5.786704272031784058e-02 1.500000000000000000e+02 1.000000000000000000e+02
4.761803448200225830e-01 6.880635619163513184e-01 4.565449059009552002e-01 4.449642300605773926e-01 -6.155121994018554688e+01 -3.800728225708007812e+01 -2.547850087285041809e-02 -5.435837432742118835e-02 1.460000000000000000e+02 9.600000000000000000e+01
4.761803448200225830e-01 6.847416758537292480e-01 4.500246644020080566e-01 4.379881024360656738e-01 -6.057756805419921875e+01 -3.703363418579101562e+01 -2.507546730339527130e-02 -5.296585336327552795e-02 1.420000000000000000e+02 9.200000000000000000e+01
4.761803448200225830e-01 6.808090806007385254e-01 4.425822496414184570e-01 4.297294914722442627e-01 -5.987503433227539062e+01 -3.633110046386718750e+01 -2.478466182947158813e-02 -5.196108296513557434e-02 1.410000000000000000e+02 9.100000000000000000e+01
4.761803448200225830e-01 6.819950938224792480e-01 4.449716508388519287e-01 4.322201609611511230e-01 -5.958338165283203125e+01 -3.603944396972656250e+01 -2.466393448412418365e-02 -5.154395103454589844e-02 1.400000000000000000e+02 9.000000000000000000e+01
4.761803448200225830e-01 6.768737435340881348e-01 4.350146651268005371e-01 4.214650988578796387e-01 -5.922673034667968750e+01 -3.568279647827148438e+01 -2.451630309224128723e-02 -5.103387311100959778e-02 1.400000000000000000e+02 9.000000000000000000e+01
4.761803448200225830e-01 6.739844083786010742e-01 4.281866252422332764e-01 4.153973758220672607e-01 -5.915917205810546875e+01 -3.561523437500000000e+01 -2.448833733797073364e-02 -5.093724280595779419e-02 1.390000000000000000e+02 8.900000000000000000e+01
4.761803448200225830e-01 6.737713217735290527e-01 4.269468486309051514e-01 4.149498939514160156e-01 -5.820720291137695312e+01 -3.466326904296875000e+01 -2.409427985548973083e-02 -4.957573488354682922e-02 1.360000000000000000e+02 8.600000000000000000e+01
4.761803448200225830e-01 6.738377809524536133e-01 4.262744784355163574e-01 4.150894582271575928e-01 -5.760055541992187500e+01 -3.405662155151367188e+01 -2.384316362440586090e-02 -4.870809987187385559e-02 1.360000000000000000e+02 8.600000000000000000e+01
4.761803448200225830e-01 6.706602573394775391e-01 4.200260043144226074e-01 4.084165096282958984e-01 -5.740428161621093750e+01 -3.386034393310546875e+01 -2.376191876828670502e-02 -4.842738434672355652e-02 1.340000000000000000e+02 8.400000000000000000e+01
4.761803448200225830e-01 6.676586866378784180e-01 4.117933511734008789e-01 4.021130800247192383e-01 -5.369570159912109375e+01 -3.015176391601562500e+01 -2.222678996622562408e-02 -4.312333837151527405e-02 1.280000000000000000e+02 7.800000000000000000e+01
4.761803448200225830e-01 6.499350666999816895e-01 3.720032870769500732e-01 3.648926913738250732e-01 -4.927060317993164062e+01 -2.572666931152343750e+01 -2.039506472647190094e-02 -3.679452463984489441e-02 1.160000000000000000e+02 6.600000000000000000e+01
4.761803448200225830e-01 6.457800865173339844e-01 3.626594841480255127e-01 3.561670482158660889e-01 -4.899016952514648438e+01 -2.544623184204101562e+01 -2.027898281812667847e-02 -3.639344125986099243e-02 1.130000000000000000e+02 6.300000000000000000e+01
4.761803448200225830e-01 6.455368399620056152e-01 3.647233545780181885e-01 3.556562066078186035e-01 -4.753401184082031250e+01 -2.399007797241210938e+01 -1.967622153460979462e-02 -3.431083634495735168e-02 1.100000000000000000e+02 6.000000000000000000e+01
4.761803448200225830e-01 6.507596373558044434e-01 3.744743168354034424e-01 3.666243255138397217e-01 -4.731069183349609375e+01 -2.376675415039062500e+01 -1.958378031849861145e-02 -3.399143740534782410e-02 1.100000000000000000e+02 6.000000000000000000e+01
4.761803448200225830e-01 6.492742300033569336e-01 3.711030483245849609e-01 3.635048866271972656e-01 -4.644510269165039062e+01 -2.290116310119628906e+01 -1.922547817230224609e-02 -3.275346010923385620e-02 1.080000000000000000e+02 5.800000000000000000e+01
4.761803448200225830e-01 6.507880091667175293e-01 3.751851916313171387e-01 3.666839003562927246e-01 -4.470472717285156250e+01 -2.116078948974609375e+01 -1.850506663322448730e-02 -3.026436083018779755e-02 1.040000000000000000e+02 5.400000000000000000e+01
4.761803448200225830e-01 6.450037956237792969e-01 3.636766672134399414e-01 3.545368015766143799e-01 -4.411817169189453125e+01 -2.057423400878906250e+01 -1.826226897537708282e-02 -2.942546270787715912e-02 1.030000000000000000e+02 5.300000000000000000e+01
4.761803448200225830e-01 6.450037956237792969e-01 3.636766374111175537e-01 3.545368015766143799e-01 -4.411817169189453125e+01 -2.057423400878906250e+01 -1.826226897537708282e-02 -2.942546270787715912e-02 1.030000000000000000e+02 5.300000000000000000e+01
4.761803448200225830e-01 6.370788216590881348e-01 3.495644330978393555e-01 3.378939926624298096e-01 -4.077218627929687500e+01 -1.722824859619140625e+01 -1.687723211944103241e-02 -2.464000321924686432e-02 9.400000000000000000e+01 4.400000000000000000e+01
4.761803448200225830e-01 6.368775963783264160e-01 3.468131124973297119e-01 3.374713957309722900e-01 -3.962935638427734375e+01 -1.608541679382324219e+01 -1.640416868031024933e-02 -2.300551533699035645e-02 9.500000000000000000e+01 4.500000000000000000e+01
4.761803448200225830e-01 6.319786906242370605e-01 3.359693586826324463e-01 3.271834850311279297e-01 -3.901692581176757812e+01 -1.547298812866210938e+01 -1.615065895020961761e-02 -2.212961390614509583e-02 9.300000000000000000e+01 4.300000000000000000e+01
4.761803448200225830e-01 6.225678324699401855e-01 3.151368200778961182e-01 3.074202537536621094e-01 -3.809494018554687500e+01 -1.455100631713867188e+01 -1.576901227235794067e-02 -2.081098593771457672e-02 9.000000000000000000e+01 4.000000000000000000e+01
4.761803448200225830e-01 6.206864714622497559e-01 3.105338811874389648e-01 3.034693300724029541e-01 -3.767818832397460938e+01 -1.413425254821777344e+01 -1.559650246053934097e-02 -2.021494135260581970e-02 8.900000000000000000e+01 3.900000000000000000e+01
4.761803448200225830e-01 5.924968719482421875e-01 2.518742978572845459e-01 2.442699074745178223e-01 -3.586693191528320312e+01 -1.232299613952636719e+01 -1.484675146639347076e-02 -1.762446574866771698e-02 8.500000000000000000e+01 3.500000000000000000e+01
4.761803448200225830e-01 5.811587572097778320e-01 2.293339818716049194e-01 2.204593569040298462e-01 -3.415615463256835938e+01 -1.061221694946289062e+01 -1.413859240710735321e-02 -1.517769228667020798e-02 8.300000000000000000e+01 3.300000000000000000e+01
4.761803448200225830e-01 5.914694666862487793e-01 2.522248625755310059e-01 2.421123087406158447e-01 -3.375119018554687500e+01 -1.020725250244140625e+01 -1.397096179425716400e-02 -1.459850836545228958e-02 8.200000000000000000e+01 3.200000000000000000e+01
4.761803448200225830e-01 5.780302286148071289e-01 2.234321236610412598e-01 2.138893008232116699e-01 -3.249163436889648438e+01 -8.947696685791015625e+00 -1.344958133995532990e-02 -1.279707998037338257e-02 7.800000000000000000e+01 2.800000000000000000e+01
4.761803448200225830e-01 5.081697106361389160e-01 7.607509195804595947e-02 6.717909872531890869e-02 -2.702244949340820312e+01 -3.478512287139892578e+00 -1.118566840887069702e-02 -4.975000862032175064e-03 6.800000000000000000e+01 1.800000000000000000e+01
4.761803448200225830e-01 4.852696955204010010e-01 2.643066830933094025e-02 1.908804289996623993e-02 -2.439978218078613281e+01 -8.558464646339416504e-01 -1.010004151612520218e-02 -1.224039704538881779e-03 5.900000000000000000e+01 9.000000000000000000e+00
4.761803448200225830e-01 4.775951802730560303e-01 1.114051789045333862e-02 2.971217734739184380e-03 -2.408608627319335938e+01 -5.421513319015502930e-01 -9.970190003514289856e-03 -7.753899553790688515e-04 5.500000000000000000e+01 5.000000000000000000e+00
4.761803448200225830e-01 4.737580120563507080e-01 2.501428592950105667e-03 -5.087006837129592896e-03 -2.371901702880859375e+01 -1.750807166099548340e-01 -9.818245656788349152e-03 -2.504020812921226025e-04 5.200000000000000000e+01 2.000000000000000000e+00
4.761803448200225830e-01 4.721809625625610352e-01 -1.518838340416550636e-03 -8.398881182074546814e-03 -2.364422225952148438e+01 -1.002845168113708496e-01 -9.787285700440406799e-03 -1.434278674423694611e-04 5.100000000000000000e+01 1.000000000000000000e+00
4.761803448200225830e-01 4.721809625625610352e-01 -1.518838340416550636e-03 -8.398881182074546814e-03 -2.364422225952148438e+01 -1.002845168113708496e-01 -9.787285700440406799e-03 -1.434278674423694611e-04 5.100000000000000000e+01 1.000000000000000000e+00
4.761803448200225830e-01 4.721809625625610352e-01 -1.518838340416550636e-03 -8.398881182074546814e-03 -2.364422225952148438e+01 -1.002845168113708496e-01 -9.787285700440406799e-03 -1.434278674423694611e-04 5.100000000000000000e+01 1.000000000000000000e+00
4.761803448200225830e-01 4.637969136238098145e-01 -2.343408577144145966e-02 -2.600575797259807587e-02 -2.354393768310546875e+01 0.000000000000000000e+00 -9.745773859322071075e-03 0.000000000000000000e+00 5.000000000000000000e+01 0.000000000000000000e+00
4.761803448200225830e-01 4.637969136238098145e-01 -2.343408577144145966e-02 -2.600575797259807587e-02 -2.354393768310546875e+01 0.000000000000000000e+00 -9.745773859322071075e-03 0.000000000000000000e+00 5.000000000000000000e+01 0.000000000000000000e+00
4.761803448200225830e-01 4.637969136238098145e-01 -2.343408577144145966e-02 -2.600575797259807587e-02 -2.354393768310546875e+01 0.000000000000000000e+00 -9.745773859322071075e-03 0.000000000000000000e+00 5.000000000000000000e+01 0.000000000000000000e+00
4.761803448200225830e-01 4.637969136238098145e-01 -2.343408577144145966e-02 -2.600575797259807587e-02 -2.354393768310546875e+01 0.000000000000000000e+00 -9.745773859322071075e-03 0.000000000000000000e+00 5.000000000000000000e+01 0.000000000000000000e+00
4.761803448200225830e-01 4.637969136238098145e-01 -2.343408577144145966e-02 -2.600575797259807587e-02 -2.354393768310546875e+01 0.000000000000000000e+00 -9.745773859322071075e-03 0.000000000000000000e+00 5.000000000000000000e+01 0.000000000000000000e+00
4.761803448200225830e-01 4.637969136238098145e-01 -2.343408577144145966e-02 -2.600575797259807587e-02 -2.354393768310546875e+01 0.000000000000000000e+00 -9.745773859322071075e-03 0.000000000000000000e+00 5.000000000000000000e+01 0.000000000000000000e+00
4.761803448200225830e-01 4.637969136238098145e-01 -2.343408577144145966e-02 -2.600575797259807587e-02 -2.354393768310546875e+01 0.000000000000000000e+00 -9.745773859322071075e-03 0.000000000000000000e+00 5.000000000000000000e+01 0.000000000000000000e+00
4.761803448200225830e-01 4.637969136238098145e-01 -2.343408577144145966e-02 -2.600575797259807587e-02 -2.354393768310546875e+01 0.000000000000000000e+00 -9.745773859322071075e-03 0.000000000000000000e+00 5.000000000000000000e+01 0.000000000000000000e+00
4.761803448200225830e-01 4.637969136238098145e-01 -2.343408577144145966e-02 -2.600575797259807587e-02 -2.354393768310546875e+01 0.000000000000000000e+00 -9.745773859322071075e-03 0.000000000000000000e+00 5.000000000000000000e+01 0.000000000000000000e+00
4.761803448200225830e-01 4.637969136238098145e-01 -2.343408577144145966e-02 -2.600575797259807587e-02 -2.354393768310546875e+01 0.000000000000000000e+00 -9.745773859322071075e-03 0.000000000000000000e+00 5.000000000000000000e+01 0.000000000000000000e+00
4.761803448200225830e-01 4.637969136238098145e-01 -2.343408577144145966e-02 -2.600575797259807587e-02 -2.354393768310546875e+01 0.000000000000000000e+00 -9.745773859322071075e-03 0.000000000000000000e+00 5.000000000000000000e+01 0.000000000000000000e+00
4.761803448200225830e-01 4.637969136238098145e-01 -2.343408577144145966e-02 -2.600575797259807587e-02 -2.354393768310546875e+01 0.000000000000000000e+00 -9.745773859322071075e-03 0.000000000000000000e+00 5.000000000000000000e+01 0.000000000000000000e+00
4.761803448200225830e-01 4.637969136238098145e-01 -2.343408577144145966e-02 -2.600575797259807587e-02 -2.354393768310546875e+01 0.000000000000000000e+00 -9.745773859322071075e-03 0.000000000000000000e+00 5.000000000000000000e+01 0.000000000000000000e+00
4.761803448200225830e-01 4.637969136238098145e-01 -2.343408577144145966e-02 -2.600575797259807587e-02 -2.354393768310546875e+01 0.000000000000000000e+00 -9.745773859322071075e-03 0.000000000000000000e+00 5.000000000000000000e+01 0.000000000000000000e+00
4.761803448200225830e-01 4.637969136238098145e-01 -2.343408577144145966e-02 -2.600575797259807587e-02 -2.354393768310546875e+01 0.000000000000000000e+00 -9.745773859322071075e-03 0.000000000000000000e+00 5.000000000000000000e+01 0.000000000000000000e+00
4.761803448200225830e-01 4.637969136238098145e-01 -2.343408577144145966e-02 -2.600575797259807587e-02 -2.354393768310546875e+01 0.000000000000000000e+00 -9.745773859322071075e-03 0.000000000000000000e+00 5.000000000000000000e+01 0.000000000000000000e+00
4.761803448200225830e-01 4.637969136238098145e-01 -2.343408577144145966e-02 -2.600575797259807587e-02 -2.354393768310546875e+01 0.000000000000000000e+00 -9.745773859322071075e-03 0.000000000000000000e+00 5.000000000000000000e+01 0.000000000000000000e+00
4.761803448200225830e-01 4.637969136238098145e-01 -2.343408577144145966e-02 -2.600575797259807587e-02 -2.354393768310546875e+01 0.000000000000000000e+00 -9.745773859322071075e-03 0.000000000000000000e+00 5.000000000000000000e+01 0.000000000000000000e+00
4.761803448200225830e-01 4.637969136238098145e-01 -2.343408577144145966e-02 -2.600575797259807587e-02 -2.354393768310546875e+01 0.000000000000000000e+00 -9.745773859322071075e-03 0.000000000000000000e+00 5.000000000000000000e+01 0.000000000000000000e+00
4.761803448200225830e-01 4.637969136238098145e-01 -2.343408577144145966e-02 -2.600575797259807587e-02 -2.354393768310546875e+01 0.000000000000000000e+00 -9.745773859322071075e-03 0.000000000000000000e+00 5.000000000000000000e+01 0.000000000000000000e+00
4.761803448200225830e-01 4.637969136238098145e-01 -2.343408577144145966e-02 -2.600575797259807587e-02 -2.354393768310546875e+01 0.000000000000000000e+00 -9.745773859322071075e-03 0.000000000000000000e+00 5.000000000000000000e+01 0.000000000000000000e+00
4.761803448200225830e-01 4.637969136238098145e-01 -2.343408577144145966e-02 -2.600575797259807587e-02 -2.354393768310546875e+01 0.000000000000000000e+00 -9.745773859322071075e-03 0.000000000000000000e+00 5.000000000000000000e+01 0.000000000000000000e+00
4.761803448200225830e-01 4.637969136238098145e-01 -2.343408577144145966e-02 -2.600575797259807587e-02 -2.354393768310546875e+01 0.000000000000000000e+00 -9.745773859322071075e-03 0.000000000000000000e+00 5.000000000000000000e+01 0.000000000000000000e+00
4.761803448200225830e-01 4.637969136238098145e-01 -2.343408577144145966e-02 -2.600575797259807587e-02 -2.354393768310546875e+01 0.000000000000000000e+00 -9.745773859322071075e-03 0.000000000000000000e+00 5.000000000000000000e+01 0.000000000000000000e+00
4.761803448200225830e-01 4.637969136238098145e-01 -2.343408577144145966e-02 -2.600575797259807587e-02 -2.354393768310546875e+01 0.000000000000000000e+00 -9.745773859322071075e-03 0.000000000000000000e+00 5.000000000000000000e+01 0.000000000000000000e+00
4.761803448200225830e-01 4.637969136238098145e-01 -2.343408577144145966e-02 -2.600575797259807587e-02 -2.354393768310546875e+01 0.000000000000000000e+00 -9.745773859322071075e-03 0.000000000000000000e+00 5.000000000000000000e+01 0.000000000000000000e+00
4.761803448200225830e-01 4.637969136238098145e-01 -2.343408577144145966e-02 -2.600575797259807587e-02 -2.354393768310546875e+01 0.000000000000000000e+00 -9.745773859322071075e-03 0.000000000000000000e+00 5.000000000000000000e+01 0.000000000000000000e+00
4.761803448200225830e-01 4.637969136238098145e-01 -2.343408577144145966e-02 -2.600575797259807587e-02 -2.354393768310546875e+01 0.000000000000000000e+00 -9.745773859322071075e-03 0.000000000000000000e+00 5.000000000000000000e+01 0.000000000000000000e+00
4.761803448200225830e-01 4.637969136238098145e-01 -2.343408577144145966e-02 -2.600575797259807587e-02 -2.354393768310546875e+01 0.000000000000000000e+00 -9.745773859322071075e-03 0.000000000000000000e+00 5.000000000000000000e+01 0.000000000000000000e+00
4.761803448200225830e-01 4.637969136238098145e-01 -2.343408577144145966e-02 -2.600575797259807587e-02 -2.354393768310546875e+01 0.000000000000000000e+00 -9.745773859322071075e-03 0.000000000000000000e+00 5.000000000000000000e+01 0.000000000000000000e+00
4.761803448200225830e-01 4.637969136238098145e-01 -2.343408577144145966e-02 -2.600575797259807587e-02 -2.354393768310546875e+01 0.000000000000000000e+00 -9.745773859322071075e-03 0.000000000000000000e+00 5.000000000000000000e+01 0.000000000000000000e+00
4.761803448200225830e-01 4.637969136238098145e-01 -2.343408577144145966e-02 -2.600575797259807587e-02 -2.354393768310546875e+01 0.000000000000000000e+00 -9.745773859322071075e-03 0.000000000000000000e+00 5.000000000000000000e+01 0.000000000000000000e+00
4.761803448200225830e-01 4.637969136238098145e-01 -2.343408577144145966e-02 -2.600575797259807587e-02 -2.354393768310546875e+01 0.000000000000000000e+00 -9.745773859322071075e-03 0.000000000000000000e+00 5.000000000000000000e+01 0.000000000000000000e+00
4.761803448200225830e-01 4.637969136238098145e-01 -2.343408577144145966e-02 -2.600575797259807587e-02 -2.354393768310546875e+01 0.000000000000000000e+00 -9.745773859322071075e-03 0.000000000000000000e+00 5.000000000000000000e+01 0.000000000000000000e+00
4.761803448200225830e-01 4.637969136238098145e-01 -2.343408577144145966e-02 -2.600575797259807587e-02 -2.354393768310546875e+01 0.000000000000000000e+00 -9.745773859322071075e-03 0.000000000000000000e+00 5.000000000000000000e+01 0.000000000000000000e+00
4.761803448200225830e-01 4.637969136238098145e-01 -2.343408577144145966e-02 -2.600575797259807587e-02 -2.354393768310546875e+01 0.000000000000000000e+00 -9.745773859322071075e-03 0.000000000000000000e+00 5.000000000000000000e+01 0.000000000000000000e+00
4.761803448200225830e-01 4.637969136238098145e-01 -2.343408577144145966e-02 -2.600575797259807587e-02 -2.354393768310546875e+01 0.000000000000000000e+00 -9.745773859322071075e-03 0.000000000000000000e+00 5.000000000000000000e+01 0.000000000000000000e+00
4.761803448200225830e-01 4.637969136238098145e-01 -2.343408577144145966e-02 -2.600575797259807587e-02 -2.354393768310546875e+01 0.000000000000000000e+00 -9.745773859322071075e-03 0.000000000000000000e+00 5.000000000000000000e+01 0.000000000000000000e+00
4.761803448200225830e-01 4.637969136238098145e-01 -2.343408577144145966e-02 -2.600575797259807587e-02 -2.354393768310546875e+01 0.000000000000000000e+00 -9.745773859322071075e-03 0.000000000000000000e+00 5.000000000000000000e+01 0.000000000000000000e+00
4.761803448200225830e-01 4.637969136238098145e-01 -2.343408577144145966e-02 -2.600575797259807587e-02 -2.354393768310546875e+01 0.000000000000000000e+00 -9.745773859322071075e-03 0.000000000000000000e+00 5.000000000000000000e+01 0.000000000000000000e+00
4.761803448200225830e-01 4.637969136238098145e-01 -2.343408577144145966e-02 -2.600575797259807587e-02 -2.354393768310546875e+01 0.000000000000000000e+00 -9.745773859322071075e-03 0.000000000000000000e+00 5.000000000000000000e+01 0.000000000000000000e+00
4.761803448200225830e-01 4.637969136238098145e-01 -2.343408577144145966e-02 -2.600575797259807587e-02 -2.354393768310546875e+01 0.000000000000000000e+00 -9.745773859322071075e-03 0.000000000000000000e+00 5.000000000000000000e+01 0.000000000000000000e+00
4.761803448200225830e-01 4.637969136238098145e-01 -2.343408577144145966e-02 -2.600575797259807587e-02 -2.354393768310546875e+01 0.000000000000000000e+00 -9.745773859322071075e-03 0.000000000000000000e+00 5.000000000000000000e+01 0.000000000000000000e+00
4.761803448200225830e-01 4.637969136238098145e-01 -2.343408577144145966e-02 -2.600575797259807587e-02 -2.354393768310546875e+01 0.000000000000000000e+00 -9.745773859322071075e-03 0.000000000000000000e+00 5.000000000000000000e+01 0.000000000000000000e+00
4.761803448200225830e-01 4.637969136238098145e-01 -2.343408577144145966e-02 -2.600575797259807587e-02 -2.354393768310546875e+01 0.000000000000000000e+00 -9.745773859322071075e-03 0.000000000000000000e+00 5.000000000000000000e+01 0.000000000000000000e+00
4.761803448200225830e-01 4.637969136238098145e-01 -2.343408577144145966e-02 -2.600575797259807587e-02 -2.354393768310546875e+01 0.000000000000000000e+00 -9.745773859322071075e-03 0.000000000000000000e+00 5.000000000000000000e+01 0.000000000000000000e+00
4.761803448200225830e-01 4.637969136238098145e-01 -2.343408577144145966e-02 -2.600575797259807587e-02 -2.354393768310546875e+01 0.000000000000000000e+00 -9.745773859322071075e-03 0.000000000000000000e+00 5.000000000000000000e+01 0.000000000000000000e+00
4.761803448200225830e-01 4.637969136238098145e-01 -2.343408577144145966e-02 -2.600575797259807587e-02 -2.354393768310546875e+01 0.000000000000000000e+00 -9.745773859322071075e-03 0.000000000000000000e+00 5.000000000000000000e+01 0.000000000000000000e+00
4.761803448200225830e-01 4.637969136238098145e-01 -2.343408577144145966e-02 -2.600575797259807587e-02 -2.354393768310546875e+01 0.000000000000000000e+00 -9.745773859322071075e-03 0.000000000000000000e+00 5.000000000000000000e+01 0.000000000000000000e+00
4.761803448200225830e-01 4.637969136238098145e-01 -2.343408577144145966e-02 -2.600575797259807587e-02 -2.354393768310546875e+01 0.000000000000000000e+00 -9.745773859322071075e-03 0.000000000000000000e+00 5.000000000000000000e+01 0.000000000000000000e+00
4.761803448200225830e-01 4.637969136238098145e-01 -2.343408577144145966e-02 -2.600575797259807587e-02 -2.354393768310546875e+01 0.000000000000000000e+00 -9.745773859322071075e-03 0.000000000000000000e+00 5.000000000000000000e+01 0.000000000000000000e+00
4.761803448200225830e-01 4.637969136238098145e-01 -2.343408577144145966e-02 -2.600575797259807587e-02 -2.354393768310546875e+01 0.000000000000000000e+00 -9.745773859322071075e-03 0.000000000000000000e+00 5.000000000000000000e+01 0.000000000000000000e+00
4.761803448200225830e-01 4.637969136238098145e-01 -2.343408577144145966e-02 -2.600575797259807587e-02 -2.354393768310546875e+01 0.000000000000000000e+00 -9.745773859322071075e-03 0.000000000000000000e+00 5.000000000000000000e+01 0.000000000000000000e+00
4.761803448200225830e-01 4.637969136238098145e-01 -2.343408577144145966e-02 -2.600575797259807587e-02 -2.354393768310546875e+01 0.000000000000000000e+00 -9.745773859322071075e-03 0.000000000000000000e+00 5.000000000000000000e+01 0.000000000000000000e+00
4.761803448200225830e-01 4.637969136238098145e-01 -2.343408577144145966e-02 -2.600575797259807587e-02 -2.354393768310546875e+01 0.000000000000000000e+00 -9.745773859322071075e-03 0.000000000000000000e+00 5.000000000000000000e+01 0.000000000000000000e+00
