4.606757164001464844e-01 8.039461970329284668e-01 7.479709982872009277e-01 7.451456189155578613e-01 -4.590785980224609375e+01 -3.294777679443359375e+01 -1.900309138000011444e-02 -3.356137871742248535e-02 1.860000000000000000e+02 1.400000000000000000e+02
4.606757164001464844e-01 7.617466449737548828e-01 6.538634300231933594e-01 6.535419821739196777e-01 -3.274150466918945312e+01 -1.978142166137695312e+01 -1.355301309376955032e-02 -2.014981955289840698e-02 1.390000000000000000e+02 9.300000000000000000e+01
4.606757164001464844e-01 7.519036531448364258e-01 6.338743567466735840e-01 6.321755647659301758e-01 -3.052992630004882812e+01 -1.756984329223632812e+01 -1.263755280524492264e-02 -1.789705455303192139e-02 1.390000000000000000e+02 9.300000000000000000e+01
4.606757164001464844e-01 7.407189607620239258e-01 6.108751296997070312e-01 6.078966856002807617e-01 -2.951201438903808594e+01 -1.655193138122558594e+01 -1.221619825810194016e-02 -1.686018519103527069e-02 1.340000000000000000e+02 8.800000000000000000e+01
4.606757164001464844e-01 7.379795908927917480e-01 6.047930121421813965e-01 6.019502878189086914e-01 -2.946451377868652344e+01 -1.650443077087402344e+01 -1.219653617590665817e-02 -1.681180112063884735e-02 1.320000000000000000e+02 8.600000000000000000e+01
4.606757164001464844e-01 7.365140914916992188e-01 6.024356484413146973e-01 5.987690687179565430e-01 -2.939738845825195312e+01 -1.643730354309082031e+01 -1.216875016689300537e-02 -1.674342341721057892e-02 1.320000000000000000e+02 8.600000000000000000e+01
4.606757164001464844e-01 7.363607883453369141e-01 6.021080017089843750e-01 5.984362959861755371e-01 -2.938069534301757812e+01 -1.642061233520507812e+01 -1.216183975338935852e-02 -1.672642119228839874e-02 1.310000000000000000e+02 8.500000000000000000e+01
4.606757164001464844e-01 7.367184162139892578e-01 6.020982861518859863e-01 5.992125868797302246e-01 -2.890393066406250000e+01 -1.594384860992431641e+01 -1.196448784321546555e-02 -1.624077744781970978e-02 1.300000000000000000e+02 8.400000000000000000e+01
4.606757164001464844e-01 7.361755967140197754e-01 6.017464399337768555e-01 5.980343222618103027e-01 -2.817688369750976562e+01 -1.521680164337158203e+01 -1.166353467851877213e-02 -1.550019066780805588e-02 1.290000000000000000e+02 8.300000000000000000e+01
4.606757164001464844e-01 7.345213294029235840e-01 5.987225770950317383e-01 5.944433212280273438e-01 -2.814385223388671875e+01 -1.518377017974853516e+01 -1.164986100047826767e-02 -1.546654477715492249e-02 1.270000000000000000e+02 8.100000000000000000e+01
4.606757164001464844e-01 7.373220920562744141e-01 6.066088080406188965e-01 6.005230545997619629e-01 -2.814269638061523438e+01 -1.518261337280273438e+01 -1.164938323199748993e-02 -1.546536572277545929e-02 1.260000000000000000e+02 8.000000000000000000e+01
4.606757164001464844e-01 7.246194481849670410e-01 5.814367532730102539e-01 5.729491114616394043e-01 -2.146021842956542969e+01 -8.500136375427246094e+00 -8.883238770067691803e-03 -8.658437989652156830e-03 1.100000000000000000e+02 6.400000000000000000e+01
4.606757164001464844e-01 7.171458005905151367e-01 5.645378828048706055e-01 5.567258596420288086e-01 -2.133084869384765625e+01 -8.370765686035156250e+00 -8.829687722027301788e-03 -8.526658639311790466e-03 1.060000000000000000e+02 6.000000000000000000e+01
4.606757164001464844e-01 7.153434753417968750e-01 5.603731274604797363e-01 5.528135299682617188e-01 -2.008572959899902344e+01 -7.125647544860839844e+00 -8.314283564686775208e-03 -7.258351892232894897e-03 1.030000000000000000e+02 5.700000000000000000e+01
4.606757164001464844e-01 7.117684483528137207e-01 5.535273551940917969e-01 5.450531244277954102e-01 -2.002942657470703125e+01 -7.069342613220214844e+00 -8.290977217257022858e-03 -7.200998254120349884e-03 1.020000000000000000e+02 5.600000000000000000e+01
4.606757164001464844e-01 7.101004719734191895e-01 5.491175055503845215e-01 5.414323806762695312e-01 -1.984037017822265625e+01 -6.880287647247314453e+00 -8.212719112634658813e-03 -7.008422166109085083e-03 1.010000000000000000e+02 5.500000000000000000e+01
4.606757164001464844e-01 7.048552632331848145e-01 5.365943312644958496e-01 5.300464630126953125e-01 -1.938495826721191406e+01 -6.424875259399414062e+00 -8.024206385016441345e-03 -6.544528529047966003e-03 9.700000000000000000e+01 5.100000000000000000e+01
4.606757164001464844e-01 7.020502090454101562e-01 5.305687189102172852e-01 5.239574909210205078e-01 -1.932637405395507812e+01 -6.366291522979736328e+00 -7.999955676496028900e-03 -6.484854035079479218e-03 9.600000000000000000e+01 5.000000000000000000e+01
4.606757164001464844e-01 7.020502090454101562e-01 5.305687189102172852e-01 5.239574909210205078e-01 -1.932637405395507812e+01 -6.366291522979736328e+00 -7.999955676496028900e-03 -6.484854035079479218e-03 9.600000000000000000e+01 5.000000000000000000e+01
4.606757164001464844e-01 6.970387101173400879e-01 5.204741358757019043e-01 5.130789279937744141e-01 -1.930445289611816406e+01 -6.344370841979980469e+00 -7.990881800651550293e-03 -6.462525110691785812e-03 9.500000000000000000e+01 4.900000000000000000e+01
4.606757164001464844e-01 6.840394735336303711e-01 4.939943253993988037e-01 4.848611354827880859e-01 -1.816070938110351562e+01 -5.200626850128173828e+00 -7.517440710216760635e-03 -5.297480616718530655e-03 9.100000000000000000e+01 4.500000000000000000e+01
4.606757164001464844e-01 6.753308176994323730e-01 4.766505062580108643e-01 4.659570455551147461e-01 -1.809793472290039062e+01 -5.137853145599365234e+00 -7.491455879062414169e-03 -5.233537871390581131e-03 8.800000000000000000e+01 4.200000000000000000e+01
4.606757164001464844e-01 6.799905300140380859e-01 4.887183308601379395e-01 4.760720133781433105e-01 -1.769205665588378906e+01 -4.731973648071289062e+00 -7.323446683585643768e-03 -4.820099100470542908e-03 8.700000000000000000e+01 4.100000000000000000e+01
4.606757164001464844e-01 6.755447387695312500e-01 4.792608618736267090e-01 4.664214253425598145e-01 -1.767353248596191406e+01 -4.713449954986572266e+00 -7.315779104828834534e-03 -4.801230505108833313e-03 8.600000000000000000e+01 4.000000000000000000e+01
4.606757164001464844e-01 6.612947583198547363e-01 4.460928142070770264e-01 4.354886412620544434e-01 -1.641998291015625000e+01 -3.459899187088012695e+00 -6.796884816139936447e-03 -3.524334402754902840e-03 8.200000000000000000e+01 3.600000000000000000e+01
4.606757164001464844e-01 6.603425741195678711e-01 4.441943168640136719e-01 4.334217011928558350e-01 -1.640900993347167969e+01 -3.448927402496337891e+00 -6.792342755943536758e-03 -3.513158299028873444e-03 8.100000000000000000e+01 3.500000000000000000e+01
4.606757164001464844e-01 6.602975130081176758e-01 4.441125690937042236e-01 4.333238899707794189e-01 -1.640797805786132812e+01 -3.447895288467407227e+00 -6.791915744543075562e-03 -3.512107068672776222e-03 8.000000000000000000e+01 3.400000000000000000e+01
4.606757164001464844e-01 6.548784971237182617e-01 4.338902831077575684e-01 4.215607047080993652e-01 -1.638141250610351562e+01 -3.421330690383911133e+00 -6.780919153243303299e-03 -3.485047724097967148e-03 8.100000000000000000e+01 3.500000000000000000e+01
4.606757164001464844e-01 6.533988118171691895e-01 4.304989278316497803e-01 4.183487296104431152e-01 -1.599282932281494141e+01 -3.032746315002441406e+00 -6.620069034397602081e-03 -3.089226549491286278e-03 7.800000000000000000e+01 3.200000000000000000e+01
4.606757164001464844e-01 6.448293328285217285e-01 4.092999100685119629e-01 3.997467458248138428e-01 -1.532509422302246094e+01 -2.365010738372802734e+00 -6.343666929751634598e-03 -2.409055363386869431e-03 7.600000000000000000e+01 3.000000000000000000e+01
4.606757164001464844e-01 6.014235019683837891e-01 3.072842955589294434e-01 3.055246472358703613e-01 -1.389029884338378906e+01 -9.302165508270263672e-01 -5.749748088419437408e-03 -9.475403930991888046e-04 7.000000000000000000e+01 2.400000000000000000e+01
4.606757164001464844e-01 6.014235019683837891e-01 3.072842955589294434e-01 3.055246472358703613e-01 -1.389029884338378906e+01 -9.302165508270263672e-01 -5.749748088419437408e-03 -9.475403930991888046e-04 7.000000000000000000e+01 2.400000000000000000e+01
4.606757164001464844e-01 5.843062400817871094e-01 2.675324678421020508e-01 2.683677971363067627e-01 -1.377791023254394531e+01 -8.178269267082214355e-01 -5.703225731849670410e-03 -8.330576820299029350e-04 7.000000000000000000e+01 2.400000000000000000e+01
4.606757164001464844e-01 5.735772848129272461e-01 2.436006814241409302e-01 2.450781911611557007e-01 -1.368939876556396484e+01 -7.293155193328857422e-01 -5.666587501764297485e-03 -7.428979151882231236e-04 6.800000000000000000e+01 2.200000000000000000e+01
4.606757164001464844e-01 5.589954853057861328e-01 2.131663858890533447e-01 2.134251147508621216e-01 -1.358506679534912109e+01 -6.249838471412658691e-01 -5.623400211334228516e-03 -6.366231827996671200e-04 6.600000000000000000e+01 2.000000000000000000e+01
4.606757164001464844e-01 5.498479604721069336e-01 1.926722228527069092e-01 1.935683637857437134e-01 -1.344649600982666016e+01 -4.864131212234497070e-01 -5.566040053963661194e-03 -4.954718169756233692e-04 6.400000000000000000e+01 1.800000000000000000e+01
4.606757164001464844e-01 5.456693768501281738e-01 1.851602196693420410e-01 1.844978034496307373e-01 -1.343631935119628906e+01 -4.762367010116577148e-01 -5.561827681958675385e-03 -4.851058765780180693e-04 6.300000000000000000e+01 1.700000000000000000e+01
4.606757164001464844e-01 5.456693768501281738e-01 1.851602196693420410e-01 1.844978034496307373e-01 -1.343631935119628906e+01 -4.762367010116577148e-01 -5.561827681958675385e-03 -4.851058765780180693e-04 6.300000000000000000e+01 1.700000000000000000e+01
4.606757164001464844e-01 5.042623877525329590e-01 9.620557725429534912e-02 9.461464732885360718e-02 -1.315076446533203125e+01 -1.906809210777282715e-01 -5.443625152111053467e-03 -1.942320523085072637e-04 5.700000000000000000e+01 1.100000000000000000e+01
4.606757164001464844e-01 4.896087944507598877e-01 6.446051597595214844e-02 6.280573457479476929e-02 -1.309491539001464844e+01 -1.348327994346618652e-01 -5.420506931841373444e-03 -1.373438572045415640e-04 5.400000000000000000e+01 8.000000000000000000e+00
4.606757164001464844e-01 4.605728089809417725e-01 2.556455088779330254e-03 -2.233836421510204673e-04 -1.301983642578125000e+01 -5.975294113159179688e-02 -5.389428697526454926e-03 -6.086574649089016020e-05 5.200000000000000000e+01 6.000000000000000000e+00
4.606757164001464844e-01 4.569758772850036621e-01 -5.218891892582178116e-03 -8.031331002712249756e-03 -1.300754356384277344e+01 -4.746180772781372070e-02 -5.384340416640043259e-03 -4.834571154788136482e-05 5.100000000000000000e+01 5.000000000000000000e+00
4.606757164001464844e-01 4.569758772850036621e-01 -5.218889564275741577e-03 -8.031331002712249756e-03 -1.300754356384277344e+01 -4.746180772781372070e-02 -5.384340416640043259e-03 -4.834571154788136482e-05 5.100000000000000000e+01 5.000000000000000000e+00
4.606757164001464844e-01 4.508951604366302490e-01 -1.690549030900001526e-02 -2.123089134693145752e-02 -1.300137329101562500e+01 -4.129028320312500000e-02 -5.381786264479160309e-03 -4.205925142741762102e-05 5.000000000000000000e+01 4.000000000000000000e+00
4.606757164001464844e-01 4.480911791324615479e-01 -2.291493117809295654e-02 -2.731756120920181274e-02 -1.297408294677734375e+01 -1.399987936019897461e-02 -5.370489787310361862e-03 -1.426060498488368466e-05 4.900000000000000000e+01 3.000000000000000000e+00
4.606757164001464844e-01 4.451082646846771240e-01 -2.824633009731769562e-02 -3.379264846444129944e-02 -1.297370338439941406e+01 -1.362115144729614258e-02 -5.370332393795251846e-03 -1.387482461723266169e-05 4.800000000000000000e+01 2.000000000000000000e+00
4.606757164001464844e-01 4.451082646846771240e-01 -2.824633382260799408e-02 -3.379264846444129944e-02 -1.297370338439941406e+01 -1.362115144729614258e-02 -5.370332393795251846e-03 -1.387482461723266169e-05 4.800000000000000000e+01 2.000000000000000000e+00
4.606757164001464844e-01 4.293501973152160645e-01 -6.165734305977821350e-02 -6.799906492233276367e-02 -1.296008300781250000e+01 0.000000000000000000e+00 -5.364694632589817047e-03 0.000000000000000000e+00 4.600000000000000000e+01 0.000000000000000000e+00
4.606757164001464844e-01 4.293501973152160645e-01 -6.165734305977821350e-02 -6.799906492233276367e-02 -1.296008300781250000e+01 0.000000000000000000e+00 -5.364694632589817047e-03 0.000000000000000000e+00 4.600000000000000000e+01 0.000000000000000000e+00
4.606757164001464844e-01 4.293501973152160645e-01 -6.165734305977821350e-02 -6.799906492233276367e-02 -1.296008300781250000e+01 0.000000000000000000e+00 -5.364694632589817047e-03 0.000000000000000000e+00 4.600000000000000000e+01 0.000000000000000000e+00
4.606757164001464844e-01 4.293501973152160645e-01 -6.165734305977821350e-02 -6.799906492233276367e-02 -1.296008300781250000e+01 0.000000000000000000e+00 -5.364694632589817047e-03 0.000000000000000000e+00 4.600000000000000000e+01 0.000000000000000000e+00
4.606757164001464844e-01 4.293501973152160645e-01 -6.165734305977821350e-02 -6.799906492233276367e-02 -1.296008300781250000e+01 0.000000000000000000e+00 -5.364694632589817047e-03 0.000000000000000000e+00 4.600000000000000000e+01 0.000000000000000000e+00
4.606757164001464844e-01 4.293501973152160645e-01 -6.165734305977821350e-02 -6.799906492233276367e-02 -1.296008300781250000e+01 0.000000000000000000e+00 -5.364694632589817047e-03 0.000000000000000000e+00 4.600000000000000000e+01 0.000000000000000000e+00
4.606757164001464844e-01 4.293501973152160645e-01 -6.165734305977821350e-02 -6.799906492233276367e-02 -1.296008300781250000e+01 0.000000000000000000e+00 -5.364694632589817047e-03 0.000000000000000000e+00 4.600000000000000000e+01 0.000000000000000000e+00
4.606757164001464844e-01 4.293501973152160645e-01 -6.165734305977821350e-02 -6.799906492233276367e-02 -1.296008300781250000e+01 0.000000000000000000e+00 -5.364694632589817047e-03 0.000000000000000000e+00 4.600000000000000000e+01 0.000000000000000000e+00
4.606757164001464844e-01 4.293501973152160645e-01 -6.165734305977821350e-02 -6.799906492233276367e-02 -1.296008300781250000e+01 0.000000000000000000e+00 -5.364694632589817047e-03 0.000000000000000000e+00 4.600000000000000000e+01 0.000000000000000000e+00
4.606757164001464844e-01 4.293501973152160645e-01 -6.165734305977821350e-02 -6.799906492233276367e-02 -1.296008300781250000e+01 0.000000000000000000e+00 -5.364694632589817047e-03 0.000000000000000000e+00 4.600000000000000000e+01 0.000000000000000000e+00
4.606757164001464844e-01 4.293501973152160645e-01 -6.165734305977821350e-02 -6.799906492233276367e-02 -1.296008300781250000e+01 0.000000000000000000e+00 -5.364694632589817047e-03 0.000000000000000000e+00 4.600000000000000000e+01 0.000000000000000000e+00
4.606757164001464844e-01 4.293501973152160645e-01 -6.165734305977821350e-02 -6.799906492233276367e-02 -1.296008300781250000e+01 0.000000000000000000e+00 -5.364694632589817047e-03 0.000000000000000000e+00 4.600000000000000000e+01 0.000000000000000000e+00
4.606757164001464844e-01 4.293501973152160645e-01 -6.165734305977821350e-02 -6.799906492233276367e-02 -1.296008300781250000e+01 0.000000000000000000e+00 -5.364694632589817047e-03 0.000000000000000000e+00 4.600000000000000000e+01 0.000000000000000000e+00
4.606757164001464844e-01 4.293501973152160645e-01 -6.165734305977821350e-02 -6.799906492233276367e-02 -1.296008300781250000e+01 0.000000000000000000e+00 -5.364694632589817047e-03 0.000000000000000000e+00 4.600000000000000000e+01 0.000000000000000000e+00
4.606757164001464844e-01 4.293501973152160645e-01 -6.165734305977821350e-02 -6.799906492233276367e-02 -1.296008300781250000e+01 0.000000000000000000e+00 -5.364694632589817047e-03 0.000000000000000000e+00 4.600000000000000000e+01 0.000000000000000000e+00
4.606757164001464844e-01 4.293501973152160645e-01 -6.165734305977821350e-02 -6.799906492233276367e-02 -1.296008300781250000e+01 0.000000000000000000e+00 -5.364694632589817047e-03 0.000000000000000000e+00 4.600000000000000000e+01 0.000000000000000000e+00
4.606757164001464844e-01 4.293501973152160645e-01 -6.165734305977821350e-02 -6.799906492233276367e-02 -1.296008300781250000e+01 0.000000000000000000e+00 -5.364694632589817047e-03 0.000000000000000000e+00 4.600000000000000000e+01 0.000000000000000000e+00
4.606757164001464844e-01 4.293501973152160645e-01 -6.165734305977821350e-02 -6.799906492233276367e-02 -1.296008300781250000e+01 0.000000000000000000e+00 -5.364694632589817047e-03 0.000000000000000000e+00 4.600000000000000000e+01 0.000000000000000000e+00
4.606757164001464844e-01 4.293501973152160645e-01 -6.165734305977821350e-02 -6.799906492233276367e-02 -1.296008300781250000e+01 0.000000000000000000e+00 -5.364694632589817047e-03 0.000000000000000000e+00 4.600000000000000000e+01 0.000000000000000000e+00
4.606757164001464844e-01 4.293501973152160645e-01 -6.165734305977821350e-02 -6.799906492233276367e-02 -1.296008300781250000e+01 0.000000000000000000e+00 -5.364694632589817047e-03 0.000000000000000000e+00 4.600000000000000000e+01 0.000000000000000000e+00
4.606757164001464844e-01 4.293501973152160645e-01 -6.165734305977821350e-02 -6.799906492233276367e-02 -1.296008300781250000e+01 0.000000000000000000e+00 -5.364694632589817047e-03 0.000000000000000000e+00 4.600000000000000000e+01 0.000000000000000000e+00
4.606757164001464844e-01 4.293501973152160645e-01 -6.165734305977821350e-02 -6.799906492233276367e-02 -1.296008300781250000e+01 0.000000000000000000e+00 -5.364694632589817047e-03 0.000000000000000000e+00 4.600000000000000000e+01 0.000000000000000000e+00
4.606757164001464844e-01 4.293501973152160645e-01 -6.165734305977821350e-02 -6.799906492233276367e-02 -1.296008300781250000e+01 0.000000000000000000e+00 -5.364694632589817047e-03 0.000000000000000000e+00 4.600000000000000000e+01 0.000000000000000000e+00
4.606757164001464844e-01 4.293501973152160645e-01 -6.165734305977821350e-02 -6.799906492233276367e-02 -1.296008300781250000e+01 0.000000000000000000e+00 -5.364694632589817047e-03 0.000000000000000000e+00 4.600000000000000000e+01 0.000000000000000000e+00
4.606757164001464844e-01 4.293501973152160645e-01 -6.165734305977821350e-02 -6.799906492233276367e-02 -1.296008300781250000e+01 0.000000000000000000e+00 -5.364694632589817047e-03 0.000000000000000000e+00 4.600000000000000000e+01 0.000000000000000000e+00
4.606757164001464844e-01 4.293501973152160645e-01 -6.165734305977821350e-02 -6.799906492233276367e-02 -1.296008300781250000e+01 0.000000000000000000e+00 -5.364694632589817047e-03 0.000000000000000000e+00 4.600000000000000000e+01 0.000000000000000000e+00
4.606757164001464844e-01 4.293501973152160645e-01 -6.165734305977821350e-02 -6.799906492233276367e-02 -1.296008300781250000e+01 0.000000000000000000e+00 -5.364694632589817047e-03 0.000000000000000000e+00 4.600000000000000000e+01 0.000000000000000000e+00
4.606757164001464844e-01 4.293501973152160645e-01 -6.165734305977821350e-02 -6.799906492233276367e-02 -1.296008300781250000e+01 0.000000000000000000e+00 -5.364694632589817047e-03 0.000000000000000000e+00 4.600000000000000000e+01 0.000000000000000000e+00
4.606757164001464844e-01 4.293501973152160645e-01 -6.165734305977821350e-02 -6.799906492233276367e-02 -1.296008300781250000e+01 0.000000000000000000e+00 -5.364694632589817047e-03 0.000000000000000000e+00 4.600000000000000000e+01 0.000000000000000000e+00
4.606757164001464844e-01 4.293501973152160645e-01 -6.165734305977821350e-02 -6.799906492233276367e-02 -1.296008300781250000e+01 0.000000000000000000e+00 -5.364694632589817047e-03 0.000000000000000000e+00 4.600000000000000000e+01 0.000000000000000000e+00
4.606757164001464844e-01 4.293501973152160645e-01 -6.165734305977821350e-02 -6.799906492233276367e-02 -1.296008300781250000e+01 0.000000000000000000e+00 -5.364694632589817047e-03 0.000000000000000000e+00 4.600000000000000000e+01 0.000000000000000000e+00
4.606757164001464844e-01 4.293501973152160645e-01 -6.165734305977821350e-02 -6.799906492233276367e-02 -1.296008300781250000e+01 0.000000000000000000e+00 -5.364694632589817047e-03 0.000000000000000000e+00 4.600000000000000000e+01 0.000000000000000000e+00
4.606757164001464844e-01 4.293501973152160645e-01 -6.165734305977821350e-02 -6.799906492233276367e-02 -1.296008300781250000e+01 0.000000000000000000e+00 -5.364694632589817047e-03 0.000000000000000000e+00 4.600000000000000000e+01 0.000000000000000000e+00
4.606757164001464844e-01 4.293501973152160645e-01 -6.165734305977821350e-02 -6.799906492233276367e-02 -1.296008300781250000e+01 0.000000000000000000e+00 -5.364694632589817047e-03 0.000000000000000000e+00 4.600000000000000000e+01 0.000000000000000000e+00
4.606757164001464844e-01 4.293501973152160645e-01 -6.165734305977821350e-02 -6.799906492233276367e-02 -1.296008300781250000e+01 0.000000000000000000e+00 -5.364694632589817047e-03 0.000000000000000000e+00 4.600000000000000000e+01 0.000000000000000000e+00
4.606757164001464844e-01 4.293501973152160645e-01 -6.165734305977821350e-02 -6.799906492233276367e-02 -1.296008300781250000e+01 0.000000000000000000e+00 -5.364694632589817047e-03 0.000000000000000000e+00 4.600000000000000000e+01 0.000000000000000000e+00
4.606757164001464844e-01 4.293501973152160645e-01 -6.165734305977821350e-02 -6.799906492233276367e-02 -1.296008300781250000e+01 0.000000000000000000e+00 -5.364694632589817047e-03 0.000000000000000000e+00 4.600000000000000000e+01 0.000000000000000000e+00
4.606757164001464844e-01 4.293501973152160645e-01 -6.165734305977821350e-02 -6.799906492233276367e-02 -1.296008300781250000e+01 0.000000000000000000e+00 -5.364694632589817047e-03 0.000000000000000000e+00 4.600000000000000000e+01 0.000000000000000000e+00
4.606757164001464844e-01 4.293501973152160645e-01 -6.165734305977821350e-02 -6.799906492233276367e-02 -1.296008300781250000e+01 0.000000000000000000e+00 -5.364694632589817047e-03 0.000000000000000000e+00 4.600000000000000000e+01 0.000000000000000000e+00
4.606757164001464844e-01 4.293501973152160645e-01 -6.165734305977821350e-02 -6.799906492233276367e-02 -1.296008300781250000e+01 0.000000000000000000e+00 -5.364694632589817047e-03 0.000000000000000000e+00 4.600000000000000000e+01 0.000000000000000000e+00
4.606757164001464844e-01 4.293501973152160645e-01 -6.165734305977821350e-02 -6.799906492233276367e-02 -1.296008300781250000e+01 0.000000000000000000e+00 -5.364694632589817047e-03 0.000000000000000000e+00 4.600000000000000000e+01 0.000000000000000000e+00
4.606757164001464844e-01 4.293501973152160645e-01 -6.165734305977821350e-02 -6.799906492233276367e-02 -1.296008300781250000e+01 0.000000000000000000e+00 -5.364694632589817047e-03 0.000000000000000000e+00 4.600000000000000000e+01 0.000000000000000000e+00
4.606757164001464844e-01 4.293501973152160645e-01 -6.165734305977821350e-02 -6.799906492233276367e-02 -1.296008300781250000e+01 0.000000000000000000e+00 -5.364694632589817047e-03 0.000000000000000000e+00 4.600000000000000000e+01 0.000000000000000000e+00
4.606757164001464844e-01 4.293501973152160645e-01 -6.165734305977821350e-02 -6.799906492233276367e-02 -1.296008300781250000e+01 0.000000000000000000e+00 -5.364694632589817047e-03 0.000000000000000000e+00 4.600000000000000000e+01 0.000000000000000000e+00
