4.268417954444885254e-01 1.459993124008178711e-01 -6.530666947364807129e-01 -6.579545140266418457e-01 -1.072832946777343750e+02 -6.551617431640625000e+01 -4.440882802009582520e-02 -6.074599549174308777e-02 1.830000000000000000e+02 1.330000000000000000e+02
4.268417954444885254e-01 1.527434885501861572e-01 -6.377707719802856445e-01 -6.421543359756469727e-01 -8.181503295898437500e+01 -4.004791259765625000e+01 -3.386650234460830688e-02 -3.713205829262733459e-02 1.400000000000000000e+02 9.000000000000000000e+01
4.268417954444885254e-01 1.580105125904083252e-01 -6.257217526435852051e-01 -6.298148036003112793e-01 -7.698545074462890625e+01 -3.521833419799804688e+01 -3.186734393239021301e-02 -3.265411779284477234e-02 1.270000000000000000e+02 7.700000000000000000e+01
4.268417954444885254e-01 1.586775183677673340e-01 -6.239663362503051758e-01 -6.282521486282348633e-01 -7.511462402343750000e+01 -3.334750747680664062e+01 -3.109293431043624878e-02 -3.091950342059135437e-02 1.210000000000000000e+02 7.100000000000000000e+01
4.268417954444885254e-01 1.601721197366714478e-01 -6.206100583076477051e-01 -6.247506737709045410e-01 -7.466177368164062500e+01 -3.289466094970703125e+01 -3.090548142790794373e-02 -3.049962781369686127e-02 1.190000000000000000e+02 6.900000000000000000e+01
4.268417954444885254e-01 1.601664572954177856e-01 -6.206241250038146973e-01 -6.247639060020446777e-01 -7.416598510742187500e+01 -3.239886474609375000e+01 -3.070025518536567688e-02 -3.003993071615695953e-02 1.180000000000000000e+02 6.800000000000000000e+01
4.268417954444885254e-01 1.603200286626815796e-01 -6.202213764190673828e-01 -6.244040727615356445e-01 -7.328894042968750000e+01 -3.152181816101074219e+01 -3.033721074461936951e-02 -2.922674082219600677e-02 1.170000000000000000e+02 6.700000000000000000e+01
4.268417954444885254e-01 1.652990728616714478e-01 -6.093739271163940430e-01 -6.127392649650573730e-01 -7.185332489013671875e+01 -3.008620262145996094e+01 -2.974295243620872498e-02 -2.789565175771713257e-02 1.140000000000000000e+02 6.400000000000000000e+01
4.268417954444885254e-01 1.680681258440017700e-01 -6.027002334594726562e-01 -6.062519550323486328e-01 -7.151069641113281250e+01 -2.974358177185058594e+01 -2.960112504661083221e-02 -2.757797762751579285e-02 1.130000000000000000e+02 6.300000000000000000e+01
4.268417954444885254e-01 1.713483929634094238e-01 -5.952178239822387695e-01 -5.985669493675231934e-01 -7.033544158935546875e+01 -2.856832122802734375e+01 -2.911464124917984009e-02 -2.648828551173210144e-02 1.110000000000000000e+02 6.100000000000000000e+01
4.268417954444885254e-01 1.713561266660690308e-01 -5.951975584030151367e-01 -5.985488295555114746e-01 -6.897175598144531250e+01 -2.720463180541992188e+01 -2.855015732347965240e-02 -2.522388473153114319e-02 1.090000000000000000e+02 5.900000000000000000e+01
4.268417954444885254e-01 1.805661022663116455e-01 -5.746447443962097168e-01 -5.769718289375305176e-01 -6.539969635009765625e+01 -2.363257598876953125e+01 -2.707153931260108948e-02 -2.191190794110298157e-02 1.020000000000000000e+02 5.200000000000000000e+01
4.268417954444885254e-01 1.876824498176574707e-01 -5.558078289031982422e-01 -5.602997541427612305e-01 -6.120365142822265625e+01 -1.943653488159179688e+01 -2.533462829887866974e-02 -1.802137680351734161e-02 9.400000000000000000e+01 4.400000000000000000e+01
4.268417954444885254e-01 1.951967924833297729e-01 -5.359176993370056152e-01 -5.426952242851257324e-01 -5.718041229248046875e+01 -1.541329574584960938e+01 -2.366925030946731567e-02 -1.429106667637825012e-02 8.800000000000000000e+01 3.800000000000000000e+01
4.268417954444885254e-01 2.013993859291076660e-01 -5.206969976425170898e-01 -5.281638503074645996e-01 -5.497755432128906250e+01 -1.321043777465820312e+01 -2.275739982724189758e-02 -1.224859710782766342e-02 8.300000000000000000e+01 3.300000000000000000e+01
4.268417954444885254e-01 2.017481178045272827e-01 -5.199591517448425293e-01 -5.273468494415283203e-01 -5.378384017944335938e+01 -1.201672172546386719e+01 -2.226327359676361084e-02 -1.114179473370313644e-02 8.100000000000000000e+01 3.100000000000000000e+01
4.268417954444885254e-01 2.030080705881118774e-01 -5.169508457183837891e-01 -5.243950486183166504e-01 -5.269704437255859375e+01 -1.092992687225341797e+01 -2.181340567767620087e-02 -1.013412792235612869e-02 7.900000000000000000e+01 2.900000000000000000e+01
4.268417954444885254e-01 2.030080705881118774e-01 -5.169508457183837891e-01 -5.243950486183166504e-01 -5.269704437255859375e+01 -1.092992687225341797e+01 -2.181340567767620087e-02 -1.013412792235612869e-02 7.900000000000000000e+01 2.900000000000000000e+01
4.268417954444885254e-01 2.062801569700241089e-01 -5.092999339103698730e-01 -5.167292356491088867e-01 -5.145361328125000000e+01 -9.686495780944824219e+00 -2.129869908094406128e-02 -8.981230668723583221e-03 7.600000000000000000e+01 2.600000000000000000e+01
4.268417954444885254e-01 2.094109356403350830e-01 -5.017327666282653809e-01 -5.093944668769836426e-01 -5.059835433959960938e+01 -8.831235885620117188e+00 -2.094467356801033020e-02 -8.188241161406040192e-03 7.400000000000000000e+01 2.400000000000000000e+01
4.268417954444885254e-01 2.338190972805023193e-01 -4.457992911338806152e-01 -4.522113204002380371e-01 -4.633816528320312500e+01 -4.571050643920898438e+00 -1.918121241033077240e-02 -4.238236229866743088e-03 6.500000000000000000e+01 1.500000000000000000e+01
4.268417954444885254e-01 2.459185123443603516e-01 -4.171024262905120850e-01 -4.238649606704711914e-01 -4.501112747192382812e+01 -3.244009733200073242e+00 -1.863189786672592163e-02 -3.007816150784492493e-03 6.000000000000000000e+01 1.000000000000000000e+01
4.268417954444885254e-01 2.623340487480163574e-01 -3.811163306236267090e-01 -3.854068517684936523e-01 -4.363829040527343750e+01 -1.871176719665527344e+00 -1.806362718343734741e-02 -1.734937890432775021e-03 5.500000000000000000e+01 5.000000000000000000e+00
4.268417954444885254e-01 2.803114056587219238e-01 -3.401026129722595215e-01 -3.432897031307220459e-01 -4.259647369384765625e+01 -8.293574452400207520e-01 -1.763237640261650085e-02 -7.689726189710199833e-04 5.300000000000000000e+01 3.000000000000000000e+00
4.268417954444885254e-01 2.869832813739776611e-01 -3.244596719741821289e-01 -3.276588916778564453e-01 -4.206201934814453125e+01 -2.948996424674987793e-01 -1.741114445030689240e-02 -2.734282461460679770e-04 5.200000000000000000e+01 2.000000000000000000e+00
4.268417954444885254e-01 2.869832813739776611e-01 -3.244596719741821289e-01 -3.276588916778564453e-01 -4.206201934814453125e+01 -2.948996424674987793e-01 -1.741114445030689240e-02 -2.734282461460679770e-04 5.200000000000000000e+01 2.000000000000000000e+00
4.268417954444885254e-01 2.869832813739776611e-01 -3.244596719741821289e-01 -3.276588916778564453e-01 -4.206201934814453125e+01 -2.948996424674987793e-01 -1.741114445030689240e-02 -2.734282461460679770e-04 5.200000000000000000e+01 2.000000000000000000e+00
4.268417954444885254e-01 2.869832813739776611e-01 -3.244596719741821289e-01 -3.276588916778564453e-01 -4.206201934814453125e+01 -2.948996424674987793e-01 -1.741114445030689240e-02 -2.734282461460679770e-04 5.200000000000000000e+01 2.000000000000000000e+00
4.268417954444885254e-01 2.869832813739776611e-01 -3.244596719741821289e-01 -3.276588916778564453e-01 -4.206201934814453125e+01 -2.948996424674987793e-01 -1.741114445030689240e-02 -2.734282461460679770e-04 5.200000000000000000e+01 2.000000000000000000e+00
4.268417954444885254e-01 2.969856262207031250e-01 -2.981196343898773193e-01 -3.042255342006683350e-01 -4.176711654663085938e+01 0.000000000000000000e+00 -1.728907227516174316e-02 0.000000000000000000e+00 5.000000000000000000e+01 0.000000000000000000e+00
4.268417954444885254e-01 2.969856262207031250e-01 -2.981196343898773193e-01 -3.042255342006683350e-01 -4.176711654663085938e+01 0.000000000000000000e+00 -1.728907227516174316e-02 0.000000000000000000e+00 5.000000000000000000e+01 0.000000000000000000e+00
4.268417954444885254e-01 2.969856262207031250e-01 -2.981196343898773193e-01 -3.042255342006683350e-01 -4.176711654663085938e+01 0.000000000000000000e+00 -1.728907227516174316e-02 0.000000000000000000e+00 5.000000000000000000e+01 0.000000000000000000e+00
4.268417954444885254e-01 2.969856262207031250e-01 -2.981196343898773193e-01 -3.042255342006683350e-01 -4.176711654663085938e+01 0.000000000000000000e+00 -1.728907227516174316e-02 0.000000000000000000e+00 5.000000000000000000e+01 0.000000000000000000e+00
4.268417954444885254e-01 2.969856262207031250e-01 -2.981196343898773193e-01 -3.042255342006683350e-01 -4.176711654663085938e+01 0.000000000000000000e+00 -1.728907227516174316e-02 0.000000000000000000e+00 5.000000000000000000e+01 0.000000000000000000e+00
4.268417954444885254e-01 2.969856262207031250e-01 -2.981196343898773193e-01 -3.042255342006683350e-01 -4.176711654663085938e+01 0.000000000000000000e+00 -1.728907227516174316e-02 0.000000000000000000e+00 5.000000000000000000e+01 0.000000000000000000e+00
4.268417954444885254e-01 2.969856262207031250e-01 -2.981196343898773193e-01 -3.042255342006683350e-01 -4.176711654663085938e+01 0.000000000000000000e+00 -1.728907227516174316e-02 0.000000000000000000e+00 5.000000000000000000e+01 0.000000000000000000e+00
4.268417954444885254e-01 2.969856262207031250e-01 -2.981196343898773193e-01 -3.042255342006683350e-01 -4.176711654663085938e+01 0.000000000000000000e+00 -1.728907227516174316e-02 0.000000000000000000e+00 5.000000000000000000e+01 0.000000000000000000e+00
4.268417954444885254e-01 2.969856262207031250e-01 -2.981196343898773193e-01 -3.042255342006683350e-01 -4.176711654663085938e+01 0.000000000000000000e+00 -1.728907227516174316e-02 0.000000000000000000e+00 5.000000000000000000e+01 0.000000000000000000e+00
4.268417954444885254e-01 2.969856262207031250e-01 -2.981196343898773193e-01 -3.042255342006683350e-01 -4.176711654663085938e+01 0.000000000000000000e+00 -1.728907227516174316e-02 0.000000000000000000e+00 5.000000000000000000e+01 0.000000000000000000e+00
4.268417954444885254e-01 2.969856262207031250e-01 -2.981196343898773193e-01 -3.042255342006683350e-01 -4.176711654663085938e+01 0.000000000000000000e+00 -1.728907227516174316e-02 0.000000000000000000e+00 5.000000000000000000e+01 0.000000000000000000e+00
4.268417954444885254e-01 2.969856262207031250e-01 -2.981196045875549316e-01 -3.042255342006683350e-01 -4.176711654663085938e+01 0.000000000000000000e+00 -1.728907227516174316e-02 0.000000000000000000e+00 5.000000000000000000e+01 0.000000000000000000e+00
4.268417954444885254e-01 2.969856262207031250e-01 -2.981196343898773193e-01 -3.042255342006683350e-01 -4.176711654663085938e+01 0.000000000000000000e+00 -1.728907227516174316e-02 0.000000000000000000e+00 5.000000000000000000e+01 0.000000000000000000e+00
4.268417954444885254e-01 2.969856262207031250e-01 -2.981196045875549316e-01 -3.042255342006683350e-01 -4.176711654663085938e+01 0.000000000000000000e+00 -1.728907227516174316e-02 0.000000000000000000e+00 5.000000000000000000e+01 0.000000000000000000e+00
4.268417954444885254e-01 2.969856262207031250e-01 -2.981196343898773193e-01 -3.042255342006683350e-01 -4.176711654663085938e+01 0.000000000000000000e+00 -1.728907227516174316e-02 0.000000000000000000e+00 5.000000000000000000e+01 0.000000000000000000e+00
4.268417954444885254e-01 2.969856262207031250e-01 -2.981196343898773193e-01 -3.042255342006683350e-01 -4.176711654663085938e+01 0.000000000000000000e+00 -1.728907227516174316e-02 0.000000000000000000e+00 5.000000000000000000e+01 0.000000000000000000e+00
4.268417954444885254e-01 2.969856262207031250e-01 -2.981196343898773193e-01 -3.042255342006683350e-01 -4.176711654663085938e+01 0.000000000000000000e+00 -1.728907227516174316e-02 0.000000000000000000e+00 5.000000000000000000e+01 0.000000000000000000e+00
4.268417954444885254e-01 2.969856262207031250e-01 -2.981196343898773193e-01 -3.042255342006683350e-01 -4.176711654663085938e+01 0.000000000000000000e+00 -1.728907227516174316e-02 0.000000000000000000e+00 5.000000000000000000e+01 0.000000000000000000e+00
4.268417954444885254e-01 2.969856262207031250e-01 -2.981196343898773193e-01 -3.042255342006683350e-01 -4.176711654663085938e+01 0.000000000000000000e+00 -1.728907227516174316e-02 0.000000000000000000e+00 5.000000000000000000e+01 0.000000000000000000e+00
4.268417954444885254e-01 2.969856262207031250e-01 -2.981196343898773193e-01 -3.042255342006683350e-01 -4.176711654663085938e+01 0.000000000000000000e+00 -1.728907227516174316e-02 0.000000000000000000e+00 5.000000000000000000e+01 0.000000000000000000e+00
4.268417954444885254e-01 2.969856262207031250e-01 -2.981196343898773193e-01 -3.042255342006683350e-01 -4.176711654663085938e+01 0.000000000000000000e+00 -1.728907227516174316e-02 0.000000000000000000e+00 5.000000000000000000e+01 0.000000000000000000e+00
4.268417954444885254e-01 2.969856262207031250e-01 -2.981196343898773193e-01 -3.042255342006683350e-01 -4.176711654663085938e+01 0.000000000000000000e+00 -1.728907227516174316e-02 0.000000000000000000e+00 5.000000000000000000e+01 0.000000000000000000e+00
4.268417954444885254e-01 2.969856262207031250e-01 -2.981196343898773193e-01 -3.042255342006683350e-01 -4.176711654663085938e+01 0.000000000000000000e+00 -1.728907227516174316e-02 0.000000000000000000e+00 5.000000000000000000e+01 0.000000000000000000e+00
4.268417954444885254e-01 2.969856262207031250e-01 -2.981196343898773193e-01 -3.042255342006683350e-01 -4.176711654663085938e+01 0.000000000000000000e+00 -1.728907227516174316e-02 0.000000000000000000e+00 5.000000000000000000e+01 0.000000000000000000e+00
4.268417954444885254e-01 2.969856262207031250e-01 -2.981196343898773193e-01 -3.042255342006683350e-01 -4.176711654663085938e+01 0.000000000000000000e+00 -1.728907227516174316e-02 0.000000000000000000e+00 5.000000000000000000e+01 0.000000000000000000e+00
4.268417954444885254e-01 2.969856262207031250e-01 -2.981196343898773193e-01 -3.042255342006683350e-01 -4.176711654663085938e+01 0.000000000000000000e+00 -1.728907227516174316e-02 0.000000000000000000e+00 5.000000000000000000e+01 0.000000000000000000e+00
4.268417954444885254e-01 2.969856262207031250e-01 -2.981196343898773193e-01 -3.042255342006683350e-01 -4.176711654663085938e+01 0.000000000000000000e+00 -1.728907227516174316e-02 0.000000000000000000e+00 5.000000000000000000e+01 0.000000000000000000e+00
4.268417954444885254e-01 2.969856262207031250e-01 -2.981196343898773193e-01 -3.042255342006683350e-01 -4.176711654663085938e+01 0.000000000000000000e+00 -1.728907227516174316e-02 0.000000000000000000e+00 5.000000000000000000e+01 0.000000000000000000e+00
4.268417954444885254e-01 2.969856262207031250e-01 -2.981196343898773193e-01 -3.042255342006683350e-01 -4.176711654663085938e+01 0.000000000000000000e+00 -1.728907227516174316e-02 0.000000000000000000e+00 5.000000000000000000e+01 0.000000000000000000e+00
4.268417954444885254e-01 2.969856262207031250e-01 -2.981196343898773193e-01 -3.042255342006683350e-01 -4.176711654663085938e+01 0.000000000000000000e+00 -1.728907227516174316e-02 0.000000000000000000e+00 5.000000000000000000e+01 0.000000000000000000e+00
4.268417954444885254e-01 2.969856262207031250e-01 -2.981196343898773193e-01 -3.042255342006683350e-01 -4.176711654663085938e+01 0.000000000000000000e+00 -1.728907227516174316e-02 0.000000000000000000e+00 5.000000000000000000e+01 0.000000000000000000e+00
4.268417954444885254e-01 2.969856262207031250e-01 -2.981196045875549316e-01 -3.042255342006683350e-01 -4.176711654663085938e+01 0.000000000000000000e+00 -1.728907227516174316e-02 0.000000000000000000e+00 5.000000000000000000e+01 0.000000000000000000e+00
4.268417954444885254e-01 2.969856262207031250e-01 -2.981196343898773193e-01 -3.042255342006683350e-01 -4.176711654663085938e+01 0.000000000000000000e+00 -1.728907227516174316e-02 0.000000000000000000e+00 5.000000000000000000e+01 0.000000000000000000e+00
4.268417954444885254e-01 2.969856262207031250e-01 -2.981196343898773193e-01 -3.042255342006683350e-01 -4.176711654663085938e+01 0.000000000000000000e+00 -1.728907227516174316e-02 0.000000000000000000e+00 5.000000000000000000e+01 0.000000000000000000e+00
4.268417954444885254e-01 2.969856262207031250e-01 -2.981196343898773193e-01 -3.042255342006683350e-01 -4.176711654663085938e+01 0.000000000000000000e+00 -1.728907227516174316e-02 0.000000000000000000e+00 5.000000000000000000e+01 0.000000000000000000e+00
4.268417954444885254e-01 2.969856262207031250e-01 -2.981196343898773193e-01 -3.042255342006683350e-01 -4.176711654663085938e+01 0.000000000000000000e+00 -1.728907227516174316e-02 0.000000000000000000e+00 5.000000000000000000e+01 0.000000000000000000e+00
4.268417954444885254e-01 2.969856262207031250e-01 -2.981196343898773193e-01 -3.042255342006683350e-01 -4.176711654663085938e+01 0.000000000000000000e+00 -1.728907227516174316e-02 0.000000000000000000e+00 5.000000000000000000e+01 0.000000000000000000e+00
4.268417954444885254e-01 2.969856262207031250e-01 -2.981196045875549316e-01 -3.042255342006683350e-01 -4.176711654663085938e+01 0.000000000000000000e+00 -1.728907227516174316e-02 0.000000000000000000e+00 5.000000000000000000e+01 0.000000000000000000e+00
4.268417954444885254e-01 2.969856262207031250e-01 -2.981196343898773193e-01 -3.042255342006683350e-01 -4.176711654663085938e+01 0.000000000000000000e+00 -1.728907227516174316e-02 0.000000000000000000e+00 5.000000000000000000e+01 0.000000000000000000e+00
4.268417954444885254e-01 2.969856262207031250e-01 -2.981196045875549316e-01 -3.042255342006683350e-01 -4.176711654663085938e+01 0.000000000000000000e+00 -1.728907227516174316e-02 0.000000000000000000e+00 5.000000000000000000e+01 0.000000000000000000e+00
4.268417954444885254e-01 2.969856262207031250e-01 -2.981196343898773193e-01 -3.042255342006683350e-01 -4.176711654663085938e+01 0.000000000000000000e+00 -1.728907227516174316e-02 0.000000000000000000e+00 5.000000000000000000e+01 0.000000000000000000e+00
4.268417954444885254e-01 2.969856262207031250e-01 -2.981196343898773193e-01 -3.042255342006683350e-01 -4.176711654663085938e+01 0.000000000000000000e+00 -1.728907227516174316e-02 0.000000000000000000e+00 5.000000000000000000e+01 0.000000000000000000e+00
4.268417954444885254e-01 2.969856262207031250e-01 -2.981196343898773193e-01 -3.042255342006683350e-01 -4.176711654663085938e+01 0.000000000000000000e+00 -1.728907227516174316e-02 0.000000000000000000e+00 5.000000000000000000e+01 0.000000000000000000e+00
4.268417954444885254e-01 2.969856262207031250e-01 -2.981196343898773193e-01 -3.042255342006683350e-01 -4.176711654663085938e+01 0.000000000000000000e+00 -1.728907227516174316e-02 0.000000000000000000e+00 5.000000000000000000e+01 0.000000000000000000e+00
4.268417954444885254e-01 2.969856262207031250e-01 -2.981196343898773193e-01 -3.042255342006683350e-01 -4.176711654663085938e+01 0.000000000000000000e+00 -1.728907227516174316e-02 0.000000000000000000e+00 5.000000000000000000e+01 0.000000000000000000e+00
4.268417954444885254e-01 2.969856262207031250e-01 -2.981196343898773193e-01 -3.042255342006683350e-01 -4.176711654663085938e+01 0.000000000000000000e+00 -1.728907227516174316e-02 0.000000000000000000e+00 5.000000000000000000e+01 0.000000000000000000e+00
4.268417954444885254e-01 2.969856262207031250e-01 -2.981196343898773193e-01 -3.042255342006683350e-01 -4.176711654663085938e+01 0.000000000000000000e+00 -1.728907227516174316e-02 0.000000000000000000e+00 5.000000000000000000e+01 0.000000000000000000e+00
4.268417954444885254e-01 2.969856262207031250e-01 -2.981196343898773193e-01 -3.042255342006683350e-01 -4.176711654663085938e+01 0.000000000000000000e+00 -1.728907227516174316e-02 0.000000000000000000e+00 5.000000000000000000e+01 0.000000000000000000e+00
4.268417954444885254e-01 2.969856262207031250e-01 -2.981196343898773193e-01 -3.042255342006683350e-01 -4.176711654663085938e+01 0.000000000000000000e+00 -1.728907227516174316e-02 0.000000000000000000e+00 5.000000000000000000e+01 0.000000000000000000e+00
4.268417954444885254e-01 2.969856262207031250e-01 -2.981196343898773193e-01 -3.042255342006683350e-01 -4.176711654663085938e+01 0.000000000000000000e+00 -1.728907227516174316e-02 0.000000000000000000e+00 5.000000000000000000e+01 0.000000000000000000e+00
4.268417954444885254e-01 2.969856262207031250e-01 -2.981196343898773193e-01 -3.042255342006683350e-01 -4.176711654663085938e+01 0.000000000000000000e+00 -1.728907227516174316e-02 0.000000000000000000e+00 5.000000000000000000e+01 0.000000000000000000e+00
4.268417954444885254e-01 2.969856262207031250e-01 -2.981196343898773193e-01 -3.042255342006683350e-01 -4.176711654663085938e+01 0.000000000000000000e+00 -1.728907227516174316e-02 0.000000000000000000e+00 5.000000000000000000e+01 0.000000000000000000e+00
4.268417954444885254e-01 2.969856262207031250e-01 -2.981196343898773193e-01 -3.042255342006683350e-01 -4.176711654663085938e+01 0.000000000000000000e+00 -1.728907227516174316e-02 0.000000000000000000e+00 5.000000000000000000e+01 0.000000000000000000e+00
4.268417954444885254e-01 2.969856262207031250e-01 -2.981196343898773193e-01 -3.042255342006683350e-01 -4.176711654663085938e+01 0.000000000000000000e+00 -1.728907227516174316e-02 0.000000000000000000e+00 5.000000000000000000e+01 0.000000000000000000e+00
4.268417954444885254e-01 2.969856262207031250e-01 -2.981196343898773193e-01 -3.042255342006683350e-01 -4.176711654663085938e+01 0.000000000000000000e+00 -1.728907227516174316e-02 0.000000000000000000e+00 5.000000000000000000e+01 0.000000000000000000e+00
4.268417954444885254e-01 2.969856262207031250e-01 -2.981196343898773193e-01 -3.042255342006683350e-01 -4.176711654663085938e+01 0.000000000000000000e+00 -1.728907227516174316e-02 0.000000000000000000e+00 5.000000000000000000e+01 0.000000000000000000e+00
4.268417954444885254e-01 2.969856262207031250e-01 -2.981196343898773193e-01 -3.042255342006683350e-01 -4.176711654663085938e+01 0.000000000000000000e+00 -1.728907227516174316e-02 0.000000000000000000e+00 5.000000000000000000e+01 0.000000000000000000e+00
4.268417954444885254e-01 2.969856262207031250e-01 -2.981196343898773193e-01 -3.042255342006683350e-01 -4.176711654663085938e+01 0.000000000000000000e+00 -1.728907227516174316e-02 0.000000000000000000e+00 5.000000000000000000e+01 0.000000000000000000e+00
4.268417954444885254e-01 2.969856262207031250e-01 -2.981196343898773193e-01 -3.042255342006683350e-01 -4.176711654663085938e+01 0.000000000000000000e+00 -1.728907227516174316e-02 0.000000000000000000e+00 5.000000000000000000e+01 0.000000000000000000e+00
4.268417954444885254e-01 2.969856262207031250e-01 -2.981196343898773193e-01 -3.042255342006683350e-01 -4.176711654663085938e+01 0.000000000000000000e+00 -1.728907227516174316e-02 0.000000000000000000e+00 5.000000000000000000e+01 0.000000000000000000e+00
4.268417954444885254e-01 2.969856262207031250e-01 -2.981196343898773193e-01 -3.042255342006683350e-01 -4.176711654663085938e+01 0.000000000000000000e+00 -1.728907227516174316e-02 0.000000000000000000e+00 5.000000000000000000e+01 0.000000000000000000e+00
4.268417954444885254e-01 2.969856262207031250e-01 -2.981196343898773193e-01 -3.042255342006683350e-01 -4.176711654663085938e+01 0.000000000000000000e+00 -1.728907227516174316e-02 0.000000000000000000e+00 5.000000000000000000e+01 0.000000000000000000e+00
