4.413152933120727539e-01 2.939824163913726807e-01 -3.522789180278778076e-01 -3.338494598865509033e-01 -1.402929687500000000e+02 -1.131660537719726562e+02 -5.807284638285636902e-02 -1.162183731794357300e-01 3.160000000000000000e+02 2.660000000000000000e+02
4.413152933120727539e-01 3.217036128044128418e-01 -2.916992008686065674e-01 -2.710345387458801270e-01 -1.196609497070312500e+02 -9.253404235839843750e+01 -4.953243210911750793e-02 -9.502987563610076904e-02 2.690000000000000000e+02 2.190000000000000000e+02
4.413152933120727539e-01 3.276674449443817139e-01 -2.788869738578796387e-01 -2.575207650661468506e-01 -1.115118713378906250e+02 -8.438496398925781250e+01 -4.615920409560203552e-02 -8.666100353002548218e-02 2.530000000000000000e+02 2.030000000000000000e+02
4.413152933120727539e-01 3.260857462882995605e-01 -2.820183932781219482e-01 -2.611048221588134766e-01 -1.076332855224609375e+02 -8.050637817382812500e+01 -4.455370455980300903e-02 -8.267780393362045288e-02 2.450000000000000000e+02 1.950000000000000000e+02
4.413152933120727539e-01 3.196669816970825195e-01 -2.951203584671020508e-01 -2.756494283676147461e-01 -1.054882049560546875e+02 -7.836129760742187500e+01 -4.366577044129371643e-02 -8.047486096620559692e-02 2.400000000000000000e+02 1.900000000000000000e+02
4.413152933120727539e-01 3.269330263137817383e-01 -2.777607142925262451e-01 -2.591849267482757568e-01 -9.773085021972656250e+01 -7.060394287109375000e+01 -4.045469313859939575e-02 -7.250827550888061523e-02 2.270000000000000000e+02 1.770000000000000000e+02
4.413152933120727539e-01 3.329897522926330566e-01 -2.626250088214874268e-01 -2.454606592655181885e-01 -9.548970031738281250e+01 -6.836278533935546875e+01 -3.952699154615402222e-02 -7.020667195320129395e-02 2.220000000000000000e+02 1.720000000000000000e+02
4.413152933120727539e-01 3.363264501094818115e-01 -2.546740770339965820e-01 -2.378998547792434692e-01 -9.196051025390625000e+01 -6.483360290527343750e+01 -3.806611895561218262e-02 -6.658229976892471313e-02 2.160000000000000000e+02 1.660000000000000000e+02
4.413152933120727539e-01 3.373403847217559814e-01 -2.524482607841491699e-01 -2.356023192405700684e-01 -8.897900390625000000e+01 -6.185209655761718750e+01 -3.683195263147354126e-02 -6.352037191390991211e-02 2.100000000000000000e+02 1.600000000000000000e+02
4.413152933120727539e-01 3.406786620616912842e-01 -2.456932514905929565e-01 -2.280379384756088257e-01 -8.707144927978515625e+01 -5.994454956054687500e+01 -3.604234009981155396e-02 -6.156137585639953613e-02 2.050000000000000000e+02 1.550000000000000000e+02
4.413152933120727539e-01 3.427636623382568359e-01 -2.416117787361145020e-01 -2.233134210109710693e-01 -8.569014739990234375e+01 -5.856324005126953125e+01 -3.547056391835212708e-02 -6.014281138777732849e-02 2.030000000000000000e+02 1.530000000000000000e+02
4.413152933120727539e-01 3.657696545124053955e-01 -1.897736638784408569e-01 -1.711829155683517456e-01 -7.413025665283203125e+01 -4.700334930419921875e+01 -3.068546578288078308e-02 -4.827112704515457153e-02 1.800000000000000000e+02 1.300000000000000000e+02
4.413152933120727539e-01 3.683143556118011475e-01 -1.834094971418380737e-01 -1.654167473316192627e-01 -6.625354003906250000e+01 -3.912663269042968750e+01 -2.742497809231281281e-02 -4.018195718526840210e-02 1.640000000000000000e+02 1.140000000000000000e+02
4.413152933120727539e-01 3.626037240028381348e-01 -1.950993090867996216e-01 -1.783567667007446289e-01 -6.370013427734375000e+01 -3.657322692871093750e+01 -2.636802196502685547e-02 -3.755968064069747925e-02 1.570000000000000000e+02 1.070000000000000000e+02
4.413152933120727539e-01 3.682917058467864990e-01 -1.833456307649612427e-01 -1.654680669307708740e-01 -6.094544601440429688e+01 -3.381853866577148438e+01 -2.522774785757064819e-02 -3.473069518804550171e-02 1.500000000000000000e+02 1.000000000000000000e+02
4.413152933120727539e-01 3.726080954074859619e-01 -1.743598878383636475e-01 -1.556873321533203125e-01 -5.878538513183593750e+01 -3.165847969055175781e+01 -2.433361299335956573e-02 -3.251237422227859497e-02 1.440000000000000000e+02 9.400000000000000000e+01
4.413152933120727539e-01 3.876016438007354736e-01 -1.398532688617706299e-01 -1.217126399278640747e-01 -5.645957183837890625e+01 -2.933266830444335938e+01 -2.337086573243141174e-02 -3.012382984161376953e-02 1.370000000000000000e+02 8.700000000000000000e+01
4.413152933120727539e-01 3.886865079402923584e-01 -1.370461434125900269e-01 -1.192543879151344299e-01 -5.562725067138671875e+01 -2.850033950805664062e+01 -2.302633412182331085e-02 -2.926905266940593719e-02 1.360000000000000000e+02 8.600000000000000000e+01
4.413152933120727539e-01 3.956323862075805664e-01 -1.178582161664962769e-01 -1.035153493285179138e-01 -5.285925674438476562e+01 -2.573234939575195312e+01 -2.188055217266082764e-02 -2.642640471458435059e-02 1.300000000000000000e+02 8.000000000000000000e+01
4.413152933120727539e-01 3.992783129215240479e-01 -1.103132590651512146e-01 -9.525384753942489624e-02 -5.165484237670898438e+01 -2.452793121337890625e+01 -2.138199657201766968e-02 -2.518950030207633972e-02 1.270000000000000000e+02 7.700000000000000000e+01
4.413152933120727539e-01 4.167345464229583740e-01 -7.397983968257904053e-02 -5.569883435964584351e-02 -4.278441238403320312e+01 -1.565750312805175781e+01 -1.771017163991928101e-02 -1.607981882989406586e-02 1.030000000000000000e+02 5.300000000000000000e+01
4.413152933120727539e-01 4.375728368759155273e-01 -2.787067368626594543e-02 -8.480233140289783478e-03 -3.944022750854492188e+01 -1.231331920623779297e+01 -1.632588170468807220e-02 -1.264543458819389343e-02 9.200000000000000000e+01 4.200000000000000000e+01
4.413152933120727539e-01 4.362783432006835938e-01 -2.974749542772769928e-02 -1.141349505633115768e-02 -3.609662628173828125e+01 -8.969719886779785156e+00 -1.494183111935853958e-02 -9.211651980876922607e-03 8.600000000000000000e+01 3.600000000000000000e+01
4.413152933120727539e-01 4.361895024776458740e-01 -2.993682399392127991e-02 -1.161480415612459183e-02 -3.537984848022460938e+01 -8.252940177917480469e+00 -1.464512851089239120e-02 -8.475539274513721466e-03 8.300000000000000000e+01 3.300000000000000000e+01
4.413152933120727539e-01 4.407719671726226807e-01 -2.002769708633422852e-02 -1.231151865795254707e-03 -3.421821212768554688e+01 -7.091301918029785156e+00 -1.416428107768297195e-02 -7.282569073140621185e-03 7.900000000000000000e+01 2.900000000000000000e+01
4.413152933120727539e-01 4.395798444747924805e-01 -2.311905287206172943e-02 -3.932446707040071487e-03 -3.382804107666015625e+01 -6.701130867004394531e+00 -1.400277391076087952e-02 -6.881874054670333862e-03 7.700000000000000000e+01 2.700000000000000000e+01
4.413152933120727539e-01 4.402778446674346924e-01 -2.098518982529640198e-02 -2.350810449570417404e-03 -3.345057296752929688e+01 -6.323663711547851562e+00 -1.384652405977249146e-02 -6.494225934147834778e-03 7.500000000000000000e+01 2.500000000000000000e+01
4.413152933120727539e-01 4.407165944576263428e-01 -1.985502429306507111e-02 -1.356623833999037743e-03 -3.321850585937500000e+01 -6.091597557067871094e+00 -1.375046279281377792e-02 -6.255900487303733826e-03 7.400000000000000000e+01 2.400000000000000000e+01
4.413152933120727539e-01 4.343160092830657959e-01 -3.554467111825942993e-02 -1.586005277931690216e-02 -3.218416213989257812e+01 -5.057254791259765625e+00 -1.332230679690837860e-02 -5.193659570068120956e-03 7.100000000000000000e+01 2.100000000000000000e+01
4.413152933120727539e-01 4.074665307998657227e-01 -9.779413044452667236e-02 -7.669972628355026245e-02 -2.971784591674804688e+01 -2.590939521789550781e+00 -1.230140030384063721e-02 -2.660822588950395584e-03 6.300000000000000000e+01 1.300000000000000000e+01
4.413152933120727539e-01 3.958943784236907959e-01 -1.209486573934555054e-01 -1.029216870665550232e-01 -2.837637138366699219e+01 -1.249464154243469238e+00 -1.174611039459705353e-02 -1.283164718188345432e-03 5.800000000000000000e+01 8.000000000000000000e+00
4.413152933120727539e-01 3.980298638343811035e-01 -1.164392605423927307e-01 -9.808277338743209839e-02 -2.757861709594726562e+01 -4.517085552215576172e-01 -1.141588762402534485e-02 -4.638920654542744160e-04 5.500000000000000000e+01 5.000000000000000000e+00
4.413152933120727539e-01 3.881793618202209473e-01 -1.375536471605300903e-01 -1.204035580158233643e-01 -2.732240295410156250e+01 -1.954954862594604492e-01 -1.130983047187328339e-02 -2.007684088312089443e-04 5.300000000000000000e+01 3.000000000000000000e+00
4.413152933120727539e-01 3.877596259117126465e-01 -1.383035033941268921e-01 -1.213546618819236755e-01 -2.717963218688964844e+01 -5.272579193115234375e-02 -1.125073246657848358e-02 -5.414791667135432363e-05 5.200000000000000000e+01 2.000000000000000000e+00
4.413152933120727539e-01 3.877596259117126465e-01 -1.383035033941268921e-01 -1.213546618819236755e-01 -2.717963218688964844e+01 -5.272579193115234375e-02 -1.125073246657848358e-02 -5.414791667135432363e-05 5.200000000000000000e+01 2.000000000000000000e+00
4.413152933120727539e-01 3.877596259117126465e-01 -1.383035033941268921e-01 -1.213546618819236755e-01 -2.717963218688964844e+01 -5.272579193115234375e-02 -1.125073246657848358e-02 -5.414791667135432363e-05 5.200000000000000000e+01 2.000000000000000000e+00
4.413152933120727539e-01 3.877596259117126465e-01 -1.383035033941268921e-01 -1.213546618819236755e-01 -2.717963218688964844e+01 -5.272579193115234375e-02 -1.125073246657848358e-02 -5.414791667135432363e-05 5.200000000000000000e+01 2.000000000000000000e+00
4.413152933120727539e-01 3.877596259117126465e-01 -1.383035033941268921e-01 -1.213546618819236755e-01 -2.717963218688964844e+01 -5.272579193115234375e-02 -1.125073246657848358e-02 -5.414791667135432363e-05 5.200000000000000000e+01 2.000000000000000000e+00
4.413152933120727539e-01 3.831259906291961670e-01 -1.482933908700942993e-01 -1.318542659282684326e-01 -2.715541648864746094e+01 -2.851015329360961914e-02 -1.124070864170789719e-02 -2.927913010353222489e-05 5.100000000000000000e+01 1.000000000000000000e+00
4.413152933120727539e-01 3.831259906291961670e-01 -1.482933908700942993e-01 -1.318542659282684326e-01 -2.715541648864746094e+01 -2.851015329360961914e-02 -1.124070864170789719e-02 -2.927913010353222489e-05 5.100000000000000000e+01 1.000000000000000000e+00
4.413152933120727539e-01 3.705829679965972900e-01 -1.763320118188858032e-01 -1.602761745452880859e-01 -2.712690734863281250e+01 0.000000000000000000e+00 -1.122890692204236984e-02 0.000000000000000000e+00 5.000000000000000000e+01 0.000000000000000000e+00
4.413152933120727539e-01 3.705829679965972900e-01 -1.763320118188858032e-01 -1.602761745452880859e-01 -2.712690734863281250e+01 0.000000000000000000e+00 -1.122890692204236984e-02 0.000000000000000000e+00 5.000000000000000000e+01 0.000000000000000000e+00
4.413152933120727539e-01 3.705829679965972900e-01 -1.763320118188858032e-01 -1.602761745452880859e-01 -2.712690734863281250e+01 0.000000000000000000e+00 -1.122890692204236984e-02 0.000000000000000000e+00 5.000000000000000000e+01 0.000000000000000000e+00
4.413152933120727539e-01 3.705829679965972900e-01 -1.763320118188858032e-01 -1.602761745452880859e-01 -2.712690734863281250e+01 0.000000000000000000e+00 -1.122890692204236984e-02 0.000000000000000000e+00 5.000000000000000000e+01 0.000000000000000000e+00
4.413152933120727539e-01 3.705829679965972900e-01 -1.763320118188858032e-01 -1.602761745452880859e-01 -2.712690734863281250e+01 0.000000000000000000e+00 -1.122890692204236984e-02 0.000000000000000000e+00 5.000000000000000000e+01 0.000000000000000000e+00
4.413152933120727539e-01 3.705829679965972900e-01 -1.763320118188858032e-01 -1.602761745452880859e-01 -2.712690734863281250e+01 0.000000000000000000e+00 -1.122890692204236984e-02 0.000000000000000000e+00 5.000000000000000000e+01 0.000000000000000000e+00
4.413152933120727539e-01 3.705829679965972900e-01 -1.763320118188858032e-01 -1.602761745452880859e-01 -2.712690734863281250e+01 0.000000000000000000e+00 -1.122890692204236984e-02 0.000000000000000000e+00 5.000000000000000000e+01 0.000000000000000000e+00
4.413152933120727539e-01 3.705829679965972900e-01 -1.763320118188858032e-01 -1.602761745452880859e-01 -2.712690734863281250e+01 0.000000000000000000e+00 -1.122890692204236984e-02 0.000000000000000000e+00 5.000000000000000000e+01 0.000000000000000000e+00
4.413152933120727539e-01 3.705829679965972900e-01 -1.763320118188858032e-01 -1.602761745452880859e-01 -2.712690734863281250e+01 0.000000000000000000e+00 -1.122890692204236984e-02 0.000000000000000000e+00 5.000000000000000000e+01 0.000000000000000000e+00
4.413152933120727539e-01 3.705829679965972900e-01 -1.763320118188858032e-01 -1.602761745452880859e-01 -2.712690734863281250e+01 0.000000000000000000e+00 -1.122890692204236984e-02 0.000000000000000000e+00 5.000000000000000000e+01 0.000000000000000000e+00
4.413152933120727539e-01 3.705829679965972900e-01 -1.763320118188858032e-01 -1.602761745452880859e-01 -2.712690734863281250e+01 0.000000000000000000e+00 -1.122890692204236984e-02 0.000000000000000000e+00 5.000000000000000000e+01 0.000000000000000000e+00
4.413152933120727539e-01 3.705829679965972900e-01 -1.763320118188858032e-01 -1.602761745452880859e-01 -2.712690734863281250e+01 0.000000000000000000e+00 -1.122890692204236984e-02 0.000000000000000000e+00 5.000000000000000000e+01 0.000000000000000000e+00
4.413152933120727539e-01 3.705829679965972900e-01 -1.763320118188858032e-01 -1.602761745452880859e-01 -2.712690734863281250e+01 0.000000000000000000e+00 -1.122890692204236984e-02 0.000000000000000000e+00 5.000000000000000000e+01 0.000000000000000000e+00
4.413152933120727539e-01 3.705829679965972900e-01 -1.763320118188858032e-01 -1.602761745452880859e-01 -2.712690734863281250e+01 0.000000000000000000e+00 -1.122890692204236984e-02 0.000000000000000000e+00 5.000000000000000000e+01 0.000000000000000000e+00
4.413152933120727539e-01 3.705829679965972900e-01 -1.763320118188858032e-01 -1.602761745452880859e-01 -2.712690734863281250e+01 0.000000000000000000e+00 -1.122890692204236984e-02 0.000000000000000000e+00 5.000000000000000000e+01 0.000000000000000000e+00
4.413152933120727539e-01 3.705829679965972900e-01 -1.763320118188858032e-01 -1.602761745452880859e-01 -2.712690734863281250e+01 0.000000000000000000e+00 -1.122890692204236984e-02 0.000000000000000000e+00 5.000000000000000000e+01 0.000000000000000000e+00
4.413152933120727539e-01 3.705829679965972900e-01 -1.763320118188858032e-01 -1.602761745452880859e-01 -2.712690734863281250e+01 0.000000000000000000e+00 -1.122890692204236984e-02 0.000000000000000000e+00 5.000000000000000000e+01 0.000000000000000000e+00
4.413152933120727539e-01 3.705829679965972900e-01 -1.763320118188858032e-01 -1.602761745452880859e-01 -2.712690734863281250e+01 0.000000000000000000e+00 -1.122890692204236984e-02 0.000000000000000000e+00 5.000000000000000000e+01 0.000000000000000000e+00
4.413152933120727539e-01 3.705829679965972900e-01 -1.763320118188858032e-01 -1.602761745452880859e-01 -2.712690734863281250e+01 0.000000000000000000e+00 -1.122890692204236984e-02 0.000000000000000000e+00 5.000000000000000000e+01 0.000000000000000000e+00
4.413152933120727539e-01 3.705829679965972900e-01 -1.763320118188858032e-01 -1.602761745452880859e-01 -2.712690734863281250e+01 0.000000000000000000e+00 -1.122890692204236984e-02 0.000000000000000000e+00 5.000000000000000000e+01 0.000000000000000000e+00
4.413152933120727539e-01 3.705829679965972900e-01 -1.763320118188858032e-01 -1.602761745452880859e-01 -2.712690734863281250e+01 0.000000000000000000e+00 -1.122890692204236984e-02 0.000000000000000000e+00 5.000000000000000000e+01 0.000000000000000000e+00
4.413152933120727539e-01 3.705829679965972900e-01 -1.763320118188858032e-01 -1.602761745452880859e-01 -2.712690734863281250e+01 0.000000000000000000e+00 -1.122890692204236984e-02 0.000000000000000000e+00 5.000000000000000000e+01 0.000000000000000000e+00
4.413152933120727539e-01 3.705829679965972900e-01 -1.763320118188858032e-01 -1.602761745452880859e-01 -2.712690734863281250e+01 0.000000000000000000e+00 -1.122890692204236984e-02 0.000000000000000000e+00 5.000000000000000000e+01 0.000000000000000000e+00
4.413152933120727539e-01 3.705829679965972900e-01 -1.763320118188858032e-01 -1.602761745452880859e-01 -2.712690734863281250e+01 0.000000000000000000e+00 -1.122890692204236984e-02 0.000000000000000000e+00 5.000000000000000000e+01 0.000000000000000000e+00
4.413152933120727539e-01 3.705829679965972900e-01 -1.763320118188858032e-01 -1.602761745452880859e-01 -2.712690734863281250e+01 0.000000000000000000e+00 -1.122890692204236984e-02 0.000000000000000000e+00 5.000000000000000000e+01 0.000000000000000000e+00
4.413152933120727539e-01 3.705829679965972900e-01 -1.763320118188858032e-01 -1.602761745452880859e-01 -2.712690734863281250e+01 0.000000000000000000e+00 -1.122890692204236984e-02 0.000000000000000000e+00 5.000000000000000000e+01 0.000000000000000000e+00
4.413152933120727539e-01 3.705829679965972900e-01 -1.763320118188858032e-01 -1.602761745452880859e-01 -2.712690734863281250e+01 0.000000000000000000e+00 -1.122890692204236984e-02 0.000000000000000000e+00 5.000000000000000000e+01 0.000000000000000000e+00
4.413152933120727539e-01 3.705829679965972900e-01 -1.763320118188858032e-01 -1.602761745452880859e-01 -2.712690734863281250e+01 0.000000000000000000e+00 -1.122890692204236984e-02 0.000000000000000000e+00 5.000000000000000000e+01 0.000000000000000000e+00
4.413152933120727539e-01 3.705829679965972900e-01 -1.763320118188858032e-01 -1.602761745452880859e-01 -2.712690734863281250e+01 0.000000000000000000e+00 -1.122890692204236984e-02 0.000000000000000000e+00 5.000000000000000000e+01 0.000000000000000000e+00
4.413152933120727539e-01 3.705829679965972900e-01 -1.763320118188858032e-01 -1.602761745452880859e-01 -2.712690734863281250e+01 0.000000000000000000e+00 -1.122890692204236984e-02 0.000000000000000000e+00 5.000000000000000000e+01 0.000000000000000000e+00
4.413152933120727539e-01 3.705829679965972900e-01 -1.763320118188858032e-01 -1.602761745452880859e-01 -2.712690734863281250e+01 0.000000000000000000e+00 -1.122890692204236984e-02 0.000000000000000000e+00 5.000000000000000000e+01 0.000000000000000000e+00
4.413152933120727539e-01 3.705829679965972900e-01 -1.763320118188858032e-01 -1.602761745452880859e-01 -2.712690734863281250e+01 0.000000000000000000e+00 -1.122890692204236984e-02 0.000000000000000000e+00 5.000000000000000000e+01 0.000000000000000000e+00
4.413152933120727539e-01 3.705829679965972900e-01 -1.763320118188858032e-01 -1.602761745452880859e-01 -2.712690734863281250e+01 0.000000000000000000e+00 -1.122890692204236984e-02 0.000000000000000000e+00 5.000000000000000000e+01 0.000000000000000000e+00
4.413152933120727539e-01 3.705829679965972900e-01 -1.763320118188858032e-01 -1.602761745452880859e-01 -2.712690734863281250e+01 0.000000000000000000e+00 -1.122890692204236984e-02 0.000000000000000000e+00 5.000000000000000000e+01 0.000000000000000000e+00
4.413152933120727539e-01 3.705829679965972900e-01 -1.763320118188858032e-01 -1.602761745452880859e-01 -2.712690734863281250e+01 0.000000000000000000e+00 -1.122890692204236984e-02 0.000000000000000000e+00 5.000000000000000000e+01 0.000000000000000000e+00
4.413152933120727539e-01 3.705829679965972900e-01 -1.763320118188858032e-01 -1.602761745452880859e-01 -2.712690734863281250e+01 0.000000000000000000e+00 -1.122890692204236984e-02 0.000000000000000000e+00 5.000000000000000000e+01 0.000000000000000000e+00
4.413152933120727539e-01 3.705829679965972900e-01 -1.763320118188858032e-01 -1.602761745452880859e-01 -2.712690734863281250e+01 0.000000000000000000e+00 -1.122890692204236984e-02 0.000000000000000000e+00 5.000000000000000000e+01 0.000000000000000000e+00
4.413152933120727539e-01 3.705829679965972900e-01 -1.763320118188858032e-01 -1.602761745452880859e-01 -2.712690734863281250e+01 0.000000000000000000e+00 -1.122890692204236984e-02 0.000000000000000000e+00 5.000000000000000000e+01 0.000000000000000000e+00
4.413152933120727539e-01 3.705829679965972900e-01 -1.763320118188858032e-01 -1.602761745452880859e-01 -2.712690734863281250e+01 0.000000000000000000e+00 -1.122890692204236984e-02 0.000000000000000000e+00 5.000000000000000000e+01 0.000000000000000000e+00
4.413152933120727539e-01 3.705829679965972900e-01 -1.763320118188858032e-01 -1.602761745452880859e-01 -2.712690734863281250e+01 0.000000000000000000e+00 -1.122890692204236984e-02 0.000000000000000000e+00 5.000000000000000000e+01 0.000000000000000000e+00
4.413152933120727539e-01 3.705829679965972900e-01 -1.763320118188858032e-01 -1.602761745452880859e-01 -2.712690734863281250e+01 0.000000000000000000e+00 -1.122890692204236984e-02 0.000000000000000000e+00 5.000000000000000000e+01 0.000000000000000000e+00
4.413152933120727539e-01 3.705829679965972900e-01 -1.763320118188858032e-01 -1.602761745452880859e-01 -2.712690734863281250e+01 0.000000000000000000e+00 -1.122890692204236984e-02 0.000000000000000000e+00 5.000000000000000000e+01 0.000000000000000000e+00
4.413152933120727539e-01 3.705829679965972900e-01 -1.763320118188858032e-01 -1.602761745452880859e-01 -2.712690734863281250e+01 0.000000000000000000e+00 -1.122890692204236984e-02 0.000000000000000000e+00 5.000000000000000000e+01 0.000000000000000000e+00
4.413152933120727539e-01 3.705829679965972900e-01 -1.763320118188858032e-01 -1.602761745452880859e-01 -2.712690734863281250e+01 0.000000000000000000e+00 -1.122890692204236984e-02 0.000000000000000000e+00 5.000000000000000000e+01 0.000000000000000000e+00
4.413152933120727539e-01 3.705829679965972900e-01 -1.763320118188858032e-01 -1.602761745452880859e-01 -2.712690734863281250e+01 0.000000000000000000e+00 -1.122890692204236984e-02 0.000000000000000000e+00 5.000000000000000000e+01 0.000000000000000000e+00
4.413152933120727539e-01 3.705829679965972900e-01 -1.763320118188858032e-01 -1.602761745452880859e-01 -2.712690734863281250e+01 0.000000000000000000e+00 -1.122890692204236984e-02 0.000000000000000000e+00 5.000000000000000000e+01 0.000000000000000000e+00
4.413152933120727539e-01 3.705829679965972900e-01 -1.763320118188858032e-01 -1.602761745452880859e-01 -2.712690734863281250e+01 0.000000000000000000e+00 -1.122890692204236984e-02 0.000000000000000000e+00 5.000000000000000000e+01 0.000000000000000000e+00
4.413152933120727539e-01 3.705829679965972900e-01 -1.763320118188858032e-01 -1.602761745452880859e-01 -2.712690734863281250e+01 0.000000000000000000e+00 -1.122890692204236984e-02 0.000000000000000000e+00 5.000000000000000000e+01 0.000000000000000000e+00
4.413152933120727539e-01 3.705829679965972900e-01 -1.763320118188858032e-01 -1.602761745452880859e-01 -2.712690734863281250e+01 0.000000000000000000e+00 -1.122890692204236984e-02 0.000000000000000000e+00 5.000000000000000000e+01 0.000000000000000000e+00
4.413152933120727539e-01 3.705829679965972900e-01 -1.763320118188858032e-01 -1.602761745452880859e-01 -2.712690734863281250e+01 0.000000000000000000e+00 -1.122890692204236984e-02 0.000000000000000000e+00 5.000000000000000000e+01 0.000000000000000000e+00
4.413152933120727539e-01 3.705829679965972900e-01 -1.763320118188858032e-01 -1.602761745452880859e-01 -2.712690734863281250e+01 0.000000000000000000e+00 -1.122890692204236984e-02 0.000000000000000000e+00 5.000000000000000000e+01 0.000000000000000000e+00
