4.835529625415802002e-01 6.989521384239196777e-01 4.208735227584838867e-01 4.454510509967803955e-01 -6.737321472167968750e+01 -5.137174224853515625e+01 -2.788845635950565338e-02 -6.318207085132598877e-02 2.790000000000000000e+02 2.290000000000000000e+02
4.835529625415802002e-01 6.618658304214477539e-01 3.508754968643188477e-01 3.687556087970733643e-01 -4.041504669189453125e+01 -2.441357803344726562e+01 -1.672939769923686981e-02 -3.002624213695526123e-02 1.860000000000000000e+02 1.360000000000000000e+02
4.835529625415802002e-01 6.550783514976501465e-01 3.384630084037780762e-01 3.547189235687255859e-01 -3.885830307006835938e+01 -2.285683822631835938e+01 -1.608499884605407715e-02 -2.811160869896411896e-02 1.730000000000000000e+02 1.230000000000000000e+02
4.835529625415802002e-01 6.520695090293884277e-01 3.336035907268524170e-01 3.484965562820434570e-01 -3.771612548828125000e+01 -2.171466064453125000e+01 -1.561220642179250717e-02 -2.670684643089771271e-02 1.680000000000000000e+02 1.180000000000000000e+02
4.835529625415802002e-01 6.600325107574462891e-01 3.521759808063507080e-01 3.649642467498779297e-01 -3.684210968017578125e+01 -2.084064483642578125e+01 -1.525041647255420685e-02 -2.563189342617988586e-02 1.640000000000000000e+02 1.140000000000000000e+02
4.835529625415802002e-01 6.585029959678649902e-01 3.487070798873901367e-01 3.618011772632598877e-01 -3.628381347656250000e+01 -2.028234863281250000e+01 -1.501931529492139816e-02 -2.494524605572223663e-02 1.580000000000000000e+02 1.080000000000000000e+02
4.835529625415802002e-01 6.560817360877990723e-01 3.431272506713867188e-01 3.567939400672912598e-01 -3.620513153076171875e+01 -2.020366287231445312e+01 -1.498674601316452026e-02 -2.484847046434879303e-02 1.590000000000000000e+02 1.090000000000000000e+02
4.835529625415802002e-01 6.555514335632324219e-01 3.420339822769165039e-01 3.556972742080688477e-01 -3.596421432495117188e+01 -1.996274757385253906e+01 -1.488702092319726944e-02 -2.455216832458972931e-02 1.580000000000000000e+02 1.080000000000000000e+02
4.835529625415802002e-01 6.551398038864135742e-01 3.411693871021270752e-01 3.548460006713867188e-01 -3.595893859863281250e+01 -1.995747184753417969e+01 -1.488483697175979614e-02 -2.454568073153495789e-02 1.570000000000000000e+02 1.070000000000000000e+02
4.835529625415802002e-01 6.556861996650695801e-01 3.423208594322204590e-01 3.559759855270385742e-01 -3.577071380615234375e+01 -1.976925277709960938e+01 -1.480692345649003983e-02 -2.431418932974338531e-02 1.560000000000000000e+02 1.060000000000000000e+02
4.835529625415802002e-01 6.556968688964843750e-01 3.431093394756317139e-01 3.559980392456054688e-01 -3.519403839111328125e+01 -1.919257164001464844e+01 -1.456821430474519730e-02 -2.360492944717407227e-02 1.520000000000000000e+02 1.020000000000000000e+02
4.835529625415802002e-01 6.484196186065673828e-01 3.292479515075683594e-01 3.409484922885894775e-01 -3.462370300292968750e+01 -1.862224006652832031e+01 -1.433212962001562119e-02 -2.290347963571548462e-02 1.470000000000000000e+02 9.700000000000000000e+01
4.835529625415802002e-01 6.575334072113037109e-01 3.522867262363433838e-01 3.597960472106933594e-01 -3.336501312255859375e+01 -1.736354827880859375e+01 -1.381110772490501404e-02 -2.135541476309299469e-02 1.420000000000000000e+02 9.200000000000000000e+01
4.835529625415802002e-01 6.557669043540954590e-01 3.489923775196075439e-01 3.561428785324096680e-01 -3.284815216064453125e+01 -1.684668731689453125e+01 -1.359715871512889862e-02 -2.071972936391830444e-02 1.390000000000000000e+02 8.900000000000000000e+01
4.835529625415802002e-01 6.474668979644775391e-01 3.325344026088714600e-01 3.389782607555389404e-01 -3.233713150024414062e+01 -1.633566665649414062e+01 -1.338562648743391037e-02 -2.009122446179389954e-02 1.330000000000000000e+02 8.300000000000000000e+01
4.835529625415802002e-01 6.529818773269653320e-01 3.448285460472106934e-01 3.503833711147308350e-01 -3.098757362365722656e+01 -1.498610687255859375e+01 -1.282699126750230789e-02 -1.843140274286270142e-02 1.300000000000000000e+02 8.000000000000000000e+01
4.835529625415802002e-01 6.539651155471801758e-01 3.466121256351470947e-01 3.524167239665985107e-01 -3.095045471191406250e+01 -1.494898796081542969e+01 -1.281162630766630173e-02 -1.838574931025505066e-02 1.290000000000000000e+02 7.900000000000000000e+01
4.835529625415802002e-01 6.500654220581054688e-01 3.380979895591735840e-01 3.443520665168762207e-01 -3.071879768371582031e+01 -1.471733188629150391e+01 -1.271573361009359360e-02 -1.810083538293838501e-02 1.290000000000000000e+02 7.900000000000000000e+01
4.835529625415802002e-01 6.460688710212707520e-01 3.296039402484893799e-01 3.360870778560638428e-01 -3.067575645446777344e+01 -1.467428874969482422e+01 -1.269791740924119949e-02 -1.804789714515209198e-02 1.300000000000000000e+02 8.000000000000000000e+01
4.835529625415802002e-01 6.407938003540039062e-01 3.183648884296417236e-01 3.251781165599822998e-01 -3.061420631408691406e+01 -1.461273956298828125e+01 -1.267243921756744385e-02 -1.797219738364219666e-02 1.280000000000000000e+02 7.800000000000000000e+01
4.835529625415802002e-01 6.593130230903625488e-01 3.601608276367187500e-01 3.634763360023498535e-01 -2.566021537780761719e+01 -9.658748626708984375e+00 -1.062178518623113632e-02 -1.187928766012191772e-02 1.140000000000000000e+02 6.400000000000000000e+01
4.835529625415802002e-01 6.625761389732360840e-01 3.688594102859497070e-01 3.702245354652404785e-01 -2.403419494628906250e+01 -8.032728195190429688e+00 -9.948710910975933075e-03 -9.879446588456630707e-03 1.080000000000000000e+02 5.800000000000000000e+01
4.835529625415802002e-01 6.482218503952026367e-01 3.406920433044433594e-01 3.405395150184631348e-01 -2.207960510253906250e+01 -6.078139305114746094e+00 -9.139628149569034576e-03 -7.475499063730239868e-03 1.010000000000000000e+02 5.100000000000000000e+01
4.835529625415802002e-01 6.453535556793212891e-01 3.333204686641693115e-01 3.346078097820281982e-01 -2.162594413757324219e+01 -5.624478340148925781e+00 -8.951839990913867950e-03 -6.917541846632957458e-03 1.010000000000000000e+02 5.100000000000000000e+01
4.835529625415802002e-01 6.399885416030883789e-01 3.238580226898193359e-01 3.235128223896026611e-01 -2.000433349609375000e+01 -4.002868652343750000e+00 -8.280590176582336426e-03 -4.923125263303518295e-03 9.600000000000000000e+01 4.600000000000000000e+01
4.835529625415802002e-01 6.388922333717346191e-01 3.212219476699829102e-01 3.212456107139587402e-01 -1.942675399780273438e+01 -3.425286531448364258e+00 -8.041507564485073090e-03 -4.212757572531700134e-03 9.400000000000000000e+01 4.400000000000000000e+01
4.835529625415802002e-01 6.302211880683898926e-01 3.024401068687438965e-01 3.033136725425720215e-01 -1.939795112609863281e+01 -3.396485567092895508e+00 -8.029584772884845734e-03 -4.177335184067487717e-03 9.200000000000000000e+01 4.200000000000000000e+01
4.835529625415802002e-01 6.294752359390258789e-01 3.010208904743194580e-01 3.017710149288177490e-01 -1.937289428710937500e+01 -3.371429920196533203e+00 -8.019212633371353149e-03 -4.146519117057323456e-03 9.100000000000000000e+01 4.100000000000000000e+01
4.835529625415802002e-01 6.311914920806884766e-01 3.045363128185272217e-01 3.053202927112579346e-01 -1.936130905151367188e+01 -3.359842777252197266e+00 -8.014417253434658051e-03 -4.132268019020557404e-03 9.000000000000000000e+01 4.000000000000000000e+01
4.835529625415802002e-01 6.067956686019897461e-01 2.546049058437347412e-01 2.548691034317016602e-01 -1.819433784484863281e+01 -2.192872047424316406e+00 -7.531361188739538193e-03 -2.697011688724160194e-03 8.600000000000000000e+01 3.600000000000000000e+01
4.835529625415802002e-01 5.812276601791381836e-01 1.961973309516906738e-01 2.019937932491302490e-01 -1.703990554809570312e+01 -1.038437128067016602e+00 -7.053495384752750397e-03 -1.277173054404556751e-03 7.800000000000000000e+01 2.800000000000000000e+01
4.835529625415802002e-01 5.590070486068725586e-01 1.511646062135696411e-01 1.560409963130950928e-01 -1.681938362121582031e+01 -8.179181814193725586e-01 -6.962212733924388885e-03 -1.005957019515335560e-03 7.500000000000000000e+01 2.500000000000000000e+01
4.835529625415802002e-01 5.544335842132568359e-01 1.400626897811889648e-01 1.465829610824584961e-01 -1.677992057800292969e+01 -7.784536480903625488e-01 -6.945877335965633392e-03 -9.574195719324052334e-04 7.400000000000000000e+01 2.400000000000000000e+01
4.835529625415802002e-01 5.459505319595336914e-01 1.242072209715843201e-01 1.290397793054580688e-01 -1.662814140319824219e+01 -6.266746520996093750e-01 -6.883049849420785904e-03 -7.707467302680015564e-04 7.200000000000000000e+01 2.200000000000000000e+01
4.835529625415802002e-01 5.338962078094482422e-01 1.001936048269271851e-01 1.041111275553703308e-01 -1.645275497436523438e+01 -4.512880444526672363e-01 -6.810450460761785507e-03 -5.550388596020638943e-04 6.900000000000000000e+01 1.900000000000000000e+01
4.835529625415802002e-01 5.268614292144775391e-01 8.588323742151260376e-02 8.956302702426910400e-02 -1.640171051025390625e+01 -4.002441167831420898e-01 -6.789321079850196838e-03 -4.922599764540791512e-04 6.700000000000000000e+01 1.700000000000000000e+01
4.835529625415802002e-01 5.268614292144775391e-01 8.588323742151260376e-02 8.956302702426910400e-02 -1.640171051025390625e+01 -4.002441167831420898e-01 -6.789321079850196838e-03 -4.922599764540791512e-04 6.700000000000000000e+01 1.700000000000000000e+01
4.835529625415802002e-01 5.218795537948608398e-01 7.537006586790084839e-02 7.926037907600402832e-02 -1.634630966186523438e+01 -3.448439240455627441e-01 -6.766388658434152603e-03 -4.241232818458229303e-04 6.600000000000000000e+01 1.600000000000000000e+01
4.835529625415802002e-01 5.190203785896301270e-01 6.941456347703933716e-02 7.334753125905990601e-02 -1.618582916259765625e+01 -1.843612790107727051e-01 -6.699959281831979752e-03 -2.267458039568737149e-04 6.000000000000000000e+01 1.000000000000000000e+01
4.835529625415802002e-01 5.020726919174194336e-01 3.491667285561561584e-02 3.829927742481231689e-02 -1.607921028137207031e+01 -7.774281501770019531e-02 -6.655825767666101456e-03 -9.561583283357322216e-05 5.600000000000000000e+01 6.000000000000000000e+00
4.835529625415802002e-01 4.985667169094085693e-01 2.774061448872089386e-02 3.104883059859275818e-02 -1.606205749511718750e+01 -6.058877706527709961e-02 -6.648725364357233047e-03 -7.451809506164863706e-05 5.500000000000000000e+01 5.000000000000000000e+00
4.835529625415802002e-01 4.947176575660705566e-01 1.978753134608268738e-02 2.308887802064418793e-02 -1.603319931030273438e+01 -3.173106908798217773e-02 -6.636779755353927612e-03 -3.902601747540757060e-05 5.300000000000000000e+01 3.000000000000000000e+00
4.835529625415802002e-01 4.947176575660705566e-01 1.978753134608268738e-02 2.308887802064418793e-02 -1.603319931030273438e+01 -3.173106908798217773e-02 -6.636779755353927612e-03 -3.902601747540757060e-05 5.300000000000000000e+01 3.000000000000000000e+00
4.835529625415802002e-01 4.947176575660705566e-01 1.978753134608268738e-02 2.308887802064418793e-02 -1.603319931030273438e+01 -3.173106908798217773e-02 -6.636779755353927612e-03 -3.902601747540757060e-05 5.300000000000000000e+01 3.000000000000000000e+00
4.835529625415802002e-01 4.796355366706848145e-01 -9.857692755758762360e-03 -8.101337589323520660e-03 -1.602111816406250000e+01 -1.965004205703735352e-02 -6.631779018789529800e-03 -2.416757342871278524e-05 5.200000000000000000e+01 2.000000000000000000e+00
4.835529625415802002e-01 4.796355366706848145e-01 -9.857692755758762360e-03 -8.101337589323520660e-03 -1.602111816406250000e+01 -1.965004205703735352e-02 -6.631779018789529800e-03 -2.416757342871278524e-05 5.200000000000000000e+01 2.000000000000000000e+00
4.835529625415802002e-01 4.784590303897857666e-01 -1.231507491320371628e-02 -1.053438335657119751e-02 -1.601423835754394531e+01 -1.277089118957519531e-02 -6.628931034356355667e-03 -1.570690983498934656e-05 5.100000000000000000e+01 1.000000000000000000e+00
4.835529625415802002e-01 4.693352878093719482e-01 -3.065597079694271088e-02 -2.940251864492893219e-02 -1.600146675109863281e+01 0.000000000000000000e+00 -6.623644381761550903e-03 0.000000000000000000e+00 5.000000000000000000e+01 0.000000000000000000e+00
4.835529625415802002e-01 4.693352878093719482e-01 -3.065597079694271088e-02 -2.940251864492893219e-02 -1.600146675109863281e+01 0.000000000000000000e+00 -6.623644381761550903e-03 0.000000000000000000e+00 5.000000000000000000e+01 0.000000000000000000e+00
4.835529625415802002e-01 4.693352878093719482e-01 -3.065597079694271088e-02 -2.940251864492893219e-02 -1.600146675109863281e+01 0.000000000000000000e+00 -6.623644381761550903e-03 0.000000000000000000e+00 5.000000000000000000e+01 0.000000000000000000e+00
4.835529625415802002e-01 4.693352878093719482e-01 -3.065597079694271088e-02 -2.940251864492893219e-02 -1.600146675109863281e+01 0.000000000000000000e+00 -6.623644381761550903e-03 0.000000000000000000e+00 5.000000000000000000e+01 0.000000000000000000e+00
4.835529625415802002e-01 4.693352878093719482e-01 -3.065597079694271088e-02 -2.940251864492893219e-02 -1.600146675109863281e+01 0.000000000000000000e+00 -6.623644381761550903e-03 0.000000000000000000e+00 5.000000000000000000e+01 0.000000000000000000e+00
4.835529625415802002e-01 4.693352878093719482e-01 -3.065597079694271088e-02 -2.940251864492893219e-02 -1.600146675109863281e+01 0.000000000000000000e+00 -6.623644381761550903e-03 0.000000000000000000e+00 5.000000000000000000e+01 0.000000000000000000e+00
4.835529625415802002e-01 4.693352878093719482e-01 -3.065597079694271088e-02 -2.940251864492893219e-02 -1.600146675109863281e+01 0.000000000000000000e+00 -6.623644381761550903e-03 0.000000000000000000e+00 5.000000000000000000e+01 0.000000000000000000e+00
4.835529625415802002e-01 4.693352878093719482e-01 -3.065597079694271088e-02 -2.940251864492893219e-02 -1.600146675109863281e+01 0.000000000000000000e+00 -6.623644381761550903e-03 0.000000000000000000e+00 5.000000000000000000e+01 0.000000000000000000e+00
4.835529625415802002e-01 4.693352878093719482e-01 -3.065597079694271088e-02 -2.940251864492893219e-02 -1.600146675109863281e+01 0.000000000000000000e+00 -6.623644381761550903e-03 0.000000000000000000e+00 5.000000000000000000e+01 0.000000000000000000e+00
4.835529625415802002e-01 4.693352878093719482e-01 -3.065597079694271088e-02 -2.940251864492893219e-02 -1.600146675109863281e+01 0.000000000000000000e+00 -6.623644381761550903e-03 0.000000000000000000e+00 5.000000000000000000e+01 0.000000000000000000e+00
4.835529625415802002e-01 4.693352878093719482e-01 -3.065597079694271088e-02 -2.940251864492893219e-02 -1.600146675109863281e+01 0.000000000000000000e+00 -6.623644381761550903e-03 0.000000000000000000e+00 5.000000000000000000e+01 0.000000000000000000e+00
4.835529625415802002e-01 4.693352878093719482e-01 -3.065597079694271088e-02 -2.940251864492893219e-02 -1.600146675109863281e+01 0.000000000000000000e+00 -6.623644381761550903e-03 0.000000000000000000e+00 5.000000000000000000e+01 0.000000000000000000e+00
4.835529625415802002e-01 4.693352878093719482e-01 -3.065597079694271088e-02 -2.940251864492893219e-02 -1.600146675109863281e+01 0.000000000000000000e+00 -6.623644381761550903e-03 0.000000000000000000e+00 5.000000000000000000e+01 0.000000000000000000e+00
4.835529625415802002e-01 4.693352878093719482e-01 -3.065597079694271088e-02 -2.940251864492893219e-02 -1.600146675109863281e+01 0.000000000000000000e+00 -6.623644381761550903e-03 0.000000000000000000e+00 5.000000000000000000e+01 0.000000000000000000e+00
4.835529625415802002e-01 4.693352878093719482e-01 -3.065597079694271088e-02 -2.940251864492893219e-02 -1.600146675109863281e+01 0.000000000000000000e+00 -6.623644381761550903e-03 0.000000000000000000e+00 5.000000000000000000e+01 0.000000000000000000e+00
4.835529625415802002e-01 4.693352878093719482e-01 -3.065597079694271088e-02 -2.940251864492893219e-02 -1.600146675109863281e+01 0.000000000000000000e+00 -6.623644381761550903e-03 0.000000000000000000e+00 5.000000000000000000e+01 0.000000000000000000e+00
4.835529625415802002e-01 4.693352878093719482e-01 -3.065597079694271088e-02 -2.940251864492893219e-02 -1.600146675109863281e+01 0.000000000000000000e+00 -6.623644381761550903e-03 0.000000000000000000e+00 5.000000000000000000e+01 0.000000000000000000e+00
4.835529625415802002e-01 4.693352878093719482e-01 -3.065597079694271088e-02 -2.940251864492893219e-02 -1.600146675109863281e+01 0.000000000000000000e+00 -6.623644381761550903e-03 0.000000000000000000e+00 5.000000000000000000e+01 0.000000000000000000e+00
4.835529625415802002e-01 4.693352878093719482e-01 -3.065597079694271088e-02 -2.940251864492893219e-02 -1.600146675109863281e+01 0.000000000000000000e+00 -6.623644381761550903e-03 0.000000000000000000e+00 5.000000000000000000e+01 0.000000000000000000e+00
4.835529625415802002e-01 4.693352878093719482e-01 -3.065597079694271088e-02 -2.940251864492893219e-02 -1.600146675109863281e+01 0.000000000000000000e+00 -6.623644381761550903e-03 0.000000000000000000e+00 5.000000000000000000e+01 0.000000000000000000e+00
4.835529625415802002e-01 4.693352878093719482e-01 -3.065597079694271088e-02 -2.940251864492893219e-02 -1.600146675109863281e+01 0.000000000000000000e+00 -6.623644381761550903e-03 0.000000000000000000e+00 5.000000000000000000e+01 0.000000000000000000e+00
4.835529625415802002e-01 4.693352878093719482e-01 -3.065597079694271088e-02 -2.940251864492893219e-02 -1.600146675109863281e+01 0.000000000000000000e+00 -6.623644381761550903e-03 0.000000000000000000e+00 5.000000000000000000e+01 0.000000000000000000e+00
4.835529625415802002e-01 4.693352878093719482e-01 -3.065597079694271088e-02 -2.940251864492893219e-02 -1.600146675109863281e+01 0.000000000000000000e+00 -6.623644381761550903e-03 0.000000000000000000e+00 5.000000000000000000e+01 0.000000000000000000e+00
4.835529625415802002e-01 4.693352878093719482e-01 -3.065597079694271088e-02 -2.940251864492893219e-02 -1.600146675109863281e+01 0.000000000000000000e+00 -6.623644381761550903e-03 0.000000000000000000e+00 5.000000000000000000e+01 0.000000000000000000e+00
4.835529625415802002e-01 4.693352878093719482e-01 -3.065597079694271088e-02 -2.940251864492893219e-02 -1.600146675109863281e+01 0.000000000000000000e+00 -6.623644381761550903e-03 0.000000000000000000e+00 5.000000000000000000e+01 0.000000000000000000e+00
4.835529625415802002e-01 4.693352878093719482e-01 -3.065597079694271088e-02 -2.940251864492893219e-02 -1.600146675109863281e+01 0.000000000000000000e+00 -6.623644381761550903e-03 0.000000000000000000e+00 5.000000000000000000e+01 0.000000000000000000e+00
4.835529625415802002e-01 4.693352878093719482e-01 -3.065597079694271088e-02 -2.940251864492893219e-02 -1.600146675109863281e+01 0.000000000000000000e+00 -6.623644381761550903e-03 0.000000000000000000e+00 5.000000000000000000e+01 0.000000000000000000e+00
4.835529625415802002e-01 4.693352878093719482e-01 -3.065597079694271088e-02 -2.940251864492893219e-02 -1.600146675109863281e+01 0.000000000000000000e+00 -6.623644381761550903e-03 0.000000000000000000e+00 5.000000000000000000e+01 0.000000000000000000e+00
4.835529625415802002e-01 4.693352878093719482e-01 -3.065597079694271088e-02 -2.940251864492893219e-02 -1.600146675109863281e+01 0.000000000000000000e+00 -6.623644381761550903e-03 0.000000000000000000e+00 5.000000000000000000e+01 0.000000000000000000e+00
4.835529625415802002e-01 4.693352878093719482e-01 -3.065597079694271088e-02 -2.940251864492893219e-02 -1.600146675109863281e+01 0.000000000000000000e+00 -6.623644381761550903e-03 0.000000000000000000e+00 5.000000000000000000e+01 0.000000000000000000e+00
4.835529625415802002e-01 4.693352878093719482e-01 -3.065597079694271088e-02 -2.940251864492893219e-02 -1.600146675109863281e+01 0.000000000000000000e+00 -6.623644381761550903e-03 0.000000000000000000e+00 5.000000000000000000e+01 0.000000000000000000e+00
4.835529625415802002e-01 4.693352878093719482e-01 -3.065597079694271088e-02 -2.940251864492893219e-02 -1.600146675109863281e+01 0.000000000000000000e+00 -6.623644381761550903e-03 0.000000000000000000e+00 5.000000000000000000e+01 0.000000000000000000e+00
4.835529625415802002e-01 4.693352878093719482e-01 -3.065597079694271088e-02 -2.940251864492893219e-02 -1.600146675109863281e+01 0.000000000000000000e+00 -6.623644381761550903e-03 0.000000000000000000e+00 5.000000000000000000e+01 0.000000000000000000e+00
4.835529625415802002e-01 4.693352878093719482e-01 -3.065597079694271088e-02 -2.940251864492893219e-02 -1.600146675109863281e+01 0.000000000000000000e+00 -6.623644381761550903e-03 0.000000000000000000e+00 5.000000000000000000e+01 0.000000000000000000e+00
4.835529625415802002e-01 4.693352878093719482e-01 -3.065597079694271088e-02 -2.940251864492893219e-02 -1.600146675109863281e+01 0.000000000000000000e+00 -6.623644381761550903e-03 0.000000000000000000e+00 5.000000000000000000e+01 0.000000000000000000e+00
4.835529625415802002e-01 4.693352878093719482e-01 -3.065597079694271088e-02 -2.940251864492893219e-02 -1.600146675109863281e+01 0.000000000000000000e+00 -6.623644381761550903e-03 0.000000000000000000e+00 5.000000000000000000e+01 0.000000000000000000e+00
4.835529625415802002e-01 4.693352878093719482e-01 -3.065597079694271088e-02 -2.940251864492893219e-02 -1.600146675109863281e+01 0.000000000000000000e+00 -6.623644381761550903e-03 0.000000000000000000e+00 5.000000000000000000e+01 0.000000000000000000e+00
4.835529625415802002e-01 4.693352878093719482e-01 -3.065597079694271088e-02 -2.940251864492893219e-02 -1.600146675109863281e+01 0.000000000000000000e+00 -6.623644381761550903e-03 0.000000000000000000e+00 5.000000000000000000e+01 0.000000000000000000e+00
4.835529625415802002e-01 4.693352878093719482e-01 -3.065597079694271088e-02 -2.940251864492893219e-02 -1.600146675109863281e+01 0.000000000000000000e+00 -6.623644381761550903e-03 0.000000000000000000e+00 5.000000000000000000e+01 0.000000000000000000e+00
4.835529625415802002e-01 4.693352878093719482e-01 -3.065597079694271088e-02 -2.940251864492893219e-02 -1.600146675109863281e+01 0.000000000000000000e+00 -6.623644381761550903e-03 0.000000000000000000e+00 5.000000000000000000e+01 0.000000000000000000e+00
4.835529625415802002e-01 4.693352878093719482e-01 -3.065597079694271088e-02 -2.940251864492893219e-02 -1.600146675109863281e+01 0.000000000000000000e+00 -6.623644381761550903e-03 0.000000000000000000e+00 5.000000000000000000e+01 0.000000000000000000e+00
4.835529625415802002e-01 4.693352878093719482e-01 -3.065597079694271088e-02 -2.940251864492893219e-02 -1.600146675109863281e+01 0.000000000000000000e+00 -6.623644381761550903e-03 0.000000000000000000e+00 5.000000000000000000e+01 0.000000000000000000e+00
4.835529625415802002e-01 4.693352878093719482e-01 -3.065597079694271088e-02 -2.940251864492893219e-02 -1.600146675109863281e+01 0.000000000000000000e+00 -6.623644381761550903e-03 0.000000000000000000e+00 5.000000000000000000e+01 0.000000000000000000e+00
4.835529625415802002e-01 4.693352878093719482e-01 -3.065597079694271088e-02 -2.940251864492893219e-02 -1.600146675109863281e+01 0.000000000000000000e+00 -6.623644381761550903e-03 0.000000000000000000e+00 5.000000000000000000e+01 0.000000000000000000e+00
