4.833447039127349854e-01 7.850172519683837891e-01 5.999873280525207520e-01 6.241354346275329590e-01 -3.292786407470703125e+01 -1.899206733703613281e+01 -1.363015454262495041e-02 -2.831117995083332062e-02 1.150000000000000000e+02 7.600000000000000000e+01
4.833447039127349854e-01 7.868598699569702148e-01 6.093010902404785156e-01 6.279476284980773926e-01 -2.002750015258789062e+01 -6.091707706451416016e+00 -8.290180005133152008e-03 -9.080814197659492493e-03 8.700000000000000000e+01 4.800000000000000000e+01
4.833447039127349854e-01 7.601998448371887207e-01 5.462723970413208008e-01 5.727902650833129883e-01 -1.979391288757324219e+01 -5.858120918273925781e+00 -8.193489164113998413e-03 -8.732610382139682770e-03 8.400000000000000000e+01 4.500000000000000000e+01
4.833447039127349854e-01 7.594214677810668945e-01 5.445932149887084961e-01 5.711798667907714844e-01 -1.976450920104980469e+01 -5.828717231750488281e+00 -8.181317709386348724e-03 -8.688778616487979889e-03 8.300000000000000000e+01 4.400000000000000000e+01
4.833447039127349854e-01 7.594735622406005859e-01 5.446876883506774902e-01 5.712876319885253906e-01 -1.976441764831542969e+01 -5.828625679016113281e+00 -8.181279525160789490e-03 -8.688641712069511414e-03 8.300000000000000000e+01 4.400000000000000000e+01
4.833447039127349854e-01 7.596521377563476562e-01 5.470666289329528809e-01 5.716571211814880371e-01 -1.938330268859863281e+01 -5.447509765625000000e+00 -8.023520931601524353e-03 -8.120518177747726440e-03 8.200000000000000000e+01 4.300000000000000000e+01
4.833447039127349854e-01 7.614752054214477539e-01 5.512746572494506836e-01 5.754289031028747559e-01 -1.928354644775390625e+01 -5.347753047943115234e+00 -7.982227951288223267e-03 -7.971812970936298370e-03 8.100000000000000000e+01 4.200000000000000000e+01
4.833447039127349854e-01 7.614752054214477539e-01 5.512746572494506836e-01 5.754289031028747559e-01 -1.928354644775390625e+01 -5.347753047943115234e+00 -7.982227951288223267e-03 -7.971812970936298370e-03 8.100000000000000000e+01 4.200000000000000000e+01
4.833447039127349854e-01 7.614752054214477539e-01 5.512746572494506836e-01 5.754289031028747559e-01 -1.928354644775390625e+01 -5.347753047943115234e+00 -7.982227951288223267e-03 -7.971812970936298370e-03 8.100000000000000000e+01 4.200000000000000000e+01
4.833447039127349854e-01 7.614752054214477539e-01 5.512746572494506836e-01 5.754289031028747559e-01 -1.928354644775390625e+01 -5.347753047943115234e+00 -7.982227951288223267e-03 -7.971812970936298370e-03 8.100000000000000000e+01 4.200000000000000000e+01
4.833447039127349854e-01 7.545414566993713379e-01 5.352167487144470215e-01 5.610835552215576172e-01 -1.900460052490234375e+01 -5.068808555603027344e+00 -7.866760715842247009e-03 -7.555994205176830292e-03 8.000000000000000000e+01 4.100000000000000000e+01
4.833447039127349854e-01 7.623074054718017578e-01 5.507081747055053711e-01 5.771506428718566895e-01 -1.787042236328125000e+01 -3.934628963470458984e+00 -7.397279608994722366e-03 -5.865290295332670212e-03 8.000000000000000000e+01 4.100000000000000000e+01
4.833447039127349854e-01 7.627634406089782715e-01 5.513738989830017090e-01 5.780941247940063477e-01 -1.785787582397460938e+01 -3.922082662582397461e+00 -7.392086088657379150e-03 -5.846587941050529480e-03 7.800000000000000000e+01 3.900000000000000000e+01
4.833447039127349854e-01 7.623234391212463379e-01 5.505771636962890625e-01 5.771837830543518066e-01 -1.785783386230468750e+01 -3.922043085098266602e+00 -7.392068859189748764e-03 -5.846528802067041397e-03 7.700000000000000000e+01 3.800000000000000000e+01
4.833447039127349854e-01 7.624048590660095215e-01 5.507245659828186035e-01 5.773522853851318359e-01 -1.785774421691894531e+01 -3.921951770782470703e+00 -7.392031606286764145e-03 -5.846392828971147537e-03 7.700000000000000000e+01 3.800000000000000000e+01
4.833447039127349854e-01 7.617157697677612305e-01 5.494754910469055176e-01 5.759266018867492676e-01 -1.785773086547851562e+01 -3.921937942504882812e+00 -7.392026018351316452e-03 -5.846371874213218689e-03 7.600000000000000000e+01 3.700000000000000000e+01
4.833447039127349854e-01 7.602782845497131348e-01 5.465317964553833008e-01 5.729525685310363770e-01 -1.785516357421875000e+01 -3.919372320175170898e+00 -7.390963379293680191e-03 -5.842547398060560226e-03 7.500000000000000000e+01 3.600000000000000000e+01
4.833447039127349854e-01 7.558392286300659180e-01 5.357850790023803711e-01 5.637685060501098633e-01 -1.775782775878906250e+01 -3.822035312652587891e+00 -7.350672036409378052e-03 -5.697448737919330597e-03 7.400000000000000000e+01 3.500000000000000000e+01
4.833447039127349854e-01 7.468907237052917480e-01 5.176456570625305176e-01 5.452548265457153320e-01 -1.753470802307128906e+01 -3.598917007446289062e+00 -7.258314173668622971e-03 -5.364849697798490524e-03 7.300000000000000000e+01 3.400000000000000000e+01
4.833447039127349854e-01 7.468907237052917480e-01 5.176456570625305176e-01 5.452548265457153320e-01 -1.753470802307128906e+01 -3.598917007446289062e+00 -7.258314173668622971e-03 -5.364849697798490524e-03 7.300000000000000000e+01 3.400000000000000000e+01
4.833447039127349854e-01 7.380113005638122559e-01 4.990984499454498291e-01 5.268840193748474121e-01 -1.728367805480957031e+01 -3.347886562347412109e+00 -7.154402788728475571e-03 -4.990642424672842026e-03 7.100000000000000000e+01 3.200000000000000000e+01
4.833447039127349854e-01 7.397392392158508301e-01 5.038220286369323730e-01 5.304589867591857910e-01 -1.684017372131347656e+01 -2.904382705688476562e+00 -6.970818620175123215e-03 -4.329518415033817291e-03 6.900000000000000000e+01 3.000000000000000000e+01
4.833447039127349854e-01 7.397392392158508301e-01 5.038220286369323730e-01 5.304589867591857910e-01 -1.684017372131347656e+01 -2.904382705688476562e+00 -6.970818620175123215e-03 -4.329518415033817291e-03 6.900000000000000000e+01 3.000000000000000000e+01
4.833447039127349854e-01 7.346112132072448730e-01 4.898698329925537109e-01 5.198495388031005859e-01 -1.674299621582031250e+01 -2.807203292846679688e+00 -6.930592935532331467e-03 -4.184654448181390762e-03 6.900000000000000000e+01 3.000000000000000000e+01
4.833447039127349854e-01 7.346112132072448730e-01 4.898698329925537109e-01 5.198495388031005859e-01 -1.674299621582031250e+01 -2.807203292846679688e+00 -6.930592935532331467e-03 -4.184654448181390762e-03 6.900000000000000000e+01 3.000000000000000000e+01
4.833447039127349854e-01 7.346112132072448730e-01 4.898698329925537109e-01 5.198495388031005859e-01 -1.674299621582031250e+01 -2.807203292846679688e+00 -6.930592935532331467e-03 -4.184654448181390762e-03 6.900000000000000000e+01 3.000000000000000000e+01
4.833447039127349854e-01 7.325818538665771484e-01 4.857555925846099854e-01 5.156509280204772949e-01 -1.674273300170898438e+01 -2.806940555572509766e+00 -6.930483970791101456e-03 -4.184262827038764954e-03 6.800000000000000000e+01 2.900000000000000000e+01
4.833447039127349854e-01 7.350477576255798340e-01 4.913467168807983398e-01 5.207526683807373047e-01 -1.673156356811523438e+01 -2.795772075653076172e+00 -6.925860419869422913e-03 -4.167614039033651352e-03 6.700000000000000000e+01 2.800000000000000000e+01
4.833447039127349854e-01 7.345787882804870605e-01 4.900780022144317627e-01 5.197824239730834961e-01 -1.652308273315429688e+01 -2.587291479110717773e+00 -6.839562207460403442e-03 -3.856835188344120979e-03 6.600000000000000000e+01 2.700000000000000000e+01
4.833447039127349854e-01 7.088928222656250000e-01 4.330865442752838135e-01 4.666402935981750488e-01 -1.515252590179443359e+01 -1.216734170913696289e+00 -6.272234022617340088e-03 -1.813766779378056526e-03 5.800000000000000000e+01 1.900000000000000000e+01
4.833447039127349854e-01 7.125320434570312500e-01 4.477019906044006348e-01 4.741695523262023926e-01 -1.444266891479492188e+01 -5.068769454956054688e-01 -5.978395696729421616e-03 -7.555935881100594997e-04 5.700000000000000000e+01 1.800000000000000000e+01
4.833447039127349854e-01 7.125320434570312500e-01 4.477019906044006348e-01 4.741695523262023926e-01 -1.444266891479492188e+01 -5.068769454956054688e-01 -5.978395696729421616e-03 -7.555935881100594997e-04 5.700000000000000000e+01 1.800000000000000000e+01
4.833447039127349854e-01 7.088130712509155273e-01 4.385672211647033691e-01 4.664753079414367676e-01 -1.432395172119140625e+01 -3.881598711013793945e-01 -5.929253995418548584e-03 -5.786239053122699261e-04 5.500000000000000000e+01 1.600000000000000000e+01
4.833447039127349854e-01 7.018171548843383789e-01 4.257046282291412354e-01 4.520013332366943359e-01 -1.414831161499023438e+01 -2.125205397605895996e-01 -5.856549832969903946e-03 -3.168010734952986240e-04 5.300000000000000000e+01 1.400000000000000000e+01
4.833447039127349854e-01 6.954001188278198242e-01 4.160077571868896484e-01 4.387250244617462158e-01 -1.405597496032714844e+01 -1.201831698417663574e-01 -5.818327888846397400e-03 -1.791551912901923060e-04 5.200000000000000000e+01 1.300000000000000000e+01
4.833447039127349854e-01 6.954001188278198242e-01 4.160077571868896484e-01 4.387250244617462158e-01 -1.405597496032714844e+01 -1.201831698417663574e-01 -5.818327888846397400e-03 -1.791551912901923060e-04 5.200000000000000000e+01 1.300000000000000000e+01
4.833447039127349854e-01 6.954001188278198242e-01 4.160077571868896484e-01 4.387250244617462158e-01 -1.405597496032714844e+01 -1.201831698417663574e-01 -5.818327888846397400e-03 -1.791551912901923060e-04 5.200000000000000000e+01 1.300000000000000000e+01
4.833447039127349854e-01 6.954001188278198242e-01 4.160077571868896484e-01 4.387250244617462158e-01 -1.405597496032714844e+01 -1.201831698417663574e-01 -5.818327888846397400e-03 -1.791551912901923060e-04 5.200000000000000000e+01 1.300000000000000000e+01
4.833447039127349854e-01 6.767057776451110840e-01 3.797131180763244629e-01 4.000479876995086670e-01 -1.398783493041992188e+01 -5.204319953918457031e-02 -5.790121853351593018e-03 -7.757999264867976308e-05 4.800000000000000000e+01 9.000000000000000000e+00
4.833447039127349854e-01 6.730946302413940430e-01 3.718402087688446045e-01 3.925768136978149414e-01 -1.397907447814941406e+01 -4.328292608261108398e-02 -5.786495748907327652e-03 -6.452118395827710629e-05 4.700000000000000000e+01 8.000000000000000000e+00
4.833447039127349854e-01 6.654258370399475098e-01 3.565997183322906494e-01 3.767107129096984863e-01 -1.395930957794189453e+01 -2.351820468902587891e-02 -5.778314080089330673e-03 -3.505822314764373004e-05 4.600000000000000000e+01 7.000000000000000000e+00
4.833447039127349854e-01 6.654258370399475098e-01 3.565997183322906494e-01 3.767107129096984863e-01 -1.395930957794189453e+01 -2.351820468902587891e-02 -5.778314080089330673e-03 -3.505822314764373004e-05 4.600000000000000000e+01 7.000000000000000000e+00
4.833447039127349854e-01 6.654258370399475098e-01 3.565997183322906494e-01 3.767107129096984863e-01 -1.395930957794189453e+01 -2.351820468902587891e-02 -5.778314080089330673e-03 -3.505822314764373004e-05 4.600000000000000000e+01 7.000000000000000000e+00
4.833447039127349854e-01 6.654258370399475098e-01 3.565997183322906494e-01 3.767107129096984863e-01 -1.395930957794189453e+01 -2.351820468902587891e-02 -5.778314080089330673e-03 -3.505822314764373004e-05 4.600000000000000000e+01 7.000000000000000000e+00
4.833447039127349854e-01 6.592296957969665527e-01 3.430896401405334473e-01 3.638914227485656738e-01 -1.395185375213623047e+01 -1.606208086013793945e-02 -5.775228142738342285e-03 -2.394349576206877828e-05 4.500000000000000000e+01 6.000000000000000000e+00
4.833447039127349854e-01 6.573069095611572266e-01 3.384346067905426025e-01 3.599133491516113281e-01 -1.394432163238525391e+01 -8.529961109161376953e-03 -5.772110074758529663e-03 -1.271548080694628879e-05 4.400000000000000000e+01 5.000000000000000000e+00
4.833447039127349854e-01 6.547399163246154785e-01 3.332198262214660645e-01 3.546024560928344727e-01 -1.394405937194824219e+01 -8.267283439636230469e-03 -5.772001575678586960e-03 -1.232391150551848114e-05 4.300000000000000000e+01 4.000000000000000000e+00
4.833447039127349854e-01 6.417651772499084473e-01 3.064771294593811035e-01 3.277587890625000000e-01 -1.393619918823242188e+01 -4.063248634338378906e-04 -5.768748000264167786e-03 -6.057021550986974034e-07 4.100000000000000000e+01 2.000000000000000000e+00
4.833447039127349854e-01 6.417651772499084473e-01 3.064771294593811035e-01 3.277587890625000000e-01 -1.393619918823242188e+01 -4.063248634338378906e-04 -5.768748000264167786e-03 -6.057021550986974034e-07 4.100000000000000000e+01 2.000000000000000000e+00
4.833447039127349854e-01 6.417651772499084473e-01 3.064771294593811035e-01 3.277587890625000000e-01 -1.393619918823242188e+01 -4.063248634338378906e-04 -5.768748000264167786e-03 -6.057021550986974034e-07 4.100000000000000000e+01 2.000000000000000000e+00
4.833447039127349854e-01 6.417651772499084473e-01 3.064771294593811035e-01 3.277587890625000000e-01 -1.393619918823242188e+01 -4.063248634338378906e-04 -5.768748000264167786e-03 -6.057021550986974034e-07 4.100000000000000000e+01 2.000000000000000000e+00
4.833447039127349854e-01 6.417651772499084473e-01 3.064771294593811035e-01 3.277587890625000000e-01 -1.393619918823242188e+01 -4.063248634338378906e-04 -5.768748000264167786e-03 -6.057021550986974034e-07 4.100000000000000000e+01 2.000000000000000000e+00
4.833447039127349854e-01 6.417651772499084473e-01 3.064771294593811035e-01 3.277587890625000000e-01 -1.393619918823242188e+01 -4.063248634338378906e-04 -5.768748000264167786e-03 -6.057021550986974034e-07 4.100000000000000000e+01 2.000000000000000000e+00
4.833447039127349854e-01 6.417651772499084473e-01 3.064771294593811035e-01 3.277587890625000000e-01 -1.393619918823242188e+01 -4.063248634338378906e-04 -5.768748000264167786e-03 -6.057021550986974034e-07 4.100000000000000000e+01 2.000000000000000000e+00
4.833447039127349854e-01 6.417651772499084473e-01 3.064771294593811035e-01 3.277587890625000000e-01 -1.393619918823242188e+01 -4.063248634338378906e-04 -5.768748000264167786e-03 -6.057021550986974034e-07 4.100000000000000000e+01 2.000000000000000000e+00
4.833447039127349854e-01 6.417651772499084473e-01 3.064771294593811035e-01 3.277587890625000000e-01 -1.393619918823242188e+01 -4.063248634338378906e-04 -5.768748000264167786e-03 -6.057021550986974034e-07 4.100000000000000000e+01 2.000000000000000000e+00
4.833447039127349854e-01 6.325505971908569336e-01 2.872540354728698730e-01 3.086945712566375732e-01 -1.393596839904785156e+01 -1.762509346008300781e-04 -5.768652539700269699e-03 -2.627345452310692053e-07 4.000000000000000000e+01 1.000000000000000000e+00
4.833447039127349854e-01 6.376665234565734863e-01 2.994918227195739746e-01 3.192790150642395020e-01 -1.393579196929931641e+01 0.000000000000000000e+00 -5.768579430878162384e-03 0.000000000000000000e+00 3.900000000000000000e+01 0.000000000000000000e+00
4.833447039127349854e-01 6.376665234565734863e-01 2.994918227195739746e-01 3.192790150642395020e-01 -1.393579196929931641e+01 0.000000000000000000e+00 -5.768579430878162384e-03 0.000000000000000000e+00 3.900000000000000000e+01 0.000000000000000000e+00
4.833447039127349854e-01 6.376665234565734863e-01 2.994918227195739746e-01 3.192790150642395020e-01 -1.393579196929931641e+01 0.000000000000000000e+00 -5.768579430878162384e-03 0.000000000000000000e+00 3.900000000000000000e+01 0.000000000000000000e+00
4.833447039127349854e-01 6.376665234565734863e-01 2.994918227195739746e-01 3.192790150642395020e-01 -1.393579196929931641e+01 0.000000000000000000e+00 -5.768579430878162384e-03 0.000000000000000000e+00 3.900000000000000000e+01 0.000000000000000000e+00
4.833447039127349854e-01 6.376665234565734863e-01 2.994918227195739746e-01 3.192790150642395020e-01 -1.393579196929931641e+01 0.000000000000000000e+00 -5.768579430878162384e-03 0.000000000000000000e+00 3.900000000000000000e+01 0.000000000000000000e+00
4.833447039127349854e-01 6.376665234565734863e-01 2.994918227195739746e-01 3.192790150642395020e-01 -1.393579196929931641e+01 0.000000000000000000e+00 -5.768579430878162384e-03 0.000000000000000000e+00 3.900000000000000000e+01 0.000000000000000000e+00
4.833447039127349854e-01 6.376665234565734863e-01 2.994918227195739746e-01 3.192790150642395020e-01 -1.393579196929931641e+01 0.000000000000000000e+00 -5.768579430878162384e-03 0.000000000000000000e+00 3.900000000000000000e+01 0.000000000000000000e+00
4.833447039127349854e-01 6.376665234565734863e-01 2.994918227195739746e-01 3.192790150642395020e-01 -1.393579196929931641e+01 0.000000000000000000e+00 -5.768579430878162384e-03 0.000000000000000000e+00 3.900000000000000000e+01 0.000000000000000000e+00
4.833447039127349854e-01 6.376665234565734863e-01 2.994918227195739746e-01 3.192790150642395020e-01 -1.393579196929931641e+01 0.000000000000000000e+00 -5.768579430878162384e-03 0.000000000000000000e+00 3.900000000000000000e+01 0.000000000000000000e+00
4.833447039127349854e-01 6.376665234565734863e-01 2.994918227195739746e-01 3.192790150642395020e-01 -1.393579196929931641e+01 0.000000000000000000e+00 -5.768579430878162384e-03 0.000000000000000000e+00 3.900000000000000000e+01 0.000000000000000000e+00
4.833447039127349854e-01 6.376665234565734863e-01 2.994918227195739746e-01 3.192790150642395020e-01 -1.393579196929931641e+01 0.000000000000000000e+00 -5.768579430878162384e-03 0.000000000000000000e+00 3.900000000000000000e+01 0.000000000000000000e+00
4.833447039127349854e-01 6.376665234565734863e-01 2.994918227195739746e-01 3.192790150642395020e-01 -1.393579196929931641e+01 0.000000000000000000e+00 -5.768579430878162384e-03 0.000000000000000000e+00 3.900000000000000000e+01 0.000000000000000000e+00
4.833447039127349854e-01 6.376665234565734863e-01 2.994918227195739746e-01 3.192790150642395020e-01 -1.393579196929931641e+01 0.000000000000000000e+00 -5.768579430878162384e-03 0.000000000000000000e+00 3.900000000000000000e+01 0.000000000000000000e+00
4.833447039127349854e-01 6.376665234565734863e-01 2.994918227195739746e-01 3.192790150642395020e-01 -1.393579196929931641e+01 0.000000000000000000e+00 -5.768579430878162384e-03 0.000000000000000000e+00 3.900000000000000000e+01 0.000000000000000000e+00
4.833447039127349854e-01 6.376665234565734863e-01 2.994918227195739746e-01 3.192790150642395020e-01 -1.393579196929931641e+01 0.000000000000000000e+00 -5.768579430878162384e-03 0.000000000000000000e+00 3.900000000000000000e+01 0.000000000000000000e+00
4.833447039127349854e-01 6.376665234565734863e-01 2.994918227195739746e-01 3.192790150642395020e-01 -1.393579196929931641e+01 0.000000000000000000e+00 -5.768579430878162384e-03 0.000000000000000000e+00 3.900000000000000000e+01 0.000000000000000000e+00
4.833447039127349854e-01 6.376665234565734863e-01 2.994918227195739746e-01 3.192790150642395020e-01 -1.393579196929931641e+01 0.000000000000000000e+00 -5.768579430878162384e-03 0.000000000000000000e+00 3.900000000000000000e+01 0.000000000000000000e+00
4.833447039127349854e-01 6.376665234565734863e-01 2.994918227195739746e-01 3.192790150642395020e-01 -1.393579196929931641e+01 0.000000000000000000e+00 -5.768579430878162384e-03 0.000000000000000000e+00 3.900000000000000000e+01 0.000000000000000000e+00
4.833447039127349854e-01 6.376665234565734863e-01 2.994918227195739746e-01 3.192790150642395020e-01 -1.393579196929931641e+01 0.000000000000000000e+00 -5.768579430878162384e-03 0.000000000000000000e+00 3.900000000000000000e+01 0.000000000000000000e+00
4.833447039127349854e-01 6.376665234565734863e-01 2.994918227195739746e-01 3.192790150642395020e-01 -1.393579196929931641e+01 0.000000000000000000e+00 -5.768579430878162384e-03 0.000000000000000000e+00 3.900000000000000000e+01 0.000000000000000000e+00
4.833447039127349854e-01 6.376665234565734863e-01 2.994918227195739746e-01 3.192790150642395020e-01 -1.393579196929931641e+01 0.000000000000000000e+00 -5.768579430878162384e-03 0.000000000000000000e+00 3.900000000000000000e+01 0.000000000000000000e+00
4.833447039127349854e-01 6.376665234565734863e-01 2.994918227195739746e-01 3.192790150642395020e-01 -1.393579196929931641e+01 0.000000000000000000e+00 -5.768579430878162384e-03 0.000000000000000000e+00 3.900000000000000000e+01 0.000000000000000000e+00
4.833447039127349854e-01 6.376665234565734863e-01 2.994918227195739746e-01 3.192790150642395020e-01 -1.393579196929931641e+01 0.000000000000000000e+00 -5.768579430878162384e-03 0.000000000000000000e+00 3.900000000000000000e+01 0.000000000000000000e+00
4.833447039127349854e-01 6.376665234565734863e-01 2.994918227195739746e-01 3.192790150642395020e-01 -1.393579196929931641e+01 0.000000000000000000e+00 -5.768579430878162384e-03 0.000000000000000000e+00 3.900000000000000000e+01 0.000000000000000000e+00
4.833447039127349854e-01 6.376665234565734863e-01 2.994918227195739746e-01 3.192790150642395020e-01 -1.393579196929931641e+01 0.000000000000000000e+00 -5.768579430878162384e-03 0.000000000000000000e+00 3.900000000000000000e+01 0.000000000000000000e+00
4.833447039127349854e-01 6.376665234565734863e-01 2.994918227195739746e-01 3.192790150642395020e-01 -1.393579196929931641e+01 0.000000000000000000e+00 -5.768579430878162384e-03 0.000000000000000000e+00 3.900000000000000000e+01 0.000000000000000000e+00
4.833447039127349854e-01 6.376665234565734863e-01 2.994918227195739746e-01 3.192790150642395020e-01 -1.393579196929931641e+01 0.000000000000000000e+00 -5.768579430878162384e-03 0.000000000000000000e+00 3.900000000000000000e+01 0.000000000000000000e+00
4.833447039127349854e-01 6.376665234565734863e-01 2.994918227195739746e-01 3.192790150642395020e-01 -1.393579196929931641e+01 0.000000000000000000e+00 -5.768579430878162384e-03 0.000000000000000000e+00 3.900000000000000000e+01 0.000000000000000000e+00
4.833447039127349854e-01 6.376665234565734863e-01 2.994918227195739746e-01 3.192790150642395020e-01 -1.393579196929931641e+01 0.000000000000000000e+00 -5.768579430878162384e-03 0.000000000000000000e+00 3.900000000000000000e+01 0.000000000000000000e+00
4.833447039127349854e-01 6.376665234565734863e-01 2.994918227195739746e-01 3.192790150642395020e-01 -1.393579196929931641e+01 0.000000000000000000e+00 -5.768579430878162384e-03 0.000000000000000000e+00 3.900000000000000000e+01 0.000000000000000000e+00
4.833447039127349854e-01 6.376665234565734863e-01 2.994918227195739746e-01 3.192790150642395020e-01 -1.393579196929931641e+01 0.000000000000000000e+00 -5.768579430878162384e-03 0.000000000000000000e+00 3.900000000000000000e+01 0.000000000000000000e+00
4.833447039127349854e-01 6.376665234565734863e-01 2.994918227195739746e-01 3.192790150642395020e-01 -1.393579196929931641e+01 0.000000000000000000e+00 -5.768579430878162384e-03 0.000000000000000000e+00 3.900000000000000000e+01 0.000000000000000000e+00
4.833447039127349854e-01 6.376665234565734863e-01 2.994918227195739746e-01 3.192790150642395020e-01 -1.393579196929931641e+01 0.000000000000000000e+00 -5.768579430878162384e-03 0.000000000000000000e+00 3.900000000000000000e+01 0.000000000000000000e+00
4.833447039127349854e-01 6.376665234565734863e-01 2.994918227195739746e-01 3.192790150642395020e-01 -1.393579196929931641e+01 0.000000000000000000e+00 -5.768579430878162384e-03 0.000000000000000000e+00 3.900000000000000000e+01 0.000000000000000000e+00
