4.141784310340881348e-01 1.531302779912948608e-01 -6.317754387855529785e-01 -6.302794218063354492e-01 -9.606667327880859375e+01 -5.557573699951171875e+01 -3.976582363247871399e-02 -4.827677458524703979e-02 1.790000000000000000e+02 1.290000000000000000e+02
4.141784310340881348e-01 1.592240184545516968e-01 -6.167327761650085449e-01 -6.155665516853332520e-01 -8.246968841552734375e+01 -4.197874832153320312e+01 -3.413748741149902344e-02 -3.646552562713623047e-02 1.530000000000000000e+02 1.030000000000000000e+02
4.141784310340881348e-01 1.602337807416915894e-01 -6.141834259033203125e-01 -6.131286025047302246e-01 -7.818341827392578125e+01 -3.769248199462890625e+01 -3.236323222517967224e-02 -3.274219110608100891e-02 1.430000000000000000e+02 9.300000000000000000e+01
4.141784310340881348e-01 1.623019129037857056e-01 -6.091722249984741211e-01 -6.081353425979614258e-01 -7.465440368652343750e+01 -3.416347503662109375e+01 -3.090243041515350342e-02 -2.967666275799274445e-02 1.340000000000000000e+02 8.400000000000000000e+01
4.141784310340881348e-01 1.644292026758193970e-01 -6.036526560783386230e-01 -6.029990911483764648e-01 -7.416799163818359375e+01 -3.367705535888671875e+01 -3.070108592510223389e-02 -2.925412543118000031e-02 1.320000000000000000e+02 8.200000000000000000e+01
4.141784310340881348e-01 1.670094281435012817e-01 -5.973394513130187988e-01 -5.967693924903869629e-01 -7.209291839599609375e+01 -3.160198593139648438e+01 -2.984213083982467651e-02 -2.745158225297927856e-02 1.280000000000000000e+02 7.800000000000000000e+01
4.141784310340881348e-01 1.685313433408737183e-01 -5.936102867126464844e-01 -5.930948257446289062e-01 -7.032386016845703125e+01 -2.983292007446289062e+01 -2.910984680056571960e-02 -2.591485530138015747e-02 1.240000000000000000e+02 7.400000000000000000e+01
4.141784310340881348e-01 1.688964068889617920e-01 -5.927737951278686523e-01 -5.922133922576904297e-01 -6.953897094726562500e+01 -2.904803466796875000e+01 -2.878494933247566223e-02 -2.523305080831050873e-02 1.210000000000000000e+02 7.100000000000000000e+01
4.141784310340881348e-01 1.707959324121475220e-01 -5.878280997276306152e-01 -5.876271724700927734e-01 -6.894719696044921875e+01 -2.845625686645507812e+01 -2.853999100625514984e-02 -2.471899427473545074e-02 1.190000000000000000e+02 6.900000000000000000e+01
4.141784310340881348e-01 1.722587347030639648e-01 -5.841532945632934570e-01 -5.840953588485717773e-01 -6.623626708984375000e+01 -2.574533081054687500e+01 -2.741782926023006439e-02 -2.236410416662693024e-02 1.140000000000000000e+02 6.400000000000000000e+01
4.141784310340881348e-01 1.722587347030639648e-01 -5.841532945632934570e-01 -5.840953588485717773e-01 -6.623626708984375000e+01 -2.574533081054687500e+01 -2.741782926023006439e-02 -2.236410416662693024e-02 1.140000000000000000e+02 6.400000000000000000e+01
4.141784310340881348e-01 1.834179311990737915e-01 -5.587340593338012695e-01 -5.571523904800415039e-01 -6.121159362792968750e+01 -2.072065544128417969e+01 -2.533791586756706238e-02 -1.799933612346649170e-02 1.040000000000000000e+02 5.400000000000000000e+01
4.141784310340881348e-01 1.845425367355346680e-01 -5.560029745101928711e-01 -5.544371008872985840e-01 -5.888176727294921875e+01 -1.839082908630371094e+01 -2.437350898981094360e-02 -1.597549580037593842e-02 1.000000000000000000e+02 5.000000000000000000e+01
4.141784310340881348e-01 1.889965534210205078e-01 -5.468652248382568359e-01 -5.436832308769226074e-01 -5.750285339355468750e+01 -1.701191329956054688e+01 -2.380272187292575836e-02 -1.477767713367938995e-02 9.700000000000000000e+01 4.700000000000000000e+01
4.141784310340881348e-01 1.916909962892532349e-01 -5.398491024971008301e-01 -5.371777415275573730e-01 -5.535079193115234375e+01 -1.485985279083251953e+01 -2.291189692914485931e-02 -1.290825475007295609e-02 9.200000000000000000e+01 4.200000000000000000e+01
4.141784310340881348e-01 1.919284015893936157e-01 -5.392513275146484375e-01 -5.366045236587524414e-01 -5.485888671875000000e+01 -1.436794567108154297e+01 -2.270827814936637878e-02 -1.248095091432332993e-02 9.100000000000000000e+01 4.100000000000000000e+01
4.141784310340881348e-01 1.920160800218582153e-01 -5.390522480010986328e-01 -5.363928675651550293e-01 -5.446567153930664062e+01 -1.397473430633544922e+01 -2.254551090300083160e-02 -1.213938184082508087e-02 8.900000000000000000e+01 3.900000000000000000e+01
4.141784310340881348e-01 2.032608687877655029e-01 -5.115035176277160645e-01 -5.092432498931884766e-01 -5.165311431884765625e+01 -1.116217803955078125e+01 -2.138128131628036499e-02 -9.696208871901035309e-03 8.400000000000000000e+01 3.400000000000000000e+01
4.141784310340881348e-01 2.087192833423614502e-01 -4.987300634384155273e-01 -4.960643351078033447e-01 -5.045557785034179688e+01 -9.964642524719238281e+00 -2.088557370007038116e-02 -8.655949495732784271e-03 8.100000000000000000e+01 3.100000000000000000e+01
4.141784310340881348e-01 2.112897634506225586e-01 -4.921986162662506104e-01 -4.898581206798553467e-01 -4.850547027587890625e+01 -8.014533042907714844e+00 -2.007834613323211670e-02 -6.961955223232507706e-03 7.700000000000000000e+01 2.700000000000000000e+01
4.141784310340881348e-01 2.249393761157989502e-01 -4.603507816791534424e-01 -4.569022357463836670e-01 -4.536161804199218750e+01 -4.870681762695312500e+00 -1.877698116004467010e-02 -4.230997525155544281e-03 6.600000000000000000e+01 1.600000000000000000e+01
4.141784310340881348e-01 2.378539741039276123e-01 -4.276345670223236084e-01 -4.257209897041320801e-01 -4.349486923217773438e+01 -3.003932476043701172e+00 -1.800425909459590912e-02 -2.609415212646126747e-03 6.000000000000000000e+01 1.000000000000000000e+01
4.141784310340881348e-01 2.401488274335861206e-01 -4.216130375862121582e-01 -4.201802611351013184e-01 -4.317893981933593750e+01 -2.688000202178955078e+00 -1.787348277866840363e-02 -2.334975404664874077e-03 5.900000000000000000e+01 9.000000000000000000e+00
4.141784310340881348e-01 2.428896874189376831e-01 -4.147661626338958740e-01 -4.135626852512359619e-01 -4.278435134887695312e+01 -2.293413639068603516e+00 -1.771014742553234100e-02 -1.992211211472749710e-03 5.700000000000000000e+01 7.000000000000000000e+00
4.141784310340881348e-01 2.458334863185882568e-01 -4.068650305271148682e-01 -4.064551293849945068e-01 -4.266106414794921875e+01 -2.170125961303710938e+00 -1.765911281108856201e-02 -1.885115518234670162e-03 5.600000000000000000e+01 6.000000000000000000e+00
4.141784310340881348e-01 2.587315738201141357e-01 -3.751192092895507812e-01 -3.753137290477752686e-01 -4.146304321289062500e+01 -9.721043109893798828e-01 -1.716320589184761047e-02 -8.444343111477792263e-04 5.300000000000000000e+01 3.000000000000000000e+00
4.141784310340881348e-01 2.630818188190460205e-01 -3.647009432315826416e-01 -3.648104369640350342e-01 -4.124668502807617188e+01 -7.557464241981506348e-01 -1.707364618778228760e-02 -6.564914947375655174e-04 5.200000000000000000e+01 2.000000000000000000e+00
4.141784310340881348e-01 2.576026618480682373e-01 -3.768073320388793945e-01 -3.780394196510314941e-01 -4.052243804931640625e+01 -3.150075674057006836e-02 -1.677385158836841583e-02 -2.736364876909647137e-05 5.100000000000000000e+01 1.000000000000000000e+00
4.141784310340881348e-01 2.576026618480682373e-01 -3.768073320388793945e-01 -3.780394196510314941e-01 -4.052243804931640625e+01 -3.150075674057006836e-02 -1.677385158836841583e-02 -2.736364876909647137e-05 5.100000000000000000e+01 1.000000000000000000e+00
4.141784310340881348e-01 2.594413757324218750e-01 -3.719496726989746094e-01 -3.735999763011932373e-01 -4.049093627929687500e+01 0.000000000000000000e+00 -1.676081120967864990e-02 0.000000000000000000e+00 5.000000000000000000e+01 0.000000000000000000e+00
4.141784310340881348e-01 2.594413757324218750e-01 -3.719496726989746094e-01 -3.735999763011932373e-01 -4.049093627929687500e+01 0.000000000000000000e+00 -1.676081120967864990e-02 0.000000000000000000e+00 5.000000000000000000e+01 0.000000000000000000e+00
4.141784310340881348e-01 2.594413757324218750e-01 -3.719496726989746094e-01 -3.735999763011932373e-01 -4.049093627929687500e+01 0.000000000000000000e+00 -1.676081120967864990e-02 0.000000000000000000e+00 5.000000000000000000e+01 0.000000000000000000e+00
4.141784310340881348e-01 2.594413757324218750e-01 -3.719496726989746094e-01 -3.735999763011932373e-01 -4.049093627929687500e+01 0.000000000000000000e+00 -1.676081120967864990e-02 0.000000000000000000e+00 5.000000000000000000e+01 0.000000000000000000e+00
4.141784310340881348e-01 2.594413757324218750e-01 -3.719496726989746094e-01 -3.735999763011932373e-01 -4.049093627929687500e+01 0.000000000000000000e+00 -1.676081120967864990e-02 0.000000000000000000e+00 5.000000000000000000e+01 0.000000000000000000e+00
4.141784310340881348e-01 2.594413757324218750e-01 -3.719496726989746094e-01 -3.735999763011932373e-01 -4.049093627929687500e+01 0.000000000000000000e+00 -1.676081120967864990e-02 0.000000000000000000e+00 5.000000000000000000e+01 0.000000000000000000e+00
4.141784310340881348e-01 2.594413757324218750e-01 -3.719496726989746094e-01 -3.735999763011932373e-01 -4.049093627929687500e+01 0.000000000000000000e+00 -1.676081120967864990e-02 0.000000000000000000e+00 5.000000000000000000e+01 0.000000000000000000e+00
4.141784310340881348e-01 2.594413757324218750e-01 -3.719496726989746094e-01 -3.735999763011932373e-01 -4.049093627929687500e+01 0.000000000000000000e+00 -1.676081120967864990e-02 0.000000000000000000e+00 5.000000000000000000e+01 0.000000000000000000e+00
4.141784310340881348e-01 2.594413757324218750e-01 -3.719496726989746094e-01 -3.735999763011932373e-01 -4.049093627929687500e+01 0.000000000000000000e+00 -1.676081120967864990e-02 0.000000000000000000e+00 5.000000000000000000e+01 0.000000000000000000e+00
4.141784310340881348e-01 2.594413757324218750e-01 -3.719496726989746094e-01 -3.735999763011932373e-01 -4.049093627929687500e+01 0.000000000000000000e+00 -1.676081120967864990e-02 0.000000000000000000e+00 5.000000000000000000e+01 0.000000000000000000e+00
4.141784310340881348e-01 2.594413757324218750e-01 -3.719496726989746094e-01 -3.735999763011932373e-01 -4.049093627929687500e+01 0.000000000000000000e+00 -1.676081120967864990e-02 0.000000000000000000e+00 5.000000000000000000e+01 0.000000000000000000e+00
4.141784310340881348e-01 2.594413757324218750e-01 -3.719496726989746094e-01 -3.735999763011932373e-01 -4.049093627929687500e+01 0.000000000000000000e+00 -1.676081120967864990e-02 0.000000000000000000e+00 5.000000000000000000e+01 0.000000000000000000e+00
4.141784310340881348e-01 2.594413757324218750e-01 -3.719496726989746094e-01 -3.735999763011932373e-01 -4.049093627929687500e+01 0.000000000000000000e+00 -1.676081120967864990e-02 0.000000000000000000e+00 5.000000000000000000e+01 0.000000000000000000e+00
4.141784310340881348e-01 2.594413757324218750e-01 -3.719496726989746094e-01 -3.735999763011932373e-01 -4.049093627929687500e+01 0.000000000000000000e+00 -1.676081120967864990e-02 0.000000000000000000e+00 5.000000000000000000e+01 0.000000000000000000e+00
4.141784310340881348e-01 2.594413757324218750e-01 -3.719496726989746094e-01 -3.735999763011932373e-01 -4.049093627929687500e+01 0.000000000000000000e+00 -1.676081120967864990e-02 0.000000000000000000e+00 5.000000000000000000e+01 0.000000000000000000e+00
4.141784310340881348e-01 2.594413757324218750e-01 -3.719496726989746094e-01 -3.735999763011932373e-01 -4.049093627929687500e+01 0.000000000000000000e+00 -1.676081120967864990e-02 0.000000000000000000e+00 5.000000000000000000e+01 0.000000000000000000e+00
4.141784310340881348e-01 2.594413757324218750e-01 -3.719496726989746094e-01 -3.735999763011932373e-01 -4.049093627929687500e+01 0.000000000000000000e+00 -1.676081120967864990e-02 0.000000000000000000e+00 5.000000000000000000e+01 0.000000000000000000e+00
4.141784310340881348e-01 2.594413757324218750e-01 -3.719496726989746094e-01 -3.735999763011932373e-01 -4.049093627929687500e+01 0.000000000000000000e+00 -1.676081120967864990e-02 0.000000000000000000e+00 5.000000000000000000e+01 0.000000000000000000e+00
4.141784310340881348e-01 2.594413757324218750e-01 -3.719496726989746094e-01 -3.735999763011932373e-01 -4.049093627929687500e+01 0.000000000000000000e+00 -1.676081120967864990e-02 0.000000000000000000e+00 5.000000000000000000e+01 0.000000000000000000e+00
4.141784310340881348e-01 2.594413757324218750e-01 -3.719496726989746094e-01 -3.735999763011932373e-01 -4.049093627929687500e+01 0.000000000000000000e+00 -1.676081120967864990e-02 0.000000000000000000e+00 5.000000000000000000e+01 0.000000000000000000e+00
4.141784310340881348e-01 2.594413757324218750e-01 -3.719496726989746094e-01 -3.735999763011932373e-01 -4.049093627929687500e+01 0.000000000000000000e+00 -1.676081120967864990e-02 0.000000000000000000e+00 5.000000000000000000e+01 0.000000000000000000e+00
4.141784310340881348e-01 2.594413757324218750e-01 -3.719496726989746094e-01 -3.735999763011932373e-01 -4.049093627929687500e+01 0.000000000000000000e+00 -1.676081120967864990e-02 0.000000000000000000e+00 5.000000000000000000e+01 0.000000000000000000e+00
4.141784310340881348e-01 2.594413757324218750e-01 -3.719496726989746094e-01 -3.735999763011932373e-01 -4.049093627929687500e+01 0.000000000000000000e+00 -1.676081120967864990e-02 0.000000000000000000e+00 5.000000000000000000e+01 0.000000000000000000e+00
4.141784310340881348e-01 2.594413757324218750e-01 -3.719496726989746094e-01 -3.735999763011932373e-01 -4.049093627929687500e+01 0.000000000000000000e+00 -1.676081120967864990e-02 0.000000000000000000e+00 5.000000000000000000e+01 0.000000000000000000e+00
4.141784310340881348e-01 2.594413757324218750e-01 -3.719496726989746094e-01 -3.735999763011932373e-01 -4.049093627929687500e+01 0.000000000000000000e+00 -1.676081120967864990e-02 0.000000000000000000e+00 5.000000000000000000e+01 0.000000000000000000e+00
4.141784310340881348e-01 2.594413757324218750e-01 -3.719496726989746094e-01 -3.735999763011932373e-01 -4.049093627929687500e+01 0.000000000000000000e+00 -1.676081120967864990e-02 0.000000000000000000e+00 5.000000000000000000e+01 0.000000000000000000e+00
4.141784310340881348e-01 2.594413757324218750e-01 -3.719496726989746094e-01 -3.735999763011932373e-01 -4.049093627929687500e+01 0.000000000000000000e+00 -1.676081120967864990e-02 0.000000000000000000e+00 5.000000000000000000e+01 0.000000000000000000e+00
4.141784310340881348e-01 2.594413757324218750e-01 -3.719496726989746094e-01 -3.735999763011932373e-01 -4.049093627929687500e+01 0.000000000000000000e+00 -1.676081120967864990e-02 0.000000000000000000e+00 5.000000000000000000e+01 0.000000000000000000e+00
4.141784310340881348e-01 2.594413757324218750e-01 -3.719496726989746094e-01 -3.735999763011932373e-01 -4.049093627929687500e+01 0.000000000000000000e+00 -1.676081120967864990e-02 0.000000000000000000e+00 5.000000000000000000e+01 0.000000000000000000e+00
4.141784310340881348e-01 2.594413757324218750e-01 -3.719496726989746094e-01 -3.735999763011932373e-01 -4.049093627929687500e+01 0.000000000000000000e+00 -1.676081120967864990e-02 0.000000000000000000e+00 5.000000000000000000e+01 0.000000000000000000e+00
4.141784310340881348e-01 2.594413757324218750e-01 -3.719496726989746094e-01 -3.735999763011932373e-01 -4.049093627929687500e+01 0.000000000000000000e+00 -1.676081120967864990e-02 0.000000000000000000e+00 5.000000000000000000e+01 0.000000000000000000e+00
4.141784310340881348e-01 2.594413757324218750e-01 -3.719496726989746094e-01 -3.735999763011932373e-01 -4.049093627929687500e+01 0.000000000000000000e+00 -1.676081120967864990e-02 0.000000000000000000e+00 5.000000000000000000e+01 0.000000000000000000e+00
4.141784310340881348e-01 2.594413757324218750e-01 -3.719496726989746094e-01 -3.735999763011932373e-01 -4.049093627929687500e+01 0.000000000000000000e+00 -1.676081120967864990e-02 0.000000000000000000e+00 5.000000000000000000e+01 0.000000000000000000e+00
4.141784310340881348e-01 2.594413757324218750e-01 -3.719496726989746094e-01 -3.735999763011932373e-01 -4.049093627929687500e+01 0.000000000000000000e+00 -1.676081120967864990e-02 0.000000000000000000e+00 5.000000000000000000e+01 0.000000000000000000e+00
4.141784310340881348e-01 2.594413757324218750e-01 -3.719496726989746094e-01 -3.735999763011932373e-01 -4.049093627929687500e+01 0.000000000000000000e+00 -1.676081120967864990e-02 0.000000000000000000e+00 5.000000000000000000e+01 0.000000000000000000e+00
4.141784310340881348e-01 2.594413757324218750e-01 -3.719496726989746094e-01 -3.735999763011932373e-01 -4.049093627929687500e+01 0.000000000000000000e+00 -1.676081120967864990e-02 0.000000000000000000e+00 5.000000000000000000e+01 0.000000000000000000e+00
4.141784310340881348e-01 2.594413757324218750e-01 -3.719496726989746094e-01 -3.735999763011932373e-01 -4.049093627929687500e+01 0.000000000000000000e+00 -1.676081120967864990e-02 0.000000000000000000e+00 5.000000000000000000e+01 0.000000000000000000e+00
4.141784310340881348e-01 2.594413757324218750e-01 -3.719496726989746094e-01 -3.735999763011932373e-01 -4.049093627929687500e+01 0.000000000000000000e+00 -1.676081120967864990e-02 0.000000000000000000e+00 5.000000000000000000e+01 0.000000000000000000e+00
4.141784310340881348e-01 2.594413757324218750e-01 -3.719496726989746094e-01 -3.735999763011932373e-01 -4.049093627929687500e+01 0.000000000000000000e+00 -1.676081120967864990e-02 0.000000000000000000e+00 5.000000000000000000e+01 0.000000000000000000e+00
4.141784310340881348e-01 2.594413757324218750e-01 -3.719496726989746094e-01 -3.735999763011932373e-01 -4.049093627929687500e+01 0.000000000000000000e+00 -1.676081120967864990e-02 0.000000000000000000e+00 5.000000000000000000e+01 0.000000000000000000e+00
4.141784310340881348e-01 2.594413757324218750e-01 -3.719496726989746094e-01 -3.735999763011932373e-01 -4.049093627929687500e+01 0.000000000000000000e+00 -1.676081120967864990e-02 0.000000000000000000e+00 5.000000000000000000e+01 0.000000000000000000e+00
4.141784310340881348e-01 2.594413757324218750e-01 -3.719496726989746094e-01 -3.735999763011932373e-01 -4.049093627929687500e+01 0.000000000000000000e+00 -1.676081120967864990e-02 0.000000000000000000e+00 5.000000000000000000e+01 0.000000000000000000e+00
4.141784310340881348e-01 2.594413757324218750e-01 -3.719496726989746094e-01 -3.735999763011932373e-01 -4.049093627929687500e+01 0.000000000000000000e+00 -1.676081120967864990e-02 0.000000000000000000e+00 5.000000000000000000e+01 0.000000000000000000e+00
4.141784310340881348e-01 2.594413757324218750e-01 -3.719496726989746094e-01 -3.735999763011932373e-01 -4.049093627929687500e+01 0.000000000000000000e+00 -1.676081120967864990e-02 0.000000000000000000e+00 5.000000000000000000e+01 0.000000000000000000e+00
4.141784310340881348e-01 2.594413757324218750e-01 -3.719496726989746094e-01 -3.735999763011932373e-01 -4.049093627929687500e+01 0.000000000000000000e+00 -1.676081120967864990e-02 0.000000000000000000e+00 5.000000000000000000e+01 0.000000000000000000e+00
4.141784310340881348e-01 2.594413757324218750e-01 -3.719496726989746094e-01 -3.735999763011932373e-01 -4.049093627929687500e+01 0.000000000000000000e+00 -1.676081120967864990e-02 0.000000000000000000e+00 5.000000000000000000e+01 0.000000000000000000e+00
4.141784310340881348e-01 2.594413757324218750e-01 -3.719496726989746094e-01 -3.735999763011932373e-01 -4.049093627929687500e+01 0.000000000000000000e+00 -1.676081120967864990e-02 0.000000000000000000e+00 5.000000000000000000e+01 0.000000000000000000e+00
4.141784310340881348e-01 2.594413757324218750e-01 -3.719496726989746094e-01 -3.735999763011932373e-01 -4.049093627929687500e+01 0.000000000000000000e+00 -1.676081120967864990e-02 0.000000000000000000e+00 5.000000000000000000e+01 0.000000000000000000e+00
4.141784310340881348e-01 2.594413757324218750e-01 -3.719496726989746094e-01 -3.735999763011932373e-01 -4.049093627929687500e+01 0.000000000000000000e+00 -1.676081120967864990e-02 0.000000000000000000e+00 5.000000000000000000e+01 0.000000000000000000e+00
4.141784310340881348e-01 2.594413757324218750e-01 -3.719496726989746094e-01 -3.735999763011932373e-01 -4.049093627929687500e+01 0.000000000000000000e+00 -1.676081120967864990e-02 0.000000000000000000e+00 5.000000000000000000e+01 0.000000000000000000e+00
4.141784310340881348e-01 2.594413757324218750e-01 -3.719496726989746094e-01 -3.735999763011932373e-01 -4.049093627929687500e+01 0.000000000000000000e+00 -1.676081120967864990e-02 0.000000000000000000e+00 5.000000000000000000e+01 0.000000000000000000e+00
4.141784310340881348e-01 2.594413757324218750e-01 -3.719496726989746094e-01 -3.735999763011932373e-01 -4.049093627929687500e+01 0.000000000000000000e+00 -1.676081120967864990e-02 0.000000000000000000e+00 5.000000000000000000e+01 0.000000000000000000e+00
4.141784310340881348e-01 2.594413757324218750e-01 -3.719496726989746094e-01 -3.735999763011932373e-01 -4.049093627929687500e+01 0.000000000000000000e+00 -1.676081120967864990e-02 0.000000000000000000e+00 5.000000000000000000e+01 0.000000000000000000e+00
4.141784310340881348e-01 2.594413757324218750e-01 -3.719496726989746094e-01 -3.735999763011932373e-01 -4.049093627929687500e+01 0.000000000000000000e+00 -1.676081120967864990e-02 0.000000000000000000e+00 5.000000000000000000e+01 0.000000000000000000e+00
4.141784310340881348e-01 2.594413757324218750e-01 -3.719496726989746094e-01 -3.735999763011932373e-01 -4.049093627929687500e+01 0.000000000000000000e+00 -1.676081120967864990e-02 0.000000000000000000e+00 5.000000000000000000e+01 0.000000000000000000e+00
4.141784310340881348e-01 2.594413757324218750e-01 -3.719496726989746094e-01 -3.735999763011932373e-01 -4.049093627929687500e+01 0.000000000000000000e+00 -1.676081120967864990e-02 0.000000000000000000e+00 5.000000000000000000e+01 0.000000000000000000e+00
4.141784310340881348e-01 2.594413757324218750e-01 -3.719496726989746094e-01 -3.735999763011932373e-01 -4.049093627929687500e+01 0.000000000000000000e+00 -1.676081120967864990e-02 0.000000000000000000e+00 5.000000000000000000e+01 0.000000000000000000e+00
4.141784310340881348e-01 2.594413757324218750e-01 -3.719496726989746094e-01 -3.735999763011932373e-01 -4.049093627929687500e+01 0.000000000000000000e+00 -1.676081120967864990e-02 0.000000000000000000e+00 5.000000000000000000e+01 0.000000000000000000e+00
4.141784310340881348e-01 2.594413757324218750e-01 -3.719496726989746094e-01 -3.735999763011932373e-01 -4.049093627929687500e+01 0.000000000000000000e+00 -1.676081120967864990e-02 0.000000000000000000e+00 5.000000000000000000e+01 0.000000000000000000e+00
4.141784310340881348e-01 2.594413757324218750e-01 -3.719496726989746094e-01 -3.735999763011932373e-01 -4.049093627929687500e+01 0.000000000000000000e+00 -1.676081120967864990e-02 0.000000000000000000e+00 5.000000000000000000e+01 0.000000000000000000e+00
4.141784310340881348e-01 2.594413757324218750e-01 -3.719496726989746094e-01 -3.735999763011932373e-01 -4.049093627929687500e+01 0.000000000000000000e+00 -1.676081120967864990e-02 0.000000000000000000e+00 5.000000000000000000e+01 0.000000000000000000e+00
4.141784310340881348e-01 2.594413757324218750e-01 -3.719496726989746094e-01 -3.735999763011932373e-01 -4.049093627929687500e+01 0.000000000000000000e+00 -1.676081120967864990e-02 0.000000000000000000e+00 5.000000000000000000e+01 0.000000000000000000e+00
