4.346190690994262695e-01 3.283270597457885742e-01 -2.514810562133789062e-01 -2.445636093616485596e-01 -1.342691497802734375e+02 -1.053148651123046875e+02 -5.557934939861297607e-02 -1.180310025811195374e-01 2.690000000000000000e+02 2.190000000000000000e+02
4.346190690994262695e-01 3.496912419795989990e-01 -2.028616219758987427e-01 -1.954075098037719727e-01 -1.191170043945312500e+02 -9.016271209716796875e+01 -4.930727183818817139e-02 -1.010493189096450806e-01 2.410000000000000000e+02 1.910000000000000000e+02
4.346190690994262695e-01 3.564909994602203369e-01 -1.875395774841308594e-01 -1.797621697187423706e-01 -1.156755599975585938e+02 -8.672126770019531250e+01 -4.788272082805633545e-02 -9.719233959913253784e-02 2.340000000000000000e+02 1.840000000000000000e+02
4.346190690994262695e-01 3.555962145328521729e-01 -1.897050589323043823e-01 -1.818209588527679443e-01 -1.132055969238281250e+02 -8.425130462646484375e+01 -4.686030372977256775e-02 -9.442414343357086182e-02 2.290000000000000000e+02 1.790000000000000000e+02
4.346190690994262695e-01 3.555108606815338135e-01 -1.898669898509979248e-01 -1.820173412561416626e-01 -1.123151931762695312e+02 -8.336090087890625000e+01 -4.649173095822334290e-02 -9.342623502016067505e-02 2.270000000000000000e+02 1.770000000000000000e+02
4.346190690994262695e-01 3.552891016006469727e-01 -1.900515258312225342e-01 -1.825275868177413940e-01 -1.095325088500976562e+02 -8.057821655273437500e+01 -4.533986747264862061e-02 -9.030755609273910522e-02 2.230000000000000000e+02 1.730000000000000000e+02
4.346190690994262695e-01 3.549785614013671875e-01 -1.908187121152877808e-01 -1.832420974969863892e-01 -1.087208480834960938e+02 -7.976655578613281250e+01 -4.500389099121093750e-02 -8.939789235591888428e-02 2.210000000000000000e+02 1.710000000000000000e+02
4.346190690994262695e-01 3.568743765354156494e-01 -1.869270354509353638e-01 -1.788800805807113647e-01 -1.080899200439453125e+02 -7.913562011718750000e+01 -4.474272206425666809e-02 -8.869077265262603760e-02 2.200000000000000000e+02 1.700000000000000000e+02
4.346190690994262695e-01 3.592208027839660645e-01 -1.813714355230331421e-01 -1.734812706708908081e-01 -1.077247009277343750e+02 -7.877040100097656250e+01 -4.459154233336448669e-02 -8.828145265579223633e-02 2.190000000000000000e+02 1.690000000000000000e+02
4.346190690994262695e-01 3.619205653667449951e-01 -1.755954325199127197e-01 -1.672694683074951172e-01 -1.068009033203125000e+02 -7.784660339355468750e+01 -4.420914873480796814e-02 -8.724611252546310425e-02 2.170000000000000000e+02 1.670000000000000000e+02
4.346190690994262695e-01 3.591158986091613770e-01 -1.825181096792221069e-01 -1.737226396799087524e-01 -1.044722747802734375e+02 -7.551798248291015625e+01 -4.324523359537124634e-02 -8.463633060455322266e-02 2.140000000000000000e+02 1.640000000000000000e+02
4.346190690994262695e-01 3.730387091636657715e-01 -1.510860174894332886e-01 -1.416881233453750610e-01 -9.718163299560546875e+01 -6.822734069824218750e+01 -4.022734984755516052e-02 -7.646538317203521729e-02 1.980000000000000000e+02 1.480000000000000000e+02
4.346190690994262695e-01 3.854931294918060303e-01 -1.216393709182739258e-01 -1.130321770906448364e-01 -8.741029357910156250e+01 -5.845599365234375000e+01 -3.618260100483894348e-02 -6.551420688629150391e-02 1.780000000000000000e+02 1.280000000000000000e+02
4.346190690994262695e-01 3.822669088840484619e-01 -1.283194869756698608e-01 -1.204552799463272095e-01 -8.170371246337890625e+01 -5.274941635131835938e+01 -3.382042050361633301e-02 -5.911859497427940369e-02 1.660000000000000000e+02 1.160000000000000000e+02
4.346190690994262695e-01 3.871271908283233643e-01 -1.155754998326301575e-01 -1.092724204063415527e-01 -7.388238525390625000e+01 -4.492808532714843750e+01 -3.058286197483539581e-02 -5.035288259387016296e-02 1.520000000000000000e+02 1.020000000000000000e+02
4.346190690994262695e-01 3.881261050701141357e-01 -1.133145466446876526e-01 -1.069740578532218933e-01 -7.328822326660156250e+01 -4.433392333984375000e+01 -3.033691458404064178e-02 -4.968697950243949890e-02 1.510000000000000000e+02 1.010000000000000000e+02
4.346190690994262695e-01 3.835716843605041504e-01 -1.233035176992416382e-01 -1.174531653523445129e-01 -6.965635681152343750e+01 -4.070205688476562500e+01 -2.883354015648365021e-02 -4.561658576130867004e-02 1.440000000000000000e+02 9.400000000000000000e+01
4.346190690994262695e-01 3.760840892791748047e-01 -1.396986097097396851e-01 -1.346811056137084961e-01 -6.777915191650390625e+01 -3.882485580444335938e+01 -2.805649116635322571e-02 -4.351272433996200562e-02 1.410000000000000000e+02 9.100000000000000000e+01
4.346190690994262695e-01 3.747264146804809570e-01 -1.425064653158187866e-01 -1.378049403429031372e-01 -6.702842712402343750e+01 -3.807412719726562500e+01 -2.774573490023612976e-02 -4.267134889960289001e-02 1.390000000000000000e+02 8.900000000000000000e+01
4.346190690994262695e-01 3.756822049617767334e-01 -1.399280875921249390e-01 -1.356057971715927124e-01 -6.441883087158203125e+01 -3.546453475952148438e+01 -2.666551992297172546e-02 -3.974666446447372437e-02 1.330000000000000000e+02 8.300000000000000000e+01
4.346190690994262695e-01 3.785150945186614990e-01 -1.331399828195571899e-01 -1.290877014398574829e-01 -5.579840087890625000e+01 -2.684410476684570312e+01 -2.309717983007431030e-02 -3.008536994457244873e-02 1.110000000000000000e+02 6.100000000000000000e+01
4.346190690994262695e-01 3.873975276947021484e-01 -1.097616553306579590e-01 -1.086504161357879639e-01 -5.123669052124023438e+01 -2.228239440917968750e+01 -2.120890654623508453e-02 -2.497285977005958557e-02 1.000000000000000000e+02 5.000000000000000000e+01
4.346190690994262695e-01 3.904042840003967285e-01 -1.035089343786239624e-01 -1.017322689294815063e-01 -4.698915863037109375e+01 -1.803486251831054688e+01 -1.945068500936031342e-02 -2.021246403455734253e-02 9.200000000000000000e+01 4.200000000000000000e+01
4.346190690994262695e-01 3.885179758071899414e-01 -1.085629463195800781e-01 -1.060724109411239624e-01 -4.597360229492187500e+01 -1.701930236816406250e+01 -1.903030462563037872e-02 -1.907428167760372162e-02 8.900000000000000000e+01 3.900000000000000000e+01
4.346190690994262695e-01 3.901642262935638428e-01 -1.023827120661735535e-01 -1.022846102714538574e-01 -4.257906341552734375e+01 -1.362476348876953125e+01 -1.762516982853412628e-02 -1.526987273246049881e-02 8.200000000000000000e+01 3.200000000000000000e+01
4.346190690994262695e-01 3.933744430541992188e-01 -9.631839394569396973e-02 -9.489833563566207886e-02 -4.068535995483398438e+01 -1.173106193542480469e+01 -1.684129051864147186e-02 -1.314751803874969482e-02 7.800000000000000000e+01 2.800000000000000000e+01
4.346190690994262695e-01 3.834412395954132080e-01 -1.154446303844451904e-01 -1.177532970905303955e-01 -3.789277267456054688e+01 -8.938474655151367188e+00 -1.568532735109329224e-02 -1.001774240285158157e-02 7.300000000000000000e+01 2.300000000000000000e+01
4.346190690994262695e-01 3.846622407436370850e-01 -1.124305427074432373e-01 -1.149439439177513123e-01 -3.749190139770507812e+01 -8.537605285644531250e+00 -1.551939081400632858e-02 -9.568470530211925507e-03 7.200000000000000000e+01 2.200000000000000000e+01
4.346190690994262695e-01 3.862370848655700684e-01 -1.091662272810935974e-01 -1.113204360008239746e-01 -3.711692810058593750e+01 -8.162630081176757812e+00 -1.536417473107576370e-02 -9.148218668997287750e-03 7.100000000000000000e+01 2.100000000000000000e+01
4.346190690994262695e-01 3.666469454765319824e-01 -1.574015915393829346e-01 -1.563947051763534546e-01 -3.137845993041992188e+01 -2.424162864685058594e+00 -1.298879459500312805e-02 -2.716866089031100273e-03 5.700000000000000000e+01 7.000000000000000000e+00
4.346190690994262695e-01 3.541702926158905029e-01 -1.873007714748382568e-01 -1.851018071174621582e-01 -2.987754058837890625e+01 -9.232463240623474121e-01 -1.236750371754169464e-02 -1.034722779877483845e-03 5.400000000000000000e+01 4.000000000000000000e+00
4.346190690994262695e-01 3.540921807289123535e-01 -1.854227185249328613e-01 -1.852815300226211548e-01 -2.957133674621582031e+01 -6.170402169227600098e-01 -1.224075444042682648e-02 -6.915441481396555901e-04 5.200000000000000000e+01 2.000000000000000000e+00
4.346190690994262695e-01 3.486118912696838379e-01 -1.986840814352035522e-01 -1.978909373283386230e-01 -2.895429611206054688e+01 0.000000000000000000e+00 -1.198533643037080765e-02 0.000000000000000000e+00 5.000000000000000000e+01 0.000000000000000000e+00
4.346190690994262695e-01 3.486118912696838379e-01 -1.986840814352035522e-01 -1.978909373283386230e-01 -2.895429611206054688e+01 0.000000000000000000e+00 -1.198533643037080765e-02 0.000000000000000000e+00 5.000000000000000000e+01 0.000000000000000000e+00
4.346190690994262695e-01 3.486118912696838379e-01 -1.986840814352035522e-01 -1.978909373283386230e-01 -2.895429611206054688e+01 0.000000000000000000e+00 -1.198533643037080765e-02 0.000000000000000000e+00 5.000000000000000000e+01 0.000000000000000000e+00
4.346190690994262695e-01 3.486118912696838379e-01 -1.986840814352035522e-01 -1.978909373283386230e-01 -2.895429611206054688e+01 0.000000000000000000e+00 -1.198533643037080765e-02 0.000000000000000000e+00 5.000000000000000000e+01 0.000000000000000000e+00
4.346190690994262695e-01 3.486118912696838379e-01 -1.986840814352035522e-01 -1.978909373283386230e-01 -2.895429611206054688e+01 0.000000000000000000e+00 -1.198533643037080765e-02 0.000000000000000000e+00 5.000000000000000000e+01 0.000000000000000000e+00
4.346190690994262695e-01 3.486118912696838379e-01 -1.986840814352035522e-01 -1.978909373283386230e-01 -2.895429611206054688e+01 0.000000000000000000e+00 -1.198533643037080765e-02 0.000000000000000000e+00 5.000000000000000000e+01 0.000000000000000000e+00
4.346190690994262695e-01 3.486118912696838379e-01 -1.986840814352035522e-01 -1.978909373283386230e-01 -2.895429611206054688e+01 0.000000000000000000e+00 -1.198533643037080765e-02 0.000000000000000000e+00 5.000000000000000000e+01 0.000000000000000000e+00
4.346190690994262695e-01 3.486118912696838379e-01 -1.986840814352035522e-01 -1.978909373283386230e-01 -2.895429611206054688e+01 0.000000000000000000e+00 -1.198533643037080765e-02 0.000000000000000000e+00 5.000000000000000000e+01 0.000000000000000000e+00
4.346190690994262695e-01 3.486118912696838379e-01 -1.986840814352035522e-01 -1.978909373283386230e-01 -2.895429611206054688e+01 0.000000000000000000e+00 -1.198533643037080765e-02 0.000000000000000000e+00 5.000000000000000000e+01 0.000000000000000000e+00
4.346190690994262695e-01 3.486118912696838379e-01 -1.986840814352035522e-01 -1.978909373283386230e-01 -2.895429611206054688e+01 0.000000000000000000e+00 -1.198533643037080765e-02 0.000000000000000000e+00 5.000000000000000000e+01 0.000000000000000000e+00
4.346190690994262695e-01 3.486118912696838379e-01 -1.986840814352035522e-01 -1.978909373283386230e-01 -2.895429611206054688e+01 0.000000000000000000e+00 -1.198533643037080765e-02 0.000000000000000000e+00 5.000000000000000000e+01 0.000000000000000000e+00
4.346190690994262695e-01 3.486118912696838379e-01 -1.986840814352035522e-01 -1.978909373283386230e-01 -2.895429611206054688e+01 0.000000000000000000e+00 -1.198533643037080765e-02 0.000000000000000000e+00 5.000000000000000000e+01 0.000000000000000000e+00
4.346190690994262695e-01 3.486118912696838379e-01 -1.986840814352035522e-01 -1.978909373283386230e-01 -2.895429611206054688e+01 0.000000000000000000e+00 -1.198533643037080765e-02 0.000000000000000000e+00 5.000000000000000000e+01 0.000000000000000000e+00
4.346190690994262695e-01 3.486118912696838379e-01 -1.986840814352035522e-01 -1.978909373283386230e-01 -2.895429611206054688e+01 0.000000000000000000e+00 -1.198533643037080765e-02 0.000000000000000000e+00 5.000000000000000000e+01 0.000000000000000000e+00
4.346190690994262695e-01 3.486118912696838379e-01 -1.986840814352035522e-01 -1.978909373283386230e-01 -2.895429611206054688e+01 0.000000000000000000e+00 -1.198533643037080765e-02 0.000000000000000000e+00 5.000000000000000000e+01 0.000000000000000000e+00
4.346190690994262695e-01 3.486118912696838379e-01 -1.986840814352035522e-01 -1.978909373283386230e-01 -2.895429611206054688e+01 0.000000000000000000e+00 -1.198533643037080765e-02 0.000000000000000000e+00 5.000000000000000000e+01 0.000000000000000000e+00
4.346190690994262695e-01 3.486118912696838379e-01 -1.986840814352035522e-01 -1.978909373283386230e-01 -2.895429611206054688e+01 0.000000000000000000e+00 -1.198533643037080765e-02 0.000000000000000000e+00 5.000000000000000000e+01 0.000000000000000000e+00
4.346190690994262695e-01 3.486118912696838379e-01 -1.986840814352035522e-01 -1.978909373283386230e-01 -2.895429611206054688e+01 0.000000000000000000e+00 -1.198533643037080765e-02 0.000000000000000000e+00 5.000000000000000000e+01 0.000000000000000000e+00
4.346190690994262695e-01 3.486118912696838379e-01 -1.986840814352035522e-01 -1.978909373283386230e-01 -2.895429611206054688e+01 0.000000000000000000e+00 -1.198533643037080765e-02 0.000000000000000000e+00 5.000000000000000000e+01 0.000000000000000000e+00
4.346190690994262695e-01 3.486118912696838379e-01 -1.986840814352035522e-01 -1.978909373283386230e-01 -2.895429611206054688e+01 0.000000000000000000e+00 -1.198533643037080765e-02 0.000000000000000000e+00 5.000000000000000000e+01 0.000000000000000000e+00
4.346190690994262695e-01 3.486118912696838379e-01 -1.986840814352035522e-01 -1.978909373283386230e-01 -2.895429611206054688e+01 0.000000000000000000e+00 -1.198533643037080765e-02 0.000000000000000000e+00 5.000000000000000000e+01 0.000000000000000000e+00
4.346190690994262695e-01 3.486118912696838379e-01 -1.986840814352035522e-01 -1.978909373283386230e-01 -2.895429611206054688e+01 0.000000000000000000e+00 -1.198533643037080765e-02 0.000000000000000000e+00 5.000000000000000000e+01 0.000000000000000000e+00
4.346190690994262695e-01 3.486118912696838379e-01 -1.986840814352035522e-01 -1.978909373283386230e-01 -2.895429611206054688e+01 0.000000000000000000e+00 -1.198533643037080765e-02 0.000000000000000000e+00 5.000000000000000000e+01 0.000000000000000000e+00
4.346190690994262695e-01 3.486118912696838379e-01 -1.986840814352035522e-01 -1.978909373283386230e-01 -2.895429611206054688e+01 0.000000000000000000e+00 -1.198533643037080765e-02 0.000000000000000000e+00 5.000000000000000000e+01 0.000000000000000000e+00
4.346190690994262695e-01 3.486118912696838379e-01 -1.986840814352035522e-01 -1.978909373283386230e-01 -2.895429611206054688e+01 0.000000000000000000e+00 -1.198533643037080765e-02 0.000000000000000000e+00 5.000000000000000000e+01 0.000000000000000000e+00
4.346190690994262695e-01 3.486118912696838379e-01 -1.986840814352035522e-01 -1.978909373283386230e-01 -2.895429611206054688e+01 0.000000000000000000e+00 -1.198533643037080765e-02 0.000000000000000000e+00 5.000000000000000000e+01 0.000000000000000000e+00
4.346190690994262695e-01 3.486118912696838379e-01 -1.986840814352035522e-01 -1.978909373283386230e-01 -2.895429611206054688e+01 0.000000000000000000e+00 -1.198533643037080765e-02 0.000000000000000000e+00 5.000000000000000000e+01 0.000000000000000000e+00
4.346190690994262695e-01 3.486118912696838379e-01 -1.986840814352035522e-01 -1.978909373283386230e-01 -2.895429611206054688e+01 0.000000000000000000e+00 -1.198533643037080765e-02 0.000000000000000000e+00 5.000000000000000000e+01 0.000000000000000000e+00
4.346190690994262695e-01 3.486118912696838379e-01 -1.986840814352035522e-01 -1.978909373283386230e-01 -2.895429611206054688e+01 0.000000000000000000e+00 -1.198533643037080765e-02 0.000000000000000000e+00 5.000000000000000000e+01 0.000000000000000000e+00
4.346190690994262695e-01 3.486118912696838379e-01 -1.986840814352035522e-01 -1.978909373283386230e-01 -2.895429611206054688e+01 0.000000000000000000e+00 -1.198533643037080765e-02 0.000000000000000000e+00 5.000000000000000000e+01 0.000000000000000000e+00
4.346190690994262695e-01 3.486118912696838379e-01 -1.986840814352035522e-01 -1.978909373283386230e-01 -2.895429611206054688e+01 0.000000000000000000e+00 -1.198533643037080765e-02 0.000000000000000000e+00 5.000000000000000000e+01 0.000000000000000000e+00
4.346190690994262695e-01 3.486118912696838379e-01 -1.986840814352035522e-01 -1.978909373283386230e-01 -2.895429611206054688e+01 0.000000000000000000e+00 -1.198533643037080765e-02 0.000000000000000000e+00 5.000000000000000000e+01 0.000000000000000000e+00
4.346190690994262695e-01 3.486118912696838379e-01 -1.986840814352035522e-01 -1.978909373283386230e-01 -2.895429611206054688e+01 0.000000000000000000e+00 -1.198533643037080765e-02 0.000000000000000000e+00 5.000000000000000000e+01 0.000000000000000000e+00
4.346190690994262695e-01 3.486118912696838379e-01 -1.986840814352035522e-01 -1.978909373283386230e-01 -2.895429611206054688e+01 0.000000000000000000e+00 -1.198533643037080765e-02 0.000000000000000000e+00 5.000000000000000000e+01 0.000000000000000000e+00
4.346190690994262695e-01 3.486118912696838379e-01 -1.986840814352035522e-01 -1.978909373283386230e-01 -2.895429611206054688e+01 0.000000000000000000e+00 -1.198533643037080765e-02 0.000000000000000000e+00 5.000000000000000000e+01 0.000000000000000000e+00
4.346190690994262695e-01 3.486118912696838379e-01 -1.986840814352035522e-01 -1.978909373283386230e-01 -2.895429611206054688e+01 0.000000000000000000e+00 -1.198533643037080765e-02 0.000000000000000000e+00 5.000000000000000000e+01 0.000000000000000000e+00
4.346190690994262695e-01 3.486118912696838379e-01 -1.986840814352035522e-01 -1.978909373283386230e-01 -2.895429611206054688e+01 0.000000000000000000e+00 -1.198533643037080765e-02 0.000000000000000000e+00 5.000000000000000000e+01 0.000000000000000000e+00
4.346190690994262695e-01 3.486118912696838379e-01 -1.986840814352035522e-01 -1.978909373283386230e-01 -2.895429611206054688e+01 0.000000000000000000e+00 -1.198533643037080765e-02 0.000000000000000000e+00 5.000000000000000000e+01 0.000000000000000000e+00
4.346190690994262695e-01 3.486118912696838379e-01 -1.986840814352035522e-01 -1.978909373283386230e-01 -2.895429611206054688e+01 0.000000000000000000e+00 -1.198533643037080765e-02 0.000000000000000000e+00 5.000000000000000000e+01 0.000000000000000000e+00
4.346190690994262695e-01 3.486118912696838379e-01 -1.986840814352035522e-01 -1.978909373283386230e-01 -2.895429611206054688e+01 0.000000000000000000e+00 -1.198533643037080765e-02 0.000000000000000000e+00 5.000000000000000000e+01 0.000000000000000000e+00
4.346190690994262695e-01 3.486118912696838379e-01 -1.986840814352035522e-01 -1.978909373283386230e-01 -2.895429611206054688e+01 0.000000000000000000e+00 -1.198533643037080765e-02 0.000000000000000000e+00 5.000000000000000000e+01 0.000000000000000000e+00
4.346190690994262695e-01 3.486118912696838379e-01 -1.986840814352035522e-01 -1.978909373283386230e-01 -2.895429611206054688e+01 0.000000000000000000e+00 -1.198533643037080765e-02 0.000000000000000000e+00 5.000000000000000000e+01 0.000000000000000000e+00
4.346190690994262695e-01 3.486118912696838379e-01 -1.986840814352035522e-01 -1.978909373283386230e-01 -2.895429611206054688e+01 0.000000000000000000e+00 -1.198533643037080765e-02 0.000000000000000000e+00 5.000000000000000000e+01 0.000000000000000000e+00
4.346190690994262695e-01 3.486118912696838379e-01 -1.986840814352035522e-01 -1.978909373283386230e-01 -2.895429611206054688e+01 0.000000000000000000e+00 -1.198533643037080765e-02 0.000000000000000000e+00 5.000000000000000000e+01 0.000000000000000000e+00
4.346190690994262695e-01 3.486118912696838379e-01 -1.986840814352035522e-01 -1.978909373283386230e-01 -2.895429611206054688e+01 0.000000000000000000e+00 -1.198533643037080765e-02 0.000000000000000000e+00 5.000000000000000000e+01 0.000000000000000000e+00
4.346190690994262695e-01 3.486118912696838379e-01 -1.986840814352035522e-01 -1.978909373283386230e-01 -2.895429611206054688e+01 0.000000000000000000e+00 -1.198533643037080765e-02 0.000000000000000000e+00 5.000000000000000000e+01 0.000000000000000000e+00
4.346190690994262695e-01 3.486118912696838379e-01 -1.986840814352035522e-01 -1.978909373283386230e-01 -2.895429611206054688e+01 0.000000000000000000e+00 -1.198533643037080765e-02 0.000000000000000000e+00 5.000000000000000000e+01 0.000000000000000000e+00
4.346190690994262695e-01 3.486118912696838379e-01 -1.986840814352035522e-01 -1.978909373283386230e-01 -2.895429611206054688e+01 0.000000000000000000e+00 -1.198533643037080765e-02 0.000000000000000000e+00 5.000000000000000000e+01 0.000000000000000000e+00
4.346190690994262695e-01 3.486118912696838379e-01 -1.986840814352035522e-01 -1.978909373283386230e-01 -2.895429611206054688e+01 0.000000000000000000e+00 -1.198533643037080765e-02 0.000000000000000000e+00 5.000000000000000000e+01 0.000000000000000000e+00
4.346190690994262695e-01 3.486118912696838379e-01 -1.986840814352035522e-01 -1.978909373283386230e-01 -2.895429611206054688e+01 0.000000000000000000e+00 -1.198533643037080765e-02 0.000000000000000000e+00 5.000000000000000000e+01 0.000000000000000000e+00
4.346190690994262695e-01 3.486118912696838379e-01 -1.986840814352035522e-01 -1.978909373283386230e-01 -2.895429611206054688e+01 0.000000000000000000e+00 -1.198533643037080765e-02 0.000000000000000000e+00 5.000000000000000000e+01 0.000000000000000000e+00
4.346190690994262695e-01 3.486118912696838379e-01 -1.986840814352035522e-01 -1.978909373283386230e-01 -2.895429611206054688e+01 0.000000000000000000e+00 -1.198533643037080765e-02 0.000000000000000000e+00 5.000000000000000000e+01 0.000000000000000000e+00
4.346190690994262695e-01 3.486118912696838379e-01 -1.986840814352035522e-01 -1.978909373283386230e-01 -2.895429611206054688e+01 0.000000000000000000e+00 -1.198533643037080765e-02 0.000000000000000000e+00 5.000000000000000000e+01 0.000000000000000000e+00
4.346190690994262695e-01 3.486118912696838379e-01 -1.986840814352035522e-01 -1.978909373283386230e-01 -2.895429611206054688e+01 0.000000000000000000e+00 -1.198533643037080765e-02 0.000000000000000000e+00 5.000000000000000000e+01 0.000000000000000000e+00
4.346190690994262695e-01 3.486118912696838379e-01 -1.986840814352035522e-01 -1.978909373283386230e-01 -2.895429611206054688e+01 0.000000000000000000e+00 -1.198533643037080765e-02 0.000000000000000000e+00 5.000000000000000000e+01 0.000000000000000000e+00
4.346190690994262695e-01 3.486118912696838379e-01 -1.986840814352035522e-01 -1.978909373283386230e-01 -2.895429611206054688e+01 0.000000000000000000e+00 -1.198533643037080765e-02 0.000000000000000000e+00 5.000000000000000000e+01 0.000000000000000000e+00
4.346190690994262695e-01 3.486118912696838379e-01 -1.986840814352035522e-01 -1.978909373283386230e-01 -2.895429611206054688e+01 0.000000000000000000e+00 -1.198533643037080765e-02 0.000000000000000000e+00 5.000000000000000000e+01 0.000000000000000000e+00
4.346190690994262695e-01 3.486118912696838379e-01 -1.986840814352035522e-01 -1.978909373283386230e-01 -2.895429611206054688e+01 0.000000000000000000e+00 -1.198533643037080765e-02 0.000000000000000000e+00 5.000000000000000000e+01 0.000000000000000000e+00
4.346190690994262695e-01 3.486118912696838379e-01 -1.986840814352035522e-01 -1.978909373283386230e-01 -2.895429611206054688e+01 0.000000000000000000e+00 -1.198533643037080765e-02 0.000000000000000000e+00 5.000000000000000000e+01 0.000000000000000000e+00
