4.743019342422485352e-01 6.957908272743225098e-01 4.557629227638244629e-01 4.669786691665649414e-01 -9.504598236083984375e+01 -7.296453094482421875e+01 -3.934331610798835754e-02 -9.660009294748306274e-02 2.940000000000000000e+02 2.440000000000000000e+02
4.743019342422485352e-01 7.350590229034423828e-01 5.426151752471923828e-01 5.497702360153198242e-01 -7.838530731201171875e+01 -5.630385589599609375e+01 -3.244680166244506836e-02 -7.454248517751693726e-02 2.290000000000000000e+02 1.790000000000000000e+02
4.743019342422485352e-01 7.339665293693542480e-01 5.403895378112792969e-01 5.474668741226196289e-01 -7.741293334960937500e+01 -5.533147811889648438e+01 -3.204429522156715393e-02 -7.325512915849685669e-02 2.240000000000000000e+02 1.740000000000000000e+02
4.743019342422485352e-01 7.363549470901489258e-01 5.459367036819458008e-01 5.525025129318237305e-01 -7.349534606933593750e+01 -5.141389465332031250e+01 -3.042265027761459351e-02 -6.806851178407669067e-02 2.160000000000000000e+02 1.660000000000000000e+02
4.743019342422485352e-01 7.299777865409851074e-01 5.323764085769653320e-01 5.390571355819702148e-01 -7.159933471679687500e+01 -4.951788330078125000e+01 -2.963781543076038361e-02 -6.555832177400588989e-02 2.100000000000000000e+02 1.600000000000000000e+02
4.743019342422485352e-01 7.296690344810485840e-01 5.332153439521789551e-01 5.384061932563781738e-01 -7.009922027587890625e+01 -4.801776885986328125e+01 -2.901685982942581177e-02 -6.357227265834808350e-02 2.050000000000000000e+02 1.550000000000000000e+02
4.743019342422485352e-01 7.308685183525085449e-01 5.359492301940917969e-01 5.409351587295532227e-01 -6.862507629394531250e+01 -4.654362487792968750e+01 -2.840665169060230255e-02 -6.162060424685478210e-02 2.030000000000000000e+02 1.530000000000000000e+02
4.743019342422485352e-01 7.298676967620849609e-01 5.338931679725646973e-01 5.388250350952148438e-01 -6.851567077636718750e+01 -4.643421936035156250e+01 -2.836136519908905029e-02 -6.147575750946998596e-02 2.020000000000000000e+02 1.520000000000000000e+02
4.743019342422485352e-01 7.228386998176574707e-01 5.175097584724426270e-01 5.240053534507751465e-01 -6.632352447509765625e+01 -4.424206924438476562e+01 -2.745394781231880188e-02 -5.857349932193756104e-02 1.980000000000000000e+02 1.480000000000000000e+02
4.743019342422485352e-01 7.231443524360656738e-01 5.182611346244812012e-01 5.246497988700866699e-01 -6.525761413574218750e+01 -4.317615890502929688e+01 -2.701272629201412201e-02 -5.716230720281600952e-02 1.960000000000000000e+02 1.460000000000000000e+02
4.743019342422485352e-01 7.251304388046264648e-01 5.239381194114685059e-01 5.288372039794921875e-01 -6.435232543945312500e+01 -4.227087783813476562e+01 -2.663799002766609192e-02 -5.596377700567245483e-02 1.930000000000000000e+02 1.430000000000000000e+02
4.743019342422485352e-01 7.196115851402282715e-01 5.128394365310668945e-01 5.172014832496643066e-01 -5.724396514892578125e+01 -3.516250991821289062e+01 -2.369555644690990448e-02 -4.655278101563453674e-02 1.760000000000000000e+02 1.260000000000000000e+02
4.743019342422485352e-01 7.142937779426574707e-01 5.007928013801574707e-01 5.059896111488342285e-01 -5.312154388427734375e+01 -3.104009056091308594e+01 -2.198912203311920166e-02 -4.109497740864753723e-02 1.680000000000000000e+02 1.180000000000000000e+02
4.743019342422485352e-01 7.045983672142028809e-01 4.810912311077117920e-01 4.855481684207916260e-01 -5.035680007934570312e+01 -2.827534866333007812e+01 -2.084468491375446320e-02 -3.743464499711990356e-02 1.610000000000000000e+02 1.110000000000000000e+02
4.743019342422485352e-01 6.975823640823364258e-01 4.670951366424560547e-01 4.707559049129486084e-01 -4.893991088867187500e+01 -2.685845756530761719e+01 -2.025817893445491791e-02 -3.555877879261970520e-02 1.580000000000000000e+02 1.080000000000000000e+02
4.743019342422485352e-01 7.010288834571838379e-01 4.731191098690032959e-01 4.780223965644836426e-01 -4.838750839233398438e+01 -2.630605316162109375e+01 -2.002951689064502716e-02 -3.482742980122566223e-02 1.550000000000000000e+02 1.050000000000000000e+02
4.743019342422485352e-01 7.063356041908264160e-01 4.858772158622741699e-01 4.892108738422393799e-01 -4.719637298583984375e+01 -2.511491775512695312e+01 -1.953645795583724976e-02 -3.325044736266136169e-02 1.530000000000000000e+02 1.030000000000000000e+02
4.743019342422485352e-01 7.087633609771728516e-01 4.909992218017578125e-01 4.943294823169708252e-01 -4.677519226074218750e+01 -2.469373703002929688e+01 -1.936211436986923218e-02 -3.269283473491668701e-02 1.510000000000000000e+02 1.010000000000000000e+02
4.743019342422485352e-01 7.084201574325561523e-01 4.902766942977905273e-01 4.936058819293975830e-01 -4.643221282958984375e+01 -2.435075950622558594e+01 -1.922014169394969940e-02 -3.223875537514686584e-02 1.500000000000000000e+02 1.000000000000000000e+02
4.743019342422485352e-01 7.038060426712036133e-01 4.806845784187316895e-01 4.838776588439941406e-01 -4.483114242553710938e+01 -2.274968719482421875e+01 -1.855739578604698181e-02 -3.011904284358024597e-02 1.460000000000000000e+02 9.600000000000000000e+01
4.743019342422485352e-01 6.681089401245117188e-01 4.013660848140716553e-01 4.086152613162994385e-01 -3.687034606933593750e+01 -1.478889465332031250e+01 -1.526210457086563110e-02 -1.957949437201023102e-02 1.250000000000000000e+02 7.500000000000000000e+01
4.743019342422485352e-01 6.570568680763244629e-01 3.796022832393646240e-01 3.853134810924530029e-01 -3.421774673461914062e+01 -1.213629245758056641e+01 -1.416408829391002655e-02 -1.606762781739234924e-02 1.150000000000000000e+02 6.500000000000000000e+01
4.743019342422485352e-01 6.256950497627258301e-01 3.094191551208496094e-01 3.191914260387420654e-01 -2.979250717163085938e+01 -7.711054801940917969e+00 -1.233230531215667725e-02 -1.020891405642032623e-02 1.040000000000000000e+02 5.400000000000000000e+01
4.743019342422485352e-01 6.210250854492187500e-01 3.002685606479644775e-01 3.093454539775848389e-01 -2.893270492553710938e+01 -6.851252555847167969e+00 -1.197639852762222290e-02 -9.070593863725662231e-03 9.900000000000000000e+01 4.900000000000000000e+01
4.743019342422485352e-01 6.135429143905639648e-01 2.864011824131011963e-01 2.935703396797180176e-01 -2.845749282836914062e+01 -6.376039505004882812e+00 -1.177968923002481461e-02 -8.441444486379623413e-03 9.800000000000000000e+01 4.800000000000000000e+01
4.743019342422485352e-01 6.025051474571228027e-01 2.619639039039611816e-01 2.702987492084503174e-01 -2.805755424499511719e+01 -5.976099491119384766e+00 -1.161413919180631638e-02 -7.911950349807739258e-03 9.400000000000000000e+01 4.400000000000000000e+01
4.743019342422485352e-01 6.146181821823120117e-01 2.894579172134399414e-01 2.958374023437500000e-01 -2.676766395568847656e+01 -4.686210632324218750e+00 -1.108020264655351639e-02 -6.204225122928619385e-03 9.000000000000000000e+01 4.000000000000000000e+01
4.743019342422485352e-01 6.132054924964904785e-01 2.864368259906768799e-01 2.928589284420013428e-01 -2.590187072753906250e+01 -3.820419311523437500e+00 -1.072181575000286102e-02 -5.057976115494966507e-03 9.000000000000000000e+01 4.000000000000000000e+01
4.743019342422485352e-01 6.088756322860717773e-01 2.774973511695861816e-01 2.837300300598144531e-01 -2.570158195495605469e+01 -3.620130538940429688e+00 -1.063890848308801651e-02 -4.792807623744010925e-03 8.900000000000000000e+01 3.900000000000000000e+01
4.743019342422485352e-01 5.554880499839782715e-01 1.695214360952377319e-01 1.711696982383728027e-01 -2.379898262023925781e+01 -1.717529535293579102e+00 -9.851346723735332489e-03 -2.273892750963568687e-03 7.700000000000000000e+01 2.700000000000000000e+01
4.743019342422485352e-01 5.385728478431701660e-01 1.349047273397445679e-01 1.355063319206237793e-01 -2.294948196411132812e+01 -8.680302500724792480e-01 -9.499704465270042419e-03 -1.149213174358010292e-03 7.300000000000000000e+01 2.300000000000000000e+01
4.743019342422485352e-01 5.361599326133728027e-01 1.303042769432067871e-01 1.304190307855606079e-01 -2.283245086669921875e+01 -7.509973645210266113e-01 -9.451260790228843689e-03 -9.942696196958422661e-04 7.100000000000000000e+01 2.100000000000000000e+01
4.743019342422485352e-01 5.234623551368713379e-01 1.043367236852645874e-01 1.036479473114013672e-01 -2.279482460021972656e+01 -7.133724093437194824e-01 -9.435685351490974426e-03 -9.444567258469760418e-04 7.100000000000000000e+01 2.100000000000000000e+01
4.743019342422485352e-01 5.130245089530944824e-01 8.025707304477691650e-02 8.164118975400924683e-02 -2.262818908691406250e+01 -5.467370152473449707e-01 -9.366708807647228241e-03 -7.238427642732858658e-04 6.800000000000000000e+01 1.800000000000000000e+01
4.743019342422485352e-01 4.881250560283660889e-01 2.776405028998851776e-02 2.914413996040821075e-02 -2.233080291748046875e+01 -2.493492364883422852e-01 -9.243608452379703522e-03 -3.301214892417192459e-04 6.400000000000000000e+01 1.400000000000000000e+01
4.743019342422485352e-01 4.881250560283660889e-01 2.776405028998851776e-02 2.914413996040821075e-02 -2.233080291748046875e+01 -2.493492364883422852e-01 -9.243608452379703522e-03 -3.301214892417192459e-04 6.400000000000000000e+01 1.400000000000000000e+01
4.743019342422485352e-01 4.910072982311248779e-01 3.368508815765380859e-02 3.522094711661338806e-02 -2.231298255920410156e+01 -2.315284013748168945e-01 -9.236232377588748932e-03 -3.065279161091893911e-04 6.300000000000000000e+01 1.300000000000000000e+01
4.743019342422485352e-01 4.907841384410858154e-01 3.326584398746490479e-02 3.475044667720794678e-02 -2.229587364196777344e+01 -2.144199013710021973e-01 -9.229149669408798218e-03 -2.838774234987795353e-04 6.200000000000000000e+01 1.200000000000000000e+01
4.743019342422485352e-01 4.833746850490570068e-01 1.851683296263217926e-02 1.912863925099372864e-02 -2.213194274902343750e+01 -5.048930644989013672e-02 -9.161292575299739838e-03 -6.684441905235871673e-05 5.700000000000000000e+01 7.000000000000000000e+00
4.743019342422485352e-01 4.833746850490570068e-01 1.851683296263217926e-02 1.912863925099372864e-02 -2.213194274902343750e+01 -5.048930644989013672e-02 -9.161292575299739838e-03 -6.684441905235871673e-05 5.700000000000000000e+01 7.000000000000000000e+00
4.743019342422485352e-01 4.833746850490570068e-01 1.851683482527732849e-02 1.912863925099372864e-02 -2.213194274902343750e+01 -5.048930644989013672e-02 -9.161292575299739838e-03 -6.684441905235871673e-05 5.700000000000000000e+01 7.000000000000000000e+00
4.743019342422485352e-01 4.803779423236846924e-01 1.140285842120647430e-02 1.281042210757732391e-02 -2.210850906372070312e+01 -2.705657482147216797e-02 -9.151592850685119629e-03 -3.582107092370279133e-05 5.400000000000000000e+01 4.000000000000000000e+00
4.743019342422485352e-01 4.803779423236846924e-01 1.140285842120647430e-02 1.281042210757732391e-02 -2.210850906372070312e+01 -2.705657482147216797e-02 -9.151592850685119629e-03 -3.582107092370279133e-05 5.400000000000000000e+01 4.000000000000000000e+00
4.743019342422485352e-01 4.695508778095245361e-01 -9.071874432265758514e-03 -1.001694519072771072e-02 -2.210358047485351562e+01 -2.212738990783691406e-02 -9.149552322924137115e-03 -2.929516449512448162e-05 5.300000000000000000e+01 3.000000000000000000e+00
4.743019342422485352e-01 4.695508778095245361e-01 -9.071874432265758514e-03 -1.001694519072771072e-02 -2.210358047485351562e+01 -2.212738990783691406e-02 -9.149552322924137115e-03 -2.929516449512448162e-05 5.300000000000000000e+01 3.000000000000000000e+00
4.743019342422485352e-01 4.593724012374877930e-01 -3.349232301115989685e-02 -3.147685527801513672e-02 -2.209330368041992188e+01 -1.184970140457153320e-02 -9.145298041403293610e-03 -1.568820152897387743e-05 5.200000000000000000e+01 2.000000000000000000e+00
4.743019342422485352e-01 4.593724012374877930e-01 -3.349232301115989685e-02 -3.147685527801513672e-02 -2.209330368041992188e+01 -1.184970140457153320e-02 -9.145298041403293610e-03 -1.568820152897387743e-05 5.200000000000000000e+01 2.000000000000000000e+00
4.743019342422485352e-01 4.565740227699279785e-01 -4.016231372952461243e-02 -3.737684711813926697e-02 -2.208145523071289062e+01 0.000000000000000000e+00 -9.140393696725368500e-03 0.000000000000000000e+00 5.000000000000000000e+01 0.000000000000000000e+00
4.743019342422485352e-01 4.565740227699279785e-01 -4.016231372952461243e-02 -3.737684711813926697e-02 -2.208145523071289062e+01 0.000000000000000000e+00 -9.140393696725368500e-03 0.000000000000000000e+00 5.000000000000000000e+01 0.000000000000000000e+00
4.743019342422485352e-01 4.565740227699279785e-01 -4.016231372952461243e-02 -3.737684711813926697e-02 -2.208145523071289062e+01 0.000000000000000000e+00 -9.140393696725368500e-03 0.000000000000000000e+00 5.000000000000000000e+01 0.000000000000000000e+00
4.743019342422485352e-01 4.565740227699279785e-01 -4.016231372952461243e-02 -3.737684711813926697e-02 -2.208145523071289062e+01 0.000000000000000000e+00 -9.140393696725368500e-03 0.000000000000000000e+00 5.000000000000000000e+01 0.000000000000000000e+00
4.743019342422485352e-01 4.565740227699279785e-01 -4.016231372952461243e-02 -3.737684711813926697e-02 -2.208145523071289062e+01 0.000000000000000000e+00 -9.140393696725368500e-03 0.000000000000000000e+00 5.000000000000000000e+01 0.000000000000000000e+00
4.743019342422485352e-01 4.565740227699279785e-01 -4.016231372952461243e-02 -3.737684711813926697e-02 -2.208145523071289062e+01 0.000000000000000000e+00 -9.140393696725368500e-03 0.000000000000000000e+00 5.000000000000000000e+01 0.000000000000000000e+00
4.743019342422485352e-01 4.565740227699279785e-01 -4.016231372952461243e-02 -3.737684711813926697e-02 -2.208145523071289062e+01 0.000000000000000000e+00 -9.140393696725368500e-03 0.000000000000000000e+00 5.000000000000000000e+01 0.000000000000000000e+00
4.743019342422485352e-01 4.565740227699279785e-01 -4.016231372952461243e-02 -3.737684711813926697e-02 -2.208145523071289062e+01 0.000000000000000000e+00 -9.140393696725368500e-03 0.000000000000000000e+00 5.000000000000000000e+01 0.000000000000000000e+00
4.743019342422485352e-01 4.565740227699279785e-01 -4.016231372952461243e-02 -3.737684711813926697e-02 -2.208145523071289062e+01 0.000000000000000000e+00 -9.140393696725368500e-03 0.000000000000000000e+00 5.000000000000000000e+01 0.000000000000000000e+00
4.743019342422485352e-01 4.565740227699279785e-01 -4.016231372952461243e-02 -3.737684711813926697e-02 -2.208145523071289062e+01 0.000000000000000000e+00 -9.140393696725368500e-03 0.000000000000000000e+00 5.000000000000000000e+01 0.000000000000000000e+00
4.743019342422485352e-01 4.565740227699279785e-01 -4.016231372952461243e-02 -3.737684711813926697e-02 -2.208145523071289062e+01 0.000000000000000000e+00 -9.140393696725368500e-03 0.000000000000000000e+00 5.000000000000000000e+01 0.000000000000000000e+00
4.743019342422485352e-01 4.565740227699279785e-01 -4.016231372952461243e-02 -3.737684711813926697e-02 -2.208145523071289062e+01 0.000000000000000000e+00 -9.140393696725368500e-03 0.000000000000000000e+00 5.000000000000000000e+01 0.000000000000000000e+00
4.743019342422485352e-01 4.565740227699279785e-01 -4.016231372952461243e-02 -3.737684711813926697e-02 -2.208145523071289062e+01 0.000000000000000000e+00 -9.140393696725368500e-03 0.000000000000000000e+00 5.000000000000000000e+01 0.000000000000000000e+00
4.743019342422485352e-01 4.565740227699279785e-01 -4.016231372952461243e-02 -3.737684711813926697e-02 -2.208145523071289062e+01 0.000000000000000000e+00 -9.140393696725368500e-03 0.000000000000000000e+00 5.000000000000000000e+01 0.000000000000000000e+00
4.743019342422485352e-01 4.565740227699279785e-01 -4.016231372952461243e-02 -3.737684711813926697e-02 -2.208145523071289062e+01 0.000000000000000000e+00 -9.140393696725368500e-03 0.000000000000000000e+00 5.000000000000000000e+01 0.000000000000000000e+00
4.743019342422485352e-01 4.565740227699279785e-01 -4.016231372952461243e-02 -3.737684711813926697e-02 -2.208145523071289062e+01 0.000000000000000000e+00 -9.140393696725368500e-03 0.000000000000000000e+00 5.000000000000000000e+01 0.000000000000000000e+00
4.743019342422485352e-01 4.565740227699279785e-01 -4.016231372952461243e-02 -3.737684711813926697e-02 -2.208145523071289062e+01 0.000000000000000000e+00 -9.140393696725368500e-03 0.000000000000000000e+00 5.000000000000000000e+01 0.000000000000000000e+00
4.743019342422485352e-01 4.565740227699279785e-01 -4.016231372952461243e-02 -3.737684711813926697e-02 -2.208145523071289062e+01 0.000000000000000000e+00 -9.140393696725368500e-03 0.000000000000000000e+00 5.000000000000000000e+01 0.000000000000000000e+00
4.743019342422485352e-01 4.565740227699279785e-01 -4.016231372952461243e-02 -3.737684711813926697e-02 -2.208145523071289062e+01 0.000000000000000000e+00 -9.140393696725368500e-03 0.000000000000000000e+00 5.000000000000000000e+01 0.000000000000000000e+00
4.743019342422485352e-01 4.565740227699279785e-01 -4.016231372952461243e-02 -3.737684711813926697e-02 -2.208145523071289062e+01 0.000000000000000000e+00 -9.140393696725368500e-03 0.000000000000000000e+00 5.000000000000000000e+01 0.000000000000000000e+00
4.743019342422485352e-01 4.565740227699279785e-01 -4.016231372952461243e-02 -3.737684711813926697e-02 -2.208145523071289062e+01 0.000000000000000000e+00 -9.140393696725368500e-03 0.000000000000000000e+00 5.000000000000000000e+01 0.000000000000000000e+00
4.743019342422485352e-01 4.565740227699279785e-01 -4.016231372952461243e-02 -3.737684711813926697e-02 -2.208145523071289062e+01 0.000000000000000000e+00 -9.140393696725368500e-03 0.000000000000000000e+00 5.000000000000000000e+01 0.000000000000000000e+00
4.743019342422485352e-01 4.565740227699279785e-01 -4.016231372952461243e-02 -3.737684711813926697e-02 -2.208145523071289062e+01 0.000000000000000000e+00 -9.140393696725368500e-03 0.000000000000000000e+00 5.000000000000000000e+01 0.000000000000000000e+00
4.743019342422485352e-01 4.565740227699279785e-01 -4.016231372952461243e-02 -3.737684711813926697e-02 -2.208145523071289062e+01 0.000000000000000000e+00 -9.140393696725368500e-03 0.000000000000000000e+00 5.000000000000000000e+01 0.000000000000000000e+00
4.743019342422485352e-01 4.565740227699279785e-01 -4.016231372952461243e-02 -3.737684711813926697e-02 -2.208145523071289062e+01 0.000000000000000000e+00 -9.140393696725368500e-03 0.000000000000000000e+00 5.000000000000000000e+01 0.000000000000000000e+00
4.743019342422485352e-01 4.565740227699279785e-01 -4.016231372952461243e-02 -3.737684711813926697e-02 -2.208145523071289062e+01 0.000000000000000000e+00 -9.140393696725368500e-03 0.000000000000000000e+00 5.000000000000000000e+01 0.000000000000000000e+00
4.743019342422485352e-01 4.565740227699279785e-01 -4.016231372952461243e-02 -3.737684711813926697e-02 -2.208145523071289062e+01 0.000000000000000000e+00 -9.140393696725368500e-03 0.000000000000000000e+00 5.000000000000000000e+01 0.000000000000000000e+00
4.743019342422485352e-01 4.565740227699279785e-01 -4.016231372952461243e-02 -3.737684711813926697e-02 -2.208145523071289062e+01 0.000000000000000000e+00 -9.140393696725368500e-03 0.000000000000000000e+00 5.000000000000000000e+01 0.000000000000000000e+00
4.743019342422485352e-01 4.565740227699279785e-01 -4.016231372952461243e-02 -3.737684711813926697e-02 -2.208145523071289062e+01 0.000000000000000000e+00 -9.140393696725368500e-03 0.000000000000000000e+00 5.000000000000000000e+01 0.000000000000000000e+00
4.743019342422485352e-01 4.565740227699279785e-01 -4.016231372952461243e-02 -3.737684711813926697e-02 -2.208145523071289062e+01 0.000000000000000000e+00 -9.140393696725368500e-03 0.000000000000000000e+00 5.000000000000000000e+01 0.000000000000000000e+00
4.743019342422485352e-01 4.565740227699279785e-01 -4.016231372952461243e-02 -3.737684711813926697e-02 -2.208145523071289062e+01 0.000000000000000000e+00 -9.140393696725368500e-03 0.000000000000000000e+00 5.000000000000000000e+01 0.000000000000000000e+00
4.743019342422485352e-01 4.565740227699279785e-01 -4.016231372952461243e-02 -3.737684711813926697e-02 -2.208145523071289062e+01 0.000000000000000000e+00 -9.140393696725368500e-03 0.000000000000000000e+00 5.000000000000000000e+01 0.000000000000000000e+00
4.743019342422485352e-01 4.565740227699279785e-01 -4.016231372952461243e-02 -3.737684711813926697e-02 -2.208145523071289062e+01 0.000000000000000000e+00 -9.140393696725368500e-03 0.000000000000000000e+00 5.000000000000000000e+01 0.000000000000000000e+00
4.743019342422485352e-01 4.565740227699279785e-01 -4.016231372952461243e-02 -3.737684711813926697e-02 -2.208145523071289062e+01 0.000000000000000000e+00 -9.140393696725368500e-03 0.000000000000000000e+00 5.000000000000000000e+01 0.000000000000000000e+00
4.743019342422485352e-01 4.565740227699279785e-01 -4.016231372952461243e-02 -3.737684711813926697e-02 -2.208145523071289062e+01 0.000000000000000000e+00 -9.140393696725368500e-03 0.000000000000000000e+00 5.000000000000000000e+01 0.000000000000000000e+00
4.743019342422485352e-01 4.565740227699279785e-01 -4.016231372952461243e-02 -3.737684711813926697e-02 -2.208145523071289062e+01 0.000000000000000000e+00 -9.140393696725368500e-03 0.000000000000000000e+00 5.000000000000000000e+01 0.000000000000000000e+00
4.743019342422485352e-01 4.565740227699279785e-01 -4.016231372952461243e-02 -3.737684711813926697e-02 -2.208145523071289062e+01 0.000000000000000000e+00 -9.140393696725368500e-03 0.000000000000000000e+00 5.000000000000000000e+01 0.000000000000000000e+00
4.743019342422485352e-01 4.565740227699279785e-01 -4.016231372952461243e-02 -3.737684711813926697e-02 -2.208145523071289062e+01 0.000000000000000000e+00 -9.140393696725368500e-03 0.000000000000000000e+00 5.000000000000000000e+01 0.000000000000000000e+00
4.743019342422485352e-01 4.565740227699279785e-01 -4.016231372952461243e-02 -3.737684711813926697e-02 -2.208145523071289062e+01 0.000000000000000000e+00 -9.140393696725368500e-03 0.000000000000000000e+00 5.000000000000000000e+01 0.000000000000000000e+00
4.743019342422485352e-01 4.565740227699279785e-01 -4.016231372952461243e-02 -3.737684711813926697e-02 -2.208145523071289062e+01 0.000000000000000000e+00 -9.140393696725368500e-03 0.000000000000000000e+00 5.000000000000000000e+01 0.000000000000000000e+00
4.743019342422485352e-01 4.565740227699279785e-01 -4.016231372952461243e-02 -3.737684711813926697e-02 -2.208145523071289062e+01 0.000000000000000000e+00 -9.140393696725368500e-03 0.000000000000000000e+00 5.000000000000000000e+01 0.000000000000000000e+00
4.743019342422485352e-01 4.565740227699279785e-01 -4.016231372952461243e-02 -3.737684711813926697e-02 -2.208145523071289062e+01 0.000000000000000000e+00 -9.140393696725368500e-03 0.000000000000000000e+00 5.000000000000000000e+01 0.000000000000000000e+00
4.743019342422485352e-01 4.565740227699279785e-01 -4.016231372952461243e-02 -3.737684711813926697e-02 -2.208145523071289062e+01 0.000000000000000000e+00 -9.140393696725368500e-03 0.000000000000000000e+00 5.000000000000000000e+01 0.000000000000000000e+00
4.743019342422485352e-01 4.565740227699279785e-01 -4.016231372952461243e-02 -3.737684711813926697e-02 -2.208145523071289062e+01 0.000000000000000000e+00 -9.140393696725368500e-03 0.000000000000000000e+00 5.000000000000000000e+01 0.000000000000000000e+00
