4.028187394142150879e-01 9.011554718017578125e-02 -7.846650481224060059e-01 -7.762876152992248535e-01 -7.883277893066406250e+01 -3.670040893554687500e+01 -3.263202682137489319e-02 -3.422476723790168762e-02 1.450000000000000000e+02 9.500000000000000000e+01
4.028187394142150879e-01 9.732876718044281006e-02 -7.662405371665954590e-01 -7.583807110786437988e-01 -6.221660614013671875e+01 -2.008424377441406250e+01 -2.575393207371234894e-02 -1.872945204377174377e-02 1.140000000000000000e+02 6.400000000000000000e+01
4.028187394142150879e-01 9.913990646600723267e-02 -7.616198658943176270e-01 -7.538846135139465332e-01 -5.998864746093750000e+01 -1.785628128051757812e+01 -2.483168989419937134e-02 -1.665177755057811737e-02 1.070000000000000000e+02 5.700000000000000000e+01
4.028187394142150879e-01 9.932695329189300537e-02 -7.611431479454040527e-01 -7.534201741218566895e-01 -5.890867614746093750e+01 -1.677630996704101562e+01 -2.438464760780334473e-02 -1.564465649425983429e-02 1.020000000000000000e+02 5.200000000000000000e+01
4.028187394142150879e-01 9.955725818872451782e-02 -7.605558633804321289e-01 -7.528485059738159180e-01 -5.831377792358398438e+01 -1.618141174316406250e+01 -2.413839474320411682e-02 -1.508988719433546066e-02 9.900000000000000000e+01 4.900000000000000000e+01
4.028187394142150879e-01 1.009387001395225525e-01 -7.571931481361389160e-01 -7.494190335273742676e-01 -5.648419570922851562e+01 -1.435182762145996094e+01 -2.338105812668800354e-02 -1.338371820747852325e-02 9.400000000000000000e+01 4.400000000000000000e+01
4.028187394142150879e-01 1.046614944934844971e-01 -7.484025359153747559e-01 -7.401772141456604004e-01 -5.362292480468750000e+01 -1.149056148529052734e+01 -2.219666354358196259e-02 -1.071546040475368500e-02 8.800000000000000000e+01 3.800000000000000000e+01
4.028187394142150879e-01 1.046626269817352295e-01 -7.483999729156494141e-01 -7.401744127273559570e-01 -5.316924667358398438e+01 -1.103688049316406250e+01 -2.200886793434619904e-02 -1.029238291084766388e-02 8.700000000000000000e+01 3.700000000000000000e+01
4.028187394142150879e-01 1.067691892385482788e-01 -7.427592277526855469e-01 -7.349448204040527344e-01 -5.223023605346679688e+01 -1.009787178039550781e+01 -2.162017486989498138e-02 -9.416715241968631744e-03 8.400000000000000000e+01 3.400000000000000000e+01
4.028187394142150879e-01 1.069066822528839111e-01 -7.424147129058837891e-01 -7.346035242080688477e-01 -5.141381835937500000e+01 -9.281454086303710938e+00 -2.128222770988941193e-02 -8.655369281768798828e-03 8.100000000000000000e+01 3.100000000000000000e+01
4.028187394142150879e-01 1.069066822528839111e-01 -7.424147129058837891e-01 -7.346035242080688477e-01 -5.141381835937500000e+01 -9.281454086303710938e+00 -2.128222770988941193e-02 -8.655369281768798828e-03 8.100000000000000000e+01 3.100000000000000000e+01
4.028187394142150879e-01 1.136839389801025391e-01 -7.254981994628906250e-01 -7.177789211273193359e-01 -4.595248413085937500e+01 -3.820121526718139648e+00 -1.902156323194503784e-02 -3.562433412298560143e-03 6.200000000000000000e+01 1.200000000000000000e+01
4.028187394142150879e-01 1.189223229885101318e-01 -7.122213840484619141e-01 -7.047746181488037109e-01 -4.400502777099609375e+01 -1.872664213180541992e+00 -1.821543276309967041e-02 -1.746342750266194344e-03 5.500000000000000000e+01 5.000000000000000000e+00
4.028187394142150879e-01 1.189223229885101318e-01 -7.122213840484619141e-01 -7.047746181488037109e-01 -4.400502777099609375e+01 -1.872664213180541992e+00 -1.821543276309967041e-02 -1.746342750266194344e-03 5.500000000000000000e+01 5.000000000000000000e+00
4.028187394142150879e-01 1.189223229885101318e-01 -7.122213840484619141e-01 -7.047746181488037109e-01 -4.400502777099609375e+01 -1.872664213180541992e+00 -1.821543276309967041e-02 -1.746342750266194344e-03 5.500000000000000000e+01 5.000000000000000000e+00
4.028187394142150879e-01 1.215859204530715942e-01 -7.055512070655822754e-01 -6.981622576713562012e-01 -4.384171676635742188e+01 -1.709351658821105957e+00 -1.814783178269863129e-02 -1.594046596437692642e-03 5.400000000000000000e+01 4.000000000000000000e+00
4.028187394142150879e-01 1.215859204530715942e-01 -7.055512070655822754e-01 -6.981622576713562012e-01 -4.384171676635742188e+01 -1.709351658821105957e+00 -1.814783178269863129e-02 -1.594046596437692642e-03 5.400000000000000000e+01 4.000000000000000000e+00
4.028187394142150879e-01 1.215859204530715942e-01 -7.055512070655822754e-01 -6.981622576713562012e-01 -4.384171676635742188e+01 -1.709351658821105957e+00 -1.814783178269863129e-02 -1.594046596437692642e-03 5.400000000000000000e+01 4.000000000000000000e+00
4.028187394142150879e-01 1.215859204530715942e-01 -7.055512070655822754e-01 -6.981622576713562012e-01 -4.384171676635742188e+01 -1.709351658821105957e+00 -1.814783178269863129e-02 -1.594046596437692642e-03 5.400000000000000000e+01 4.000000000000000000e+00
4.028187394142150879e-01 1.215859204530715942e-01 -7.055512070655822754e-01 -6.981622576713562012e-01 -4.384171676635742188e+01 -1.709351658821105957e+00 -1.814783178269863129e-02 -1.594046596437692642e-03 5.400000000000000000e+01 4.000000000000000000e+00
4.028187394142150879e-01 1.210736408829689026e-01 -7.066801786422729492e-01 -6.994339823722839355e-01 -4.303956604003906250e+01 -9.071995019912719727e-01 -1.781579107046127319e-02 -8.460039389319717884e-04 5.300000000000000000e+01 3.000000000000000000e+00
4.028187394142150879e-01 1.210736408829689026e-01 -7.066801786422729492e-01 -6.994339823722839355e-01 -4.303956604003906250e+01 -9.071995019912719727e-01 -1.781579107046127319e-02 -8.460039389319717884e-04 5.300000000000000000e+01 3.000000000000000000e+00
4.028187394142150879e-01 1.231188550591468811e-01 -7.020937204360961914e-01 -6.943566799163818359e-01 -4.253139877319335938e+01 -3.990349769592285156e-01 -1.760544069111347198e-02 -3.721178800333291292e-04 5.200000000000000000e+01 2.000000000000000000e+00
4.028187394142150879e-01 1.231188550591468811e-01 -7.020937204360961914e-01 -6.943566799163818359e-01 -4.253139877319335938e+01 -3.990349769592285156e-01 -1.760544069111347198e-02 -3.721178800333291292e-04 5.200000000000000000e+01 2.000000000000000000e+00
4.028187394142150879e-01 1.231188550591468811e-01 -7.020937204360961914e-01 -6.943566799163818359e-01 -4.253139877319335938e+01 -3.990349769592285156e-01 -1.760544069111347198e-02 -3.721178800333291292e-04 5.200000000000000000e+01 2.000000000000000000e+00
4.028187394142150879e-01 1.231188550591468811e-01 -7.020937204360961914e-01 -6.943566799163818359e-01 -4.253139877319335938e+01 -3.990349769592285156e-01 -1.760544069111347198e-02 -3.721178800333291292e-04 5.200000000000000000e+01 2.000000000000000000e+00
4.028187394142150879e-01 1.266536712646484375e-01 -6.930785775184631348e-01 -6.855815052986145020e-01 -4.228336334228515625e+01 -1.509979367256164551e-01 -1.750276796519756317e-02 -1.408123061992228031e-04 5.100000000000000000e+01 1.000000000000000000e+00
4.028187394142150879e-01 1.266536712646484375e-01 -6.930785775184631348e-01 -6.855815052986145020e-01 -4.228336334228515625e+01 -1.509979367256164551e-01 -1.750276796519756317e-02 -1.408123061992228031e-04 5.100000000000000000e+01 1.000000000000000000e+00
4.028187394142150879e-01 1.266536712646484375e-01 -6.930785775184631348e-01 -6.855815052986145020e-01 -4.228336334228515625e+01 -1.509979367256164551e-01 -1.750276796519756317e-02 -1.408123061992228031e-04 5.100000000000000000e+01 1.000000000000000000e+00
4.028187394142150879e-01 1.266536712646484375e-01 -6.930785775184631348e-01 -6.855815052986145020e-01 -4.228336334228515625e+01 -1.509979367256164551e-01 -1.750276796519756317e-02 -1.408123061992228031e-04 5.100000000000000000e+01 1.000000000000000000e+00
4.028187394142150879e-01 1.266536712646484375e-01 -6.930785775184631348e-01 -6.855815052986145020e-01 -4.228336334228515625e+01 -1.509979367256164551e-01 -1.750276796519756317e-02 -1.408123061992228031e-04 5.100000000000000000e+01 1.000000000000000000e+00
4.028187394142150879e-01 1.266536712646484375e-01 -6.930785775184631348e-01 -6.855815052986145020e-01 -4.228336334228515625e+01 -1.509979367256164551e-01 -1.750276796519756317e-02 -1.408123061992228031e-04 5.100000000000000000e+01 1.000000000000000000e+00
4.028187394142150879e-01 1.363015025854110718e-01 -6.704736351966857910e-01 -6.616306304931640625e-01 -4.213236618041992188e+01 0.000000000000000000e+00 -1.744026504456996918e-02 0.000000000000000000e+00 5.000000000000000000e+01 0.000000000000000000e+00
4.028187394142150879e-01 1.363015025854110718e-01 -6.704736351966857910e-01 -6.616306304931640625e-01 -4.213236618041992188e+01 0.000000000000000000e+00 -1.744026504456996918e-02 0.000000000000000000e+00 5.000000000000000000e+01 0.000000000000000000e+00
4.028187394142150879e-01 1.363015025854110718e-01 -6.704736351966857910e-01 -6.616306304931640625e-01 -4.213236618041992188e+01 0.000000000000000000e+00 -1.744026504456996918e-02 0.000000000000000000e+00 5.000000000000000000e+01 0.000000000000000000e+00
4.028187394142150879e-01 1.363015025854110718e-01 -6.704736351966857910e-01 -6.616306304931640625e-01 -4.213236618041992188e+01 0.000000000000000000e+00 -1.744026504456996918e-02 0.000000000000000000e+00 5.000000000000000000e+01 0.000000000000000000e+00
4.028187394142150879e-01 1.363015025854110718e-01 -6.704736351966857910e-01 -6.616306304931640625e-01 -4.213236618041992188e+01 0.000000000000000000e+00 -1.744026504456996918e-02 0.000000000000000000e+00 5.000000000000000000e+01 0.000000000000000000e+00
4.028187394142150879e-01 1.363015025854110718e-01 -6.704736351966857910e-01 -6.616306304931640625e-01 -4.213236618041992188e+01 0.000000000000000000e+00 -1.744026504456996918e-02 0.000000000000000000e+00 5.000000000000000000e+01 0.000000000000000000e+00
4.028187394142150879e-01 1.363015025854110718e-01 -6.704736351966857910e-01 -6.616306304931640625e-01 -4.213236618041992188e+01 0.000000000000000000e+00 -1.744026504456996918e-02 0.000000000000000000e+00 5.000000000000000000e+01 0.000000000000000000e+00
4.028187394142150879e-01 1.363015025854110718e-01 -6.704736351966857910e-01 -6.616306304931640625e-01 -4.213236618041992188e+01 0.000000000000000000e+00 -1.744026504456996918e-02 0.000000000000000000e+00 5.000000000000000000e+01 0.000000000000000000e+00
4.028187394142150879e-01 1.363015025854110718e-01 -6.704736351966857910e-01 -6.616306304931640625e-01 -4.213236618041992188e+01 0.000000000000000000e+00 -1.744026504456996918e-02 0.000000000000000000e+00 5.000000000000000000e+01 0.000000000000000000e+00
4.028187394142150879e-01 1.363015025854110718e-01 -6.704736351966857910e-01 -6.616306304931640625e-01 -4.213236618041992188e+01 0.000000000000000000e+00 -1.744026504456996918e-02 0.000000000000000000e+00 5.000000000000000000e+01 0.000000000000000000e+00
4.028187394142150879e-01 1.363015025854110718e-01 -6.704736351966857910e-01 -6.616306304931640625e-01 -4.213236618041992188e+01 0.000000000000000000e+00 -1.744026504456996918e-02 0.000000000000000000e+00 5.000000000000000000e+01 0.000000000000000000e+00
4.028187394142150879e-01 1.363015025854110718e-01 -6.704736351966857910e-01 -6.616306304931640625e-01 -4.213236618041992188e+01 0.000000000000000000e+00 -1.744026504456996918e-02 0.000000000000000000e+00 5.000000000000000000e+01 0.000000000000000000e+00
4.028187394142150879e-01 1.363015025854110718e-01 -6.704736351966857910e-01 -6.616306304931640625e-01 -4.213236618041992188e+01 0.000000000000000000e+00 -1.744026504456996918e-02 0.000000000000000000e+00 5.000000000000000000e+01 0.000000000000000000e+00
4.028187394142150879e-01 1.363015025854110718e-01 -6.704736351966857910e-01 -6.616306304931640625e-01 -4.213236618041992188e+01 0.000000000000000000e+00 -1.744026504456996918e-02 0.000000000000000000e+00 5.000000000000000000e+01 0.000000000000000000e+00
4.028187394142150879e-01 1.363015025854110718e-01 -6.704736351966857910e-01 -6.616306304931640625e-01 -4.213236618041992188e+01 0.000000000000000000e+00 -1.744026504456996918e-02 0.000000000000000000e+00 5.000000000000000000e+01 0.000000000000000000e+00
4.028187394142150879e-01 1.363015025854110718e-01 -6.704736351966857910e-01 -6.616306304931640625e-01 -4.213236618041992188e+01 0.000000000000000000e+00 -1.744026504456996918e-02 0.000000000000000000e+00 5.000000000000000000e+01 0.000000000000000000e+00
4.028187394142150879e-01 1.363015025854110718e-01 -6.704736351966857910e-01 -6.616306304931640625e-01 -4.213236618041992188e+01 0.000000000000000000e+00 -1.744026504456996918e-02 0.000000000000000000e+00 5.000000000000000000e+01 0.000000000000000000e+00
4.028187394142150879e-01 1.363015025854110718e-01 -6.704736351966857910e-01 -6.616306304931640625e-01 -4.213236618041992188e+01 0.000000000000000000e+00 -1.744026504456996918e-02 0.000000000000000000e+00 5.000000000000000000e+01 0.000000000000000000e+00
4.028187394142150879e-01 1.363015025854110718e-01 -6.704736351966857910e-01 -6.616306304931640625e-01 -4.213236618041992188e+01 0.000000000000000000e+00 -1.744026504456996918e-02 0.000000000000000000e+00 5.000000000000000000e+01 0.000000000000000000e+00
4.028187394142150879e-01 1.363015025854110718e-01 -6.704736351966857910e-01 -6.616306304931640625e-01 -4.213236618041992188e+01 0.000000000000000000e+00 -1.744026504456996918e-02 0.000000000000000000e+00 5.000000000000000000e+01 0.000000000000000000e+00
4.028187394142150879e-01 1.363015025854110718e-01 -6.704736351966857910e-01 -6.616306304931640625e-01 -4.213236618041992188e+01 0.000000000000000000e+00 -1.744026504456996918e-02 0.000000000000000000e+00 5.000000000000000000e+01 0.000000000000000000e+00
4.028187394142150879e-01 1.363015025854110718e-01 -6.704736351966857910e-01 -6.616306304931640625e-01 -4.213236618041992188e+01 0.000000000000000000e+00 -1.744026504456996918e-02 0.000000000000000000e+00 5.000000000000000000e+01 0.000000000000000000e+00
4.028187394142150879e-01 1.363015025854110718e-01 -6.704736351966857910e-01 -6.616306304931640625e-01 -4.213236618041992188e+01 0.000000000000000000e+00 -1.744026504456996918e-02 0.000000000000000000e+00 5.000000000000000000e+01 0.000000000000000000e+00
4.028187394142150879e-01 1.363015025854110718e-01 -6.704736351966857910e-01 -6.616306304931640625e-01 -4.213236618041992188e+01 0.000000000000000000e+00 -1.744026504456996918e-02 0.000000000000000000e+00 5.000000000000000000e+01 0.000000000000000000e+00
4.028187394142150879e-01 1.363015025854110718e-01 -6.704736351966857910e-01 -6.616306304931640625e-01 -4.213236618041992188e+01 0.000000000000000000e+00 -1.744026504456996918e-02 0.000000000000000000e+00 5.000000000000000000e+01 0.000000000000000000e+00
4.028187394142150879e-01 1.363015025854110718e-01 -6.704736351966857910e-01 -6.616306304931640625e-01 -4.213236618041992188e+01 0.000000000000000000e+00 -1.744026504456996918e-02 0.000000000000000000e+00 5.000000000000000000e+01 0.000000000000000000e+00
4.028187394142150879e-01 1.363015025854110718e-01 -6.704736351966857910e-01 -6.616306304931640625e-01 -4.213236618041992188e+01 0.000000000000000000e+00 -1.744026504456996918e-02 0.000000000000000000e+00 5.000000000000000000e+01 0.000000000000000000e+00
4.028187394142150879e-01 1.363015025854110718e-01 -6.704736351966857910e-01 -6.616306304931640625e-01 -4.213236618041992188e+01 0.000000000000000000e+00 -1.744026504456996918e-02 0.000000000000000000e+00 5.000000000000000000e+01 0.000000000000000000e+00
4.028187394142150879e-01 1.363015025854110718e-01 -6.704736351966857910e-01 -6.616306304931640625e-01 -4.213236618041992188e+01 0.000000000000000000e+00 -1.744026504456996918e-02 0.000000000000000000e+00 5.000000000000000000e+01 0.000000000000000000e+00
4.028187394142150879e-01 1.363015025854110718e-01 -6.704736351966857910e-01 -6.616306304931640625e-01 -4.213236618041992188e+01 0.000000000000000000e+00 -1.744026504456996918e-02 0.000000000000000000e+00 5.000000000000000000e+01 0.000000000000000000e+00
4.028187394142150879e-01 1.363015025854110718e-01 -6.704736351966857910e-01 -6.616306304931640625e-01 -4.213236618041992188e+01 0.000000000000000000e+00 -1.744026504456996918e-02 0.000000000000000000e+00 5.000000000000000000e+01 0.000000000000000000e+00
4.028187394142150879e-01 1.363015025854110718e-01 -6.704736351966857910e-01 -6.616306304931640625e-01 -4.213236618041992188e+01 0.000000000000000000e+00 -1.744026504456996918e-02 0.000000000000000000e+00 5.000000000000000000e+01 0.000000000000000000e+00
4.028187394142150879e-01 1.363015025854110718e-01 -6.704736351966857910e-01 -6.616306304931640625e-01 -4.213236618041992188e+01 0.000000000000000000e+00 -1.744026504456996918e-02 0.000000000000000000e+00 5.000000000000000000e+01 0.000000000000000000e+00
4.028187394142150879e-01 1.363015025854110718e-01 -6.704736351966857910e-01 -6.616306304931640625e-01 -4.213236618041992188e+01 0.000000000000000000e+00 -1.744026504456996918e-02 0.000000000000000000e+00 5.000000000000000000e+01 0.000000000000000000e+00
4.028187394142150879e-01 1.363015025854110718e-01 -6.704736351966857910e-01 -6.616306304931640625e-01 -4.213236618041992188e+01 0.000000000000000000e+00 -1.744026504456996918e-02 0.000000000000000000e+00 5.000000000000000000e+01 0.000000000000000000e+00
4.028187394142150879e-01 1.363015025854110718e-01 -6.704736351966857910e-01 -6.616306304931640625e-01 -4.213236618041992188e+01 0.000000000000000000e+00 -1.744026504456996918e-02 0.000000000000000000e+00 5.000000000000000000e+01 0.000000000000000000e+00
4.028187394142150879e-01 1.363015025854110718e-01 -6.704736351966857910e-01 -6.616306304931640625e-01 -4.213236618041992188e+01 0.000000000000000000e+00 -1.744026504456996918e-02 0.000000000000000000e+00 5.000000000000000000e+01 0.000000000000000000e+00
4.028187394142150879e-01 1.363015025854110718e-01 -6.704736351966857910e-01 -6.616306304931640625e-01 -4.213236618041992188e+01 0.000000000000000000e+00 -1.744026504456996918e-02 0.000000000000000000e+00 5.000000000000000000e+01 0.000000000000000000e+00
4.028187394142150879e-01 1.363015025854110718e-01 -6.704736351966857910e-01 -6.616306304931640625e-01 -4.213236618041992188e+01 0.000000000000000000e+00 -1.744026504456996918e-02 0.000000000000000000e+00 5.000000000000000000e+01 0.000000000000000000e+00
4.028187394142150879e-01 1.363015025854110718e-01 -6.704736351966857910e-01 -6.616306304931640625e-01 -4.213236618041992188e+01 0.000000000000000000e+00 -1.744026504456996918e-02 0.000000000000000000e+00 5.000000000000000000e+01 0.000000000000000000e+00
4.028187394142150879e-01 1.363015025854110718e-01 -6.704736351966857910e-01 -6.616306304931640625e-01 -4.213236618041992188e+01 0.000000000000000000e+00 -1.744026504456996918e-02 0.000000000000000000e+00 5.000000000000000000e+01 0.000000000000000000e+00
4.028187394142150879e-01 1.363015025854110718e-01 -6.704736351966857910e-01 -6.616306304931640625e-01 -4.213236618041992188e+01 0.000000000000000000e+00 -1.744026504456996918e-02 0.000000000000000000e+00 5.000000000000000000e+01 0.000000000000000000e+00
4.028187394142150879e-01 1.363015025854110718e-01 -6.704736351966857910e-01 -6.616306304931640625e-01 -4.213236618041992188e+01 0.000000000000000000e+00 -1.744026504456996918e-02 0.000000000000000000e+00 5.000000000000000000e+01 0.000000000000000000e+00
4.028187394142150879e-01 1.363015025854110718e-01 -6.704736351966857910e-01 -6.616306304931640625e-01 -4.213236618041992188e+01 0.000000000000000000e+00 -1.744026504456996918e-02 0.000000000000000000e+00 5.000000000000000000e+01 0.000000000000000000e+00
4.028187394142150879e-01 1.363015025854110718e-01 -6.704736351966857910e-01 -6.616306304931640625e-01 -4.213236618041992188e+01 0.000000000000000000e+00 -1.744026504456996918e-02 0.000000000000000000e+00 5.000000000000000000e+01 0.000000000000000000e+00
4.028187394142150879e-01 1.363015025854110718e-01 -6.704736351966857910e-01 -6.616306304931640625e-01 -4.213236618041992188e+01 0.000000000000000000e+00 -1.744026504456996918e-02 0.000000000000000000e+00 5.000000000000000000e+01 0.000000000000000000e+00
4.028187394142150879e-01 1.363015025854110718e-01 -6.704736351966857910e-01 -6.616306304931640625e-01 -4.213236618041992188e+01 0.000000000000000000e+00 -1.744026504456996918e-02 0.000000000000000000e+00 5.000000000000000000e+01 0.000000000000000000e+00
4.028187394142150879e-01 1.363015025854110718e-01 -6.704736351966857910e-01 -6.616306304931640625e-01 -4.213236618041992188e+01 0.000000000000000000e+00 -1.744026504456996918e-02 0.000000000000000000e+00 5.000000000000000000e+01 0.000000000000000000e+00
4.028187394142150879e-01 1.363015025854110718e-01 -6.704736351966857910e-01 -6.616306304931640625e-01 -4.213236618041992188e+01 0.000000000000000000e+00 -1.744026504456996918e-02 0.000000000000000000e+00 5.000000000000000000e+01 0.000000000000000000e+00
4.028187394142150879e-01 1.363015025854110718e-01 -6.704736351966857910e-01 -6.616306304931640625e-01 -4.213236618041992188e+01 0.000000000000000000e+00 -1.744026504456996918e-02 0.000000000000000000e+00 5.000000000000000000e+01 0.000000000000000000e+00
4.028187394142150879e-01 1.363015025854110718e-01 -6.704736351966857910e-01 -6.616306304931640625e-01 -4.213236618041992188e+01 0.000000000000000000e+00 -1.744026504456996918e-02 0.000000000000000000e+00 5.000000000000000000e+01 0.000000000000000000e+00
4.028187394142150879e-01 1.363015025854110718e-01 -6.704736351966857910e-01 -6.616306304931640625e-01 -4.213236618041992188e+01 0.000000000000000000e+00 -1.744026504456996918e-02 0.000000000000000000e+00 5.000000000000000000e+01 0.000000000000000000e+00
4.028187394142150879e-01 1.363015025854110718e-01 -6.704736351966857910e-01 -6.616306304931640625e-01 -4.213236618041992188e+01 0.000000000000000000e+00 -1.744026504456996918e-02 0.000000000000000000e+00 5.000000000000000000e+01 0.000000000000000000e+00
4.028187394142150879e-01 1.363015025854110718e-01 -6.704736351966857910e-01 -6.616306304931640625e-01 -4.213236618041992188e+01 0.000000000000000000e+00 -1.744026504456996918e-02 0.000000000000000000e+00 5.000000000000000000e+01 0.000000000000000000e+00
4.028187394142150879e-01 1.363015025854110718e-01 -6.704736351966857910e-01 -6.616306304931640625e-01 -4.213236618041992188e+01 0.000000000000000000e+00 -1.744026504456996918e-02 0.000000000000000000e+00 5.000000000000000000e+01 0.000000000000000000e+00
4.028187394142150879e-01 1.363015025854110718e-01 -6.704736351966857910e-01 -6.616306304931640625e-01 -4.213236618041992188e+01 0.000000000000000000e+00 -1.744026504456996918e-02 0.000000000000000000e+00 5.000000000000000000e+01 0.000000000000000000e+00
4.028187394142150879e-01 1.363015025854110718e-01 -6.704736351966857910e-01 -6.616306304931640625e-01 -4.213236618041992188e+01 0.000000000000000000e+00 -1.744026504456996918e-02 0.000000000000000000e+00 5.000000000000000000e+01 0.000000000000000000e+00
4.028187394142150879e-01 1.363015025854110718e-01 -6.704736351966857910e-01 -6.616306304931640625e-01 -4.213236618041992188e+01 0.000000000000000000e+00 -1.744026504456996918e-02 0.000000000000000000e+00 5.000000000000000000e+01 0.000000000000000000e+00
4.028187394142150879e-01 1.363015025854110718e-01 -6.704736351966857910e-01 -6.616306304931640625e-01 -4.213236618041992188e+01 0.000000000000000000e+00 -1.744026504456996918e-02 0.000000000000000000e+00 5.000000000000000000e+01 0.000000000000000000e+00
