4.780111908912658691e-01 5.962285995483398438e-01 2.148617506027221680e-01 2.473109662532806396e-01 -6.840841674804687500e+01 -5.260681915283203125e+01 -2.831696905195713043e-02 -7.605497539043426514e-02 2.590000000000000000e+02 2.090000000000000000e+02
4.780111908912658691e-01 6.116872429847717285e-01 2.577793896198272705e-01 2.796504795551300049e-01 -4.841479492187500000e+01 -3.261320877075195312e+01 -2.004081197082996368e-02 -4.714972153306007385e-02 1.810000000000000000e+02 1.310000000000000000e+02
4.780111908912658691e-01 6.112636327743530273e-01 2.591308057308197021e-01 2.787642776966094971e-01 -4.678923797607421875e+01 -3.098765182495117188e+01 -1.936792954802513123e-02 -4.479961097240447998e-02 1.750000000000000000e+02 1.250000000000000000e+02
4.780111908912658691e-01 6.038660407066345215e-01 2.440717220306396484e-01 2.632884979248046875e-01 -4.583245849609375000e+01 -3.003087234497070312e+01 -1.897188089787960052e-02 -4.341637343168258667e-02 1.710000000000000000e+02 1.210000000000000000e+02
4.780111908912658691e-01 6.008647680282592773e-01 2.380068302154541016e-01 2.570098340511322021e-01 -4.510631561279296875e+01 -2.930472946166992188e+01 -1.867130026221275330e-02 -4.236657172441482544e-02 1.690000000000000000e+02 1.190000000000000000e+02
4.780111908912658691e-01 6.006505489349365234e-01 2.390113770961761475e-01 2.565616965293884277e-01 -4.437867736816406250e+01 -2.857708740234375000e+01 -1.837010122835636139e-02 -4.131459817290306091e-02 1.650000000000000000e+02 1.150000000000000000e+02
4.780111908912658691e-01 5.983765125274658203e-01 2.343103885650634766e-01 2.518044114112854004e-01 -4.411824035644531250e+01 -2.831665039062500000e+01 -1.826229691505432129e-02 -4.093807935714721680e-02 1.630000000000000000e+02 1.130000000000000000e+02
4.780111908912658691e-01 6.021177768707275391e-01 2.415806204080581665e-01 2.596311271190643311e-01 -4.323781204223632812e+01 -2.743622016906738281e+01 -1.789785176515579224e-02 -3.966521844267845154e-02 1.620000000000000000e+02 1.120000000000000000e+02
4.780111908912658691e-01 6.008489131927490234e-01 2.384856343269348145e-01 2.569766640663146973e-01 -4.182029724121093750e+01 -2.601870727539062500e+01 -1.731108687818050385e-02 -3.761588782072067261e-02 1.580000000000000000e+02 1.080000000000000000e+02
4.780111908912658691e-01 6.009470224380493164e-01 2.400173544883728027e-01 2.571819126605987549e-01 -4.132494354248046875e+01 -2.552335357666015625e+01 -1.710603944957256317e-02 -3.689974173903465271e-02 1.560000000000000000e+02 1.060000000000000000e+02
4.780111908912658691e-01 6.003648042678833008e-01 2.387438565492630005e-01 2.559639215469360352e-01 -4.111515045166015625e+01 -2.531356048583984375e+01 -1.701919920742511749e-02 -3.659643977880477905e-02 1.540000000000000000e+02 1.040000000000000000e+02
4.780111908912658691e-01 6.051661968231201172e-01 2.498393952846527100e-01 2.660084366798400879e-01 -3.850959014892578125e+01 -2.270800399780273438e+01 -1.594065316021442413e-02 -3.282952308654785156e-02 1.450000000000000000e+02 9.500000000000000000e+01
4.780111908912658691e-01 6.086099147796630859e-01 2.581582665443420410e-01 2.732127010822296143e-01 -3.688353729248046875e+01 -2.108195114135742188e+01 -1.526756491512060165e-02 -3.047869727015495300e-02 1.420000000000000000e+02 9.200000000000000000e+01
4.780111908912658691e-01 6.025252938270568848e-01 2.451806962490081787e-01 2.604836523532867432e-01 -3.550807571411132812e+01 -1.970648574829101562e+01 -1.469820644706487656e-02 -2.849015220999717712e-02 1.390000000000000000e+02 8.900000000000000000e+01
4.780111908912658691e-01 6.006805300712585449e-01 2.413509488105773926e-01 2.566244006156921387e-01 -3.499885559082031250e+01 -1.919726562500000000e+01 -1.448742020875215530e-02 -2.775396034121513367e-02 1.360000000000000000e+02 8.600000000000000000e+01
4.780111908912658691e-01 6.007613539695739746e-01 2.415020763874053955e-01 2.567934989929199219e-01 -3.493854522705078125e+01 -1.913695907592773438e+01 -1.446245517581701279e-02 -2.766677364706993103e-02 1.360000000000000000e+02 8.600000000000000000e+01
4.780111908912658691e-01 6.016505956649780273e-01 2.434465289115905762e-01 2.586537897586822510e-01 -3.481175613403320312e+01 -1.901016807556152344e+01 -1.440997235476970673e-02 -2.748346887528896332e-02 1.340000000000000000e+02 8.400000000000000000e+01
4.780111908912658691e-01 6.014564633369445801e-01 2.428731620311737061e-01 2.582476735115051270e-01 -3.436890792846679688e+01 -1.856731986999511719e+01 -1.422666013240814209e-02 -2.684323303401470184e-02 1.320000000000000000e+02 8.200000000000000000e+01
4.780111908912658691e-01 6.075252294540405273e-01 2.550254464149475098e-01 2.709435224533081055e-01 -3.314366149902343750e+01 -1.734207534790039062e+01 -1.371948141604661942e-02 -2.507186681032180786e-02 1.290000000000000000e+02 7.900000000000000000e+01
4.780111908912658691e-01 6.111394762992858887e-01 2.634403109550476074e-01 2.785045504570007324e-01 -3.236669158935546875e+01 -1.656510543823242188e+01 -1.339786313474178314e-02 -2.394858188927173615e-02 1.260000000000000000e+02 7.600000000000000000e+01
4.780111908912658691e-01 6.064268946647644043e-01 2.562174499034881592e-01 2.686458230018615723e-01 -2.757659530639648438e+01 -1.177500724792480469e+01 -1.141505129635334015e-02 -1.702341809868812561e-02 1.130000000000000000e+02 6.300000000000000000e+01
4.780111908912658691e-01 6.062303185462951660e-01 2.606813609600067139e-01 2.682345807552337646e-01 -2.474810791015625000e+01 -8.946520805358886719e+00 -1.024422794580459595e-02 -1.293420605361461639e-02 1.070000000000000000e+02 5.700000000000000000e+01
4.780111908912658691e-01 5.919401645660400391e-01 2.330282032489776611e-01 2.383395582437515259e-01 -2.419652938842773438e+01 -8.394943237304687500e+00 -1.001590676605701447e-02 -1.213677600026130676e-02 1.030000000000000000e+02 5.300000000000000000e+01
4.780111908912658691e-01 5.940758585929870605e-01 2.395645081996917725e-01 2.428074330091476440e-01 -2.301121139526367188e+01 -7.209623813629150391e+00 -9.525257162749767303e-03 -1.042313128709793091e-02 9.800000000000000000e+01 4.800000000000000000e+01
4.780111908912658691e-01 5.984434485435485840e-01 2.480752915143966675e-01 2.519444227218627930e-01 -2.085176467895507812e+01 -5.050176620483398438e+00 -8.631375618278980255e-03 -7.301164790987968445e-03 9.300000000000000000e+01 4.300000000000000000e+01
4.780111908912658691e-01 5.975896120071411133e-01 2.470496296882629395e-01 2.501581907272338867e-01 -2.014274215698242188e+01 -4.341155052185058594e+00 -8.337883278727531433e-03 -6.276114843785762787e-03 9.100000000000000000e+01 4.100000000000000000e+01
4.780111908912658691e-01 5.821776390075683594e-01 2.116610109806060791e-01 2.179163396358489990e-01 -1.956821060180664062e+01 -3.766622781753540039e+00 -8.100061677396297455e-03 -5.445499438792467117e-03 9.200000000000000000e+01 4.200000000000000000e+01
4.780111908912658691e-01 5.827043056488037109e-01 2.126856893301010132e-01 2.190181314945220947e-01 -1.926240921020507812e+01 -3.460820198059082031e+00 -7.973478175699710846e-03 -5.003393162041902542e-03 8.800000000000000000e+01 3.800000000000000000e+01
4.780111908912658691e-01 5.827043056488037109e-01 2.126856893301010132e-01 2.190181314945220947e-01 -1.926240921020507812e+01 -3.460820198059082031e+00 -7.973478175699710846e-03 -5.003393162041902542e-03 8.800000000000000000e+01 3.800000000000000000e+01
4.780111908912658691e-01 5.645472407341003418e-01 1.724947094917297363e-01 1.810335218906402588e-01 -1.754674148559570312e+01 -1.745154619216918945e+00 -7.263295352458953857e-03 -2.523013157770037651e-03 8.000000000000000000e+01 3.000000000000000000e+01
4.780111908912658691e-01 5.700600147247314453e-01 1.835844367742538452e-01 1.925662457942962646e-01 -1.736011314392089844e+01 -1.558525681495666504e+00 -7.186042144894599915e-03 -2.253198996186256409e-03 7.900000000000000000e+01 2.900000000000000000e+01
4.780111908912658691e-01 5.618200898170471191e-01 1.670153141021728516e-01 1.753283143043518066e-01 -1.677775955200195312e+01 -9.761724472045898438e-01 -6.944982800632715225e-03 -1.411276636645197868e-03 7.400000000000000000e+01 2.400000000000000000e+01
4.780111908912658691e-01 5.566076636314392090e-01 1.573103815317153931e-01 1.644239127635955811e-01 -1.672128677368164062e+01 -9.196977615356445312e-01 -6.921606604009866714e-03 -1.329629682004451752e-03 7.300000000000000000e+01 2.300000000000000000e+01
4.780111908912658691e-01 5.497417449951171875e-01 1.442893892526626587e-01 1.500604003667831421e-01 -1.664266586303710938e+01 -8.410777449607849121e-01 -6.889062467962503433e-03 -1.215966884046792984e-03 7.100000000000000000e+01 2.100000000000000000e+01
4.780111908912658691e-01 5.400394201278686523e-01 1.223308145999908447e-01 1.297631263732910156e-01 -1.653385162353515625e+01 -7.322633266448974609e-01 -6.844019517302513123e-03 -1.058651134371757507e-03 6.900000000000000000e+01 1.900000000000000000e+01
4.780111908912658691e-01 5.400394201278686523e-01 1.223308145999908447e-01 1.297631263732910156e-01 -1.653385162353515625e+01 -7.322633266448974609e-01 -6.844019517302513123e-03 -1.058651134371757507e-03 6.900000000000000000e+01 1.900000000000000000e+01
4.780111908912658691e-01 5.343152284622192383e-01 1.107179820537567139e-01 1.177881136536598206e-01 -1.644231414794921875e+01 -6.407268643379211426e-01 -6.806128658354282379e-03 -9.263146203011274338e-04 6.700000000000000000e+01 1.700000000000000000e+01
4.780111908912658691e-01 5.293329358100891113e-01 1.013702452182769775e-01 1.073651537299156189e-01 -1.636395263671875000e+01 -5.623654723167419434e-01 -6.773691624402999878e-03 -8.130256319418549538e-04 6.600000000000000000e+01 1.600000000000000000e+01
4.780111908912658691e-01 5.024690628051757812e-01 4.757236316800117493e-02 5.116589739918708801e-02 -1.589636135101318359e+01 -9.477400779724121094e-02 -6.580137182027101517e-03 -1.370171230519190431e-04 5.500000000000000000e+01 5.000000000000000000e+00
4.780111908912658691e-01 4.830914139747619629e-01 4.554264247417449951e-03 1.062783319503068924e-02 -1.586665916442871094e+01 -6.507134437561035156e-02 -6.567842327058315277e-03 -9.407525067217648029e-05 5.400000000000000000e+01 4.000000000000000000e+00
4.780111908912658691e-01 4.700316488742828369e-01 -2.155655249953269958e-02 -1.669321209192276001e-02 -1.583026504516601562e+01 -2.867615222930908203e-02 -6.552777253091335297e-03 -4.145782077102921903e-05 5.200000000000000000e+01 2.000000000000000000e+00
4.780111908912658691e-01 4.607593417167663574e-01 -3.907444700598716736e-02 -3.609088808298110962e-02 -1.581647205352783203e+01 -1.488363742828369141e-02 -6.547067780047655106e-03 -2.151764238078612834e-05 5.100000000000000000e+01 1.000000000000000000e+00
4.780111908912658691e-01 4.642091691493988037e-01 -3.104861639440059662e-02 -2.887384593486785889e-02 -1.580158805847167969e+01 0.000000000000000000e+00 -6.540906615555286407e-03 0.000000000000000000e+00 5.000000000000000000e+01 0.000000000000000000e+00
4.780111908912658691e-01 4.642091691493988037e-01 -3.104861639440059662e-02 -2.887384593486785889e-02 -1.580158805847167969e+01 0.000000000000000000e+00 -6.540906615555286407e-03 0.000000000000000000e+00 5.000000000000000000e+01 0.000000000000000000e+00
4.780111908912658691e-01 4.642091691493988037e-01 -3.104861639440059662e-02 -2.887384593486785889e-02 -1.580158805847167969e+01 0.000000000000000000e+00 -6.540906615555286407e-03 0.000000000000000000e+00 5.000000000000000000e+01 0.000000000000000000e+00
4.780111908912658691e-01 4.642091691493988037e-01 -3.104861639440059662e-02 -2.887384593486785889e-02 -1.580158805847167969e+01 0.000000000000000000e+00 -6.540906615555286407e-03 0.000000000000000000e+00 5.000000000000000000e+01 0.000000000000000000e+00
4.780111908912658691e-01 4.642091691493988037e-01 -3.104861639440059662e-02 -2.887384593486785889e-02 -1.580158805847167969e+01 0.000000000000000000e+00 -6.540906615555286407e-03 0.000000000000000000e+00 5.000000000000000000e+01 0.000000000000000000e+00
4.780111908912658691e-01 4.642091691493988037e-01 -3.104861639440059662e-02 -2.887384593486785889e-02 -1.580158805847167969e+01 0.000000000000000000e+00 -6.540906615555286407e-03 0.000000000000000000e+00 5.000000000000000000e+01 0.000000000000000000e+00
4.780111908912658691e-01 4.642091691493988037e-01 -3.104861639440059662e-02 -2.887384593486785889e-02 -1.580158805847167969e+01 0.000000000000000000e+00 -6.540906615555286407e-03 0.000000000000000000e+00 5.000000000000000000e+01 0.000000000000000000e+00
4.780111908912658691e-01 4.642091691493988037e-01 -3.104861639440059662e-02 -2.887384593486785889e-02 -1.580158805847167969e+01 0.000000000000000000e+00 -6.540906615555286407e-03 0.000000000000000000e+00 5.000000000000000000e+01 0.000000000000000000e+00
4.780111908912658691e-01 4.642091691493988037e-01 -3.104861639440059662e-02 -2.887384593486785889e-02 -1.580158805847167969e+01 0.000000000000000000e+00 -6.540906615555286407e-03 0.000000000000000000e+00 5.000000000000000000e+01 0.000000000000000000e+00
4.780111908912658691e-01 4.642091691493988037e-01 -3.104861639440059662e-02 -2.887384593486785889e-02 -1.580158805847167969e+01 0.000000000000000000e+00 -6.540906615555286407e-03 0.000000000000000000e+00 5.000000000000000000e+01 0.000000000000000000e+00
4.780111908912658691e-01 4.642091691493988037e-01 -3.104861639440059662e-02 -2.887384593486785889e-02 -1.580158805847167969e+01 0.000000000000000000e+00 -6.540906615555286407e-03 0.000000000000000000e+00 5.000000000000000000e+01 0.000000000000000000e+00
4.780111908912658691e-01 4.642091691493988037e-01 -3.104861639440059662e-02 -2.887384593486785889e-02 -1.580158805847167969e+01 0.000000000000000000e+00 -6.540906615555286407e-03 0.000000000000000000e+00 5.000000000000000000e+01 0.000000000000000000e+00
4.780111908912658691e-01 4.642091691493988037e-01 -3.104861639440059662e-02 -2.887384593486785889e-02 -1.580158805847167969e+01 0.000000000000000000e+00 -6.540906615555286407e-03 0.000000000000000000e+00 5.000000000000000000e+01 0.000000000000000000e+00
4.780111908912658691e-01 4.642091691493988037e-01 -3.104861639440059662e-02 -2.887384593486785889e-02 -1.580158805847167969e+01 0.000000000000000000e+00 -6.540906615555286407e-03 0.000000000000000000e+00 5.000000000000000000e+01 0.000000000000000000e+00
4.780111908912658691e-01 4.642091691493988037e-01 -3.104861639440059662e-02 -2.887384593486785889e-02 -1.580158805847167969e+01 0.000000000000000000e+00 -6.540906615555286407e-03 0.000000000000000000e+00 5.000000000000000000e+01 0.000000000000000000e+00
4.780111908912658691e-01 4.642091691493988037e-01 -3.104861639440059662e-02 -2.887384593486785889e-02 -1.580158805847167969e+01 0.000000000000000000e+00 -6.540906615555286407e-03 0.000000000000000000e+00 5.000000000000000000e+01 0.000000000000000000e+00
4.780111908912658691e-01 4.642091691493988037e-01 -3.104861639440059662e-02 -2.887384593486785889e-02 -1.580158805847167969e+01 0.000000000000000000e+00 -6.540906615555286407e-03 0.000000000000000000e+00 5.000000000000000000e+01 0.000000000000000000e+00
4.780111908912658691e-01 4.642091691493988037e-01 -3.104861639440059662e-02 -2.887384593486785889e-02 -1.580158805847167969e+01 0.000000000000000000e+00 -6.540906615555286407e-03 0.000000000000000000e+00 5.000000000000000000e+01 0.000000000000000000e+00
4.780111908912658691e-01 4.642091691493988037e-01 -3.104861639440059662e-02 -2.887384593486785889e-02 -1.580158805847167969e+01 0.000000000000000000e+00 -6.540906615555286407e-03 0.000000000000000000e+00 5.000000000000000000e+01 0.000000000000000000e+00
4.780111908912658691e-01 4.642091691493988037e-01 -3.104861639440059662e-02 -2.887384593486785889e-02 -1.580158805847167969e+01 0.000000000000000000e+00 -6.540906615555286407e-03 0.000000000000000000e+00 5.000000000000000000e+01 0.000000000000000000e+00
4.780111908912658691e-01 4.642091691493988037e-01 -3.104861639440059662e-02 -2.887384593486785889e-02 -1.580158805847167969e+01 0.000000000000000000e+00 -6.540906615555286407e-03 0.000000000000000000e+00 5.000000000000000000e+01 0.000000000000000000e+00
4.780111908912658691e-01 4.642091691493988037e-01 -3.104861639440059662e-02 -2.887384593486785889e-02 -1.580158805847167969e+01 0.000000000000000000e+00 -6.540906615555286407e-03 0.000000000000000000e+00 5.000000000000000000e+01 0.000000000000000000e+00
4.780111908912658691e-01 4.642091691493988037e-01 -3.104861639440059662e-02 -2.887384593486785889e-02 -1.580158805847167969e+01 0.000000000000000000e+00 -6.540906615555286407e-03 0.000000000000000000e+00 5.000000000000000000e+01 0.000000000000000000e+00
4.780111908912658691e-01 4.642091691493988037e-01 -3.104861639440059662e-02 -2.887384593486785889e-02 -1.580158805847167969e+01 0.000000000000000000e+00 -6.540906615555286407e-03 0.000000000000000000e+00 5.000000000000000000e+01 0.000000000000000000e+00
4.780111908912658691e-01 4.642091691493988037e-01 -3.104861639440059662e-02 -2.887384593486785889e-02 -1.580158805847167969e+01 0.000000000000000000e+00 -6.540906615555286407e-03 0.000000000000000000e+00 5.000000000000000000e+01 0.000000000000000000e+00
4.780111908912658691e-01 4.642091691493988037e-01 -3.104861639440059662e-02 -2.887384593486785889e-02 -1.580158805847167969e+01 0.000000000000000000e+00 -6.540906615555286407e-03 0.000000000000000000e+00 5.000000000000000000e+01 0.000000000000000000e+00
4.780111908912658691e-01 4.642091691493988037e-01 -3.104861639440059662e-02 -2.887384593486785889e-02 -1.580158805847167969e+01 0.000000000000000000e+00 -6.540906615555286407e-03 0.000000000000000000e+00 5.000000000000000000e+01 0.000000000000000000e+00
4.780111908912658691e-01 4.642091691493988037e-01 -3.104861639440059662e-02 -2.887384593486785889e-02 -1.580158805847167969e+01 0.000000000000000000e+00 -6.540906615555286407e-03 0.000000000000000000e+00 5.000000000000000000e+01 0.000000000000000000e+00
4.780111908912658691e-01 4.642091691493988037e-01 -3.104861639440059662e-02 -2.887384593486785889e-02 -1.580158805847167969e+01 0.000000000000000000e+00 -6.540906615555286407e-03 0.000000000000000000e+00 5.000000000000000000e+01 0.000000000000000000e+00
4.780111908912658691e-01 4.642091691493988037e-01 -3.104861639440059662e-02 -2.887384593486785889e-02 -1.580158805847167969e+01 0.000000000000000000e+00 -6.540906615555286407e-03 0.000000000000000000e+00 5.000000000000000000e+01 0.000000000000000000e+00
4.780111908912658691e-01 4.642091691493988037e-01 -3.104861639440059662e-02 -2.887384593486785889e-02 -1.580158805847167969e+01 0.000000000000000000e+00 -6.540906615555286407e-03 0.000000000000000000e+00 5.000000000000000000e+01 0.000000000000000000e+00
4.780111908912658691e-01 4.642091691493988037e-01 -3.104861639440059662e-02 -2.887384593486785889e-02 -1.580158805847167969e+01 0.000000000000000000e+00 -6.540906615555286407e-03 0.000000000000000000e+00 5.000000000000000000e+01 0.000000000000000000e+00
4.780111908912658691e-01 4.642091691493988037e-01 -3.104861639440059662e-02 -2.887384593486785889e-02 -1.580158805847167969e+01 0.000000000000000000e+00 -6.540906615555286407e-03 0.000000000000000000e+00 5.000000000000000000e+01 0.000000000000000000e+00
4.780111908912658691e-01 4.642091691493988037e-01 -3.104861639440059662e-02 -2.887384593486785889e-02 -1.580158805847167969e+01 0.000000000000000000e+00 -6.540906615555286407e-03 0.000000000000000000e+00 5.000000000000000000e+01 0.000000000000000000e+00
4.780111908912658691e-01 4.642091691493988037e-01 -3.104861639440059662e-02 -2.887384593486785889e-02 -1.580158805847167969e+01 0.000000000000000000e+00 -6.540906615555286407e-03 0.000000000000000000e+00 5.000000000000000000e+01 0.000000000000000000e+00
4.780111908912658691e-01 4.642091691493988037e-01 -3.104861639440059662e-02 -2.887384593486785889e-02 -1.580158805847167969e+01 0.000000000000000000e+00 -6.540906615555286407e-03 0.000000000000000000e+00 5.000000000000000000e+01 0.000000000000000000e+00
4.780111908912658691e-01 4.642091691493988037e-01 -3.104861639440059662e-02 -2.887384593486785889e-02 -1.580158805847167969e+01 0.000000000000000000e+00 -6.540906615555286407e-03 0.000000000000000000e+00 5.000000000000000000e+01 0.000000000000000000e+00
4.780111908912658691e-01 4.642091691493988037e-01 -3.104861639440059662e-02 -2.887384593486785889e-02 -1.580158805847167969e+01 0.000000000000000000e+00 -6.540906615555286407e-03 0.000000000000000000e+00 5.000000000000000000e+01 0.000000000000000000e+00
4.780111908912658691e-01 4.642091691493988037e-01 -3.104861639440059662e-02 -2.887384593486785889e-02 -1.580158805847167969e+01 0.000000000000000000e+00 -6.540906615555286407e-03 0.000000000000000000e+00 5.000000000000000000e+01 0.000000000000000000e+00
4.780111908912658691e-01 4.642091691493988037e-01 -3.104861639440059662e-02 -2.887384593486785889e-02 -1.580158805847167969e+01 0.000000000000000000e+00 -6.540906615555286407e-03 0.000000000000000000e+00 5.000000000000000000e+01 0.000000000000000000e+00
4.780111908912658691e-01 4.642091691493988037e-01 -3.104861639440059662e-02 -2.887384593486785889e-02 -1.580158805847167969e+01 0.000000000000000000e+00 -6.540906615555286407e-03 0.000000000000000000e+00 5.000000000000000000e+01 0.000000000000000000e+00
4.780111908912658691e-01 4.642091691493988037e-01 -3.104861639440059662e-02 -2.887384593486785889e-02 -1.580158805847167969e+01 0.000000000000000000e+00 -6.540906615555286407e-03 0.000000000000000000e+00 5.000000000000000000e+01 0.000000000000000000e+00
4.780111908912658691e-01 4.642091691493988037e-01 -3.104861639440059662e-02 -2.887384593486785889e-02 -1.580158805847167969e+01 0.000000000000000000e+00 -6.540906615555286407e-03 0.000000000000000000e+00 5.000000000000000000e+01 0.000000000000000000e+00
4.780111908912658691e-01 4.642091691493988037e-01 -3.104861639440059662e-02 -2.887384593486785889e-02 -1.580158805847167969e+01 0.000000000000000000e+00 -6.540906615555286407e-03 0.000000000000000000e+00 5.000000000000000000e+01 0.000000000000000000e+00
4.780111908912658691e-01 4.642091691493988037e-01 -3.104861639440059662e-02 -2.887384593486785889e-02 -1.580158805847167969e+01 0.000000000000000000e+00 -6.540906615555286407e-03 0.000000000000000000e+00 5.000000000000000000e+01 0.000000000000000000e+00
4.780111908912658691e-01 4.642091691493988037e-01 -3.104861639440059662e-02 -2.887384593486785889e-02 -1.580158805847167969e+01 0.000000000000000000e+00 -6.540906615555286407e-03 0.000000000000000000e+00 5.000000000000000000e+01 0.000000000000000000e+00
4.780111908912658691e-01 4.642091691493988037e-01 -3.104861639440059662e-02 -2.887384593486785889e-02 -1.580158805847167969e+01 0.000000000000000000e+00 -6.540906615555286407e-03 0.000000000000000000e+00 5.000000000000000000e+01 0.000000000000000000e+00
4.780111908912658691e-01 4.642091691493988037e-01 -3.104861639440059662e-02 -2.887384593486785889e-02 -1.580158805847167969e+01 0.000000000000000000e+00 -6.540906615555286407e-03 0.000000000000000000e+00 5.000000000000000000e+01 0.000000000000000000e+00
4.780111908912658691e-01 4.642091691493988037e-01 -3.104861639440059662e-02 -2.887384593486785889e-02 -1.580158805847167969e+01 0.000000000000000000e+00 -6.540906615555286407e-03 0.000000000000000000e+00 5.000000000000000000e+01 0.000000000000000000e+00
