4.482651948928833008e-01 5.542228817939758301e-01 2.280932217836380005e-01 2.363727688789367676e-01 -8.916874694824218750e+01 -7.292424011230468750e+01 -3.691049665212631226e-02 -1.040417030453681946e-01 3.000000000000000000e+02 2.500000000000000000e+02
4.482651948928833008e-01 5.694796442985534668e-01 2.649494111537933350e-01 2.704078853130340576e-01 -5.451477050781250000e+01 -3.827025222778320312e+01 -2.256583422422409058e-02 -5.460052937269210815e-02 1.950000000000000000e+02 1.450000000000000000e+02
4.482651948928833008e-01 5.672572851181030273e-01 2.626802623271942139e-01 2.654502093791961670e-01 -5.239589691162109375e+01 -3.615137863159179688e+01 -2.168874815106391907e-02 -5.157751217484474182e-02 1.890000000000000000e+02 1.390000000000000000e+02
4.482651948928833008e-01 5.514407753944396973e-01 2.272794693708419800e-01 2.301663905382156372e-01 -5.054825592041015625e+01 -3.430373382568359375e+01 -2.092393673956394196e-02 -4.894145950675010681e-02 1.810000000000000000e+02 1.310000000000000000e+02
4.482651948928833008e-01 5.649772286415100098e-01 2.546713948249816895e-01 2.603638172149658203e-01 -4.907926177978515625e+01 -3.283474349975585938e+01 -2.031586132943630219e-02 -4.684563726186752319e-02 1.780000000000000000e+02 1.280000000000000000e+02
4.482651948928833008e-01 5.684167742729187012e-01 2.621789872646331787e-01 2.680368125438690186e-01 -4.872409820556640625e+01 -3.247957992553710938e+01 -2.016884461045265198e-02 -4.633892327547073364e-02 1.770000000000000000e+02 1.270000000000000000e+02
4.482651948928833008e-01 5.706936120986938477e-01 2.668538987636566162e-01 2.731160521507263184e-01 -4.864636993408203125e+01 -3.240185546875000000e+01 -2.013666927814483643e-02 -4.622803255915641785e-02 1.780000000000000000e+02 1.280000000000000000e+02
4.482651948928833008e-01 5.730319619178771973e-01 2.724771797657012939e-01 2.783325016498565674e-01 -4.735314178466796875e+01 -3.110862731933593750e+01 -1.960135065019130707e-02 -4.438297078013420105e-02 1.730000000000000000e+02 1.230000000000000000e+02
4.482651948928833008e-01 5.687627196311950684e-01 2.637266218662261963e-01 2.688085734844207764e-01 -4.651605606079101562e+01 -3.027154159545898438e+01 -1.925484836101531982e-02 -4.318869486451148987e-02 1.710000000000000000e+02 1.210000000000000000e+02
4.482651948928833008e-01 5.719899535179138184e-01 2.700060606002807617e-01 2.760079503059387207e-01 -4.574855804443359375e+01 -2.950404357910156250e+01 -1.893715001642704010e-02 -4.209369793534278870e-02 1.680000000000000000e+02 1.180000000000000000e+02
4.482651948928833008e-01 5.756748318672180176e-01 2.785554528236389160e-01 2.842282652854919434e-01 -4.492619705200195312e+01 -2.868168258666992188e+01 -1.859674230217933655e-02 -4.092042520642280579e-02 1.640000000000000000e+02 1.140000000000000000e+02
4.482651948928833008e-01 5.682533383369445801e-01 2.621674239635467529e-01 2.676722407341003418e-01 -4.109865570068359375e+01 -2.485414505004882812e+01 -1.701237075030803680e-02 -3.545964136719703674e-02 1.560000000000000000e+02 1.060000000000000000e+02
4.482651948928833008e-01 5.721973180770874023e-01 2.701801955699920654e-01 2.764705419540405273e-01 -3.956100845336914062e+01 -2.331649398803710938e+01 -1.637587696313858032e-02 -3.326586261391639709e-02 1.490000000000000000e+02 9.900000000000000000e+01
4.482651948928833008e-01 5.739043951034545898e-01 2.738304436206817627e-01 2.802787423133850098e-01 -3.678352355957031250e+01 -2.053900909423828125e+01 -1.522616576403379440e-02 -2.930319868028163910e-02 1.390000000000000000e+02 8.900000000000000000e+01
4.482651948928833008e-01 5.755844116210937500e-01 2.773964405059814453e-01 2.840265631675720215e-01 -3.480916595458984375e+01 -1.856464767456054688e+01 -1.440890040248632431e-02 -2.648635767400264740e-02 1.330000000000000000e+02 8.300000000000000000e+01
4.482651948928833008e-01 5.744022130966186523e-01 2.747804820537567139e-01 2.813892662525177002e-01 -3.462207794189453125e+01 -1.837755966186523438e+01 -1.433145720511674881e-02 -2.621943689882755280e-02 1.320000000000000000e+02 8.200000000000000000e+01
4.482651948928833008e-01 5.778445601463317871e-01 2.816064357757568359e-01 2.890685498714447021e-01 -3.408160400390625000e+01 -1.783708953857421875e+01 -1.410773303359746933e-02 -2.544834278523921967e-02 1.300000000000000000e+02 8.000000000000000000e+01
4.482651948928833008e-01 5.795922279357910156e-01 2.848364710807800293e-01 2.929672896862030029e-01 -3.307332611083984375e+01 -1.682880783081054688e+01 -1.369036734104156494e-02 -2.400981821119785309e-02 1.260000000000000000e+02 7.600000000000000000e+01
4.482651948928833008e-01 5.836080312728881836e-01 2.953214049339294434e-01 3.019258081912994385e-01 -3.293363571166992188e+01 -1.668912124633789062e+01 -1.363254338502883911e-02 -2.381052635610103607e-02 1.250000000000000000e+02 7.500000000000000000e+01
4.482651948928833008e-01 5.821798443794250488e-01 2.922409772872924805e-01 2.987397909164428711e-01 -3.272181701660156250e+01 -1.647730255126953125e+01 -1.354486308991909027e-02 -2.350832335650920868e-02 1.240000000000000000e+02 7.400000000000000000e+01
4.482651948928833008e-01 5.702053904533386230e-01 2.631991505622863770e-01 2.720268964767456055e-01 -2.708081054687500000e+01 -1.083629608154296875e+01 -1.120982598513364792e-02 -1.546024531126022339e-02 1.060000000000000000e+02 5.600000000000000000e+01
4.482651948928833008e-01 5.732894539833068848e-01 2.703632414340972900e-01 2.789069116115570068e-01 -2.593997192382812500e+01 -9.695457458496093750e+00 -1.073758769780397415e-02 -1.383260078728199005e-02 1.010000000000000000e+02 5.100000000000000000e+01
4.482651948928833008e-01 5.702410936355590820e-01 2.634654939174652100e-01 2.721065580844879150e-01 -2.552845764160156250e+01 -9.283942222595214844e+00 -1.056724507361650467e-02 -1.324548758566379547e-02 1.000000000000000000e+02 5.000000000000000000e+01
4.482651948928833008e-01 5.693432092666625977e-01 2.610229849815368652e-01 2.701035439968109131e-01 -2.454487800598144531e+01 -8.300363540649414062e+00 -1.016010250896215439e-02 -1.184220705181360245e-02 9.500000000000000000e+01 4.500000000000000000e+01
4.482651948928833008e-01 5.711656212806701660e-01 2.659740746021270752e-01 2.741690278053283691e-01 -2.438211822509765625e+01 -8.137603759765625000e+00 -1.009272970259189606e-02 -1.160999573767185211e-02 9.300000000000000000e+01 4.300000000000000000e+01
4.482651948928833008e-01 5.686897039413452148e-01 2.596177458763122559e-01 2.686456739902496338e-01 -2.405679702758789062e+01 -7.812282562255859375e+00 -9.958066046237945557e-03 -1.114585716277360916e-02 9.200000000000000000e+01 4.200000000000000000e+01
4.482651948928833008e-01 5.645506381988525391e-01 2.501540184020996094e-01 2.594121694564819336e-01 -2.389268112182617188e+01 -7.648167133331298828e+00 -9.890132583677768707e-03 -1.091171242296695709e-02 9.200000000000000000e+01 4.200000000000000000e+01
4.482651948928833008e-01 5.616847276687622070e-01 2.437404990196228027e-01 2.530188262462615967e-01 -2.348944091796875000e+01 -7.244924545288085938e+00 -9.723215363919734955e-03 -1.033640187233686447e-02 9.100000000000000000e+01 4.100000000000000000e+01
4.482651948928833008e-01 5.246636271476745605e-01 1.629488468170166016e-01 1.704313308000564575e-01 -2.137382888793945312e+01 -5.129312515258789062e+00 -8.847478777170181274e-03 -7.318038493394851685e-03 8.600000000000000000e+01 3.600000000000000000e+01
4.482651948928833008e-01 4.959673285484313965e-01 9.630153328180313110e-02 1.064149811863899231e-01 -1.935895538330078125e+01 -3.114439964294433594e+00 -8.013443090021610260e-03 -4.443401005119085312e-03 7.500000000000000000e+01 2.500000000000000000e+01
4.482651948928833008e-01 4.886874258518218994e-01 7.898426800966262817e-02 9.017481654882431030e-02 -1.878230667114257812e+01 -2.537791728973388672e+00 -7.774744648486375809e-03 -3.620691364631056786e-03 7.000000000000000000e+01 2.000000000000000000e+01
4.482651948928833008e-01 4.595094919204711914e-01 1.057006325572729111e-02 2.508402802050113678e-02 -1.785277557373046875e+01 -1.608259320259094238e+00 -7.389974780380725861e-03 -2.294518752023577690e-03 6.400000000000000000e+01 1.400000000000000000e+01
4.482651948928833008e-01 4.432215690612792969e-01 -2.195799537003040314e-02 -1.125143282115459442e-02 -1.733928680419921875e+01 -1.094771862030029297e+00 -7.177421357482671738e-03 -1.561921322718262672e-03 6.100000000000000000e+01 1.100000000000000000e+01
4.482651948928833008e-01 4.337998032569885254e-01 -4.119937866926193237e-02 -3.226971998810768127e-02 -1.687138938903808594e+01 -6.268740296363830566e-01 -6.983739789575338364e-03 -8.943671127781271935e-04 5.700000000000000000e+01 7.000000000000000000e+00
4.482651948928833008e-01 4.367729723453521729e-01 -3.476977348327636719e-02 -2.563710696995258331e-02 -1.676375007629394531e+01 -5.192356705665588379e-01 -6.939183920621871948e-03 -7.407984230667352676e-04 5.600000000000000000e+01 6.000000000000000000e+00
4.482651948928833008e-01 4.367729723453521729e-01 -3.476977348327636719e-02 -2.563710696995258331e-02 -1.676375007629394531e+01 -5.192356705665588379e-01 -6.939183920621871948e-03 -7.407984230667352676e-04 5.600000000000000000e+01 6.000000000000000000e+00
4.482651948928833008e-01 4.167043268680572510e-01 -7.736653834581375122e-02 -7.040669023990631104e-02 -1.646134185791015625e+01 -2.168269753456115723e-01 -6.814004853367805481e-03 -3.093490959145128727e-04 5.300000000000000000e+01 3.000000000000000000e+00
4.482651948928833008e-01 4.167043268680572510e-01 -7.736653834581375122e-02 -7.040669023990631104e-02 -1.646134185791015625e+01 -2.168269753456115723e-01 -6.814004853367805481e-03 -3.093490959145128727e-04 5.300000000000000000e+01 3.000000000000000000e+00
4.482651948928833008e-01 4.129136800765991211e-01 -8.604250103235244751e-02 -7.886295020580291748e-02 -1.624451446533203125e+01 0.000000000000000000e+00 -6.724251434206962585e-03 0.000000000000000000e+00 5.000000000000000000e+01 0.000000000000000000e+00
4.482651948928833008e-01 4.129136800765991211e-01 -8.604250103235244751e-02 -7.886295020580291748e-02 -1.624451446533203125e+01 0.000000000000000000e+00 -6.724251434206962585e-03 0.000000000000000000e+00 5.000000000000000000e+01 0.000000000000000000e+00
4.482651948928833008e-01 4.129136800765991211e-01 -8.604250103235244751e-02 -7.886295020580291748e-02 -1.624451446533203125e+01 0.000000000000000000e+00 -6.724251434206962585e-03 0.000000000000000000e+00 5.000000000000000000e+01 0.000000000000000000e+00
4.482651948928833008e-01 4.129136800765991211e-01 -8.604250103235244751e-02 -7.886295020580291748e-02 -1.624451446533203125e+01 0.000000000000000000e+00 -6.724251434206962585e-03 0.000000000000000000e+00 5.000000000000000000e+01 0.000000000000000000e+00
4.482651948928833008e-01 4.129136800765991211e-01 -8.604250103235244751e-02 -7.886295020580291748e-02 -1.624451446533203125e+01 0.000000000000000000e+00 -6.724251434206962585e-03 0.000000000000000000e+00 5.000000000000000000e+01 0.000000000000000000e+00
4.482651948928833008e-01 4.129136800765991211e-01 -8.604250103235244751e-02 -7.886295020580291748e-02 -1.624451446533203125e+01 0.000000000000000000e+00 -6.724251434206962585e-03 0.000000000000000000e+00 5.000000000000000000e+01 0.000000000000000000e+00
4.482651948928833008e-01 4.129136800765991211e-01 -8.604250103235244751e-02 -7.886295020580291748e-02 -1.624451446533203125e+01 0.000000000000000000e+00 -6.724251434206962585e-03 0.000000000000000000e+00 5.000000000000000000e+01 0.000000000000000000e+00
4.482651948928833008e-01 4.129136800765991211e-01 -8.604250103235244751e-02 -7.886295020580291748e-02 -1.624451446533203125e+01 0.000000000000000000e+00 -6.724251434206962585e-03 0.000000000000000000e+00 5.000000000000000000e+01 0.000000000000000000e+00
4.482651948928833008e-01 4.129136800765991211e-01 -8.604250103235244751e-02 -7.886295020580291748e-02 -1.624451446533203125e+01 0.000000000000000000e+00 -6.724251434206962585e-03 0.000000000000000000e+00 5.000000000000000000e+01 0.000000000000000000e+00
4.482651948928833008e-01 4.129136800765991211e-01 -8.604250103235244751e-02 -7.886295020580291748e-02 -1.624451446533203125e+01 0.000000000000000000e+00 -6.724251434206962585e-03 0.000000000000000000e+00 5.000000000000000000e+01 0.000000000000000000e+00
4.482651948928833008e-01 4.129136800765991211e-01 -8.604250103235244751e-02 -7.886295020580291748e-02 -1.624451446533203125e+01 0.000000000000000000e+00 -6.724251434206962585e-03 0.000000000000000000e+00 5.000000000000000000e+01 0.000000000000000000e+00
4.482651948928833008e-01 4.129136800765991211e-01 -8.604250103235244751e-02 -7.886295020580291748e-02 -1.624451446533203125e+01 0.000000000000000000e+00 -6.724251434206962585e-03 0.000000000000000000e+00 5.000000000000000000e+01 0.000000000000000000e+00
4.482651948928833008e-01 4.129136800765991211e-01 -8.604250103235244751e-02 -7.886295020580291748e-02 -1.624451446533203125e+01 0.000000000000000000e+00 -6.724251434206962585e-03 0.000000000000000000e+00 5.000000000000000000e+01 0.000000000000000000e+00
4.482651948928833008e-01 4.129136800765991211e-01 -8.604250103235244751e-02 -7.886295020580291748e-02 -1.624451446533203125e+01 0.000000000000000000e+00 -6.724251434206962585e-03 0.000000000000000000e+00 5.000000000000000000e+01 0.000000000000000000e+00
4.482651948928833008e-01 4.129136800765991211e-01 -8.604250103235244751e-02 -7.886295020580291748e-02 -1.624451446533203125e+01 0.000000000000000000e+00 -6.724251434206962585e-03 0.000000000000000000e+00 5.000000000000000000e+01 0.000000000000000000e+00
4.482651948928833008e-01 4.129136800765991211e-01 -8.604250103235244751e-02 -7.886295020580291748e-02 -1.624451446533203125e+01 0.000000000000000000e+00 -6.724251434206962585e-03 0.000000000000000000e+00 5.000000000000000000e+01 0.000000000000000000e+00
4.482651948928833008e-01 4.129136800765991211e-01 -8.604250103235244751e-02 -7.886295020580291748e-02 -1.624451446533203125e+01 0.000000000000000000e+00 -6.724251434206962585e-03 0.000000000000000000e+00 5.000000000000000000e+01 0.000000000000000000e+00
4.482651948928833008e-01 4.129136800765991211e-01 -8.604250103235244751e-02 -7.886295020580291748e-02 -1.624451446533203125e+01 0.000000000000000000e+00 -6.724251434206962585e-03 0.000000000000000000e+00 5.000000000000000000e+01 0.000000000000000000e+00
4.482651948928833008e-01 4.129136800765991211e-01 -8.604250103235244751e-02 -7.886295020580291748e-02 -1.624451446533203125e+01 0.000000000000000000e+00 -6.724251434206962585e-03 0.000000000000000000e+00 5.000000000000000000e+01 0.000000000000000000e+00
4.482651948928833008e-01 4.129136800765991211e-01 -8.604250103235244751e-02 -7.886295020580291748e-02 -1.624451446533203125e+01 0.000000000000000000e+00 -6.724251434206962585e-03 0.000000000000000000e+00 5.000000000000000000e+01 0.000000000000000000e+00
4.482651948928833008e-01 4.129136800765991211e-01 -8.604250103235244751e-02 -7.886295020580291748e-02 -1.624451446533203125e+01 0.000000000000000000e+00 -6.724251434206962585e-03 0.000000000000000000e+00 5.000000000000000000e+01 0.000000000000000000e+00
4.482651948928833008e-01 4.129136800765991211e-01 -8.604250103235244751e-02 -7.886295020580291748e-02 -1.624451446533203125e+01 0.000000000000000000e+00 -6.724251434206962585e-03 0.000000000000000000e+00 5.000000000000000000e+01 0.000000000000000000e+00
4.482651948928833008e-01 4.129136800765991211e-01 -8.604250103235244751e-02 -7.886295020580291748e-02 -1.624451446533203125e+01 0.000000000000000000e+00 -6.724251434206962585e-03 0.000000000000000000e+00 5.000000000000000000e+01 0.000000000000000000e+00
4.482651948928833008e-01 4.129136800765991211e-01 -8.604250103235244751e-02 -7.886295020580291748e-02 -1.624451446533203125e+01 0.000000000000000000e+00 -6.724251434206962585e-03 0.000000000000000000e+00 5.000000000000000000e+01 0.000000000000000000e+00
4.482651948928833008e-01 4.129136800765991211e-01 -8.604250103235244751e-02 -7.886295020580291748e-02 -1.624451446533203125e+01 0.000000000000000000e+00 -6.724251434206962585e-03 0.000000000000000000e+00 5.000000000000000000e+01 0.000000000000000000e+00
4.482651948928833008e-01 4.129136800765991211e-01 -8.604250103235244751e-02 -7.886295020580291748e-02 -1.624451446533203125e+01 0.000000000000000000e+00 -6.724251434206962585e-03 0.000000000000000000e+00 5.000000000000000000e+01 0.000000000000000000e+00
4.482651948928833008e-01 4.129136800765991211e-01 -8.604250103235244751e-02 -7.886295020580291748e-02 -1.624451446533203125e+01 0.000000000000000000e+00 -6.724251434206962585e-03 0.000000000000000000e+00 5.000000000000000000e+01 0.000000000000000000e+00
4.482651948928833008e-01 4.129136800765991211e-01 -8.604250103235244751e-02 -7.886295020580291748e-02 -1.624451446533203125e+01 0.000000000000000000e+00 -6.724251434206962585e-03 0.000000000000000000e+00 5.000000000000000000e+01 0.000000000000000000e+00
4.482651948928833008e-01 4.129136800765991211e-01 -8.604250103235244751e-02 -7.886295020580291748e-02 -1.624451446533203125e+01 0.000000000000000000e+00 -6.724251434206962585e-03 0.000000000000000000e+00 5.000000000000000000e+01 0.000000000000000000e+00
4.482651948928833008e-01 4.129136800765991211e-01 -8.604250103235244751e-02 -7.886295020580291748e-02 -1.624451446533203125e+01 0.000000000000000000e+00 -6.724251434206962585e-03 0.000000000000000000e+00 5.000000000000000000e+01 0.000000000000000000e+00
4.482651948928833008e-01 4.129136800765991211e-01 -8.604250103235244751e-02 -7.886295020580291748e-02 -1.624451446533203125e+01 0.000000000000000000e+00 -6.724251434206962585e-03 0.000000000000000000e+00 5.000000000000000000e+01 0.000000000000000000e+00
4.482651948928833008e-01 4.129136800765991211e-01 -8.604250103235244751e-02 -7.886295020580291748e-02 -1.624451446533203125e+01 0.000000000000000000e+00 -6.724251434206962585e-03 0.000000000000000000e+00 5.000000000000000000e+01 0.000000000000000000e+00
4.482651948928833008e-01 4.129136800765991211e-01 -8.604250103235244751e-02 -7.886295020580291748e-02 -1.624451446533203125e+01 0.000000000000000000e+00 -6.724251434206962585e-03 0.000000000000000000e+00 5.000000000000000000e+01 0.000000000000000000e+00
4.482651948928833008e-01 4.129136800765991211e-01 -8.604250103235244751e-02 -7.886295020580291748e-02 -1.624451446533203125e+01 0.000000000000000000e+00 -6.724251434206962585e-03 0.000000000000000000e+00 5.000000000000000000e+01 0.000000000000000000e+00
4.482651948928833008e-01 4.129136800765991211e-01 -8.604250103235244751e-02 -7.886295020580291748e-02 -1.624451446533203125e+01 0.000000000000000000e+00 -6.724251434206962585e-03 0.000000000000000000e+00 5.000000000000000000e+01 0.000000000000000000e+00
4.482651948928833008e-01 4.129136800765991211e-01 -8.604250103235244751e-02 -7.886295020580291748e-02 -1.624451446533203125e+01 0.000000000000000000e+00 -6.724251434206962585e-03 0.000000000000000000e+00 5.000000000000000000e+01 0.000000000000000000e+00
4.482651948928833008e-01 4.129136800765991211e-01 -8.604250103235244751e-02 -7.886295020580291748e-02 -1.624451446533203125e+01 0.000000000000000000e+00 -6.724251434206962585e-03 0.000000000000000000e+00 5.000000000000000000e+01 0.000000000000000000e+00
4.482651948928833008e-01 4.129136800765991211e-01 -8.604250103235244751e-02 -7.886295020580291748e-02 -1.624451446533203125e+01 0.000000000000000000e+00 -6.724251434206962585e-03 0.000000000000000000e+00 5.000000000000000000e+01 0.000000000000000000e+00
4.482651948928833008e-01 4.129136800765991211e-01 -8.604250103235244751e-02 -7.886295020580291748e-02 -1.624451446533203125e+01 0.000000000000000000e+00 -6.724251434206962585e-03 0.000000000000000000e+00 5.000000000000000000e+01 0.000000000000000000e+00
4.482651948928833008e-01 4.129136800765991211e-01 -8.604250103235244751e-02 -7.886295020580291748e-02 -1.624451446533203125e+01 0.000000000000000000e+00 -6.724251434206962585e-03 0.000000000000000000e+00 5.000000000000000000e+01 0.000000000000000000e+00
4.482651948928833008e-01 4.129136800765991211e-01 -8.604250103235244751e-02 -7.886295020580291748e-02 -1.624451446533203125e+01 0.000000000000000000e+00 -6.724251434206962585e-03 0.000000000000000000e+00 5.000000000000000000e+01 0.000000000000000000e+00
4.482651948928833008e-01 4.129136800765991211e-01 -8.604250103235244751e-02 -7.886295020580291748e-02 -1.624451446533203125e+01 0.000000000000000000e+00 -6.724251434206962585e-03 0.000000000000000000e+00 5.000000000000000000e+01 0.000000000000000000e+00
4.482651948928833008e-01 4.129136800765991211e-01 -8.604250103235244751e-02 -7.886295020580291748e-02 -1.624451446533203125e+01 0.000000000000000000e+00 -6.724251434206962585e-03 0.000000000000000000e+00 5.000000000000000000e+01 0.000000000000000000e+00
4.482651948928833008e-01 4.129136800765991211e-01 -8.604250103235244751e-02 -7.886295020580291748e-02 -1.624451446533203125e+01 0.000000000000000000e+00 -6.724251434206962585e-03 0.000000000000000000e+00 5.000000000000000000e+01 0.000000000000000000e+00
4.482651948928833008e-01 4.129136800765991211e-01 -8.604250103235244751e-02 -7.886295020580291748e-02 -1.624451446533203125e+01 0.000000000000000000e+00 -6.724251434206962585e-03 0.000000000000000000e+00 5.000000000000000000e+01 0.000000000000000000e+00
4.482651948928833008e-01 4.129136800765991211e-01 -8.604250103235244751e-02 -7.886295020580291748e-02 -1.624451446533203125e+01 0.000000000000000000e+00 -6.724251434206962585e-03 0.000000000000000000e+00 5.000000000000000000e+01 0.000000000000000000e+00
4.482651948928833008e-01 4.129136800765991211e-01 -8.604250103235244751e-02 -7.886295020580291748e-02 -1.624451446533203125e+01 0.000000000000000000e+00 -6.724251434206962585e-03 0.000000000000000000e+00 5.000000000000000000e+01 0.000000000000000000e+00
4.482651948928833008e-01 4.129136800765991211e-01 -8.604250103235244751e-02 -7.886295020580291748e-02 -1.624451446533203125e+01 0.000000000000000000e+00 -6.724251434206962585e-03 0.000000000000000000e+00 5.000000000000000000e+01 0.000000000000000000e+00
4.482651948928833008e-01 4.129136800765991211e-01 -8.604250103235244751e-02 -7.886295020580291748e-02 -1.624451446533203125e+01 0.000000000000000000e+00 -6.724251434206962585e-03 0.000000000000000000e+00 5.000000000000000000e+01 0.000000000000000000e+00
4.482651948928833008e-01 4.129136800765991211e-01 -8.604250103235244751e-02 -7.886295020580291748e-02 -1.624451446533203125e+01 0.000000000000000000e+00 -6.724251434206962585e-03 0.000000000000000000e+00 5.000000000000000000e+01 0.000000000000000000e+00
4.482651948928833008e-01 4.129136800765991211e-01 -8.604250103235244751e-02 -7.886295020580291748e-02 -1.624451446533203125e+01 0.000000000000000000e+00 -6.724251434206962585e-03 0.000000000000000000e+00 5.000000000000000000e+01 0.000000000000000000e+00
4.482651948928833008e-01 4.129136800765991211e-01 -8.604250103235244751e-02 -7.886295020580291748e-02 -1.624451446533203125e+01 0.000000000000000000e+00 -6.724251434206962585e-03 0.000000000000000000e+00 5.000000000000000000e+01 0.000000000000000000e+00
4.482651948928833008e-01 4.129136800765991211e-01 -8.604250103235244751e-02 -7.886295020580291748e-02 -1.624451446533203125e+01 0.000000000000000000e+00 -6.724251434206962585e-03 0.000000000000000000e+00 5.000000000000000000e+01 0.000000000000000000e+00
