4.518890678882598877e-01 4.779482483863830566e-01 4.627798125147819519e-02 5.766720697283744812e-02 -1.347933959960937500e+02 -9.516787719726562500e+01 -5.579635500907897949e-02 -9.108439832925796509e-02 1.990000000000000000e+02 1.490000000000000000e+02
4.518890678882598877e-01 4.865898787975311279e-01 6.347502022981643677e-02 7.679054886102676392e-02 -1.232073211669921875e+02 -8.358179473876953125e+01 -5.100041627883911133e-02 -7.999545335769653320e-02 1.830000000000000000e+02 1.330000000000000000e+02
4.518890678882598877e-01 4.880498051643371582e-01 6.725028157234191895e-02 8.002126961946487427e-02 -1.176437225341796875e+02 -7.801819610595703125e+01 -4.869742318987846375e-02 -7.467058300971984863e-02 1.740000000000000000e+02 1.240000000000000000e+02
4.518890678882598877e-01 4.880498051643371582e-01 6.725028902292251587e-02 8.002126961946487427e-02 -1.176437225341796875e+02 -7.801819610595703125e+01 -4.869742318987846375e-02 -7.467058300971984863e-02 1.740000000000000000e+02 1.240000000000000000e+02
4.518890678882598877e-01 4.918847680091857910e-01 7.539819180965423584e-02 8.850778639316558838e-02 -1.142155532836914062e+02 -7.459003448486328125e+01 -4.727836698293685913e-02 -7.138951122760772705e-02 1.690000000000000000e+02 1.190000000000000000e+02
4.518890678882598877e-01 4.911672472953796387e-01 7.408247143030166626e-02 8.691995590925216675e-02 -1.134938125610351562e+02 -7.386829376220703125e+01 -4.697960987687110901e-02 -7.069874554872512817e-02 1.680000000000000000e+02 1.180000000000000000e+02
4.518890678882598877e-01 4.911672472953796387e-01 7.408247143030166626e-02 8.691995590925216675e-02 -1.134938125610351562e+02 -7.386829376220703125e+01 -4.697960987687110901e-02 -7.069874554872512817e-02 1.680000000000000000e+02 1.180000000000000000e+02
4.518890678882598877e-01 4.882932901382446289e-01 6.719870120286941528e-02 8.056008815765380859e-02 -1.110552978515625000e+02 -7.142977142333984375e+01 -4.597021266818046570e-02 -6.836485117673873901e-02 1.640000000000000000e+02 1.140000000000000000e+02
4.518890678882598877e-01 4.882932901382446289e-01 6.719870120286941528e-02 8.056008815765380859e-02 -1.110552978515625000e+02 -7.142977142333984375e+01 -4.597021266818046570e-02 -6.836485117673873901e-02 1.640000000000000000e+02 1.140000000000000000e+02
4.518890678882598877e-01 4.870549738407135010e-01 6.420828402042388916e-02 7.781977951526641846e-02 -1.103864898681640625e+02 -7.076095581054687500e+01 -4.569336399435997009e-02 -6.772473454475402832e-02 1.620000000000000000e+02 1.120000000000000000e+02
4.518890678882598877e-01 4.836973845958709717e-01 5.684169754385948181e-02 7.038965821266174316e-02 -1.088781890869140625e+02 -6.925266265869140625e+01 -4.506902024149894714e-02 -6.628116220235824585e-02 1.600000000000000000e+02 1.100000000000000000e+02
4.518890678882598877e-01 4.879384636878967285e-01 6.542319804430007935e-02 7.977487891912460327e-02 -1.007591781616210938e+02 -6.113365936279296875e+01 -4.170823842287063599e-02 -5.851052701473236084e-02 1.480000000000000000e+02 9.800000000000000000e+01
4.518890678882598877e-01 4.772505760192871094e-01 4.326901212334632874e-02 5.612330511212348938e-02 -9.291230773925781250e+01 -5.328678512573242188e+01 -3.846010565757751465e-02 -5.100034922361373901e-02 1.340000000000000000e+02 8.400000000000000000e+01
4.518890678882598877e-01 4.771710038185119629e-01 4.141106456518173218e-02 5.594721809029579163e-02 -8.423181915283203125e+01 -4.460629272460937500e+01 -3.486690297722816467e-02 -4.269231855869293213e-02 1.200000000000000000e+02 7.000000000000000000e+01
4.518890678882598877e-01 4.817650616168975830e-01 5.117827281355857849e-02 6.611355394124984741e-02 -7.668688964843750000e+01 -3.706135559082031250e+01 -3.174375742673873901e-02 -3.547112271189689636e-02 1.080000000000000000e+02 5.800000000000000000e+01
4.518890678882598877e-01 4.833796620368957520e-01 5.544410645961761475e-02 6.968656182289123535e-02 -7.333671569824218750e+01 -3.371119308471679688e+01 -3.035698831081390381e-02 -3.226470947265625000e-02 1.040000000000000000e+02 5.400000000000000000e+01
4.518890678882598877e-01 4.815280735492706299e-01 5.164111405611038208e-02 6.558911502361297607e-02 -6.926341247558593750e+01 -2.963788604736328125e+01 -2.867088466882705688e-02 -2.836618013679981232e-02 9.800000000000000000e+01 4.800000000000000000e+01
4.518890678882598877e-01 4.792540371417999268e-01 4.710398614406585693e-02 6.055682897567749023e-02 -6.731838226318359375e+01 -2.769285202026367188e+01 -2.786576002836227417e-02 -2.650460414588451385e-02 9.500000000000000000e+01 4.500000000000000000e+01
4.518890678882598877e-01 4.786522984504699707e-01 4.609815031290054321e-02 5.922522395849227905e-02 -6.425315093994140625e+01 -2.462762451171875000e+01 -2.659693732857704163e-02 -2.357089892029762268e-02 9.100000000000000000e+01 4.100000000000000000e+01
4.518890678882598877e-01 4.802256524562835693e-01 5.033274367451667786e-02 6.270694732666015625e-02 -6.008415603637695312e+01 -2.045862960815429688e+01 -2.487122453749179840e-02 -1.958078704774379730e-02 8.400000000000000000e+01 3.400000000000000000e+01
4.518890678882598877e-01 4.665549993515014648e-01 2.253158017992973328e-02 3.245471790432929993e-02 -5.338771057128906250e+01 -1.376218795776367188e+01 -2.209929935634136200e-02 -1.317167840898036957e-02 7.200000000000000000e+01 2.200000000000000000e+01
4.518890678882598877e-01 4.655908048152923584e-01 2.328490652143955231e-02 3.032101877033710480e-02 -4.897496795654296875e+01 -9.349442481994628906e+00 -2.027268894016742706e-02 -8.948274888098239899e-03 6.500000000000000000e+01 1.500000000000000000e+01
4.518890678882598877e-01 4.574111700057983398e-01 7.321611978113651276e-03 1.222003903239965439e-02 -4.654737472534179688e+01 -6.921852588653564453e+00 -1.926781237125396729e-02 -6.624848581850528717e-03 6.100000000000000000e+01 1.100000000000000000e+01
4.518890678882598877e-01 4.589297473430633545e-01 1.034566573798656464e-02 1.558054797351360321e-02 -4.592860412597656250e+01 -6.303081035614013672e+00 -1.901167817413806915e-02 -6.032627541571855545e-03 6.000000000000000000e+01 1.000000000000000000e+01
4.518890678882598877e-01 4.508212804794311523e-01 -7.163639646023511887e-03 -2.362941391766071320e-03 -4.502002716064453125e+01 -5.394505500793457031e+00 -1.863558217883110046e-02 -5.163037218153476715e-03 5.900000000000000000e+01 9.000000000000000000e+00
4.518890678882598877e-01 4.213525056838989258e-01 -7.166751474142074585e-02 -6.757535040378570557e-02 -4.109225082397460938e+01 -1.466726779937744141e+00 -1.700971834361553192e-02 -1.403792295604944229e-03 5.400000000000000000e+01 4.000000000000000000e+00
4.518890678882598877e-01 4.195739626884460449e-01 -7.636361569166183472e-02 -7.151114940643310547e-02 -4.096105194091796875e+01 -1.335529685020446777e+00 -1.695541106164455414e-02 -1.278224634006619453e-03 5.300000000000000000e+01 3.000000000000000000e+00
4.518890678882598877e-01 4.195739626884460449e-01 -7.636361569166183472e-02 -7.151114940643310547e-02 -4.096105194091796875e+01 -1.335529685020446777e+00 -1.695541106164455414e-02 -1.278224634006619453e-03 5.300000000000000000e+01 3.000000000000000000e+00
4.518890678882598877e-01 4.176267981529235840e-01 -8.054491132497787476e-02 -7.582008838653564453e-02 -4.031661987304687500e+01 -6.910966634750366211e-01 -1.668865419924259186e-02 -6.614429876208305359e-04 5.200000000000000000e+01 2.000000000000000000e+00
4.518890678882598877e-01 4.178757369518280029e-01 -7.995131611824035645e-02 -7.526920735836029053e-02 -3.962552642822265625e+01 0.000000000000000000e+00 -1.640258356928825378e-02 0.000000000000000000e+00 5.000000000000000000e+01 0.000000000000000000e+00
4.518890678882598877e-01 4.178757369518280029e-01 -7.995131611824035645e-02 -7.526920735836029053e-02 -3.962552642822265625e+01 0.000000000000000000e+00 -1.640258356928825378e-02 0.000000000000000000e+00 5.000000000000000000e+01 0.000000000000000000e+00
4.518890678882598877e-01 4.178757369518280029e-01 -7.995131611824035645e-02 -7.526920735836029053e-02 -3.962552642822265625e+01 0.000000000000000000e+00 -1.640258356928825378e-02 0.000000000000000000e+00 5.000000000000000000e+01 0.000000000000000000e+00
4.518890678882598877e-01 4.178757369518280029e-01 -7.995131611824035645e-02 -7.526920735836029053e-02 -3.962552642822265625e+01 0.000000000000000000e+00 -1.640258356928825378e-02 0.000000000000000000e+00 5.000000000000000000e+01 0.000000000000000000e+00
4.518890678882598877e-01 4.178757369518280029e-01 -7.995131611824035645e-02 -7.526920735836029053e-02 -3.962552642822265625e+01 0.000000000000000000e+00 -1.640258356928825378e-02 0.000000000000000000e+00 5.000000000000000000e+01 0.000000000000000000e+00
4.518890678882598877e-01 4.178757369518280029e-01 -7.995131611824035645e-02 -7.526920735836029053e-02 -3.962552642822265625e+01 0.000000000000000000e+00 -1.640258356928825378e-02 0.000000000000000000e+00 5.000000000000000000e+01 0.000000000000000000e+00
4.518890678882598877e-01 4.178757369518280029e-01 -7.995131611824035645e-02 -7.526920735836029053e-02 -3.962552642822265625e+01 0.000000000000000000e+00 -1.640258356928825378e-02 0.000000000000000000e+00 5.000000000000000000e+01 0.000000000000000000e+00
4.518890678882598877e-01 4.178757369518280029e-01 -7.995131611824035645e-02 -7.526920735836029053e-02 -3.962552642822265625e+01 0.000000000000000000e+00 -1.640258356928825378e-02 0.000000000000000000e+00 5.000000000000000000e+01 0.000000000000000000e+00
4.518890678882598877e-01 4.178757369518280029e-01 -7.995131611824035645e-02 -7.526920735836029053e-02 -3.962552642822265625e+01 0.000000000000000000e+00 -1.640258356928825378e-02 0.000000000000000000e+00 5.000000000000000000e+01 0.000000000000000000e+00
4.518890678882598877e-01 4.178757369518280029e-01 -7.995131611824035645e-02 -7.526920735836029053e-02 -3.962552642822265625e+01 0.000000000000000000e+00 -1.640258356928825378e-02 0.000000000000000000e+00 5.000000000000000000e+01 0.000000000000000000e+00
4.518890678882598877e-01 4.178757369518280029e-01 -7.995131611824035645e-02 -7.526920735836029053e-02 -3.962552642822265625e+01 0.000000000000000000e+00 -1.640258356928825378e-02 0.000000000000000000e+00 5.000000000000000000e+01 0.000000000000000000e+00
4.518890678882598877e-01 4.178757369518280029e-01 -7.995131611824035645e-02 -7.526920735836029053e-02 -3.962552642822265625e+01 0.000000000000000000e+00 -1.640258356928825378e-02 0.000000000000000000e+00 5.000000000000000000e+01 0.000000000000000000e+00
4.518890678882598877e-01 4.178757369518280029e-01 -7.995131611824035645e-02 -7.526920735836029053e-02 -3.962552642822265625e+01 0.000000000000000000e+00 -1.640258356928825378e-02 0.000000000000000000e+00 5.000000000000000000e+01 0.000000000000000000e+00
4.518890678882598877e-01 4.178757369518280029e-01 -7.995131611824035645e-02 -7.526920735836029053e-02 -3.962552642822265625e+01 0.000000000000000000e+00 -1.640258356928825378e-02 0.000000000000000000e+00 5.000000000000000000e+01 0.000000000000000000e+00
4.518890678882598877e-01 4.178757369518280029e-01 -7.995131611824035645e-02 -7.526920735836029053e-02 -3.962552642822265625e+01 0.000000000000000000e+00 -1.640258356928825378e-02 0.000000000000000000e+00 5.000000000000000000e+01 0.000000000000000000e+00
4.518890678882598877e-01 4.178757369518280029e-01 -7.995131611824035645e-02 -7.526920735836029053e-02 -3.962552642822265625e+01 0.000000000000000000e+00 -1.640258356928825378e-02 0.000000000000000000e+00 5.000000000000000000e+01 0.000000000000000000e+00
4.518890678882598877e-01 4.178757369518280029e-01 -7.995131611824035645e-02 -7.526920735836029053e-02 -3.962552642822265625e+01 0.000000000000000000e+00 -1.640258356928825378e-02 0.000000000000000000e+00 5.000000000000000000e+01 0.000000000000000000e+00
4.518890678882598877e-01 4.178757369518280029e-01 -7.995131611824035645e-02 -7.526920735836029053e-02 -3.962552642822265625e+01 0.000000000000000000e+00 -1.640258356928825378e-02 0.000000000000000000e+00 5.000000000000000000e+01 0.000000000000000000e+00
4.518890678882598877e-01 4.178757369518280029e-01 -7.995131611824035645e-02 -7.526920735836029053e-02 -3.962552642822265625e+01 0.000000000000000000e+00 -1.640258356928825378e-02 0.000000000000000000e+00 5.000000000000000000e+01 0.000000000000000000e+00
4.518890678882598877e-01 4.178757369518280029e-01 -7.995131611824035645e-02 -7.526920735836029053e-02 -3.962552642822265625e+01 0.000000000000000000e+00 -1.640258356928825378e-02 0.000000000000000000e+00 5.000000000000000000e+01 0.000000000000000000e+00
4.518890678882598877e-01 4.178757369518280029e-01 -7.995131611824035645e-02 -7.526920735836029053e-02 -3.962552642822265625e+01 0.000000000000000000e+00 -1.640258356928825378e-02 0.000000000000000000e+00 5.000000000000000000e+01 0.000000000000000000e+00
4.518890678882598877e-01 4.178757369518280029e-01 -7.995131611824035645e-02 -7.526920735836029053e-02 -3.962552642822265625e+01 0.000000000000000000e+00 -1.640258356928825378e-02 0.000000000000000000e+00 5.000000000000000000e+01 0.000000000000000000e+00
4.518890678882598877e-01 4.178757369518280029e-01 -7.995131611824035645e-02 -7.526920735836029053e-02 -3.962552642822265625e+01 0.000000000000000000e+00 -1.640258356928825378e-02 0.000000000000000000e+00 5.000000000000000000e+01 0.000000000000000000e+00
4.518890678882598877e-01 4.178757369518280029e-01 -7.995131611824035645e-02 -7.526920735836029053e-02 -3.962552642822265625e+01 0.000000000000000000e+00 -1.640258356928825378e-02 0.000000000000000000e+00 5.000000000000000000e+01 0.000000000000000000e+00
4.518890678882598877e-01 4.178757369518280029e-01 -7.995131611824035645e-02 -7.526920735836029053e-02 -3.962552642822265625e+01 0.000000000000000000e+00 -1.640258356928825378e-02 0.000000000000000000e+00 5.000000000000000000e+01 0.000000000000000000e+00
4.518890678882598877e-01 4.178757369518280029e-01 -7.995131611824035645e-02 -7.526920735836029053e-02 -3.962552642822265625e+01 0.000000000000000000e+00 -1.640258356928825378e-02 0.000000000000000000e+00 5.000000000000000000e+01 0.000000000000000000e+00
4.518890678882598877e-01 4.178757369518280029e-01 -7.995131611824035645e-02 -7.526920735836029053e-02 -3.962552642822265625e+01 0.000000000000000000e+00 -1.640258356928825378e-02 0.000000000000000000e+00 5.000000000000000000e+01 0.000000000000000000e+00
4.518890678882598877e-01 4.178757369518280029e-01 -7.995131611824035645e-02 -7.526920735836029053e-02 -3.962552642822265625e+01 0.000000000000000000e+00 -1.640258356928825378e-02 0.000000000000000000e+00 5.000000000000000000e+01 0.000000000000000000e+00
4.518890678882598877e-01 4.178757369518280029e-01 -7.995131611824035645e-02 -7.526920735836029053e-02 -3.962552642822265625e+01 0.000000000000000000e+00 -1.640258356928825378e-02 0.000000000000000000e+00 5.000000000000000000e+01 0.000000000000000000e+00
4.518890678882598877e-01 4.178757369518280029e-01 -7.995131611824035645e-02 -7.526920735836029053e-02 -3.962552642822265625e+01 0.000000000000000000e+00 -1.640258356928825378e-02 0.000000000000000000e+00 5.000000000000000000e+01 0.000000000000000000e+00
4.518890678882598877e-01 4.178757369518280029e-01 -7.995131611824035645e-02 -7.526920735836029053e-02 -3.962552642822265625e+01 0.000000000000000000e+00 -1.640258356928825378e-02 0.000000000000000000e+00 5.000000000000000000e+01 0.000000000000000000e+00
4.518890678882598877e-01 4.178757369518280029e-01 -7.995131611824035645e-02 -7.526920735836029053e-02 -3.962552642822265625e+01 0.000000000000000000e+00 -1.640258356928825378e-02 0.000000000000000000e+00 5.000000000000000000e+01 0.000000000000000000e+00
4.518890678882598877e-01 4.178757369518280029e-01 -7.995131611824035645e-02 -7.526920735836029053e-02 -3.962552642822265625e+01 0.000000000000000000e+00 -1.640258356928825378e-02 0.000000000000000000e+00 5.000000000000000000e+01 0.000000000000000000e+00
4.518890678882598877e-01 4.178757369518280029e-01 -7.995131611824035645e-02 -7.526920735836029053e-02 -3.962552642822265625e+01 0.000000000000000000e+00 -1.640258356928825378e-02 0.000000000000000000e+00 5.000000000000000000e+01 0.000000000000000000e+00
4.518890678882598877e-01 4.178757369518280029e-01 -7.995131611824035645e-02 -7.526920735836029053e-02 -3.962552642822265625e+01 0.000000000000000000e+00 -1.640258356928825378e-02 0.000000000000000000e+00 5.000000000000000000e+01 0.000000000000000000e+00
4.518890678882598877e-01 4.178757369518280029e-01 -7.995131611824035645e-02 -7.526920735836029053e-02 -3.962552642822265625e+01 0.000000000000000000e+00 -1.640258356928825378e-02 0.000000000000000000e+00 5.000000000000000000e+01 0.000000000000000000e+00
4.518890678882598877e-01 4.178757369518280029e-01 -7.995131611824035645e-02 -7.526920735836029053e-02 -3.962552642822265625e+01 0.000000000000000000e+00 -1.640258356928825378e-02 0.000000000000000000e+00 5.000000000000000000e+01 0.000000000000000000e+00
4.518890678882598877e-01 4.178757369518280029e-01 -7.995131611824035645e-02 -7.526920735836029053e-02 -3.962552642822265625e+01 0.000000000000000000e+00 -1.640258356928825378e-02 0.000000000000000000e+00 5.000000000000000000e+01 0.000000000000000000e+00
4.518890678882598877e-01 4.178757369518280029e-01 -7.995131611824035645e-02 -7.526920735836029053e-02 -3.962552642822265625e+01 0.000000000000000000e+00 -1.640258356928825378e-02 0.000000000000000000e+00 5.000000000000000000e+01 0.000000000000000000e+00
4.518890678882598877e-01 4.178757369518280029e-01 -7.995131611824035645e-02 -7.526920735836029053e-02 -3.962552642822265625e+01 0.000000000000000000e+00 -1.640258356928825378e-02 0.000000000000000000e+00 5.000000000000000000e+01 0.000000000000000000e+00
4.518890678882598877e-01 4.178757369518280029e-01 -7.995131611824035645e-02 -7.526920735836029053e-02 -3.962552642822265625e+01 0.000000000000000000e+00 -1.640258356928825378e-02 0.000000000000000000e+00 5.000000000000000000e+01 0.000000000000000000e+00
4.518890678882598877e-01 4.178757369518280029e-01 -7.995131611824035645e-02 -7.526920735836029053e-02 -3.962552642822265625e+01 0.000000000000000000e+00 -1.640258356928825378e-02 0.000000000000000000e+00 5.000000000000000000e+01 0.000000000000000000e+00
4.518890678882598877e-01 4.178757369518280029e-01 -7.995131611824035645e-02 -7.526920735836029053e-02 -3.962552642822265625e+01 0.000000000000000000e+00 -1.640258356928825378e-02 0.000000000000000000e+00 5.000000000000000000e+01 0.000000000000000000e+00
4.518890678882598877e-01 4.178757369518280029e-01 -7.995131611824035645e-02 -7.526920735836029053e-02 -3.962552642822265625e+01 0.000000000000000000e+00 -1.640258356928825378e-02 0.000000000000000000e+00 5.000000000000000000e+01 0.000000000000000000e+00
4.518890678882598877e-01 4.178757369518280029e-01 -7.995131611824035645e-02 -7.526920735836029053e-02 -3.962552642822265625e+01 0.000000000000000000e+00 -1.640258356928825378e-02 0.000000000000000000e+00 5.000000000000000000e+01 0.000000000000000000e+00
4.518890678882598877e-01 4.178757369518280029e-01 -7.995131611824035645e-02 -7.526920735836029053e-02 -3.962552642822265625e+01 0.000000000000000000e+00 -1.640258356928825378e-02 0.000000000000000000e+00 5.000000000000000000e+01 0.000000000000000000e+00
4.518890678882598877e-01 4.178757369518280029e-01 -7.995131611824035645e-02 -7.526920735836029053e-02 -3.962552642822265625e+01 0.000000000000000000e+00 -1.640258356928825378e-02 0.000000000000000000e+00 5.000000000000000000e+01 0.000000000000000000e+00
4.518890678882598877e-01 4.178757369518280029e-01 -7.995131611824035645e-02 -7.526920735836029053e-02 -3.962552642822265625e+01 0.000000000000000000e+00 -1.640258356928825378e-02 0.000000000000000000e+00 5.000000000000000000e+01 0.000000000000000000e+00
4.518890678882598877e-01 4.178757369518280029e-01 -7.995131611824035645e-02 -7.526920735836029053e-02 -3.962552642822265625e+01 0.000000000000000000e+00 -1.640258356928825378e-02 0.000000000000000000e+00 5.000000000000000000e+01 0.000000000000000000e+00
4.518890678882598877e-01 4.178757369518280029e-01 -7.995131611824035645e-02 -7.526920735836029053e-02 -3.962552642822265625e+01 0.000000000000000000e+00 -1.640258356928825378e-02 0.000000000000000000e+00 5.000000000000000000e+01 0.000000000000000000e+00
4.518890678882598877e-01 4.178757369518280029e-01 -7.995131611824035645e-02 -7.526920735836029053e-02 -3.962552642822265625e+01 0.000000000000000000e+00 -1.640258356928825378e-02 0.000000000000000000e+00 5.000000000000000000e+01 0.000000000000000000e+00
4.518890678882598877e-01 4.178757369518280029e-01 -7.995131611824035645e-02 -7.526920735836029053e-02 -3.962552642822265625e+01 0.000000000000000000e+00 -1.640258356928825378e-02 0.000000000000000000e+00 5.000000000000000000e+01 0.000000000000000000e+00
4.518890678882598877e-01 4.178757369518280029e-01 -7.995131611824035645e-02 -7.526920735836029053e-02 -3.962552642822265625e+01 0.000000000000000000e+00 -1.640258356928825378e-02 0.000000000000000000e+00 5.000000000000000000e+01 0.000000000000000000e+00
4.518890678882598877e-01 4.178757369518280029e-01 -7.995131611824035645e-02 -7.526920735836029053e-02 -3.962552642822265625e+01 0.000000000000000000e+00 -1.640258356928825378e-02 0.000000000000000000e+00 5.000000000000000000e+01 0.000000000000000000e+00
4.518890678882598877e-01 4.178757369518280029e-01 -7.995131611824035645e-02 -7.526920735836029053e-02 -3.962552642822265625e+01 0.000000000000000000e+00 -1.640258356928825378e-02 0.000000000000000000e+00 5.000000000000000000e+01 0.000000000000000000e+00
4.518890678882598877e-01 4.178757369518280029e-01 -7.995131611824035645e-02 -7.526920735836029053e-02 -3.962552642822265625e+01 0.000000000000000000e+00 -1.640258356928825378e-02 0.000000000000000000e+00 5.000000000000000000e+01 0.000000000000000000e+00
4.518890678882598877e-01 4.178757369518280029e-01 -7.995131611824035645e-02 -7.526920735836029053e-02 -3.962552642822265625e+01 0.000000000000000000e+00 -1.640258356928825378e-02 0.000000000000000000e+00 5.000000000000000000e+01 0.000000000000000000e+00
4.518890678882598877e-01 4.178757369518280029e-01 -7.995131611824035645e-02 -7.526920735836029053e-02 -3.962552642822265625e+01 0.000000000000000000e+00 -1.640258356928825378e-02 0.000000000000000000e+00 5.000000000000000000e+01 0.000000000000000000e+00
4.518890678882598877e-01 4.178757369518280029e-01 -7.995131611824035645e-02 -7.526920735836029053e-02 -3.962552642822265625e+01 0.000000000000000000e+00 -1.640258356928825378e-02 0.000000000000000000e+00 5.000000000000000000e+01 0.000000000000000000e+00
4.518890678882598877e-01 4.178757369518280029e-01 -7.995131611824035645e-02 -7.526920735836029053e-02 -3.962552642822265625e+01 0.000000000000000000e+00 -1.640258356928825378e-02 0.000000000000000000e+00 5.000000000000000000e+01 0.000000000000000000e+00
4.518890678882598877e-01 4.178757369518280029e-01 -7.995131611824035645e-02 -7.526920735836029053e-02 -3.962552642822265625e+01 0.000000000000000000e+00 -1.640258356928825378e-02 0.000000000000000000e+00 5.000000000000000000e+01 0.000000000000000000e+00
4.518890678882598877e-01 4.178757369518280029e-01 -7.995131611824035645e-02 -7.526920735836029053e-02 -3.962552642822265625e+01 0.000000000000000000e+00 -1.640258356928825378e-02 0.000000000000000000e+00 5.000000000000000000e+01 0.000000000000000000e+00
