4.332401156425476074e-01 3.566842675209045410e-01 -1.756796389818191528e-01 -1.767053604125976562e-01 -1.396519165039062500e+02 -1.095559997558593750e+02 -5.780749022960662842e-02 -1.408634185791015625e-01 2.400000000000000000e+02 1.900000000000000000e+02
4.332401156425476074e-01 3.786244392395019531e-01 -1.269194036722183228e-01 -1.260633021593093872e-01 -1.227383193969726562e+02 -9.264242553710937500e+01 -5.080628022551536560e-02 -1.191165149211883545e-01 2.140000000000000000e+02 1.640000000000000000e+02
4.332401156425476074e-01 3.793290257453918457e-01 -1.252812594175338745e-01 -1.244369745254516602e-01 -1.203546829223632812e+02 -9.025878906250000000e+01 -4.981959611177444458e-02 -1.160517111420631409e-01 2.100000000000000000e+02 1.600000000000000000e+02
4.332401156425476074e-01 3.835567831993103027e-01 -1.158085614442825317e-01 -1.146785169839859009e-01 -1.190160064697265625e+02 -8.892012023925781250e+01 -4.926546663045883179e-02 -1.143305003643035889e-01 2.080000000000000000e+02 1.580000000000000000e+02
4.332401156425476074e-01 3.865007758140563965e-01 -1.085431650280952454e-01 -1.078832224011421204e-01 -1.170498352050781250e+02 -8.695393371582031250e+01 -4.845158755779266357e-02 -1.118024438619613647e-01 2.040000000000000000e+02 1.540000000000000000e+02
4.332401156425476074e-01 3.836779296398162842e-01 -1.151021271944046021e-01 -1.143988817930221558e-01 -1.156118164062500000e+02 -8.551591491699218750e+01 -4.785633459687232971e-02 -1.099534854292869568e-01 2.020000000000000000e+02 1.520000000000000000e+02
4.332401156425476074e-01 3.850280940532684326e-01 -1.119235455989837646e-01 -1.112824529409408569e-01 -1.130229644775390625e+02 -8.292706298828125000e+01 -4.678470641374588013e-02 -1.066248267889022827e-01 1.980000000000000000e+02 1.480000000000000000e+02
4.332401156425476074e-01 3.822687566280364990e-01 -1.173943877220153809e-01 -1.176515221595764160e-01 -1.117277374267578125e+02 -8.163185119628906250e+01 -4.624855890870094299e-02 -1.049594879150390625e-01 1.960000000000000000e+02 1.460000000000000000e+02
4.332401156425476074e-01 3.870261311531066895e-01 -1.077004596590995789e-01 -1.066706031560897827e-01 -1.089771728515625000e+02 -7.888127136230468750e+01 -4.510999098420143127e-02 -1.014228835701942444e-01 1.920000000000000000e+02 1.420000000000000000e+02
4.332401156425476074e-01 3.888226151466369629e-01 -1.036029234528541565e-01 -1.025239825248718262e-01 -1.087170104980468750e+02 -7.862110900878906250e+01 -4.500230029225349426e-02 -1.010883748531341553e-01 1.910000000000000000e+02 1.410000000000000000e+02
4.332401156425476074e-01 3.906890749931335449e-01 -9.862319380044937134e-02 -9.821584075689315796e-02 -1.052463607788085938e+02 -7.515046691894531250e+01 -4.356566071510314941e-02 -9.662593901157379150e-02 1.850000000000000000e+02 1.350000000000000000e+02
4.332401156425476074e-01 4.128183722496032715e-01 -4.781625047326087952e-02 -4.713724181056022644e-02 -9.567261505126953125e+01 -6.557672119140625000e+01 -3.960270434617996216e-02 -8.431634306907653809e-02 1.680000000000000000e+02 1.180000000000000000e+02
4.332401156425476074e-01 4.139311611652374268e-01 -4.423473402857780457e-02 -4.456871375441551208e-02 -8.828671264648437500e+01 -5.819081878662109375e+01 -3.654538840055465698e-02 -7.481979578733444214e-02 1.560000000000000000e+02 1.060000000000000000e+02
4.332401156425476074e-01 4.190173745155334473e-01 -3.154367208480834961e-02 -3.282877057790756226e-02 -8.481198120117187500e+01 -5.471609115600585938e+01 -3.510705754160881042e-02 -7.035210728645324707e-02 1.500000000000000000e+02 1.000000000000000000e+02
4.332401156425476074e-01 4.227124750614166260e-01 -2.228512056171894073e-02 -2.429978176951408386e-02 -8.101476287841796875e+01 -5.091886901855468750e+01 -3.353523835539817810e-02 -6.546977162361145020e-02 1.430000000000000000e+02 9.300000000000000000e+01
4.332401156425476074e-01 4.243566691875457764e-01 -1.966655254364013672e-02 -2.050467208027839661e-02 -7.887460327148437500e+01 -4.877870941162109375e+01 -3.264933824539184570e-02 -6.271802634000778198e-02 1.400000000000000000e+02 9.000000000000000000e+01
4.332401156425476074e-01 4.282755255699157715e-01 -1.102475821971893311e-02 -1.145921181887388229e-02 -7.437301635742187500e+01 -4.427712249755859375e+01 -3.078595362603664398e-02 -5.693003535270690918e-02 1.320000000000000000e+02 8.200000000000000000e+01
4.332401156425476074e-01 4.299072623252868652e-01 -7.156006991863250732e-03 -7.692854851484298706e-03 -6.924781799316406250e+01 -3.915192794799804688e+01 -2.866443060338497162e-02 -5.034023150801658630e-02 1.230000000000000000e+02 7.300000000000000000e+01
4.332401156425476074e-01 4.254853725433349609e-01 -1.694465801119804382e-02 -1.789941079914569855e-02 -6.653662109375000000e+01 -3.644072723388671875e+01 -2.754215709865093231e-02 -4.685426130890846252e-02 1.170000000000000000e+02 6.700000000000000000e+01
4.332401156425476074e-01 4.268347918987274170e-01 -1.351977698504924774e-02 -1.478469651192426682e-02 -6.381930160522460938e+01 -3.372340393066406250e+01 -2.641735039651393890e-02 -4.336041957139968872e-02 1.120000000000000000e+02 6.200000000000000000e+01
4.332401156425476074e-01 4.165297746658325195e-01 -3.752294927835464478e-02 -3.857062384486198425e-02 -5.508865737915039062e+01 -2.499276351928710938e+01 -2.280338853597640991e-02 -3.213485330343246460e-02 9.900000000000000000e+01 4.900000000000000000e+01
4.332401156425476074e-01 4.204958677291870117e-01 -2.828550525009632111e-02 -2.941613085567951202e-02 -4.540171432495117188e+01 -1.530581855773925781e+01 -1.879357732832431793e-02 -1.967970654368400574e-02 8.200000000000000000e+01 3.200000000000000000e+01
4.332401156425476074e-01 4.147174060344696045e-01 -4.160548746585845947e-02 -4.275391250848770142e-02 -4.407128143310546875e+01 -1.397538566589355469e+01 -1.824285835027694702e-02 -1.796908117830753326e-02 8.000000000000000000e+01 3.000000000000000000e+01
4.332401156425476074e-01 4.057121872901916504e-01 -6.123998016119003296e-02 -6.353965401649475098e-02 -4.110824584960937500e+01 -1.101235198974609375e+01 -1.701634004712104797e-02 -1.415931154042482376e-02 7.400000000000000000e+01 2.400000000000000000e+01
4.332401156425476074e-01 4.241448044776916504e-01 -1.758141443133354187e-02 -2.099369652569293976e-02 -3.918935775756835938e+01 -9.093461990356445312e+00 -1.622203551232814789e-02 -1.169206760823726654e-02 7.100000000000000000e+01 2.100000000000000000e+01
4.332401156425476074e-01 4.329111874103546143e-01 4.287028219550848007e-03 -7.592284819111227989e-04 -3.783852386474609375e+01 -7.742627143859863281e+00 -1.566287130117416382e-02 -9.955209679901599884e-03 6.900000000000000000e+01 1.900000000000000000e+01
4.332401156425476074e-01 4.385327100753784180e-01 1.763682812452316284e-02 1.221630722284317017e-02 -3.719178009033203125e+01 -7.095886230468750000e+00 -1.539515890181064606e-02 -9.123652242124080658e-03 6.800000000000000000e+01 1.800000000000000000e+01
4.332401156425476074e-01 4.326081275939941406e-01 4.864053800702095032e-03 -1.458747778087854385e-03 -3.647694396972656250e+01 -6.381048679351806641e+00 -1.509926002472639084e-02 -8.204537443816661835e-03 6.600000000000000000e+01 1.600000000000000000e+01
4.332401156425476074e-01 4.439160525798797607e-01 3.095158003270626068e-02 2.464207820594310760e-02 -3.544579315185546875e+01 -5.349898338317871094e+00 -1.467242557555437088e-02 -6.878719199448823929e-03 6.400000000000000000e+01 1.400000000000000000e+01
4.332401156425476074e-01 4.269302785396575928e-01 -9.591967798769474030e-03 -1.456429529935121536e-02 -3.171623229980468750e+01 -1.620336651802062988e+00 -1.312861219048500061e-02 -2.083374420180916786e-03 5.500000000000000000e+01 5.000000000000000000e+00
4.332401156425476074e-01 4.024958610534667969e-01 -6.804864853620529175e-02 -7.096354663372039795e-02 -3.028034782409667969e+01 -1.844520568847656250e-01 -1.253424212336540222e-02 -2.371622540522366762e-04 5.200000000000000000e+01 2.000000000000000000e+00
4.332401156425476074e-01 3.985334932804107666e-01 -7.800551503896713257e-02 -8.010943979024887085e-02 -3.009843063354492188e+01 -2.536237239837646484e-03 -1.245893910527229309e-02 -3.261008487243088894e-06 5.100000000000000000e+01 1.000000000000000000e+00
4.332401156425476074e-01 3.985334932804107666e-01 -7.800551503896713257e-02 -8.010943979024887085e-02 -3.009843063354492188e+01 -2.536237239837646484e-03 -1.245893910527229309e-02 -3.261008487243088894e-06 5.100000000000000000e+01 1.000000000000000000e+00
4.332401156425476074e-01 3.985334932804107666e-01 -7.800551503896713257e-02 -8.010943979024887085e-02 -3.009843063354492188e+01 -2.536237239837646484e-03 -1.245893910527229309e-02 -3.261008487243088894e-06 5.100000000000000000e+01 1.000000000000000000e+00
4.332401156425476074e-01 3.985334932804107666e-01 -7.800551503896713257e-02 -8.010943979024887085e-02 -3.009843063354492188e+01 -2.536237239837646484e-03 -1.245893910527229309e-02 -3.261008487243088894e-06 5.100000000000000000e+01 1.000000000000000000e+00
4.332401156425476074e-01 3.985334932804107666e-01 -7.800551503896713257e-02 -8.010943979024887085e-02 -3.009843063354492188e+01 -2.536237239837646484e-03 -1.245893910527229309e-02 -3.261008487243088894e-06 5.100000000000000000e+01 1.000000000000000000e+00
4.332401156425476074e-01 3.985334932804107666e-01 -7.800551503896713257e-02 -8.010943979024887085e-02 -3.009843063354492188e+01 -2.536237239837646484e-03 -1.245893910527229309e-02 -3.261008487243088894e-06 5.100000000000000000e+01 1.000000000000000000e+00
4.332401156425476074e-01 3.985334932804107666e-01 -7.800551503896713257e-02 -8.010943979024887085e-02 -3.009843063354492188e+01 -2.536237239837646484e-03 -1.245893910527229309e-02 -3.261008487243088894e-06 5.100000000000000000e+01 1.000000000000000000e+00
4.332401156425476074e-01 3.985334932804107666e-01 -7.800551503896713257e-02 -8.010943979024887085e-02 -3.009843063354492188e+01 -2.536237239837646484e-03 -1.245893910527229309e-02 -3.261008487243088894e-06 5.100000000000000000e+01 1.000000000000000000e+00
4.332401156425476074e-01 3.985334932804107666e-01 -7.800551503896713257e-02 -8.010943979024887085e-02 -3.009843063354492188e+01 -2.536237239837646484e-03 -1.245893910527229309e-02 -3.261008487243088894e-06 5.100000000000000000e+01 1.000000000000000000e+00
4.332401156425476074e-01 3.985334932804107666e-01 -7.800551503896713257e-02 -8.010943979024887085e-02 -3.009843063354492188e+01 -2.536237239837646484e-03 -1.245893910527229309e-02 -3.261008487243088894e-06 5.100000000000000000e+01 1.000000000000000000e+00
4.332401156425476074e-01 3.985334932804107666e-01 -7.800551503896713257e-02 -8.010943979024887085e-02 -3.009843063354492188e+01 -2.536237239837646484e-03 -1.245893910527229309e-02 -3.261008487243088894e-06 5.100000000000000000e+01 1.000000000000000000e+00
4.332401156425476074e-01 3.985334932804107666e-01 -7.800551503896713257e-02 -8.010943979024887085e-02 -3.009843063354492188e+01 -2.536237239837646484e-03 -1.245893910527229309e-02 -3.261008487243088894e-06 5.100000000000000000e+01 1.000000000000000000e+00
4.332401156425476074e-01 3.985334932804107666e-01 -7.800551503896713257e-02 -8.010943979024887085e-02 -3.009843063354492188e+01 -2.536237239837646484e-03 -1.245893910527229309e-02 -3.261008487243088894e-06 5.100000000000000000e+01 1.000000000000000000e+00
4.332401156425476074e-01 3.985334932804107666e-01 -7.800551503896713257e-02 -8.010943979024887085e-02 -3.009843063354492188e+01 -2.536237239837646484e-03 -1.245893910527229309e-02 -3.261008487243088894e-06 5.100000000000000000e+01 1.000000000000000000e+00
4.332401156425476074e-01 3.985334932804107666e-01 -7.800551503896713257e-02 -8.010943979024887085e-02 -3.009843063354492188e+01 -2.536237239837646484e-03 -1.245893910527229309e-02 -3.261008487243088894e-06 5.100000000000000000e+01 1.000000000000000000e+00
4.332401156425476074e-01 3.985334932804107666e-01 -7.800551503896713257e-02 -8.010943979024887085e-02 -3.009843063354492188e+01 -2.536237239837646484e-03 -1.245893910527229309e-02 -3.261008487243088894e-06 5.100000000000000000e+01 1.000000000000000000e+00
4.332401156425476074e-01 3.985334932804107666e-01 -7.800551503896713257e-02 -8.010943979024887085e-02 -3.009843063354492188e+01 -2.536237239837646484e-03 -1.245893910527229309e-02 -3.261008487243088894e-06 5.100000000000000000e+01 1.000000000000000000e+00
4.332401156425476074e-01 4.026995003223419189e-01 -6.753870099782943726e-02 -7.049350440502166748e-02 -3.009589385986328125e+01 0.000000000000000000e+00 -1.245788950473070145e-02 0.000000000000000000e+00 5.000000000000000000e+01 0.000000000000000000e+00
4.332401156425476074e-01 4.026995003223419189e-01 -6.753870099782943726e-02 -7.049350440502166748e-02 -3.009589385986328125e+01 0.000000000000000000e+00 -1.245788950473070145e-02 0.000000000000000000e+00 5.000000000000000000e+01 0.000000000000000000e+00
4.332401156425476074e-01 4.026995003223419189e-01 -6.753870099782943726e-02 -7.049350440502166748e-02 -3.009589385986328125e+01 0.000000000000000000e+00 -1.245788950473070145e-02 0.000000000000000000e+00 5.000000000000000000e+01 0.000000000000000000e+00
4.332401156425476074e-01 4.026995003223419189e-01 -6.753870099782943726e-02 -7.049350440502166748e-02 -3.009589385986328125e+01 0.000000000000000000e+00 -1.245788950473070145e-02 0.000000000000000000e+00 5.000000000000000000e+01 0.000000000000000000e+00
4.332401156425476074e-01 4.026995003223419189e-01 -6.753870099782943726e-02 -7.049350440502166748e-02 -3.009589385986328125e+01 0.000000000000000000e+00 -1.245788950473070145e-02 0.000000000000000000e+00 5.000000000000000000e+01 0.000000000000000000e+00
4.332401156425476074e-01 4.026995003223419189e-01 -6.753870099782943726e-02 -7.049350440502166748e-02 -3.009589385986328125e+01 0.000000000000000000e+00 -1.245788950473070145e-02 0.000000000000000000e+00 5.000000000000000000e+01 0.000000000000000000e+00
4.332401156425476074e-01 4.026995003223419189e-01 -6.753870099782943726e-02 -7.049350440502166748e-02 -3.009589385986328125e+01 0.000000000000000000e+00 -1.245788950473070145e-02 0.000000000000000000e+00 5.000000000000000000e+01 0.000000000000000000e+00
4.332401156425476074e-01 4.026995003223419189e-01 -6.753870099782943726e-02 -7.049350440502166748e-02 -3.009589385986328125e+01 0.000000000000000000e+00 -1.245788950473070145e-02 0.000000000000000000e+00 5.000000000000000000e+01 0.000000000000000000e+00
4.332401156425476074e-01 4.026995003223419189e-01 -6.753870099782943726e-02 -7.049350440502166748e-02 -3.009589385986328125e+01 0.000000000000000000e+00 -1.245788950473070145e-02 0.000000000000000000e+00 5.000000000000000000e+01 0.000000000000000000e+00
4.332401156425476074e-01 4.026995003223419189e-01 -6.753870099782943726e-02 -7.049350440502166748e-02 -3.009589385986328125e+01 0.000000000000000000e+00 -1.245788950473070145e-02 0.000000000000000000e+00 5.000000000000000000e+01 0.000000000000000000e+00
4.332401156425476074e-01 4.026995003223419189e-01 -6.753870099782943726e-02 -7.049350440502166748e-02 -3.009589385986328125e+01 0.000000000000000000e+00 -1.245788950473070145e-02 0.000000000000000000e+00 5.000000000000000000e+01 0.000000000000000000e+00
4.332401156425476074e-01 4.026995003223419189e-01 -6.753870099782943726e-02 -7.049350440502166748e-02 -3.009589385986328125e+01 0.000000000000000000e+00 -1.245788950473070145e-02 0.000000000000000000e+00 5.000000000000000000e+01 0.000000000000000000e+00
4.332401156425476074e-01 4.026995003223419189e-01 -6.753870099782943726e-02 -7.049350440502166748e-02 -3.009589385986328125e+01 0.000000000000000000e+00 -1.245788950473070145e-02 0.000000000000000000e+00 5.000000000000000000e+01 0.000000000000000000e+00
4.332401156425476074e-01 4.026995003223419189e-01 -6.753870099782943726e-02 -7.049350440502166748e-02 -3.009589385986328125e+01 0.000000000000000000e+00 -1.245788950473070145e-02 0.000000000000000000e+00 5.000000000000000000e+01 0.000000000000000000e+00
4.332401156425476074e-01 4.026995003223419189e-01 -6.753870099782943726e-02 -7.049350440502166748e-02 -3.009589385986328125e+01 0.000000000000000000e+00 -1.245788950473070145e-02 0.000000000000000000e+00 5.000000000000000000e+01 0.000000000000000000e+00
4.332401156425476074e-01 4.026995003223419189e-01 -6.753870099782943726e-02 -7.049350440502166748e-02 -3.009589385986328125e+01 0.000000000000000000e+00 -1.245788950473070145e-02 0.000000000000000000e+00 5.000000000000000000e+01 0.000000000000000000e+00
4.332401156425476074e-01 4.026995003223419189e-01 -6.753870099782943726e-02 -7.049350440502166748e-02 -3.009589385986328125e+01 0.000000000000000000e+00 -1.245788950473070145e-02 0.000000000000000000e+00 5.000000000000000000e+01 0.000000000000000000e+00
4.332401156425476074e-01 4.026995003223419189e-01 -6.753870099782943726e-02 -7.049350440502166748e-02 -3.009589385986328125e+01 0.000000000000000000e+00 -1.245788950473070145e-02 0.000000000000000000e+00 5.000000000000000000e+01 0.000000000000000000e+00
4.332401156425476074e-01 4.026995003223419189e-01 -6.753870099782943726e-02 -7.049350440502166748e-02 -3.009589385986328125e+01 0.000000000000000000e+00 -1.245788950473070145e-02 0.000000000000000000e+00 5.000000000000000000e+01 0.000000000000000000e+00
4.332401156425476074e-01 4.026995003223419189e-01 -6.753870099782943726e-02 -7.049350440502166748e-02 -3.009589385986328125e+01 0.000000000000000000e+00 -1.245788950473070145e-02 0.000000000000000000e+00 5.000000000000000000e+01 0.000000000000000000e+00
4.332401156425476074e-01 4.026995003223419189e-01 -6.753870099782943726e-02 -7.049350440502166748e-02 -3.009589385986328125e+01 0.000000000000000000e+00 -1.245788950473070145e-02 0.000000000000000000e+00 5.000000000000000000e+01 0.000000000000000000e+00
4.332401156425476074e-01 4.026995003223419189e-01 -6.753870099782943726e-02 -7.049350440502166748e-02 -3.009589385986328125e+01 0.000000000000000000e+00 -1.245788950473070145e-02 0.000000000000000000e+00 5.000000000000000000e+01 0.000000000000000000e+00
4.332401156425476074e-01 4.026995003223419189e-01 -6.753870099782943726e-02 -7.049350440502166748e-02 -3.009589385986328125e+01 0.000000000000000000e+00 -1.245788950473070145e-02 0.000000000000000000e+00 5.000000000000000000e+01 0.000000000000000000e+00
4.332401156425476074e-01 4.026995003223419189e-01 -6.753870099782943726e-02 -7.049350440502166748e-02 -3.009589385986328125e+01 0.000000000000000000e+00 -1.245788950473070145e-02 0.000000000000000000e+00 5.000000000000000000e+01 0.000000000000000000e+00
4.332401156425476074e-01 4.026995003223419189e-01 -6.753870099782943726e-02 -7.049350440502166748e-02 -3.009589385986328125e+01 0.000000000000000000e+00 -1.245788950473070145e-02 0.000000000000000000e+00 5.000000000000000000e+01 0.000000000000000000e+00
4.332401156425476074e-01 4.026995003223419189e-01 -6.753870099782943726e-02 -7.049350440502166748e-02 -3.009589385986328125e+01 0.000000000000000000e+00 -1.245788950473070145e-02 0.000000000000000000e+00 5.000000000000000000e+01 0.000000000000000000e+00
4.332401156425476074e-01 4.026995003223419189e-01 -6.753870099782943726e-02 -7.049350440502166748e-02 -3.009589385986328125e+01 0.000000000000000000e+00 -1.245788950473070145e-02 0.000000000000000000e+00 5.000000000000000000e+01 0.000000000000000000e+00
4.332401156425476074e-01 4.026995003223419189e-01 -6.753870099782943726e-02 -7.049350440502166748e-02 -3.009589385986328125e+01 0.000000000000000000e+00 -1.245788950473070145e-02 0.000000000000000000e+00 5.000000000000000000e+01 0.000000000000000000e+00
4.332401156425476074e-01 4.026995003223419189e-01 -6.753870099782943726e-02 -7.049350440502166748e-02 -3.009589385986328125e+01 0.000000000000000000e+00 -1.245788950473070145e-02 0.000000000000000000e+00 5.000000000000000000e+01 0.000000000000000000e+00
4.332401156425476074e-01 4.026995003223419189e-01 -6.753870099782943726e-02 -7.049350440502166748e-02 -3.009589385986328125e+01 0.000000000000000000e+00 -1.245788950473070145e-02 0.000000000000000000e+00 5.000000000000000000e+01 0.000000000000000000e+00
4.332401156425476074e-01 4.026995003223419189e-01 -6.753870099782943726e-02 -7.049350440502166748e-02 -3.009589385986328125e+01 0.000000000000000000e+00 -1.245788950473070145e-02 0.000000000000000000e+00 5.000000000000000000e+01 0.000000000000000000e+00
4.332401156425476074e-01 4.026995003223419189e-01 -6.753870099782943726e-02 -7.049350440502166748e-02 -3.009589385986328125e+01 0.000000000000000000e+00 -1.245788950473070145e-02 0.000000000000000000e+00 5.000000000000000000e+01 0.000000000000000000e+00
4.332401156425476074e-01 4.026995003223419189e-01 -6.753870099782943726e-02 -7.049350440502166748e-02 -3.009589385986328125e+01 0.000000000000000000e+00 -1.245788950473070145e-02 0.000000000000000000e+00 5.000000000000000000e+01 0.000000000000000000e+00
4.332401156425476074e-01 4.026995003223419189e-01 -6.753870099782943726e-02 -7.049350440502166748e-02 -3.009589385986328125e+01 0.000000000000000000e+00 -1.245788950473070145e-02 0.000000000000000000e+00 5.000000000000000000e+01 0.000000000000000000e+00
4.332401156425476074e-01 4.026995003223419189e-01 -6.753870099782943726e-02 -7.049350440502166748e-02 -3.009589385986328125e+01 0.000000000000000000e+00 -1.245788950473070145e-02 0.000000000000000000e+00 5.000000000000000000e+01 0.000000000000000000e+00
4.332401156425476074e-01 4.026995003223419189e-01 -6.753870099782943726e-02 -7.049350440502166748e-02 -3.009589385986328125e+01 0.000000000000000000e+00 -1.245788950473070145e-02 0.000000000000000000e+00 5.000000000000000000e+01 0.000000000000000000e+00
4.332401156425476074e-01 4.026995003223419189e-01 -6.753870099782943726e-02 -7.049350440502166748e-02 -3.009589385986328125e+01 0.000000000000000000e+00 -1.245788950473070145e-02 0.000000000000000000e+00 5.000000000000000000e+01 0.000000000000000000e+00
4.332401156425476074e-01 4.026995003223419189e-01 -6.753870099782943726e-02 -7.049350440502166748e-02 -3.009589385986328125e+01 0.000000000000000000e+00 -1.245788950473070145e-02 0.000000000000000000e+00 5.000000000000000000e+01 0.000000000000000000e+00
4.332401156425476074e-01 4.026995003223419189e-01 -6.753870099782943726e-02 -7.049350440502166748e-02 -3.009589385986328125e+01 0.000000000000000000e+00 -1.245788950473070145e-02 0.000000000000000000e+00 5.000000000000000000e+01 0.000000000000000000e+00
4.332401156425476074e-01 4.026995003223419189e-01 -6.753870099782943726e-02 -7.049350440502166748e-02 -3.009589385986328125e+01 0.000000000000000000e+00 -1.245788950473070145e-02 0.000000000000000000e+00 5.000000000000000000e+01 0.000000000000000000e+00
4.332401156425476074e-01 4.026995003223419189e-01 -6.753870099782943726e-02 -7.049350440502166748e-02 -3.009589385986328125e+01 0.000000000000000000e+00 -1.245788950473070145e-02 0.000000000000000000e+00 5.000000000000000000e+01 0.000000000000000000e+00
4.332401156425476074e-01 4.026995003223419189e-01 -6.753870099782943726e-02 -7.049350440502166748e-02 -3.009589385986328125e+01 0.000000000000000000e+00 -1.245788950473070145e-02 0.000000000000000000e+00 5.000000000000000000e+01 0.000000000000000000e+00
4.332401156425476074e-01 4.026995003223419189e-01 -6.753870099782943726e-02 -7.049350440502166748e-02 -3.009589385986328125e+01 0.000000000000000000e+00 -1.245788950473070145e-02 0.000000000000000000e+00 5.000000000000000000e+01 0.000000000000000000e+00
