4.824629724025726318e-01 7.864676713943481445e-01 6.413741707801818848e-01 6.301099061965942383e-01 -3.128014373779296875e+01 -1.803235626220703125e+01 -1.294809766113758087e-02 -3.662011027336120605e-02 1.300000000000000000e+02 8.700000000000000000e+01
4.824629724025726318e-01 7.456878423690795898e-01 5.490399599075317383e-01 5.455856323242187500e-01 -2.099456405639648438e+01 -7.746777534484863281e+00 -8.690486662089824677e-03 -1.573215611279010773e-02 1.020000000000000000e+02 5.900000000000000000e+01
4.824629724025726318e-01 7.541640996932983398e-01 5.656400322914123535e-01 5.631543397903442383e-01 -2.049510383605957031e+01 -7.247316360473632812e+00 -8.483739569783210754e-03 -1.471785083413124084e-02 9.800000000000000000e+01 5.500000000000000000e+01
4.824629724025726318e-01 7.556485533714294434e-01 5.702991485595703125e-01 5.662311911582946777e-01 -2.024192810058593750e+01 -6.994141101837158203e+00 -8.378940634429454803e-03 -1.420370303094387054e-02 9.700000000000000000e+01 5.400000000000000000e+01
4.824629724025726318e-01 7.496004104614257812e-01 5.561568140983581543e-01 5.536952018737792969e-01 -2.018107604980468750e+01 -6.933288574218750000e+00 -8.353751152753829956e-03 -1.408012304455041885e-02 9.400000000000000000e+01 5.100000000000000000e+01
4.824629724025726318e-01 7.496004104614257812e-01 5.561568140983581543e-01 5.536952018737792969e-01 -2.018107604980468750e+01 -6.933288574218750000e+00 -8.353751152753829956e-03 -1.408012304455041885e-02 9.400000000000000000e+01 5.100000000000000000e+01
4.824629724025726318e-01 7.482633590698242188e-01 5.535833835601806641e-01 5.509238839149475098e-01 -2.014790344238281250e+01 -6.900115013122558594e+00 -8.340019732713699341e-03 -1.401275489479303360e-02 9.100000000000000000e+01 4.800000000000000000e+01
4.824629724025726318e-01 7.451750040054321289e-01 5.471671819686889648e-01 5.445227026939392090e-01 -1.933662414550781250e+01 -6.088837146759033203e+00 -8.004198782145977020e-03 -1.236521173268556595e-02 9.100000000000000000e+01 4.800000000000000000e+01
4.824629724025726318e-01 7.339995503425598145e-01 5.233978033065795898e-01 5.213593244552612305e-01 -1.932844734191894531e+01 -6.080659866333007812e+00 -8.000814355909824371e-03 -1.234860531985759735e-02 9.200000000000000000e+01 4.900000000000000000e+01
4.824629724025726318e-01 7.318223118782043457e-01 5.192332863807678223e-01 5.168465971946716309e-01 -1.932777404785156250e+01 -6.079986572265625000e+00 -8.000535890460014343e-03 -1.234723720699548721e-02 9.200000000000000000e+01 4.900000000000000000e+01
4.824629724025726318e-01 7.318223118782043457e-01 5.192332863807678223e-01 5.168465971946716309e-01 -1.932777404785156250e+01 -6.079986572265625000e+00 -8.000535890460014343e-03 -1.234723720699548721e-02 9.200000000000000000e+01 4.900000000000000000e+01
4.824629724025726318e-01 7.232581973075866699e-01 4.978876411914825439e-01 4.990957677364349365e-01 -1.904114151000976562e+01 -5.793354034423828125e+00 -7.881887257099151611e-03 -1.176514383405447006e-02 8.900000000000000000e+01 4.600000000000000000e+01
4.824629724025726318e-01 7.225696444511413574e-01 4.966241717338562012e-01 4.976685941219329834e-01 -1.871849822998046875e+01 -5.470710754394531250e+00 -7.748331874608993530e-03 -1.110992021858692169e-02 8.800000000000000000e+01 4.500000000000000000e+01
4.824629724025726318e-01 7.223552465438842773e-01 4.961816370487213135e-01 4.972242116928100586e-01 -1.871739006042480469e+01 -5.469602584838867188e+00 -7.747873198240995407e-03 -1.110767014324665070e-02 8.700000000000000000e+01 4.400000000000000000e+01
4.824629724025726318e-01 7.223552465438842773e-01 4.961816370487213135e-01 4.972242116928100586e-01 -1.871739006042480469e+01 -5.469602584838867188e+00 -7.747873198240995407e-03 -1.110767014324665070e-02 8.700000000000000000e+01 4.400000000000000000e+01
4.824629724025726318e-01 7.201347947120666504e-01 4.920820593833923340e-01 4.926218986511230469e-01 -1.871063423156738281e+01 -5.462846755981445312e+00 -7.745076902210712433e-03 -1.109394989907741547e-02 8.600000000000000000e+01 4.300000000000000000e+01
4.824629724025726318e-01 7.172073125839233398e-01 4.867694675922393799e-01 4.865541160106658936e-01 -1.766601562500000000e+01 -4.418227672576904297e+00 -7.312667556107044220e-03 -8.972537703812122345e-03 8.500000000000000000e+01 4.200000000000000000e+01
4.824629724025726318e-01 7.172073125839233398e-01 4.867694675922393799e-01 4.865541160106658936e-01 -1.766601562500000000e+01 -4.418227672576904297e+00 -7.312667556107044220e-03 -8.972537703812122345e-03 8.500000000000000000e+01 4.200000000000000000e+01
4.824629724025726318e-01 7.171177268028259277e-01 4.865709543228149414e-01 4.863684177398681641e-01 -1.720631790161132812e+01 -3.958532333374023438e+00 -7.122380193322896957e-03 -8.038988336920738220e-03 8.400000000000000000e+01 4.100000000000000000e+01
4.824629724025726318e-01 7.102897763252258301e-01 4.741016328334808350e-01 4.722161293029785156e-01 -1.718662643432617188e+01 -3.938839673995971680e+00 -7.114229258149862289e-03 -7.998996414244174957e-03 8.300000000000000000e+01 4.000000000000000000e+01
4.824629724025726318e-01 7.091189622879028320e-01 4.739948511123657227e-01 4.697893857955932617e-01 -1.678856658935546875e+01 -3.540780544281005859e+00 -6.949456408619880676e-03 -7.190617732703685760e-03 7.900000000000000000e+01 3.600000000000000000e+01
4.824629724025726318e-01 6.871371269226074219e-01 4.328789710998535156e-01 4.242276847362518311e-01 -1.556955146789550781e+01 -2.321763515472412109e+00 -6.444857455790042877e-03 -4.715037532150745392e-03 7.900000000000000000e+01 3.600000000000000000e+01
4.824629724025726318e-01 6.883558630943298340e-01 4.351261854171752930e-01 4.267537593841552734e-01 -1.554631996154785156e+01 -2.298532485961914062e+00 -6.435241084545850754e-03 -4.667859990149736404e-03 7.700000000000000000e+01 3.400000000000000000e+01
4.824629724025726318e-01 6.883289813995361328e-01 4.350688159465789795e-01 4.266980588436126709e-01 -1.554631328582763672e+01 -2.298525810241699219e+00 -6.435238290578126907e-03 -4.667846485972404480e-03 7.600000000000000000e+01 3.300000000000000000e+01
4.824629724025726318e-01 6.878026723861694336e-01 4.340680241584777832e-01 4.256071746349334717e-01 -1.554570388793945312e+01 -2.297915697097778320e+00 -6.434985902160406113e-03 -4.666607361286878586e-03 7.500000000000000000e+01 3.200000000000000000e+01
4.824629724025726318e-01 7.098220586776733398e-01 4.765888154506683350e-01 4.712467193603515625e-01 -1.541502189636230469e+01 -2.167234420776367188e+00 -6.380891427397727966e-03 -4.401220008730888367e-03 7.400000000000000000e+01 3.100000000000000000e+01
4.824629724025726318e-01 7.096092700958251953e-01 4.761644601821899414e-01 4.708056449890136719e-01 -1.541498661041259766e+01 -2.167199373245239258e+00 -6.380876991897821426e-03 -4.401148762553930283e-03 7.300000000000000000e+01 3.000000000000000000e+01
4.824629724025726318e-01 7.096092700958251953e-01 4.761644601821899414e-01 4.708056449890136719e-01 -1.541498661041259766e+01 -2.167199373245239258e+00 -6.380876991897821426e-03 -4.401148762553930283e-03 7.300000000000000000e+01 3.000000000000000000e+01
4.824629724025726318e-01 6.912342905998229980e-01 4.422178268432617188e-01 4.327198863029479980e-01 -1.484162712097167969e+01 -1.593839764595031738e+00 -6.143540609627962112e-03 -3.236769931390881538e-03 7.300000000000000000e+01 3.000000000000000000e+01
4.824629724025726318e-01 6.929023861885070801e-01 4.460150897502899170e-01 4.361773431301116943e-01 -1.454652118682861328e+01 -1.298733711242675781e+00 -6.021384615451097488e-03 -2.637468511238694191e-03 7.100000000000000000e+01 2.800000000000000000e+01
4.824629724025726318e-01 6.892112493515014648e-01 4.363959729671478271e-01 4.285267293453216553e-01 -1.438921546936035156e+01 -1.141428232192993164e+00 -5.956269335001707077e-03 -2.318012528121471405e-03 7.000000000000000000e+01 2.700000000000000000e+01
4.824629724025726318e-01 6.677243709564208984e-01 3.938222825527191162e-01 3.839909136295318604e-01 -1.381462478637695312e+01 -5.668372511863708496e-01 -5.718423519283533096e-03 -1.151133212260901928e-03 6.800000000000000000e+01 2.500000000000000000e+01
4.824629724025726318e-01 6.631001234054565430e-01 3.816989064216613770e-01 3.744062483310699463e-01 -1.381429576873779297e+01 -5.665081739425659180e-01 -5.718287080526351929e-03 -1.150464871898293495e-03 6.700000000000000000e+01 2.400000000000000000e+01
4.824629724025726318e-01 6.592541337013244629e-01 3.741641640663146973e-01 3.664346635341644287e-01 -1.365325164794921875e+01 -4.054639339447021484e-01 -5.651624407619237900e-03 -8.234162232838571072e-04 6.500000000000000000e+01 2.200000000000000000e+01
4.824629724025726318e-01 6.592541337013244629e-01 3.741641640663146973e-01 3.664346635341644287e-01 -1.365325164794921875e+01 -4.054639339447021484e-01 -5.651624407619237900e-03 -8.234162232838571072e-04 6.500000000000000000e+01 2.200000000000000000e+01
4.824629724025726318e-01 6.592541337013244629e-01 3.741641640663146973e-01 3.664346635341644287e-01 -1.365325164794921875e+01 -4.054639339447021484e-01 -5.651624407619237900e-03 -8.234162232838571072e-04 6.500000000000000000e+01 2.200000000000000000e+01
4.824629724025726318e-01 6.626299619674682617e-01 3.820016086101531982e-01 3.734317421913146973e-01 -1.354062938690185547e+01 -2.928420901298522949e-01 -5.605005659162998199e-03 -5.947037716396152973e-04 6.400000000000000000e+01 2.100000000000000000e+01
4.824629724025726318e-01 6.321626901626586914e-01 3.160975575447082520e-01 3.102822899818420410e-01 -1.339509010314941406e+01 -1.473034024238586426e-01 -5.544761195778846741e-03 -2.991437795571982861e-04 6.000000000000000000e+01 1.700000000000000000e+01
4.824629724025726318e-01 6.204907298088073730e-01 2.910880744457244873e-01 2.860898375511169434e-01 -1.332559394836425781e+01 -7.780647277832031250e-02 -5.515994038432836533e-03 -1.580093958182260394e-04 5.800000000000000000e+01 1.500000000000000000e+01
4.824629724025726318e-01 6.045991778373718262e-01 2.558464705944061279e-01 2.531514465808868408e-01 -1.330052089691162109e+01 -5.273246765136718750e-02 -5.505615379661321640e-03 -1.070891012204810977e-04 5.600000000000000000e+01 1.300000000000000000e+01
4.824629724025726318e-01 6.045991778373718262e-01 2.558464705944061279e-01 2.531514465808868408e-01 -1.330052089691162109e+01 -5.273246765136718750e-02 -5.505615379661321640e-03 -1.070891012204810977e-04 5.600000000000000000e+01 1.300000000000000000e+01
4.824629724025726318e-01 6.045991778373718262e-01 2.558464705944061279e-01 2.531514465808868408e-01 -1.330052089691162109e+01 -5.273246765136718750e-02 -5.505615379661321640e-03 -1.070891012204810977e-04 5.600000000000000000e+01 1.300000000000000000e+01
4.824629724025726318e-01 5.903595089912414551e-01 2.261621057987213135e-01 2.236369252204895020e-01 -1.327922439575195312e+01 -3.143566846847534180e-02 -5.496799945831298828e-03 -6.383955769706517458e-05 5.400000000000000000e+01 1.100000000000000000e+01
4.824629724025726318e-01 5.864063501358032227e-01 2.182203829288482666e-01 2.154432237148284912e-01 -1.326485061645507812e+01 -1.706254482269287109e-02 -5.490850191563367844e-03 -3.465061672613956034e-05 5.300000000000000000e+01 1.000000000000000000e+01
4.824629724025726318e-01 5.880112051963806152e-01 2.217805087566375732e-01 2.187696099281311035e-01 -1.326151084899902344e+01 -1.372224092483520508e-02 -5.489467643201351166e-03 -2.786712866509333253e-05 5.200000000000000000e+01 9.000000000000000000e+00
4.824629724025726318e-01 5.880112051963806152e-01 2.217805087566375732e-01 2.187696099281311035e-01 -1.326151084899902344e+01 -1.372224092483520508e-02 -5.489467643201351166e-03 -2.786712866509333253e-05 5.200000000000000000e+01 9.000000000000000000e+00
4.824629724025726318e-01 5.880112051963806152e-01 2.217805087566375732e-01 2.187696099281311035e-01 -1.326151084899902344e+01 -1.372224092483520508e-02 -5.489467643201351166e-03 -2.786712866509333253e-05 5.200000000000000000e+01 9.000000000000000000e+00
4.824629724025726318e-01 5.743309855461120605e-01 1.954314708709716797e-01 1.904146373271942139e-01 -1.325172042846679688e+01 -3.931939601898193359e-03 -5.485414993017911911e-03 -7.984983312780968845e-06 4.800000000000000000e+01 5.000000000000000000e+00
4.824629724025726318e-01 5.718061923980712891e-01 1.909400522708892822e-01 1.851815134286880493e-01 -1.325008392333984375e+01 -2.296566963195800781e-03 -5.484737455844879150e-03 -4.663868367060786113e-06 4.700000000000000000e+01 4.000000000000000000e+00
4.824629724025726318e-01 5.729785561561584473e-01 1.933259218931198120e-01 1.876114606857299805e-01 -1.324848270416259766e+01 -6.958246231079101562e-04 -5.484074819833040237e-03 -1.413080781276221387e-06 4.600000000000000000e+01 3.000000000000000000e+00
4.824629724025726318e-01 5.729785561561584473e-01 1.933259218931198120e-01 1.876114606857299805e-01 -1.324848270416259766e+01 -6.958246231079101562e-04 -5.484074819833040237e-03 -1.413080781276221387e-06 4.600000000000000000e+01 3.000000000000000000e+00
4.824629724025726318e-01 5.700449347496032715e-01 1.856348812580108643e-01 1.815309524536132812e-01 -1.324845218658447266e+01 -6.641745567321777344e-04 -5.484062246978282928e-03 -1.348805767520389054e-06 4.500000000000000000e+01 2.000000000000000000e+00
4.824629724025726318e-01 5.700449347496032715e-01 1.856348812580108643e-01 1.815309524536132812e-01 -1.324845218658447266e+01 -6.641745567321777344e-04 -5.484062246978282928e-03 -1.348805767520389054e-06 4.500000000000000000e+01 2.000000000000000000e+00
4.824629724025726318e-01 5.700449347496032715e-01 1.856348812580108643e-01 1.815309524536132812e-01 -1.324845218658447266e+01 -6.641745567321777344e-04 -5.484062246978282928e-03 -1.348805767520389054e-06 4.500000000000000000e+01 2.000000000000000000e+00
4.824629724025726318e-01 5.700449347496032715e-01 1.856348812580108643e-01 1.815309524536132812e-01 -1.324845218658447266e+01 -6.641745567321777344e-04 -5.484062246978282928e-03 -1.348805767520389054e-06 4.500000000000000000e+01 2.000000000000000000e+00
4.824629724025726318e-01 5.628501772880554199e-01 1.724078357219696045e-01 1.666183918714523315e-01 -1.324783611297607422e+01 -4.798173904418945312e-05 -5.483807064592838287e-03 -9.744132256628290634e-08 4.400000000000000000e+01 1.000000000000000000e+00
4.824629724025726318e-01 5.628501772880554199e-01 1.724078357219696045e-01 1.666183918714523315e-01 -1.324783611297607422e+01 -4.798173904418945312e-05 -5.483807064592838287e-03 -9.744132256628290634e-08 4.400000000000000000e+01 1.000000000000000000e+00
4.824629724025726318e-01 5.628501772880554199e-01 1.724078357219696045e-01 1.666183918714523315e-01 -1.324783611297607422e+01 -4.798173904418945312e-05 -5.483807064592838287e-03 -9.744132256628290634e-08 4.400000000000000000e+01 1.000000000000000000e+00
4.824629724025726318e-01 5.628501772880554199e-01 1.724078357219696045e-01 1.666183918714523315e-01 -1.324783611297607422e+01 -4.798173904418945312e-05 -5.483807064592838287e-03 -9.744132256628290634e-08 4.400000000000000000e+01 1.000000000000000000e+00
4.824629724025726318e-01 5.628501772880554199e-01 1.724078357219696045e-01 1.666183918714523315e-01 -1.324783611297607422e+01 -4.798173904418945312e-05 -5.483807064592838287e-03 -9.744132256628290634e-08 4.400000000000000000e+01 1.000000000000000000e+00
4.824629724025726318e-01 5.628501772880554199e-01 1.724078357219696045e-01 1.666183918714523315e-01 -1.324783611297607422e+01 -4.798173904418945312e-05 -5.483807064592838287e-03 -9.744132256628290634e-08 4.400000000000000000e+01 1.000000000000000000e+00
4.824629724025726318e-01 5.628501772880554199e-01 1.724078357219696045e-01 1.666183918714523315e-01 -1.324783611297607422e+01 -4.798173904418945312e-05 -5.483807064592838287e-03 -9.744132256628290634e-08 4.400000000000000000e+01 1.000000000000000000e+00
4.824629724025726318e-01 5.628501772880554199e-01 1.724078357219696045e-01 1.666183918714523315e-01 -1.324783611297607422e+01 -4.798173904418945312e-05 -5.483807064592838287e-03 -9.744132256628290634e-08 4.400000000000000000e+01 1.000000000000000000e+00
4.824629724025726318e-01 5.628501772880554199e-01 1.724078357219696045e-01 1.666183918714523315e-01 -1.324783611297607422e+01 -4.798173904418945312e-05 -5.483807064592838287e-03 -9.744132256628290634e-08 4.400000000000000000e+01 1.000000000000000000e+00
4.824629724025726318e-01 5.628501772880554199e-01 1.724078357219696045e-01 1.666183918714523315e-01 -1.324783611297607422e+01 -4.798173904418945312e-05 -5.483807064592838287e-03 -9.744132256628290634e-08 4.400000000000000000e+01 1.000000000000000000e+00
4.824629724025726318e-01 5.580412745475769043e-01 1.629465222358703613e-01 1.566509902477264404e-01 -1.324778747558593750e+01 0.000000000000000000e+00 -5.483787041157484055e-03 0.000000000000000000e+00 4.300000000000000000e+01 0.000000000000000000e+00
4.824629724025726318e-01 5.580412745475769043e-01 1.629465222358703613e-01 1.566509902477264404e-01 -1.324778747558593750e+01 0.000000000000000000e+00 -5.483787041157484055e-03 0.000000000000000000e+00 4.300000000000000000e+01 0.000000000000000000e+00
4.824629724025726318e-01 5.580412745475769043e-01 1.629465222358703613e-01 1.566509902477264404e-01 -1.324778747558593750e+01 0.000000000000000000e+00 -5.483787041157484055e-03 0.000000000000000000e+00 4.300000000000000000e+01 0.000000000000000000e+00
4.824629724025726318e-01 5.580412745475769043e-01 1.629465222358703613e-01 1.566509902477264404e-01 -1.324778747558593750e+01 0.000000000000000000e+00 -5.483787041157484055e-03 0.000000000000000000e+00 4.300000000000000000e+01 0.000000000000000000e+00
4.824629724025726318e-01 5.580412745475769043e-01 1.629465222358703613e-01 1.566509902477264404e-01 -1.324778747558593750e+01 0.000000000000000000e+00 -5.483787041157484055e-03 0.000000000000000000e+00 4.300000000000000000e+01 0.000000000000000000e+00
4.824629724025726318e-01 5.580412745475769043e-01 1.629465222358703613e-01 1.566509902477264404e-01 -1.324778747558593750e+01 0.000000000000000000e+00 -5.483787041157484055e-03 0.000000000000000000e+00 4.300000000000000000e+01 0.000000000000000000e+00
4.824629724025726318e-01 5.580412745475769043e-01 1.629465222358703613e-01 1.566509902477264404e-01 -1.324778747558593750e+01 0.000000000000000000e+00 -5.483787041157484055e-03 0.000000000000000000e+00 4.300000000000000000e+01 0.000000000000000000e+00
4.824629724025726318e-01 5.580412745475769043e-01 1.629465222358703613e-01 1.566509902477264404e-01 -1.324778747558593750e+01 0.000000000000000000e+00 -5.483787041157484055e-03 0.000000000000000000e+00 4.300000000000000000e+01 0.000000000000000000e+00
4.824629724025726318e-01 5.580412745475769043e-01 1.629465222358703613e-01 1.566509902477264404e-01 -1.324778747558593750e+01 0.000000000000000000e+00 -5.483787041157484055e-03 0.000000000000000000e+00 4.300000000000000000e+01 0.000000000000000000e+00
4.824629724025726318e-01 5.580412745475769043e-01 1.629465222358703613e-01 1.566509902477264404e-01 -1.324778747558593750e+01 0.000000000000000000e+00 -5.483787041157484055e-03 0.000000000000000000e+00 4.300000000000000000e+01 0.000000000000000000e+00
4.824629724025726318e-01 5.580412745475769043e-01 1.629465222358703613e-01 1.566509902477264404e-01 -1.324778747558593750e+01 0.000000000000000000e+00 -5.483787041157484055e-03 0.000000000000000000e+00 4.300000000000000000e+01 0.000000000000000000e+00
4.824629724025726318e-01 5.580412745475769043e-01 1.629465222358703613e-01 1.566509902477264404e-01 -1.324778747558593750e+01 0.000000000000000000e+00 -5.483787041157484055e-03 0.000000000000000000e+00 4.300000000000000000e+01 0.000000000000000000e+00
4.824629724025726318e-01 5.580412745475769043e-01 1.629465222358703613e-01 1.566509902477264404e-01 -1.324778747558593750e+01 0.000000000000000000e+00 -5.483787041157484055e-03 0.000000000000000000e+00 4.300000000000000000e+01 0.000000000000000000e+00
4.824629724025726318e-01 5.580412745475769043e-01 1.629465222358703613e-01 1.566509902477264404e-01 -1.324778747558593750e+01 0.000000000000000000e+00 -5.483787041157484055e-03 0.000000000000000000e+00 4.300000000000000000e+01 0.000000000000000000e+00
4.824629724025726318e-01 5.580412745475769043e-01 1.629465222358703613e-01 1.566509902477264404e-01 -1.324778747558593750e+01 0.000000000000000000e+00 -5.483787041157484055e-03 0.000000000000000000e+00 4.300000000000000000e+01 0.000000000000000000e+00
4.824629724025726318e-01 5.580412745475769043e-01 1.629465222358703613e-01 1.566509902477264404e-01 -1.324778747558593750e+01 0.000000000000000000e+00 -5.483787041157484055e-03 0.000000000000000000e+00 4.300000000000000000e+01 0.000000000000000000e+00
4.824629724025726318e-01 5.580412745475769043e-01 1.629465222358703613e-01 1.566509902477264404e-01 -1.324778747558593750e+01 0.000000000000000000e+00 -5.483787041157484055e-03 0.000000000000000000e+00 4.300000000000000000e+01 0.000000000000000000e+00
4.824629724025726318e-01 5.580412745475769043e-01 1.629465222358703613e-01 1.566509902477264404e-01 -1.324778747558593750e+01 0.000000000000000000e+00 -5.483787041157484055e-03 0.000000000000000000e+00 4.300000000000000000e+01 0.000000000000000000e+00
4.824629724025726318e-01 5.580412745475769043e-01 1.629465222358703613e-01 1.566509902477264404e-01 -1.324778747558593750e+01 0.000000000000000000e+00 -5.483787041157484055e-03 0.000000000000000000e+00 4.300000000000000000e+01 0.000000000000000000e+00
4.824629724025726318e-01 5.580412745475769043e-01 1.629465222358703613e-01 1.566509902477264404e-01 -1.324778747558593750e+01 0.000000000000000000e+00 -5.483787041157484055e-03 0.000000000000000000e+00 4.300000000000000000e+01 0.000000000000000000e+00
4.824629724025726318e-01 5.580412745475769043e-01 1.629465222358703613e-01 1.566509902477264404e-01 -1.324778747558593750e+01 0.000000000000000000e+00 -5.483787041157484055e-03 0.000000000000000000e+00 4.300000000000000000e+01 0.000000000000000000e+00
4.824629724025726318e-01 5.580412745475769043e-01 1.629465222358703613e-01 1.566509902477264404e-01 -1.324778747558593750e+01 0.000000000000000000e+00 -5.483787041157484055e-03 0.000000000000000000e+00 4.300000000000000000e+01 0.000000000000000000e+00
4.824629724025726318e-01 5.580412745475769043e-01 1.629465222358703613e-01 1.566509902477264404e-01 -1.324778747558593750e+01 0.000000000000000000e+00 -5.483787041157484055e-03 0.000000000000000000e+00 4.300000000000000000e+01 0.000000000000000000e+00
4.824629724025726318e-01 5.580412745475769043e-01 1.629465222358703613e-01 1.566509902477264404e-01 -1.324778747558593750e+01 0.000000000000000000e+00 -5.483787041157484055e-03 0.000000000000000000e+00 4.300000000000000000e+01 0.000000000000000000e+00
4.824629724025726318e-01 5.580412745475769043e-01 1.629465222358703613e-01 1.566509902477264404e-01 -1.324778747558593750e+01 0.000000000000000000e+00 -5.483787041157484055e-03 0.000000000000000000e+00 4.300000000000000000e+01 0.000000000000000000e+00
4.824629724025726318e-01 5.580412745475769043e-01 1.629465222358703613e-01 1.566509902477264404e-01 -1.324778747558593750e+01 0.000000000000000000e+00 -5.483787041157484055e-03 0.000000000000000000e+00 4.300000000000000000e+01 0.000000000000000000e+00
