4.386944174766540527e-01 3.500303328037261963e-01 -2.578844726085662842e-01 -2.021089941263198853e-01 -1.610628967285156250e+02 -1.363506164550781250e+02 -6.667035073041915894e-02 -1.749427765607833862e-01 3.080000000000000000e+02 2.590000000000000000e+02
4.386944174766540527e-01 3.731622099876403809e-01 -2.033222913742065430e-01 -1.493800878524780273e-01 -1.078731231689453125e+02 -8.316084289550781250e+01 -4.465298354625701904e-02 -1.066983714699745178e-01 2.180000000000000000e+02 1.690000000000000000e+02
4.386944174766540527e-01 3.706436157226562500e-01 -2.071808129549026489e-01 -1.551211923360824585e-01 -9.438170623779296875e+01 -6.966942596435546875e+01 -3.906834870576858521e-02 -8.938839286565780640e-02 2.000000000000000000e+02 1.510000000000000000e+02
4.386944174766540527e-01 3.683698177337646484e-01 -2.120351344347000122e-01 -1.603042930364608765e-01 -9.045603179931640625e+01 -6.574374389648437500e+01 -3.744335472583770752e-02 -8.435159921646118164e-02 1.910000000000000000e+02 1.420000000000000000e+02
4.386944174766540527e-01 3.729857504367828369e-01 -1.996653676033020020e-01 -1.497823148965835571e-01 -8.645767211914062500e+01 -6.174539184570312500e+01 -3.578827530145645142e-02 -7.922156900167465210e-02 1.850000000000000000e+02 1.360000000000000000e+02
4.386944174766540527e-01 3.712747395038604736e-01 -2.028562873601913452e-01 -1.536825597286224365e-01 -8.493920135498046875e+01 -6.022691726684570312e+01 -3.515971824526786804e-02 -7.727331668138504028e-02 1.830000000000000000e+02 1.340000000000000000e+02
4.386944174766540527e-01 3.693566024303436279e-01 -2.079367637634277344e-01 -1.580549329519271851e-01 -8.111405944824218750e+01 -5.640177536010742188e+01 -3.357633948326110840e-02 -7.236552238464355469e-02 1.770000000000000000e+02 1.280000000000000000e+02
4.386944174766540527e-01 3.692129552364349365e-01 -2.081893533468246460e-01 -1.583823710680007935e-01 -7.930338287353515625e+01 -5.459110260009765625e+01 -3.282682970166206360e-02 -7.004235684871673584e-02 1.740000000000000000e+02 1.250000000000000000e+02
4.386944174766540527e-01 3.692129552364349365e-01 -2.081893533468246460e-01 -1.583823710680007935e-01 -7.930338287353515625e+01 -5.459110260009765625e+01 -3.282682970166206360e-02 -7.004235684871673584e-02 1.740000000000000000e+02 1.250000000000000000e+02
4.386944174766540527e-01 3.790532946586608887e-01 -1.847579181194305420e-01 -1.359513998031616211e-01 -7.786151123046875000e+01 -5.314922714233398438e+01 -3.222998231649398804e-02 -6.819238513708114624e-02 1.720000000000000000e+02 1.230000000000000000e+02
4.386944174766540527e-01 3.776120245456695557e-01 -1.876616179943084717e-01 -1.392367631196975708e-01 -7.785132598876953125e+01 -5.313904571533203125e+01 -3.222576528787612915e-02 -6.817931681871414185e-02 1.710000000000000000e+02 1.220000000000000000e+02
4.386944174766540527e-01 3.743665218353271484e-01 -1.914489716291427612e-01 -1.466348618268966675e-01 -6.961925506591796875e+01 -4.490696716308593750e+01 -2.881818264722824097e-02 -5.761726200580596924e-02 1.560000000000000000e+02 1.070000000000000000e+02
4.386944174766540527e-01 3.769026100635528564e-01 -1.855535805225372314e-01 -1.408538669347763062e-01 -6.600736999511718750e+01 -4.129508209228515625e+01 -2.732308022677898407e-02 -5.298308283090591431e-02 1.500000000000000000e+02 1.010000000000000000e+02
4.386944174766540527e-01 3.735604882240295410e-01 -1.929588466882705688e-01 -1.484722048044204712e-01 -6.333782196044921875e+01 -3.862553405761718750e+01 -2.621804736554622650e-02 -4.955795779824256897e-02 1.440000000000000000e+02 9.500000000000000000e+01
4.386944174766540527e-01 3.739560246467590332e-01 -1.917493790388107300e-01 -1.475705802440643311e-01 -6.087656402587890625e+01 -3.616428375244140625e+01 -2.519923448562622070e-02 -4.640008509159088135e-02 1.410000000000000000e+02 9.200000000000000000e+01
4.386944174766540527e-01 3.762066662311553955e-01 -1.858177930116653442e-01 -1.424402743577957153e-01 -5.945489501953125000e+01 -3.474261474609375000e+01 -2.461074851453304291e-02 -4.457603022456169128e-02 1.390000000000000000e+02 9.000000000000000000e+01
4.386944174766540527e-01 3.933930993080139160e-01 -1.483883261680603027e-01 -1.032639518380165100e-01 -5.782331466674804688e+01 -3.311103439331054688e+01 -2.393537200987339020e-02 -4.248265549540519714e-02 1.370000000000000000e+02 8.800000000000000000e+01
4.386944174766540527e-01 3.933930993080139160e-01 -1.483883261680603027e-01 -1.032639518380165100e-01 -5.782331466674804688e+01 -3.311103439331054688e+01 -2.393537200987339020e-02 -4.248265549540519714e-02 1.370000000000000000e+02 8.800000000000000000e+01
4.386944174766540527e-01 3.935342729091644287e-01 -1.480257958173751831e-01 -1.029421463608741760e-01 -5.617742538452148438e+01 -3.146514320373535156e+01 -2.325407415628433228e-02 -4.037091881036758423e-02 1.350000000000000000e+02 8.600000000000000000e+01
4.386944174766540527e-01 3.935342729091644287e-01 -1.480257958173751831e-01 -1.029421463608741760e-01 -5.617742538452148438e+01 -3.146514320373535156e+01 -2.325407415628433228e-02 -4.037091881036758423e-02 1.350000000000000000e+02 8.600000000000000000e+01
4.386944174766540527e-01 4.114053249359130859e-01 -1.028587445616722107e-01 -6.220524385571479797e-02 -4.711962127685546875e+01 -2.240734100341796875e+01 -1.950468868017196655e-02 -2.874942868947982788e-02 1.170000000000000000e+02 6.800000000000000000e+01
4.386944174766540527e-01 4.128259420394897461e-01 -9.741018712520599365e-02 -5.896695703268051147e-02 -4.230813598632812500e+01 -1.759585380554199219e+01 -1.751302182674407959e-02 -2.257611788809299469e-02 1.100000000000000000e+02 6.100000000000000000e+01
4.386944174766540527e-01 4.254790842533111572e-01 -6.752169132232666016e-02 -3.012423403561115265e-02 -3.951206207275390625e+01 -1.479978179931640625e+01 -1.635561697185039520e-02 -1.898865588009357452e-02 1.050000000000000000e+02 5.600000000000000000e+01
4.386944174766540527e-01 4.465309679508209229e-01 -1.217799354344606400e-02 1.786334626376628876e-02 -3.217571258544921875e+01 -7.463430404663085938e+00 -1.331880874931812286e-02 -9.575851261615753174e-03 9.300000000000000000e+01 4.400000000000000000e+01
4.386944174766540527e-01 4.444408714771270752e-01 -1.552015263587236404e-02 1.309899054467678070e-02 -3.156495666503906250e+01 -6.852673530578613281e+00 -1.306599285453557968e-02 -8.792228065431118011e-03 9.200000000000000000e+01 4.300000000000000000e+01
4.386944174766540527e-01 4.558935165405273438e-01 1.239826064556837082e-02 3.920519351959228516e-02 -3.011823272705078125e+01 -5.405947208404541016e+00 -1.246713567525148392e-02 -6.936025805771350861e-03 8.900000000000000000e+01 4.000000000000000000e+01
4.386944174766540527e-01 4.597045481204986572e-01 2.254767343401908875e-02 4.789240658283233643e-02 -2.920382690429687500e+01 -4.491541862487792969e+00 -1.208862662315368652e-02 -5.762810818850994110e-03 8.800000000000000000e+01 3.900000000000000000e+01
4.386944174766540527e-01 4.544213712215423584e-01 1.046001911163330078e-02 3.584945201873779297e-02 -2.812420845031738281e+01 -3.411926269531250000e+00 -1.164172962307929993e-02 -4.377624951303005219e-03 8.300000000000000000e+01 3.400000000000000000e+01
4.386944174766540527e-01 4.544213712215423584e-01 1.046001911163330078e-02 3.584945201873779297e-02 -2.812420845031738281e+01 -3.411926269531250000e+00 -1.164172962307929993e-02 -4.377624951303005219e-03 8.300000000000000000e+01 3.400000000000000000e+01
4.386944174766540527e-01 4.642500877380371094e-01 3.089738450944423676e-02 5.825392156839370728e-02 -2.668304824829101562e+01 -1.970764994621276855e+00 -1.104517653584480286e-02 -2.528562908992171288e-03 7.800000000000000000e+01 2.900000000000000000e+01
4.386944174766540527e-01 4.555030763149261475e-01 1.289703790098428726e-02 3.831518813967704773e-02 -2.616080665588378906e+01 -1.448523879051208496e+00 -1.082899980247020721e-02 -1.858508563600480556e-03 7.200000000000000000e+01 2.300000000000000000e+01
4.386944174766540527e-01 4.565972089767456055e-01 2.184412442147731781e-02 4.080925136804580688e-02 -2.518918800354003906e+01 -4.769046902656555176e-01 -1.042680814862251282e-02 -6.118859746493399143e-04 6.700000000000000000e+01 1.800000000000000000e+01
4.386944174766540527e-01 4.685408174991607666e-01 4.812302440404891968e-02 6.803460419178009033e-02 -2.513671493530273438e+01 -4.244315624237060547e-01 -1.040508784353733063e-02 -5.445610731840133667e-04 6.800000000000000000e+01 1.900000000000000000e+01
4.386944174766540527e-01 4.630675315856933594e-01 3.690841794013977051e-02 5.555829405784606934e-02 -2.508975601196289062e+01 -3.774715662002563477e-01 -1.038564927875995636e-02 -4.843096830882132053e-04 6.700000000000000000e+01 1.800000000000000000e+01
4.386944174766540527e-01 4.583451449871063232e-01 2.666976675391197205e-02 4.479365795850753784e-02 -2.498034477233886719e+01 -2.680610418319702148e-01 -1.034035999327898026e-02 -3.439320134930312634e-04 6.600000000000000000e+01 1.700000000000000000e+01
4.386944174766540527e-01 4.517939388751983643e-01 1.259898860007524490e-02 2.986024133861064911e-02 -2.495813560485839844e+01 -2.458523511886596680e-01 -1.033116597682237625e-02 -3.154374717269092798e-04 6.400000000000000000e+01 1.500000000000000000e+01
4.386944174766540527e-01 4.466327130794525146e-01 2.218872308731079102e-03 1.809527352452278137e-02 -2.491540336608886719e+01 -2.031201124191284180e-01 -1.031347736716270447e-02 -2.606104535516351461e-04 6.300000000000000000e+01 1.400000000000000000e+01
4.386944174766540527e-01 4.440549314022064209e-01 -3.831192152574658394e-03 1.221924368292093277e-02 -2.489532661437988281e+01 -1.830428838729858398e-01 -1.030516717582941055e-02 -2.348506386624649167e-04 6.100000000000000000e+01 1.200000000000000000e+01
4.386944174766540527e-01 4.419257938861846924e-01 -8.707004599273204803e-03 7.365893572568893433e-03 -2.477468681335449219e+01 -6.240373849868774414e-02 -1.025522965937852859e-02 -8.006625284906476736e-05 5.700000000000000000e+01 8.000000000000000000e+00
4.386944174766540527e-01 4.366948604583740234e-01 -2.069079317152500153e-02 -4.557972308248281479e-03 -2.475033569335937500e+01 -3.805184364318847656e-02 -1.024514995515346527e-02 -4.882189386989921331e-05 5.600000000000000000e+01 7.000000000000000000e+00
4.386944174766540527e-01 4.350590109825134277e-01 -2.416924014687538147e-02 -8.286876603960990906e-03 -2.474535369873046875e+01 -3.306919336318969727e-02 -1.024308707565069199e-02 -4.242897193762473762e-05 5.500000000000000000e+01 6.000000000000000000e+00
4.386944174766540527e-01 4.387512505054473877e-01 -1.600920222699642181e-02 1.295503752771764994e-04 -2.472897529602050781e+01 -1.669180393218994141e-02 -1.023630797863006592e-02 -2.141618824680335820e-05 5.600000000000000000e+01 7.000000000000000000e+00
4.386944174766540527e-01 4.387512505054473877e-01 -1.600920222699642181e-02 1.295503752771764994e-04 -2.472897529602050781e+01 -1.669180393218994141e-02 -1.023630797863006592e-02 -2.141618824680335820e-05 5.600000000000000000e+01 7.000000000000000000e+00
4.386944174766540527e-01 4.387512505054473877e-01 -1.600920222699642181e-02 1.295503752771764994e-04 -2.472897529602050781e+01 -1.669180393218994141e-02 -1.023630797863006592e-02 -2.141618824680335820e-05 5.600000000000000000e+01 7.000000000000000000e+00
4.386944174766540527e-01 4.386994540691375732e-01 -1.610666327178478241e-02 1.148086721514118835e-05 -2.472842788696289062e+01 -1.614332199096679688e-02 -1.023608073592185974e-02 -2.071246672130655497e-05 5.500000000000000000e+01 6.000000000000000000e+00
4.386944174766540527e-01 4.377193450927734375e-01 -1.866651698946952820e-02 -2.222668845206499100e-03 -2.472573089599609375e+01 -1.344799995422363281e-02 -1.023496501147747040e-02 -1.725427136989310384e-05 5.400000000000000000e+01 5.000000000000000000e+00
4.386944174766540527e-01 4.294548630714416504e-01 -3.365933522582054138e-02 -2.106148190796375275e-02 -2.472246551513671875e+01 -1.018124818801879883e-02 -1.023361273109912872e-02 -1.306290960201295093e-05 5.300000000000000000e+01 4.000000000000000000e+00
4.386944174766540527e-01 4.253662526607513428e-01 -4.239857941865921021e-02 -3.038143180310726166e-02 -2.471388244628906250e+01 -1.601755619049072266e-03 -1.023006066679954529e-02 -2.055110371657065116e-06 5.000000000000000000e+01 1.000000000000000000e+00
4.386944174766540527e-01 4.253662526607513428e-01 -4.239857941865921021e-02 -3.038143180310726166e-02 -2.471388244628906250e+01 -1.601755619049072266e-03 -1.023006066679954529e-02 -2.055110371657065116e-06 5.000000000000000000e+01 1.000000000000000000e+00
4.386944174766540527e-01 4.253662526607513428e-01 -4.239857941865921021e-02 -3.038143180310726166e-02 -2.471388244628906250e+01 -1.601755619049072266e-03 -1.023006066679954529e-02 -2.055110371657065116e-06 5.000000000000000000e+01 1.000000000000000000e+00
4.386944174766540527e-01 4.253662526607513428e-01 -4.239857941865921021e-02 -3.038143180310726166e-02 -2.471388244628906250e+01 -1.601755619049072266e-03 -1.023006066679954529e-02 -2.055110371657065116e-06 5.000000000000000000e+01 1.000000000000000000e+00
4.386944174766540527e-01 4.194298088550567627e-01 -5.563040077686309814e-02 -4.391350224614143372e-02 -2.471228218078613281e+01 0.000000000000000000e+00 -1.022939756512641907e-02 0.000000000000000000e+00 4.900000000000000000e+01 0.000000000000000000e+00
4.386944174766540527e-01 4.194298088550567627e-01 -5.563040077686309814e-02 -4.391350224614143372e-02 -2.471228218078613281e+01 0.000000000000000000e+00 -1.022939756512641907e-02 0.000000000000000000e+00 4.900000000000000000e+01 0.000000000000000000e+00
4.386944174766540527e-01 4.194298088550567627e-01 -5.563040077686309814e-02 -4.391350224614143372e-02 -2.471228218078613281e+01 0.000000000000000000e+00 -1.022939756512641907e-02 0.000000000000000000e+00 4.900000000000000000e+01 0.000000000000000000e+00
4.386944174766540527e-01 4.194298088550567627e-01 -5.563040077686309814e-02 -4.391350224614143372e-02 -2.471228218078613281e+01 0.000000000000000000e+00 -1.022939756512641907e-02 0.000000000000000000e+00 4.900000000000000000e+01 0.000000000000000000e+00
4.386944174766540527e-01 4.194298088550567627e-01 -5.563040077686309814e-02 -4.391350224614143372e-02 -2.471228218078613281e+01 0.000000000000000000e+00 -1.022939756512641907e-02 0.000000000000000000e+00 4.900000000000000000e+01 0.000000000000000000e+00
4.386944174766540527e-01 4.194298088550567627e-01 -5.563040077686309814e-02 -4.391350224614143372e-02 -2.471228218078613281e+01 0.000000000000000000e+00 -1.022939756512641907e-02 0.000000000000000000e+00 4.900000000000000000e+01 0.000000000000000000e+00
4.386944174766540527e-01 4.194298088550567627e-01 -5.563040077686309814e-02 -4.391350224614143372e-02 -2.471228218078613281e+01 0.000000000000000000e+00 -1.022939756512641907e-02 0.000000000000000000e+00 4.900000000000000000e+01 0.000000000000000000e+00
4.386944174766540527e-01 4.194298088550567627e-01 -5.563040077686309814e-02 -4.391350224614143372e-02 -2.471228218078613281e+01 0.000000000000000000e+00 -1.022939756512641907e-02 0.000000000000000000e+00 4.900000000000000000e+01 0.000000000000000000e+00
4.386944174766540527e-01 4.194298088550567627e-01 -5.563040077686309814e-02 -4.391350224614143372e-02 -2.471228218078613281e+01 0.000000000000000000e+00 -1.022939756512641907e-02 0.000000000000000000e+00 4.900000000000000000e+01 0.000000000000000000e+00
4.386944174766540527e-01 4.194298088550567627e-01 -5.563040077686309814e-02 -4.391350224614143372e-02 -2.471228218078613281e+01 0.000000000000000000e+00 -1.022939756512641907e-02 0.000000000000000000e+00 4.900000000000000000e+01 0.000000000000000000e+00
4.386944174766540527e-01 4.194298088550567627e-01 -5.563040077686309814e-02 -4.391350224614143372e-02 -2.471228218078613281e+01 0.000000000000000000e+00 -1.022939756512641907e-02 0.000000000000000000e+00 4.900000000000000000e+01 0.000000000000000000e+00
4.386944174766540527e-01 4.194298088550567627e-01 -5.563040077686309814e-02 -4.391350224614143372e-02 -2.471228218078613281e+01 0.000000000000000000e+00 -1.022939756512641907e-02 0.000000000000000000e+00 4.900000000000000000e+01 0.000000000000000000e+00
4.386944174766540527e-01 4.194298088550567627e-01 -5.563040077686309814e-02 -4.391350224614143372e-02 -2.471228218078613281e+01 0.000000000000000000e+00 -1.022939756512641907e-02 0.000000000000000000e+00 4.900000000000000000e+01 0.000000000000000000e+00
4.386944174766540527e-01 4.194298088550567627e-01 -5.563040077686309814e-02 -4.391350224614143372e-02 -2.471228218078613281e+01 0.000000000000000000e+00 -1.022939756512641907e-02 0.000000000000000000e+00 4.900000000000000000e+01 0.000000000000000000e+00
4.386944174766540527e-01 4.194298088550567627e-01 -5.563040077686309814e-02 -4.391350224614143372e-02 -2.471228218078613281e+01 0.000000000000000000e+00 -1.022939756512641907e-02 0.000000000000000000e+00 4.900000000000000000e+01 0.000000000000000000e+00
4.386944174766540527e-01 4.194298088550567627e-01 -5.563040077686309814e-02 -4.391350224614143372e-02 -2.471228218078613281e+01 0.000000000000000000e+00 -1.022939756512641907e-02 0.000000000000000000e+00 4.900000000000000000e+01 0.000000000000000000e+00
4.386944174766540527e-01 4.194298088550567627e-01 -5.563040077686309814e-02 -4.391350224614143372e-02 -2.471228218078613281e+01 0.000000000000000000e+00 -1.022939756512641907e-02 0.000000000000000000e+00 4.900000000000000000e+01 0.000000000000000000e+00
4.386944174766540527e-01 4.194298088550567627e-01 -5.563040077686309814e-02 -4.391350224614143372e-02 -2.471228218078613281e+01 0.000000000000000000e+00 -1.022939756512641907e-02 0.000000000000000000e+00 4.900000000000000000e+01 0.000000000000000000e+00
4.386944174766540527e-01 4.194298088550567627e-01 -5.563040077686309814e-02 -4.391350224614143372e-02 -2.471228218078613281e+01 0.000000000000000000e+00 -1.022939756512641907e-02 0.000000000000000000e+00 4.900000000000000000e+01 0.000000000000000000e+00
4.386944174766540527e-01 4.194298088550567627e-01 -5.563040077686309814e-02 -4.391350224614143372e-02 -2.471228218078613281e+01 0.000000000000000000e+00 -1.022939756512641907e-02 0.000000000000000000e+00 4.900000000000000000e+01 0.000000000000000000e+00
4.386944174766540527e-01 4.194298088550567627e-01 -5.563040077686309814e-02 -4.391350224614143372e-02 -2.471228218078613281e+01 0.000000000000000000e+00 -1.022939756512641907e-02 0.000000000000000000e+00 4.900000000000000000e+01 0.000000000000000000e+00
4.386944174766540527e-01 4.194298088550567627e-01 -5.563040077686309814e-02 -4.391350224614143372e-02 -2.471228218078613281e+01 0.000000000000000000e+00 -1.022939756512641907e-02 0.000000000000000000e+00 4.900000000000000000e+01 0.000000000000000000e+00
4.386944174766540527e-01 4.194298088550567627e-01 -5.563040077686309814e-02 -4.391350224614143372e-02 -2.471228218078613281e+01 0.000000000000000000e+00 -1.022939756512641907e-02 0.000000000000000000e+00 4.900000000000000000e+01 0.000000000000000000e+00
4.386944174766540527e-01 4.194298088550567627e-01 -5.563040077686309814e-02 -4.391350224614143372e-02 -2.471228218078613281e+01 0.000000000000000000e+00 -1.022939756512641907e-02 0.000000000000000000e+00 4.900000000000000000e+01 0.000000000000000000e+00
4.386944174766540527e-01 4.194298088550567627e-01 -5.563040077686309814e-02 -4.391350224614143372e-02 -2.471228218078613281e+01 0.000000000000000000e+00 -1.022939756512641907e-02 0.000000000000000000e+00 4.900000000000000000e+01 0.000000000000000000e+00
4.386944174766540527e-01 4.194298088550567627e-01 -5.563040077686309814e-02 -4.391350224614143372e-02 -2.471228218078613281e+01 0.000000000000000000e+00 -1.022939756512641907e-02 0.000000000000000000e+00 4.900000000000000000e+01 0.000000000000000000e+00
4.386944174766540527e-01 4.194298088550567627e-01 -5.563040077686309814e-02 -4.391350224614143372e-02 -2.471228218078613281e+01 0.000000000000000000e+00 -1.022939756512641907e-02 0.000000000000000000e+00 4.900000000000000000e+01 0.000000000000000000e+00
4.386944174766540527e-01 4.194298088550567627e-01 -5.563040077686309814e-02 -4.391350224614143372e-02 -2.471228218078613281e+01 0.000000000000000000e+00 -1.022939756512641907e-02 0.000000000000000000e+00 4.900000000000000000e+01 0.000000000000000000e+00
4.386944174766540527e-01 4.194298088550567627e-01 -5.563040077686309814e-02 -4.391350224614143372e-02 -2.471228218078613281e+01 0.000000000000000000e+00 -1.022939756512641907e-02 0.000000000000000000e+00 4.900000000000000000e+01 0.000000000000000000e+00
4.386944174766540527e-01 4.194298088550567627e-01 -5.563040077686309814e-02 -4.391350224614143372e-02 -2.471228218078613281e+01 0.000000000000000000e+00 -1.022939756512641907e-02 0.000000000000000000e+00 4.900000000000000000e+01 0.000000000000000000e+00
4.386944174766540527e-01 4.194298088550567627e-01 -5.563040077686309814e-02 -4.391350224614143372e-02 -2.471228218078613281e+01 0.000000000000000000e+00 -1.022939756512641907e-02 0.000000000000000000e+00 4.900000000000000000e+01 0.000000000000000000e+00
4.386944174766540527e-01 4.194298088550567627e-01 -5.563040077686309814e-02 -4.391350224614143372e-02 -2.471228218078613281e+01 0.000000000000000000e+00 -1.022939756512641907e-02 0.000000000000000000e+00 4.900000000000000000e+01 0.000000000000000000e+00
4.386944174766540527e-01 4.194298088550567627e-01 -5.563040077686309814e-02 -4.391350224614143372e-02 -2.471228218078613281e+01 0.000000000000000000e+00 -1.022939756512641907e-02 0.000000000000000000e+00 4.900000000000000000e+01 0.000000000000000000e+00
4.386944174766540527e-01 4.194298088550567627e-01 -5.563040077686309814e-02 -4.391350224614143372e-02 -2.471228218078613281e+01 0.000000000000000000e+00 -1.022939756512641907e-02 0.000000000000000000e+00 4.900000000000000000e+01 0.000000000000000000e+00
4.386944174766540527e-01 4.194298088550567627e-01 -5.563040077686309814e-02 -4.391350224614143372e-02 -2.471228218078613281e+01 0.000000000000000000e+00 -1.022939756512641907e-02 0.000000000000000000e+00 4.900000000000000000e+01 0.000000000000000000e+00
4.386944174766540527e-01 4.194298088550567627e-01 -5.563040077686309814e-02 -4.391350224614143372e-02 -2.471228218078613281e+01 0.000000000000000000e+00 -1.022939756512641907e-02 0.000000000000000000e+00 4.900000000000000000e+01 0.000000000000000000e+00
4.386944174766540527e-01 4.194298088550567627e-01 -5.563040077686309814e-02 -4.391350224614143372e-02 -2.471228218078613281e+01 0.000000000000000000e+00 -1.022939756512641907e-02 0.000000000000000000e+00 4.900000000000000000e+01 0.000000000000000000e+00
4.386944174766540527e-01 4.194298088550567627e-01 -5.563040077686309814e-02 -4.391350224614143372e-02 -2.471228218078613281e+01 0.000000000000000000e+00 -1.022939756512641907e-02 0.000000000000000000e+00 4.900000000000000000e+01 0.000000000000000000e+00
4.386944174766540527e-01 4.194298088550567627e-01 -5.563040077686309814e-02 -4.391350224614143372e-02 -2.471228218078613281e+01 0.000000000000000000e+00 -1.022939756512641907e-02 0.000000000000000000e+00 4.900000000000000000e+01 0.000000000000000000e+00
4.386944174766540527e-01 4.194298088550567627e-01 -5.563040077686309814e-02 -4.391350224614143372e-02 -2.471228218078613281e+01 0.000000000000000000e+00 -1.022939756512641907e-02 0.000000000000000000e+00 4.900000000000000000e+01 0.000000000000000000e+00
