4.710813164710998535e-01 4.250864982604980469e-01 -1.279405802488327026e-01 -9.763668477535247803e-02 -2.665986251831054688e+01 -1.731813812255859375e+01 -1.103557925671339035e-02 -2.840379253029823303e-02 2.020000000000000000e+02 1.520000000000000000e+02
4.710813164710998535e-01 4.859800934791564941e-01 6.256093736737966537e-03 3.162676095962524414e-02 -1.561614418029785156e+01 -6.274420261383056641e+00 -6.464144214987754822e-03 -1.029079034924507141e-02 1.380000000000000000e+02 8.800000000000000000e+01
4.710813164710998535e-01 4.905235469341278076e-01 1.607498340308666229e-02 4.127149656414985657e-02 -1.511624813079833984e+01 -5.774524688720703125e+00 -6.257217377424240112e-03 -9.470903314650058746e-03 1.290000000000000000e+02 7.900000000000000000e+01
4.710813164710998535e-01 4.939739108085632324e-01 2.500701323151588440e-02 4.859584569931030273e-02 -1.446956825256347656e+01 -5.127844333648681641e+00 -5.989530589431524277e-03 -8.410270325839519501e-03 1.240000000000000000e+02 7.400000000000000000e+01
4.710813164710998535e-01 4.993983805179595947e-01 3.731525316834449768e-02 6.011077761650085449e-02 -1.423517131805419922e+01 -4.893447875976562500e+00 -5.892504472285509109e-03 -8.025832474231719971e-03 1.220000000000000000e+02 7.200000000000000000e+01
4.710813164710998535e-01 5.109159946441650391e-01 6.463942676782608032e-02 8.456008881330490112e-02 -1.406595039367675781e+01 -4.724225997924804688e+00 -5.822456907480955124e-03 -7.748289033770561218e-03 1.200000000000000000e+02 7.000000000000000000e+01
4.710813164710998535e-01 5.076490044593811035e-01 5.728776380419731140e-02 7.762499898672103882e-02 -1.397214889526367188e+01 -4.630426406860351562e+00 -5.783629138022661209e-03 -7.594446651637554169e-03 1.180000000000000000e+02 6.800000000000000000e+01
4.710813164710998535e-01 5.076490044593811035e-01 5.728776380419731140e-02 7.762499898672103882e-02 -1.397214889526367188e+01 -4.630426406860351562e+00 -5.783629138022661209e-03 -7.594446651637554169e-03 1.180000000000000000e+02 6.800000000000000000e+01
4.710813164710998535e-01 5.122045278549194336e-01 6.847739219665527344e-02 8.729535341262817383e-02 -1.357952404022216797e+01 -4.237800598144531250e+00 -5.621105898171663284e-03 -6.950493901968002319e-03 1.160000000000000000e+02 6.600000000000000000e+01
4.710813164710998535e-01 5.122045278549194336e-01 6.847739219665527344e-02 8.729535341262817383e-02 -1.357952404022216797e+01 -4.237800598144531250e+00 -5.621105898171663284e-03 -6.950493901968002319e-03 1.160000000000000000e+02 6.600000000000000000e+01
4.710813164710998535e-01 5.122045278549194336e-01 6.847739219665527344e-02 8.729535341262817383e-02 -1.357952404022216797e+01 -4.237800598144531250e+00 -5.621105898171663284e-03 -6.950493901968002319e-03 1.160000000000000000e+02 6.600000000000000000e+01
4.710813164710998535e-01 4.978309571743011475e-01 3.905850276350975037e-02 5.678348988294601440e-02 -1.336723327636718750e+01 -4.025510311126708984e+00 -5.533230025321245193e-03 -6.602312903851270676e-03 1.110000000000000000e+02 6.100000000000000000e+01
4.710813164710998535e-01 4.954906105995178223e-01 3.389797732234001160e-02 5.181545764207839966e-02 -1.323325729370117188e+01 -3.891533374786376953e+00 -5.477772094309329987e-03 -6.382574792951345444e-03 1.090000000000000000e+02 5.900000000000000000e+01
4.710813164710998535e-01 5.114112496376037598e-01 7.166019082069396973e-02 8.561140298843383789e-02 -1.275913619995117188e+01 -3.417412757873535156e+00 -5.281514488160610199e-03 -5.604960955679416656e-03 1.060000000000000000e+02 5.600000000000000000e+01
4.710813164710998535e-01 5.081923007965087891e-01 6.487026810646057129e-02 7.877829670906066895e-02 -1.275351142883300781e+01 -3.411788463592529297e+00 -5.279186181724071503e-03 -5.595736205577850342e-03 1.060000000000000000e+02 5.600000000000000000e+01
4.710813164710998535e-01 5.081923007965087891e-01 6.487026810646057129e-02 7.877829670906066895e-02 -1.275351142883300781e+01 -3.411788463592529297e+00 -5.279186181724071503e-03 -5.595736205577850342e-03 1.060000000000000000e+02 5.600000000000000000e+01
4.710813164710998535e-01 5.081923007965087891e-01 6.487026810646057129e-02 7.877829670906066895e-02 -1.275351142883300781e+01 -3.411788463592529297e+00 -5.279186181724071503e-03 -5.595736205577850342e-03 1.060000000000000000e+02 5.600000000000000000e+01
4.710813164710998535e-01 5.065847039222717285e-01 6.160125136375427246e-02 7.536572962999343872e-02 -1.274605274200439453e+01 -3.404329299926757812e+00 -5.276098847389221191e-03 -5.583502352237701416e-03 1.050000000000000000e+02 5.500000000000000000e+01
4.710813164710998535e-01 4.971342980861663818e-01 4.269416257739067078e-02 5.530463904142379761e-02 -1.255323219299316406e+01 -3.211508512496948242e+00 -5.196282640099525452e-03 -5.267253611236810684e-03 1.030000000000000000e+02 5.300000000000000000e+01
4.710813164710998535e-01 4.971342980861663818e-01 4.269416257739067078e-02 5.530463904142379761e-02 -1.255323219299316406e+01 -3.211508512496948242e+00 -5.196282640099525452e-03 -5.267253611236810684e-03 1.030000000000000000e+02 5.300000000000000000e+01
4.710813164710998535e-01 5.340932607650756836e-01 1.225679665803909302e-01 1.337602287530899048e-01 -1.215504455566406250e+01 -2.813321113586425781e+00 -5.031457170844078064e-03 -4.614179022610187531e-03 9.700000000000000000e+01 4.700000000000000000e+01
4.710813164710998535e-01 5.268548727035522461e-01 1.064453125000000000e-01 1.183947548270225525e-01 -1.209269809722900391e+01 -2.750974893569946289e+00 -5.005649290978908539e-03 -4.511923994868993759e-03 9.500000000000000000e+01 4.500000000000000000e+01
4.710813164710998535e-01 5.227761864662170410e-01 9.765349328517913818e-02 1.097366139292716980e-01 -1.203648757934570312e+01 -2.694765090942382812e+00 -4.982381593436002731e-03 -4.419733304530382156e-03 9.300000000000000000e+01 4.300000000000000000e+01
4.710813164710998535e-01 4.976272881031036377e-01 4.191189631819725037e-02 5.635114386677742004e-02 -1.177020072937011719e+01 -2.428477287292480469e+00 -4.872154910117387772e-03 -3.982989583164453506e-03 8.800000000000000000e+01 3.800000000000000000e+01
4.710813164710998535e-01 4.990805983543395996e-01 4.497743025422096252e-02 5.943619832396507263e-02 -1.176407527923583984e+01 -2.422352313995361328e+00 -4.869619384407997131e-03 -3.972943872213363647e-03 8.700000000000000000e+01 3.700000000000000000e+01
4.710813164710998535e-01 4.932895302772521973e-01 3.259390592575073242e-02 4.714305698871612549e-02 -1.172834205627441406e+01 -2.386619329452514648e+00 -4.854828119277954102e-03 -3.914337605237960815e-03 8.500000000000000000e+01 3.500000000000000000e+01
4.710813164710998535e-01 5.015954375267028809e-01 4.850917682051658630e-02 6.477463990449905396e-02 -1.151077079772949219e+01 -2.169046878814697266e+00 -4.764766432344913483e-03 -3.557493211701512337e-03 8.500000000000000000e+01 3.500000000000000000e+01
4.710813164710998535e-01 5.223158001899719238e-01 9.031692147254943848e-02 1.087593212723731995e-01 -1.124501609802246094e+01 -1.903292179107666016e+00 -4.654760006815195084e-03 -3.121624235063791275e-03 8.600000000000000000e+01 3.600000000000000000e+01
4.710813164710998535e-01 5.126422047615051270e-01 7.018438726663589478e-02 8.822444826364517212e-02 -1.124088191986083984e+01 -1.899158596992492676e+00 -4.653048701584339142e-03 -3.114844672381877899e-03 8.500000000000000000e+01 3.500000000000000000e+01
4.710813164710998535e-01 4.968714416027069092e-01 4.091127216815948486e-02 5.474665388464927673e-02 -1.064256858825683594e+01 -1.300846099853515625e+00 -4.405383020639419556e-03 -2.133541274815797806e-03 8.100000000000000000e+01 3.100000000000000000e+01
4.710813164710998535e-01 4.848999977111816406e-01 1.927178539335727692e-02 2.933396212756633759e-02 -1.042176246643066406e+01 -1.080039024353027344e+00 -4.313982557505369186e-03 -1.771391602233052254e-03 7.800000000000000000e+01 2.800000000000000000e+01
4.710813164710998535e-01 4.927046597003936768e-01 3.770366683602333069e-02 4.590150713920593262e-02 -1.045673274993896484e+01 -1.115009307861328125e+00 -4.328458104282617569e-03 -1.828747102990746498e-03 7.600000000000000000e+01 2.600000000000000000e+01
4.710813164710998535e-01 4.914015829563140869e-01 3.424849361181259155e-02 4.313536733388900757e-02 -1.028204250335693359e+01 -9.403194785118103027e-01 -4.256146959960460663e-03 -1.542235026136040688e-03 7.400000000000000000e+01 2.400000000000000000e+01
4.710813164710998535e-01 4.874779284000396729e-01 2.551442384719848633e-02 3.480632975697517395e-02 -9.965847015380859375e+00 -6.241236329078674316e-01 -4.125261213630437851e-03 -1.023636548779904842e-03 7.200000000000000000e+01 2.200000000000000000e+01
4.710813164710998535e-01 4.923231303691864014e-01 3.989831730723381042e-02 4.509160667657852173e-02 -9.846385955810546875e+00 -5.046626329421997070e-01 -4.075811244547367096e-03 -8.277063607238233089e-04 7.100000000000000000e+01 2.100000000000000000e+01
4.710813164710998535e-01 4.948112368583679199e-01 4.378633573651313782e-02 5.037330090999603271e-02 -9.803691864013671875e+00 -4.619677662849426270e-01 -4.058138467371463776e-03 -7.576817297376692295e-04 7.000000000000000000e+01 2.000000000000000000e+01
4.710813164710998535e-01 4.930345118045806885e-01 4.044934362173080444e-02 4.660171270370483398e-02 -9.698396682739257812e+00 -3.566730618476867676e-01 -4.014552570879459381e-03 -5.849860026501119137e-04 6.700000000000000000e+01 1.700000000000000000e+01
4.710813164710998535e-01 4.828078448772430420e-01 1.911601983010768890e-02 2.489279024302959442e-02 -9.643460273742675781e+00 -3.017371296882629395e-01 -3.991812467575073242e-03 -4.948845598846673965e-04 6.500000000000000000e+01 1.500000000000000000e+01
4.710813164710998535e-01 4.759451150894165039e-01 9.732317994348704815e-04 1.032475382089614868e-02 -9.497133255004882812e+00 -1.554107069969177246e-01 -3.931241575628519058e-03 -2.548919292166829109e-04 6.100000000000000000e+01 1.100000000000000000e+01
4.710813164710998535e-01 4.717245399951934814e-01 -9.135524742305278778e-03 1.365419360809028149e-03 -9.417346954345703125e+00 -7.562309503555297852e-02 -3.898215014487504959e-03 -1.240308192791417241e-04 5.700000000000000000e+01 7.000000000000000000e+00
4.710813164710998535e-01 4.581077396869659424e-01 -3.564001992344856262e-02 -2.753999456763267517e-02 -9.387281417846679688e+00 -4.555761814117431641e-02 -3.885769750922918320e-03 -7.471987919416278601e-05 5.500000000000000000e+01 5.000000000000000000e+00
4.710813164710998535e-01 4.530909657478332520e-01 -4.511159285902976990e-02 -3.818948194384574890e-02 -9.377451896667480469e+00 -3.572845458984375000e-02 -3.881700802594423294e-03 -5.859888915438205004e-05 5.400000000000000000e+01 4.000000000000000000e+00
4.710813164710998535e-01 4.540090560913085938e-01 -4.355148226022720337e-02 -3.624058142304420471e-02 -9.365064620971679688e+00 -2.334171533584594727e-02 -3.876573173329234123e-03 -3.828317130682989955e-05 5.200000000000000000e+01 2.000000000000000000e+00
4.710813164710998535e-01 4.481042027473449707e-01 -5.706088989973068237e-02 -4.877525940537452698e-02 -9.342860221862792969e+00 -1.136958599090576172e-03 -3.867381950840353966e-03 -1.864746423052565660e-06 5.100000000000000000e+01 1.000000000000000000e+00
4.710813164710998535e-01 4.481042027473449707e-01 -5.706088989973068237e-02 -4.877525940537452698e-02 -9.342860221862792969e+00 -1.136958599090576172e-03 -3.867381950840353966e-03 -1.864746423052565660e-06 5.100000000000000000e+01 1.000000000000000000e+00
4.710813164710998535e-01 4.481042027473449707e-01 -5.706088989973068237e-02 -4.877525940537452698e-02 -9.342860221862792969e+00 -1.136958599090576172e-03 -3.867381950840353966e-03 -1.864746423052565660e-06 5.100000000000000000e+01 1.000000000000000000e+00
4.710813164710998535e-01 4.481042027473449707e-01 -5.706088989973068237e-02 -4.877525940537452698e-02 -9.342860221862792969e+00 -1.136958599090576172e-03 -3.867381950840353966e-03 -1.864746423052565660e-06 5.100000000000000000e+01 1.000000000000000000e+00
4.710813164710998535e-01 4.510543346405029297e-01 -5.043922364711761475e-02 -4.251279309391975403e-02 -9.341723442077636719e+00 0.000000000000000000e+00 -3.866911400109529495e-03 0.000000000000000000e+00 5.000000000000000000e+01 0.000000000000000000e+00
4.710813164710998535e-01 4.510543346405029297e-01 -5.043922364711761475e-02 -4.251279309391975403e-02 -9.341723442077636719e+00 0.000000000000000000e+00 -3.866911400109529495e-03 0.000000000000000000e+00 5.000000000000000000e+01 0.000000000000000000e+00
4.710813164710998535e-01 4.510543346405029297e-01 -5.043922364711761475e-02 -4.251279309391975403e-02 -9.341723442077636719e+00 0.000000000000000000e+00 -3.866911400109529495e-03 0.000000000000000000e+00 5.000000000000000000e+01 0.000000000000000000e+00
4.710813164710998535e-01 4.510543346405029297e-01 -5.043922364711761475e-02 -4.251279309391975403e-02 -9.341723442077636719e+00 0.000000000000000000e+00 -3.866911400109529495e-03 0.000000000000000000e+00 5.000000000000000000e+01 0.000000000000000000e+00
4.710813164710998535e-01 4.510543346405029297e-01 -5.043922364711761475e-02 -4.251279309391975403e-02 -9.341723442077636719e+00 0.000000000000000000e+00 -3.866911400109529495e-03 0.000000000000000000e+00 5.000000000000000000e+01 0.000000000000000000e+00
4.710813164710998535e-01 4.510543346405029297e-01 -5.043922364711761475e-02 -4.251279309391975403e-02 -9.341723442077636719e+00 0.000000000000000000e+00 -3.866911400109529495e-03 0.000000000000000000e+00 5.000000000000000000e+01 0.000000000000000000e+00
4.710813164710998535e-01 4.510543346405029297e-01 -5.043922364711761475e-02 -4.251279309391975403e-02 -9.341723442077636719e+00 0.000000000000000000e+00 -3.866911400109529495e-03 0.000000000000000000e+00 5.000000000000000000e+01 0.000000000000000000e+00
4.710813164710998535e-01 4.510543346405029297e-01 -5.043922364711761475e-02 -4.251279309391975403e-02 -9.341723442077636719e+00 0.000000000000000000e+00 -3.866911400109529495e-03 0.000000000000000000e+00 5.000000000000000000e+01 0.000000000000000000e+00
4.710813164710998535e-01 4.510543346405029297e-01 -5.043922364711761475e-02 -4.251279309391975403e-02 -9.341723442077636719e+00 0.000000000000000000e+00 -3.866911400109529495e-03 0.000000000000000000e+00 5.000000000000000000e+01 0.000000000000000000e+00
4.710813164710998535e-01 4.510543346405029297e-01 -5.043922364711761475e-02 -4.251279309391975403e-02 -9.341723442077636719e+00 0.000000000000000000e+00 -3.866911400109529495e-03 0.000000000000000000e+00 5.000000000000000000e+01 0.000000000000000000e+00
4.710813164710998535e-01 4.510543346405029297e-01 -5.043922364711761475e-02 -4.251279309391975403e-02 -9.341723442077636719e+00 0.000000000000000000e+00 -3.866911400109529495e-03 0.000000000000000000e+00 5.000000000000000000e+01 0.000000000000000000e+00
4.710813164710998535e-01 4.510543346405029297e-01 -5.043922364711761475e-02 -4.251279309391975403e-02 -9.341723442077636719e+00 0.000000000000000000e+00 -3.866911400109529495e-03 0.000000000000000000e+00 5.000000000000000000e+01 0.000000000000000000e+00
4.710813164710998535e-01 4.510543346405029297e-01 -5.043922364711761475e-02 -4.251279309391975403e-02 -9.341723442077636719e+00 0.000000000000000000e+00 -3.866911400109529495e-03 0.000000000000000000e+00 5.000000000000000000e+01 0.000000000000000000e+00
4.710813164710998535e-01 4.510543346405029297e-01 -5.043922364711761475e-02 -4.251279309391975403e-02 -9.341723442077636719e+00 0.000000000000000000e+00 -3.866911400109529495e-03 0.000000000000000000e+00 5.000000000000000000e+01 0.000000000000000000e+00
4.710813164710998535e-01 4.510543346405029297e-01 -5.043922364711761475e-02 -4.251279309391975403e-02 -9.341723442077636719e+00 0.000000000000000000e+00 -3.866911400109529495e-03 0.000000000000000000e+00 5.000000000000000000e+01 0.000000000000000000e+00
4.710813164710998535e-01 4.510543346405029297e-01 -5.043922364711761475e-02 -4.251279309391975403e-02 -9.341723442077636719e+00 0.000000000000000000e+00 -3.866911400109529495e-03 0.000000000000000000e+00 5.000000000000000000e+01 0.000000000000000000e+00
4.710813164710998535e-01 4.510543346405029297e-01 -5.043922364711761475e-02 -4.251279309391975403e-02 -9.341723442077636719e+00 0.000000000000000000e+00 -3.866911400109529495e-03 0.000000000000000000e+00 5.000000000000000000e+01 0.000000000000000000e+00
4.710813164710998535e-01 4.510543346405029297e-01 -5.043922364711761475e-02 -4.251279309391975403e-02 -9.341723442077636719e+00 0.000000000000000000e+00 -3.866911400109529495e-03 0.000000000000000000e+00 5.000000000000000000e+01 0.000000000000000000e+00
4.710813164710998535e-01 4.510543346405029297e-01 -5.043922364711761475e-02 -4.251279309391975403e-02 -9.341723442077636719e+00 0.000000000000000000e+00 -3.866911400109529495e-03 0.000000000000000000e+00 5.000000000000000000e+01 0.000000000000000000e+00
4.710813164710998535e-01 4.510543346405029297e-01 -5.043922364711761475e-02 -4.251279309391975403e-02 -9.341723442077636719e+00 0.000000000000000000e+00 -3.866911400109529495e-03 0.000000000000000000e+00 5.000000000000000000e+01 0.000000000000000000e+00
4.710813164710998535e-01 4.510543346405029297e-01 -5.043922364711761475e-02 -4.251279309391975403e-02 -9.341723442077636719e+00 0.000000000000000000e+00 -3.866911400109529495e-03 0.000000000000000000e+00 5.000000000000000000e+01 0.000000000000000000e+00
4.710813164710998535e-01 4.510543346405029297e-01 -5.043922364711761475e-02 -4.251279309391975403e-02 -9.341723442077636719e+00 0.000000000000000000e+00 -3.866911400109529495e-03 0.000000000000000000e+00 5.000000000000000000e+01 0.000000000000000000e+00
4.710813164710998535e-01 4.510543346405029297e-01 -5.043922364711761475e-02 -4.251279309391975403e-02 -9.341723442077636719e+00 0.000000000000000000e+00 -3.866911400109529495e-03 0.000000000000000000e+00 5.000000000000000000e+01 0.000000000000000000e+00
4.710813164710998535e-01 4.510543346405029297e-01 -5.043922364711761475e-02 -4.251279309391975403e-02 -9.341723442077636719e+00 0.000000000000000000e+00 -3.866911400109529495e-03 0.000000000000000000e+00 5.000000000000000000e+01 0.000000000000000000e+00
4.710813164710998535e-01 4.510543346405029297e-01 -5.043922364711761475e-02 -4.251279309391975403e-02 -9.341723442077636719e+00 0.000000000000000000e+00 -3.866911400109529495e-03 0.000000000000000000e+00 5.000000000000000000e+01 0.000000000000000000e+00
4.710813164710998535e-01 4.510543346405029297e-01 -5.043922364711761475e-02 -4.251279309391975403e-02 -9.341723442077636719e+00 0.000000000000000000e+00 -3.866911400109529495e-03 0.000000000000000000e+00 5.000000000000000000e+01 0.000000000000000000e+00
4.710813164710998535e-01 4.510543346405029297e-01 -5.043922364711761475e-02 -4.251279309391975403e-02 -9.341723442077636719e+00 0.000000000000000000e+00 -3.866911400109529495e-03 0.000000000000000000e+00 5.000000000000000000e+01 0.000000000000000000e+00
4.710813164710998535e-01 4.510543346405029297e-01 -5.043922364711761475e-02 -4.251279309391975403e-02 -9.341723442077636719e+00 0.000000000000000000e+00 -3.866911400109529495e-03 0.000000000000000000e+00 5.000000000000000000e+01 0.000000000000000000e+00
4.710813164710998535e-01 4.510543346405029297e-01 -5.043922364711761475e-02 -4.251279309391975403e-02 -9.341723442077636719e+00 0.000000000000000000e+00 -3.866911400109529495e-03 0.000000000000000000e+00 5.000000000000000000e+01 0.000000000000000000e+00
4.710813164710998535e-01 4.510543346405029297e-01 -5.043922364711761475e-02 -4.251279309391975403e-02 -9.341723442077636719e+00 0.000000000000000000e+00 -3.866911400109529495e-03 0.000000000000000000e+00 5.000000000000000000e+01 0.000000000000000000e+00
4.710813164710998535e-01 4.510543346405029297e-01 -5.043922364711761475e-02 -4.251279309391975403e-02 -9.341723442077636719e+00 0.000000000000000000e+00 -3.866911400109529495e-03 0.000000000000000000e+00 5.000000000000000000e+01 0.000000000000000000e+00
4.710813164710998535e-01 4.510543346405029297e-01 -5.043922364711761475e-02 -4.251279309391975403e-02 -9.341723442077636719e+00 0.000000000000000000e+00 -3.866911400109529495e-03 0.000000000000000000e+00 5.000000000000000000e+01 0.000000000000000000e+00
4.710813164710998535e-01 4.510543346405029297e-01 -5.043922364711761475e-02 -4.251279309391975403e-02 -9.341723442077636719e+00 0.000000000000000000e+00 -3.866911400109529495e-03 0.000000000000000000e+00 5.000000000000000000e+01 0.000000000000000000e+00
4.710813164710998535e-01 4.510543346405029297e-01 -5.043922364711761475e-02 -4.251279309391975403e-02 -9.341723442077636719e+00 0.000000000000000000e+00 -3.866911400109529495e-03 0.000000000000000000e+00 5.000000000000000000e+01 0.000000000000000000e+00
4.710813164710998535e-01 4.510543346405029297e-01 -5.043922364711761475e-02 -4.251279309391975403e-02 -9.341723442077636719e+00 0.000000000000000000e+00 -3.866911400109529495e-03 0.000000000000000000e+00 5.000000000000000000e+01 0.000000000000000000e+00
4.710813164710998535e-01 4.510543346405029297e-01 -5.043922364711761475e-02 -4.251279309391975403e-02 -9.341723442077636719e+00 0.000000000000000000e+00 -3.866911400109529495e-03 0.000000000000000000e+00 5.000000000000000000e+01 0.000000000000000000e+00
4.710813164710998535e-01 4.510543346405029297e-01 -5.043922364711761475e-02 -4.251279309391975403e-02 -9.341723442077636719e+00 0.000000000000000000e+00 -3.866911400109529495e-03 0.000000000000000000e+00 5.000000000000000000e+01 0.000000000000000000e+00
4.710813164710998535e-01 4.510543346405029297e-01 -5.043922364711761475e-02 -4.251279309391975403e-02 -9.341723442077636719e+00 0.000000000000000000e+00 -3.866911400109529495e-03 0.000000000000000000e+00 5.000000000000000000e+01 0.000000000000000000e+00
4.710813164710998535e-01 4.510543346405029297e-01 -5.043922364711761475e-02 -4.251279309391975403e-02 -9.341723442077636719e+00 0.000000000000000000e+00 -3.866911400109529495e-03 0.000000000000000000e+00 5.000000000000000000e+01 0.000000000000000000e+00
4.710813164710998535e-01 4.510543346405029297e-01 -5.043922364711761475e-02 -4.251279309391975403e-02 -9.341723442077636719e+00 0.000000000000000000e+00 -3.866911400109529495e-03 0.000000000000000000e+00 5.000000000000000000e+01 0.000000000000000000e+00
4.710813164710998535e-01 4.510543346405029297e-01 -5.043922364711761475e-02 -4.251279309391975403e-02 -9.341723442077636719e+00 0.000000000000000000e+00 -3.866911400109529495e-03 0.000000000000000000e+00 5.000000000000000000e+01 0.000000000000000000e+00
4.710813164710998535e-01 4.510543346405029297e-01 -5.043922364711761475e-02 -4.251279309391975403e-02 -9.341723442077636719e+00 0.000000000000000000e+00 -3.866911400109529495e-03 0.000000000000000000e+00 5.000000000000000000e+01 0.000000000000000000e+00
4.710813164710998535e-01 4.510543346405029297e-01 -5.043922364711761475e-02 -4.251279309391975403e-02 -9.341723442077636719e+00 0.000000000000000000e+00 -3.866911400109529495e-03 0.000000000000000000e+00 5.000000000000000000e+01 0.000000000000000000e+00
4.710813164710998535e-01 4.510543346405029297e-01 -5.043922364711761475e-02 -4.251279309391975403e-02 -9.341723442077636719e+00 0.000000000000000000e+00 -3.866911400109529495e-03 0.000000000000000000e+00 5.000000000000000000e+01 0.000000000000000000e+00
